jd flux fluxerr zpdiff mag mag_error limitingmag filter
2458206.689294 2450.0595778667166 69.2702454848551 26.3138 17.840858387023196 0.030695868052478207 19.965008172351347 g
2458206.7552778 2602.509004505519 81.92936979884 26.3159 17.777419397963072 0.03417883151858734 19.78487595346816 g
2458210.6837384 1232.103710694995 57.0764930266725 25.4989 17.77228183617804 0.05029442565683369 19.360331787319122 g
2458210.6975 1931.619973890361 45.650373540101 25.9975 17.782695781080555 0.025658572194543296 20.101464150270527 g
2458214.679294 128.46084196866894 66.2245635419022 22.7475 17.475573089559493 0.5597037006419382 16.447527227341464 r
2458217.6578819 2499.5230439190186 54.5643264311946 26.275 17.780357137475775 0.02370071736304716 20.18530299308962 r
2458217.6801968 2549.754934803903 59.1368569448435 26.275 17.75875389751991 0.0251808064801155 20.097929392767583 r
2458223.6645718 2555.153400453421 27.7388373493642 26.275 17.75645755392045 0.011786398305816206 20.919854354106377 r
2458223.6817593 2669.058554693501 30.9917063678867 26.275 17.7091047460283 0.012606578279987754 20.79946126752304 r
2458227.6615278 2735.938875562241 36.7307143835248 26.275 17.682234023869718 0.014575814161052029 20.615001551375556 r
2458227.6878819 2429.282820318547 27.5587965620142 26.2385 17.77480480278382 0.012316633196070351 20.890424366982433 g
2458233.7281944 2330.2385464443632 60.5806925335799 26.1916 17.77309904496548 0.028225632943918038 19.988339404906835 g
2458236.6520255 2572.383791888369 60.2524407986105 26.2498 17.72396058872343 0.025430138061564266 20.05243837747849 g
2458236.7077662 2426.70130513312 83.8019643828963 26.1657 17.703159190727266 0.03749278600462922 19.61013949178912 g
2458243.6525926 2714.521272559502 43.4417294787013 26.275 17.690766876530233 0.017374955271783437 20.4328072221034 r
2458249.6518866 516.3416942032716 78.561622451039 24.5923 17.809957011460472 0.1651897463494681 18.10684887940667 r
2458249.6725694 426.227042385115 44.2267471263524 24.299 17.724897498790234 0.11265587252836796 18.437362493608788 g
2458257.6705671 1833.5232466221578 39.5516813539517 25.6314 17.473183948488437 0.023420079633620514 19.8910626136198 i
2458425.9613194 2766.0432867536924 50.2251763899407 26.2348 17.630152569378076 0.019713890331252183 20.235071312515984 r
2458426.0415972 2832.162271138779 40.3391163097744 26.2687 17.638404667496996 0.015463866256474118 20.506959038924727 g
2458429.0205671 2791.793716396495 41.0947794584739 26.2671 17.652391686415545 0.015981339092507867 20.485208353957812 r
2458430.9076273 2485.008962015463 28.3519803054835 26.1647 17.676380101685936 0.01238697545488848 20.785816492841807 g
2458430.9080903 2489.639016356884 24.012173201426 26.1613 17.670959046486892 0.010471404196957336 20.96279632093359 g
2458431.9759838 2681.698401479527 37.2318708829291 26.1981 17.627075167197653 0.015073522882101299 20.52338783954079 g
2458432.0227315 2907.2755016143874 44.0182020940927 26.2307 17.571984528278115 0.016438263930273797 20.37419423917322 r
2458432.0538426 2561.070539980071 66.5955474524915 26.1455 17.624446148809206 0.028231469903102577 19.839462005628178 r
2458434.9995602 2858.3383150986347 59.7990984385768 26.2437 17.60341592269322 0.022713854700759054 20.054538398173154 r
2458435.0208449 2847.660338103411 36.5009920824123 26.2708 17.634579533799823 0.013916381309109603 20.61761331774055 g
2458436.8876736 435.2293733643633 79.0599309513435 24.1914 17.59460450512914 0.19721869038929593 17.69908391239275 r
2458437.9823611 2773.9249556788322 34.3505770183734 26.2591 17.651363230701385 0.0134446396585092 20.67183989740387 g
2458439.863831 1253.1996293735222 32.5995269337038 25.4631 17.718049355575932 0.028242353063586068 19.93264674447881 r
2458439.8691088 1930.2603501842682 28.5175918427522 25.8404 17.626360275378495 0.016040089856645706 20.455192866922268 r
2458439.9509722 1577.8881625044246 21.2240850071762 25.6913 17.696109454857755 0.014603689690983777 20.626802548100823 g
2458439.9514352 1844.9130554381736 20.0244411297995 25.787 17.62206023966089 0.01178404351930821 20.785673979095876 g
2458441.0031829 2900.7434018039426 32.5648645814073 26.2518 17.595526717384406 0.012188487080259006 20.722501797829413 r
2458442.867963 1468.9041205214223 63.6539194909259 25.6358 17.71831637724904 0.04704804038997886 19.378812112906388 r
2458442.8688773 1679.0148950007053 68.9697406800667 25.6558 17.5931636277491 0.04459784584359925 19.311728506449008 r
2458443.9603819 3010.5751064841943 40.4235652883358 26.2763 17.57967633434191 0.01457790066058151 20.51228845193872 r
2458444.0022222 2700.0012975841396 35.6341484789641 26.2535 17.675090067812256 0.014328880152105075 20.62640902599608 g
2458447.9788889 2821.9522675917738 56.0053985102436 26.2665 17.64012584117496 0.0215471614672143 20.148500259581628 r
2458448.0209838 2995.4716159421973 63.4855067245316 26.2619 17.570736978197793 0.02301013779733108 20.007788513252176 r
2458448.951412 2437.5767298451647 73.4587394661894 26.1637 17.69630426181831 0.03271862274608596 19.7511663099418 r
2458448.9651042 2987.2249824699375 76.4134856214309 26.2614 17.57323016832591 0.027772304337985172 19.80604996267696 r
2458455.9549074 2588.1168108699453 31.2387085939815 26.1906 17.658140315785577 0.013104457178300834 20.706442309477488 r
2458456.0000926 2071.8193135913293 35.0113439506266 25.9894 17.69852030683913 0.01834707103936826 20.381453034216914 r
2458461.9511343 1131.030278121952 26.8590911416619 25.4151 17.781414421715375 0.025782612381450395 20.094946706864988 g
2458462.0047917 2117.434734405726 32.7362197056927 25.997 17.68247491757493 0.016785270004766224 20.462003672251083 r
2458465.9848611 2800.8647999685277 31.6203762948024 26.2638 17.645569636049565 0.012257015241739883 20.766457404408577 r
2458466.0293866 2583.202851914652 28.5103040962891 26.2776 17.74720372129913 0.011982658324489871 20.892670365157088 g
2458468.9354051 2709.704403763207 23.5151426754091 26.29 17.707695207146443 0.009421835963817802 21.114205943855843 g
2458468.9781019 2705.2380581401835 27.3117876295064 26.2586 17.67808627853075 0.010961108483643303 20.920299672148005 r
2458472.9069444 2607.3967826243947 40.480714432592 26.2572 17.71668218675877 0.016855858668057694 20.491654567562662 r
2458472.9074074 2400.5156734896987 38.6565114916629 26.1879 17.737138635205724 0.017483482815792793 20.4724183414082 r
2458472.9272569 2842.909073321817 41.7624872927789 26.2814 17.646992576051847 0.01594899143249433 20.482009097905266 r
2458472.9683565 2631.725496260346 49.0555857638126 26.2861 17.73549853011918 0.02023753979640078 20.31195382438156 g
2458476.0161574 2770.651549847276 85.254365851392 26.2937 17.68724522424357 0.03340754452141715 19.719483418338232 g
2458480.9216319 2585.262220355698 51.3978553724084 26.2354 17.704138500788808 0.021584909700241586 20.21061249416983 r
2458480.9775231 2520.162210778694 54.5583204213185 26.2494 17.745828762154407 0.02350403010888853 20.159822508929153 g
2458481.9228935 2476.8237380955543 37.578555055789 26.1846 17.699862246652295 0.016472321625696614 20.499824796912208 r
2458481.9233449 2756.2038444783702 34.3115263696092 26.2616 17.660821664608484 0.013515699955978728 20.67557489329424 r
2458486.9213194 2558.5253481855843 36.512849598331 26.2795 17.759525689916494 0.01549408171274155 20.6259606685949 g
2458486.9543866 2677.1885249904753 38.9362632327749 26.2664 17.697202612861766 0.015790109884762076 20.543089315810697 r
2458491.9266088 1132.3668293881892 31.1525892430756 25.3191 17.684132152454602 0.029868736228772435 19.83793961710957 g
2458495.7571991 2146.6121151943094 36.1232182131197 26.0592 17.72981605967034 0.018270174539862783 20.417308902640773 g
2458502.9230671 2403.6614378733657 85.7484553348596 26.125 17.672816759745288 0.03873136893997207 19.54450922555337 r
2458506.7647685 2627.3464268661924 95.4265628752173 26.2648 17.716006649632547 0.03943317799822821 19.568201785513203 r
2458506.7810764 2703.7778888787143 86.2783337753699 26.2652 17.68527246969243 0.03464500074699777 19.678020615838374 r
2458506.7970486 2693.8474544394585 89.9394673411213 26.2661 17.690167502203444 0.03624825879851985 19.633799211241833 r
2458506.8132407 2510.9680841726076 75.6066291610082 26.2672 17.76759701845247 0.03269102375196255 19.82337529928833 r
2458506.8303819 2437.8533487841246 87.8693777668045 26.2667 17.799181058247576 0.03913269987671742 19.65968111159996 r
2458506.8479861 2611.570821321724 81.6545580122546 26.2772 17.734945480864447 0.033945988716874084 19.749823908262666 r
2458506.865625 2586.3949099253864 84.18018203412 26.2659 17.73416290773875 0.03533660822008062 19.705450337794105 r
2458506.8820833 2594.5260641470454 83.2765883609659 26.2777 17.742554905255183 0.03484774858610805 19.728967676961037 r
2458506.8982986 2723.057789066134 81.1642105719445 26.2802 17.692557854778784 0.0323606732739156 19.759363566841937 r
2458506.914456 2720.5073711303753 113.549880285795 26.2725 17.68587523262262 0.045315482815642634 19.387108287447937 r
2458506.9233449 2672.248474322403 119.107889177546 26.2366 17.669407905526782 0.04839199517659074 19.299323668727496 r
2458506.9548958 2461.562340212869 112.404524240373 26.2648 17.78677290260475 0.04957729080191384 19.390415509718675 g
2458508.7872106 2316.376786691901 48.2765366640604 26.1738 17.76177698987477 0.02262750868394965 20.217034723005447 r
2458508.787662 2650.815985283803 52.6313754652595 26.2544 17.695951047839653 0.021556337618250213 20.2038631891801 r
2458509.7353009 2371.922172720859 40.5033088475288 26.2151 17.777348912755514 0.01853958064961231 20.448948730164986 g
2458509.7870139 2358.2766210401787 44.4907106809488 26.1893 17.757813135989032 0.020482569413337346 20.32120163143463 r
2458526.725081 2272.581760964145 33.5615920102137 26.1826 17.791301207892257 0.016033667554398678 20.62056860512913 r
2458526.8988542 1225.5302450335041 38.376267355599 25.5995 17.878689915662413 0.03399762154938475 19.891918161500282 g
2458534.8226505 2367.5803507477913 126.734502411516 26.2397 17.80393818256016 0.058116570035193896 19.23503782908067 r
2458538.7265046 175.0128616614756 55.9103835742233 23.4308 17.823125084807778 0.34684252843056135 17.314643809774353 r
2458538.753125 437.4586000062339 32.5971424572502 24.5339 17.931557603116158 0.0809007242407218 19.00352616302704 g
2458540.7235301 2293.288529300302 33.8518699088475 26.5507 18.149553253057455 0.01602631971095644 20.979318331077902 r
2458541.7357176 1584.9444221306485 29.4593934680983 25.9676 17.967564905516472 0.020179927473619543 20.54711548660775 g
2458541.7894097 558.3063243787868 52.9902958936454 24.676 17.808818631308675 0.10304659241634907 18.61808412769161 r
2458543.7701389 1197.5554404464676 23.2867163517147 25.6327 17.93696092980931 0.021111663885582596 20.46750435615202 r
2458546.7983449 2290.6714230004645 26.5638521077814 26.2272 17.827293005323945 0.012590358417987921 20.91904735497954 r
2458556.6893981 2572.0570403112483 45.3542330415909 26.2243 17.6985985108142 0.019144634058075365 20.335330421043924 r
2458558.6787153 2108.1707569328705 78.3898643461176 26.1508 17.84103553797716 0.0403704849053126 19.667725206910436 r
2458561.6786343 2352.480335336926 145.958027332074 26.2203 17.791484995511972 0.06736151112257306 19.062305026390202 r
2458561.7213542 2507.4713718755647 112.725731583557 26.2244 17.726310041688546 0.0488086636413815 19.346917332824635 g
2458561.7301736 2218.5905507523794 115.065977858312 26.2159 17.850707102640655 0.05630923295801627 19.31610765776955 g
2458562.7261343 2390.2913224747977 102.038044595521 26.2126 17.766472912867105 0.046346946907985194 19.44326967060507 g
2458567.691956 2271.0392884127755 34.3701853887801 26.1767 17.78613838132288 0.016431116126871776 20.58882030246636 g
2458567.7122569 2485.306245768023 27.5163361541031 26.1952 17.7067502219016 0.012020444648775169 20.8487984732078 r
2458569.6409491 13803.44983734168 108.377786810511 28.0906 17.740630896663518 0.008524373582454538 21.255824294128843 g
2458569.7137847 8152.241733616028 116.895647195919 27.4517 17.673507377331415 0.015567939262310756 20.534779139698227 r
2458569.8086458 12860.386575196253 120.558303042757 28.0216 17.74846494148609 0.010177777226850109 21.07118217341577 g
2458572.6455903 1218.2390564875584 58.5754354310619 25.3635 17.649168703054464 0.05220268543258069 19.196786174941586 r
2458572.670544 834.5665454785698 34.3907892747265 25.1245 17.82084757112301 0.04473948796277186 19.535969631480103 g
2458575.6489236 992.4522434877595 31.0612220404797 25.2289 17.737125955464368 0.03397963880945647 19.750928643760002 r
2458575.7058218 952.5833552410716 27.0936085002059 25.1733 17.72604252827173 0.03087974463004271 19.843707861648916 g
2458580.6996528 2373.913727605084 29.0758780975665 26.2158 17.77713767038898 0.013297737185409393 20.809542890704382 g
2458581.6520255 1243.1220923161006 40.902997231218 25.4791 17.74281553838136 0.035723268348642014 19.702287157204772 r
2458581.6692245 2071.8274934267183 28.1472918563412 26.041 17.750116020207646 0.014750028593300232 20.669983448422904 g
2458582.7214931 2190.849463039094 26.2547855917076 26.1056 17.754068656300753 0.013010853186314194 20.810153799172294 r
2458584.6559954 2489.737112820935 35.2708149645281 26.1884 17.698016267279286 0.015380549058691836 20.572436252770615 r
2458584.7108912 2392.553460702566 41.0854704911783 26.1724 17.725245873241718 0.01864388656091878 20.39075432748238 g
2458588.6912731 1295.0995101817607 116.114752753451 25.5043 17.723542152195257 0.0973406182871068 18.594656484766535 g
2458588.7643287 1565.3017325986086 96.7435590399146 25.7539 17.76740483511516 0.0671017477731045 19.042419838305687 g
2458591.6360185 2636.0918892921018 64.550664079739 26.1806 17.628198637777622 0.026585816782810513 19.908423202836552 r
2458591.6489005 2414.286416363969 58.1247196050553 26.1935 17.73652802276763 0.02613857562527698 20.03517281201798 g
2458594.6693634 2735.226636202249 31.9969822818535 26.2305 17.63801670735363 0.012700638112987305 20.72030243712105 g
2458598.6505208 2648.3123667335776 28.7891505592047 26.167 17.609576978643577 0.011802376923036496 20.77150286177653 r
2458598.6914583 2497.2727344584314 23.9313013047371 26.1489 17.65523506122004 0.010404235575890224 20.954059202289876 g
2458602.6633218 15.298277963967827 43.2795850848131 22.4081 19.446493630935827 3.071499003826076 16.569967267661355 r
2458602.6916204 1975.2407080490948 22.9242421694699 25.932 17.69294993135005 0.012600413520221383 20.783837520023173 g
2458757.9768634 1830.633410908168 39.6409854065252 25.9729 17.816396538972022 0.023510014402344695 20.230113884762 r
2458762.0109722 1794.1514319917821 28.0399156819116 26.0336 17.89895225983112 0.016967874569012897 20.6667332308071 r
2458762.0128125 1893.4108274311272 30.4895696108187 26.0374 17.84428785926855 0.01748301279726889 20.579596754334215 r
2458770.9548264 1745.0919094623907 65.92115097171 25.974 17.869454237347675 0.04101250668913723 19.6790130355085 r
2458770.9552894 1760.3101533723482 68.3433930644291 25.9822 17.86822701507957 0.04215190244054423 19.648033647801974 r
2458771.9632639 1679.5014205341927 86.0683306034195 26.0085 17.945549061232036 0.05563817058660841 19.42396654067325 r
2458771.9637153 1622.41220402915 96.5469373989156 26.007 17.981596988764792 0.06460812466381038 19.297728734364608 r
2458783.9893171 1838.0010731730176 51.3816058738036 26.0578 17.896935598434368 0.03035091236420477 20.033355805350443 r
2458783.9906829 1838.8967719409413 44.5388571973824 26.0649 17.90350662393407 0.026296112972213695 20.19562731547721 r
2458789.0212269 1805.2582994724467 25.1564877753914 26.1677 18.026351624271342 0.015129357824154022 20.91864997177397 g
2458791.0138773 2080.1522320329923 34.562196581244 26.1665 17.871262202121173 0.018039149371093462 20.572571649087372 r
2458791.0143287 1751.5875787516886 28.4790260798723 26.0881 17.979520358087093 0.017652373760810188 20.70436215590604 r
2458791.0147801 1712.2374621405177 25.3749606882043 26.0855 18.001590013069837 0.01608982131762429 20.8270615439168 r
2458791.0477778 1792.7100069463509 34.155029990644 26.1761 18.0423248931732 0.02068494955523051 20.595038311625736 g
2458791.0482292 1822.8031796952769 41.2483995299883 26.1906 18.038750556265626 0.024568416309869983 20.404657233537765 g
2458791.0486806 1882.6971102973987 47.5241552704209 26.1778 17.990848859952088 0.027405882281800232 20.238088973825214 g
2458792.0257639 1661.172353054249 27.8676237514139 26.1657 18.114663263698162 0.018213570103837385 20.805525143232977 g
2458798.0328819 1980.4582931714517 34.4316628112003 26.1484 17.906485747623112 0.018875659458729082 20.558579997581898 r
2458801.046713 1745.6199529299888 75.8504987402289 26.171 18.066125756546374 0.04717572478708334 19.723678887281977 g
2458812.9363542 1641.6812347486684 26.6305127457471 26.1392 18.100977914979715 0.01761166971765015 20.828326168020844 g
2458824.0239352 100.91382804488971 66.2039588650808 22.1327 17.122823297685358 0.7122674813985329 15.833065088753587 r
2458827.9314236 1973.3392911346334 112.942364701445 26.1661 17.92809559198976 0.06213909889051758 19.286532798099856 r
2458827.931875 1886.171056680827 53.9288624642778 26.0803 17.891347309214325 0.031042023346758516 20.003321839918197 r
2458827.9323264 1825.7857220280275 58.9291442609703 26.0795 17.925875483764223 0.035042103326927705 19.906249652815976 r
2458827.9568171 2088.238979651624 67.7815429329306 26.1578 17.85834950458991 0.03524042117754151 19.83259636266493 r
2458829.8349537 663.2784957710696 368.501517792964 20.9941 13.939860206962688 0.6031887064312564 12.830576786706528 r
2458829.840463 1767.5895001021063 202.417090092008 26.0164 17.89794646728395 0.12432990504876741 18.503357046071084 r
2458829.8409144 1580.9439940072893 196.444289148585 25.7367 17.739408787415545 0.13490646445229823 18.256176469376506 r
2458829.8436458 542.5297297604425 328.315896579813 20.6635 13.827441145462922 0.6570194209893289 12.625345211290643 r
2458829.8440972 1101.5681748817087 383.270909065407 24.5201 16.9150715491457 0.37774986193387167 16.313910347180006 r
2458829.8524769 1592.715414332672 153.441674974174 26.0823 18.076954542019692 0.10459597805127073 18.870016662598065 r
2458829.8543171 2175.9828020251784 98.1381445841971 26.2157 17.8715613535641 0.04896572871619135 19.488680381959824 r
2458829.8575116 2295.9467656698216 93.82790716114 26.2758 17.873395464513415 0.044369042143331386 19.597544915507072 r
2458829.8598032 2261.641307762886 87.2482794182413 26.2773 17.891240680679026 0.041883501437318 19.677982811157307 r
2458829.8616204 1116.581144835903 213.743644623126 25.6464 18.02667427535973 0.2078321634218824 18.074241963070428 r
2458829.8620718 1098.0396484833695 256.3744071883 24.0057 16.404154944781617 0.2534932998719973 16.236088316251788 r
2458829.8625231 1298.6814198502186 230.310462333063 25.8784 18.094643432113408 0.19253996024971654 18.225190821297666 r
2458829.8653241 2269.2522244380075 95.3718590474708 26.2859 17.896193075411276 0.04562966877491223 19.58992436852361 r
2458829.8722106 2359.6685479990742 101.458298776522 26.3036 17.871472490333623 0.04668167276081063 19.54045604936525 r
2458829.8726736 2446.512922591159 108.214383980037 26.2815 17.810131214837554 0.0480227819776613 19.448362510339678 r
2458829.8735764 2445.759916879112 82.2537606319099 26.2915 17.820465442137316 0.03651335820075859 19.75618558174319 r
2458829.8776389 2301.9492020170337 97.0129199942913 26.295 17.889760660852353 0.04575553932532986 19.580501047603267 r
2458829.8794907 2059.932683370906 148.46449002053 26.1017 17.8170674293177 0.07824910887452839 18.925218512136194 r
2458829.8827083 1859.720893010666 123.643229454243 26.0916 17.91798057456384 0.0721825811190162 19.11374913932056 r
2458829.8836574 2085.2673359291093 114.183135684366 26.1843 17.88639564899629 0.059449754128182736 19.292870075708944 r
2458829.886412 2137.785596513745 100.005519423934 26.1745 17.84958963336551 0.050788999895793364 19.42701506442974 r
2458829.8891667 1900.3283304335694 150.754490204262 25.8506 17.653528392648703 0.08612940584715915 18.657499348126297 r
2458829.8905324 1357.0233460393772 182.246281655949 25.6005 17.769031701836546 0.14580794690920693 18.201428298574868 r
2458829.8914931 614.1360003284651 355.419562682888 25.0479 18.077238609395337 0.6283282839606009 16.92362166872949 r
2458829.8919444 611.3162940892497 264.695578188443 24.9906 18.02493507081207 0.47010032616149483 17.186308273273404 r
2458829.8966319 227.98719186136634 399.403771945866 24.8787 18.98392387657976 1.9020045453487957 16.627744584145596 r
2458829.8980324 750.3851785972513 227.99740652985 25.2535 18.06528938152516 0.3298796289289674 17.61125022183624 r
2458829.899838 386.19954968177626 266.641572479197 24.9749 18.507870592386084 0.7495937151640978 17.16265533454137 r
2458829.9012153 448.0588139253918 244.257222998309 24.2767 17.64836243773469 0.5918644132585283 16.55965645110077 r
2458829.9071528 809.8500846793504 188.984310993231 25.1005 17.829488420156196 0.2533558621860111 17.662010610100978 r
2458829.9085648 487.4884506500847 178.08112020703 25.0111 18.291189172366707 0.3966097493200969 17.637130291913017 r
2458829.9090046 1168.6099923317847 205.435953546115 25.1394 17.470226011314587 0.19086078009650664 17.61028385862785 r
2458829.9135764 1272.6068602401956 138.764193588628 25.6398 17.878064349856924 0.11838399562826347 18.536681448737056 r
2458829.9241898 61.64875934465999 258.514162499699 24.168 19.693189147435007 4.552708427703902 16.38936413773219 r
2458829.9246412 413.50738901330345 218.376948165899 24.4899 17.94869181395432 0.5733678742463506 16.894458008161582 r
2458829.9250926 385.36984750593757 204.015160021385 24.4468 17.982105672139088 0.5747706019781554 16.92521888837698 r
2458830.9239583 1981.7845395576173 56.6795302208997 26.221 17.978358909903946 0.031051289750482845 20.090009384132674 r
2458835.9648495 2380.883793644191 55.847618662374 26.3045 17.862654502889193 0.02546691264126468 20.189563340241687 r
2458836.0119213 2154.5153740089845 57.7239647107397 26.2957 17.962326006406606 0.029088169544984995 20.14488460787834 g
2458836.9786458 2086.8012031560984 31.5296893615488 26.2283 17.929597303887114 0.016403950547882115 20.734075759184403 r
2458836.9795486 2145.58789346764 32.6400141850164 26.2254 17.896534225007095 0.016516341981870332 20.69359914210544 r
2458838.9331944 1056.7116192921835 76.7513900349906 25.3863 17.826408792937848 0.0788568826533823 18.92615936497388 r
2458838.9560185 989.6492978350626 37.4608966951413 25.4975 18.00879669784588 0.041096674984650264 19.816129567167156 g
2458846.9084722 2425.6429660718127 25.128819291702 26.3021 17.840032808009866 0.011247475200022145 21.054244781123106 r
2458846.9089236 2059.8585219955935 25.9253858340991 26.2346 17.95000651852692 0.013664623613476309 20.952861917937028 r
2458846.909375 2221.7019673389564 24.9824687725967 26.2363 17.869585501000547 0.012208418025976442 20.9947866060925 r
2458846.9386227 2327.8461872331513 29.9623977809092 26.3056 17.88821429785901 0.01397436628293645 20.86673357562433 r
2458846.9825694 2066.514338557231 24.0307299564734 26.3138 18.02570394252394 0.012625203235685471 21.1144575813706 g
2458849.9238657 2421.323910380042 30.1499329813324 26.3018 17.841667773317294 0.013518960473443977 20.856159111391573 r
2458849.9652546 2078.2868279627464 29.7854761716284 26.2885 17.99423628727293 0.015559975189390278 20.85606362058936 g
2458852.9332755 2378.7042636955443 25.6010284378288 26.3183 17.877448872448703 0.011684948397817425 21.050231459092963 r
2458852.977338 2076.1541898511896 23.9979479555585 26.3169 18.023750989637378 0.012549439835784718 21.119039721305832 g
2458855.8083449 2365.417466529257 59.2573248828581 26.2937 17.85893050157525 0.027198445321247187 20.11441988475063 r
2458855.8087963 2306.3213394596464 57.8150211765011 26.2148 17.80750045657605 0.027216401902622003 20.062273266528692 r
2458855.8350926 2354.6401918871316 57.4686181750999 26.2681 17.838288617958156 0.0264981796232317 20.1220981023873 r
2458855.9626736 2160.211397513607 46.338639090925 26.3054 17.969159367167446 0.02328932275745035 20.393116801799366 g
2458861.8155556 2492.7847765077495 108.744245405678 26.2973 17.805588040613806 0.047362142271401814 19.45885927922396 r
2458861.8453935 2380.058038631514 127.372702558183 26.322 17.880531130940575 0.0581030130033856 19.311884080044784 g
2458864.7329282 2304.561993177876 27.2106500640444 26.246 17.839529011935063 0.012819183368460933 20.91172769609837 r
2458867.8422222 2312.999875525587 28.4371414735883 26.2919 17.881460976502495 0.013348121988488748 20.909760142686544 r
2458867.8851273 2104.481657497578 24.4227539366551 26.3159 18.008037137943024 0.012599674534847762 21.098988404423416 g
2458871.7986111 2386.1529895919825 32.1268355455796 26.2989 17.85465428682184 0.014617715420585861 20.78430511371677 r
2458872.7336458 1862.7718269968145 25.4405809076084 26.2614 18.086000847656116 0.014827816424473804 21.000157429847107 g
2458872.7961806 1915.6452359638977 25.9839913063584 26.1269 17.92111229024299 0.014726536433620208 20.84271033351937 r
2458873.7480208 2330.9681831125536 28.6389469305524 26.2778 17.85895913601082 0.013339223121004466 20.887982377439332 r
2458873.7484606 2031.6574473128617 25.6933339696944 26.194 17.92437378880844 0.013730293326659182 20.922023834109538 r
2458873.8087269 2198.527003484327 26.2070730339008 26.2189 17.86357048943612 0.01294185568237845 20.925428691677915 r
2458875.8187153 1956.247695653367 25.191730550797 26.2608 18.032240391707386 0.0139811854704143 21.010229982994403 g
2458876.7317477 1923.9463996607262 28.1120077930218 26.2406 18.030117578479185 0.01586385507738987 20.870945327801373 g
2458876.7728125 2287.899779627949 25.5113644714645 26.2813 17.882707508818868 0.012106163326425565 21.017040770646027 r
2458877.7320486 2008.2924357845461 31.0091935669587 26.2371 17.980032618757342 0.01676383421844392 20.760948809133705 g
2458877.7329514 1882.106094811999 31.4321892208674 26.2399 18.05328974731346 0.01813177691266365 20.749038413530442 g
2458877.775787 2286.3413092527057 34.3596466788185 26.2662 17.868347342047173 0.01631614153504763 20.678653265859467 r
2458878.786875 2319.6233142531637 39.3348167025443 26.2893 17.87575633715154 0.018410666176504657 20.554932162338993 r
2458879.7210532 2043.8229899014414 36.2654992687997 26.2605 17.984391800010016 0.019264609876041436 20.614340837182283 g
2458879.7215046 1985.359641581119 33.8709418000285 26.2591 18.014502026777862 0.018522428250331905 20.687106807640724 g
2458879.7318634 1996.2692246021682 40.4182035190586 26.2677 18.017152221155648 0.02198202678267861 20.50383247320694 g
2458879.7917245 2432.5614971631117 49.4730530189535 26.2882 17.82304042899436 0.022080795788849972 20.30485320959211 r
2458879.811713 2397.320473760726 51.6943058740782 26.2831 17.833784764016123 0.023411349672179223 20.252068218642627 r
2458880.7528241 2055.4062197312996 33.2305464331047 26.285 18.002755834039938 0.017552931345677376 20.73373128229699 g
2458880.7894907 2374.628927028695 30.7522141867005 26.2951 17.85611061513427 0.014060166859113344 20.827984012097076 r
2458880.7903935 2291.732495312411 31.8681167143182 26.2917 17.89129019297214 0.01509740529817756 20.785883991500597 r
2458881.7328704 2061.0487382228966 40.879329889169 26.2796 17.994379345526504 0.021534031504242344 20.50341556903298 g
2458881.7647917 2064.9174246010666 33.5600385148535 26.2161 17.928843277400482 0.017645322462526924 20.654118862732933 r
2458881.7656944 2140.6410331905927 34.1108889164272 26.2185 17.892140384980962 0.01730051490294294 20.638842396411835 r
2458881.7661458 2324.503834649747 40.4882077248728 26.2896 17.873774332601084 0.018910722568680097 20.523853608020936 r
2458881.8139699 2368.8643314410033 29.3511720197988 26.3059 17.86954952822024 0.013452255175166919 20.88941136987134 r
2458882.7039815 2101.157356982677 52.732983509155 26.1853 17.879153554479863 0.027247935527354033 20.132669130672582 r
2458882.7048843 2042.3508075412174 53.0740044829535 26.184 17.90867414644798 0.028213785043380565 20.12437034719038 r
2458883.7235532 1870.6233447064178 57.9248042101771 26.1398 17.95983412529468 0.033619253233931654 19.98521355286178 r
2458883.7239931 2055.259393783226 70.0424514989069 26.1397 17.857533395322065 0.03700023939673277 19.778871643996098 r
2458883.724456 2224.503809684662 67.030624498068 26.2099 17.8418171153567 0.03271522786372246 19.896791825249657 r
2458883.7510069 2394.843666907786 63.6943539286783 26.227 17.778807079125933 0.028875772149944176 19.969322647187173 r
2458884.7152083 2144.8688742319787 96.4627099576882 26.2684 17.939898132751956 0.04882795655215194 19.56007634283322 r
2458884.7161806 2309.4865719619565 89.1546913870819 26.2782 17.86941139631667 0.041912020452548146 19.655414486620572 r
2458884.7694444 2221.170530515768 71.0025351128641 26.3219 17.955445242959158 0.034705778468137896 19.9462903509583 g
2458884.7703472 2287.852883049967 78.9406820513484 26.3083 17.90972976409197 0.03746128045999763 19.817622803156848 g
2458885.7108218 2093.5512606015673 101.102889504136 26.1017 17.799491002355985 0.05243120108895713 19.342366069574904 r
2458885.7712616 2001.4691936826207 95.1658694171055 26.1786 17.92522772525943 0.051622870215675916 19.484971940192764 g
2458890.6905556 2316.9617068108864 102.138545853354 26.2591 17.84680285969657 0.04786087698687961 19.48870081287926 r
2458890.700787 2244.5797526656665 92.5891263737124 26.2588 17.880962397434306 0.044785227339129784 19.5949750233509 r
2458890.7701389 2146.5634573337456 91.3529086771617 26.2982 17.9688406706372 0.04620494801210703 19.64896903954091 g
2458890.7710417 2330.7680735880394 82.653269773232 26.2909 17.87215234855819 0.03850089419435683 19.750324891687633 g
2458891.6937269 2045.509770925063 36.7786340701278 26.2482 17.971196104091966 0.01952108153063455 20.58678599955447 g
2458891.7692824 2510.635283031219 45.3138067180124 26.2963 17.79684093035562 0.019595518427649818 20.408298619455614 r
2458891.7697338 2341.9605103579274 38.1330887517253 26.2309 17.806951080458706 0.017677964369869216 20.530220028591728 r
2458891.7701852 2295.1715985426745 38.8836763842852 26.2269 17.824862097196743 0.01839339920257972 20.505056689192664 r
2458891.7779861 2488.7196072280194 43.8977714689174 26.2919 17.801960076571312 0.01915033350699076 20.438368806055692 r
2458892.7408102 2435.1014903070595 37.1088057570247 26.2694 17.803107333801197 0.01654511344630707 20.598282544104478 r
2458892.7674074 2163.024938239515 38.946070129211 26.2069 17.86924618351349 0.01954843311871342 20.483315885313342 r
2458892.7678588 2110.067336542258 37.4311377265994 26.2017 17.89095921315137 0.01925956841565236 20.521192419712484 r
2458892.7683102 2429.0808610709455 40.8528421332072 26.2754 17.811795069582075 0.018259552991771573 20.49991929966746 r
2458893.7306019 2075.741603323444 27.9251151265921 26.2707 17.97776677546369 0.01460600753215082 20.908287558527846 g
2458893.7315625 2014.5801278150377 22.6666890299734 26.2671 18.00663863580956 0.012215559927384304 21.13120477298882 g
2458893.7722222 2349.384601504785 23.5149679898059 26.2745 17.847114705141102 0.010866760908443908 21.098714009432605 r
2458893.773125 2372.471843336843 27.7701494423975 26.2836 17.84559733276906 0.012708286226573468 20.92722944698327 r
2458894.692419 1994.6531605348782 25.7281336930438 26.2555 18.005831526335577 0.014003955827110937 20.98205427958138 g
2458894.7539468 2435.251513497704 28.1266315840948 26.2757 17.80934044517544 0.01253960165576159 20.905480677591036 r
2458895.7308102 2124.33540615166 25.3348738857923 26.2872 17.969142281192866 0.012948083668027419 21.03047812225484 g
2458895.7538426 2335.6667532571887 25.0657495418532 26.2917 17.870672802813555 0.01165144138804865 21.046573249499847 r
2458896.7308681 2106.770659704317 24.6116764722311 26.3013 17.992256846368843 0.01268334406634064 21.076021995349812 g
2458896.7317708 2123.666933687607 25.2198988710435 26.3013 17.983583987578143 0.012893379733867314 21.049516637238572 g
2458896.7538889 2335.495046133749 27.2798642102343 26.2785 17.857552623915296 0.01268157199565956 20.941469478606173 r
2458899.713044 2081.352725238032 23.3105710205179 26.2889 17.993035785002455 0.012159537713186952 21.1225927086165 g
2458899.7139468 2094.515662576442 21.9944555107661 26.2941 17.99139096920094 0.011400907987799424 21.19089195125871 g
2458899.753044 2414.0458171317396 27.5641578291237 26.2866 17.829736228783645 0.012396784660299783 20.938313169237798 r
2458899.7540046 2396.1937235757223 24.0689004276219 26.2895 17.840695184322286 0.010905464335861037 21.088434363506043 r
2458899.8068287 2241.601646785905 22.665285823466 26.2142 17.837803907512622 0.010977731415312133 21.078371988772528 r
2458899.8072801 2172.9380348870595 21.3138062165437 26.212 17.869381645416276 0.01064936000832819 21.14292245693978 r
2458899.8077315 2427.3618563298387 26.3825413190033 26.2936 17.830763692160417 0.011800269924876705 20.992883421704434 r
2458900.7048148 2046.7056237061413 29.3403857013322 26.1375 17.859861542822955 0.015563966008093589 20.72141044248286 r
2458900.7052662 2118.71082922841 26.1127824280429 26.1645 17.849320784060964 0.013381084143724742 20.87494211362755 r
2458903.7104977 2313.786752455657 26.2725982100079 26.2631 17.852291674501522 0.012327912175282557 20.9669174287715 r
2458903.7114005 2308.1791632384716 25.1282708627091 26.257 17.848826209559917 0.011819604002215245 21.009168477250817 r
2458903.7512384 1975.216108379636 23.9822876261567 26.2656 18.026563453204865 0.013182137167298718 21.068448470940243 g
2458903.7521412 1993.8422728140372 21.9278484383142 26.2781 18.02887300116404 0.011940295064502417 21.17818493723568 g
2458903.7902894 2193.1027429136775 19.1672419671768 26.2869 17.934252554828937 0.009488782352310864 21.333075925614942 g
2458903.7907407 2093.2085645146676 18.2591543012605 26.2763 17.97426874245341 0.009470610889400275 21.37517334241855 g
2458903.7911921 2044.6269708173247 21.429350768739 26.2968 18.020264786737044 0.01137901752333805 21.22185245490877 g
2458904.710706 2319.3661466138788 28.5708032151038 26.2593 17.84587671518615 0.01337405096471049 20.872068864315807 r
2458905.7113426 2393.051615245835 40.5379639498294 26.27 17.82261983518945 0.018391608095677654 20.50292015882739 r
2458905.7276042 2149.4722365143853 36.556435168715 26.1974 17.86657040010141 0.018464682161717354 20.542565392815636 r
2458905.7280556 2196.2002919773804 28.7507915889065 26.2008 17.84662013763375 0.01421306359993749 20.80675047286006 r
2458905.7285069 2395.2778401123173 32.515351454132 26.2746 17.82621025841151 0.014738130367413147 20.746953857657743 r
2458905.7570139 1994.5267562242743 34.2035821868754 26.2932 18.043600333328172 0.018618366018106704 20.710596007460857 g
2458906.7115741 2191.2415651371457 42.2098001608806 26.1976 17.845874356619525 0.020913796435674963 20.386641749098043 r
2458906.7124653 2243.343725247135 38.3082474759988 26.2311 17.853860446736576 0.018539853619672152 20.52544427827773 r
2458906.7525579 2061.8968294168253 36.7577548350964 26.2902 18.0045326729658 0.019354942427333516 20.629402547153497 g
2458906.7534606 2051.510418191373 33.1172773841937 26.2847 18.004515683031318 0.017526319991939248 20.73713842503906 g
2458909.6651968 2160.838430335542 81.255335785169 26.2791 17.942544262149802 0.04082624449078272 19.757045265772092 r
2458909.6660995 2371.4987608385986 79.1392384772225 26.2872 17.849642744851693 0.03623087333359488 19.793795321856138 r
2458912.7102083 2278.362666379071 41.5427729272986 26.267 17.872942861012234 0.01979622877109764 20.473336284731584 r
2458912.7111111 2318.492071431024 43.0887248523863 26.2716 17.858585962316326 0.02017752363645621 20.43826588423414 r
2458912.7497569 2183.64900936462 51.8623056705354 26.287 17.93904291760396 0.025785694049284966 20.252445437842734 g
2458917.7330787 216.7372221268677 191.605092442896 24.1998 18.359966242972767 0.9598058276463645 16.746357370434396 g
2458938.6695602 2341.862443393726 28.8349339414374 26.236 17.812096545393906 0.013368030162715771 20.838777587125946 r
2458939.6704977 2285.4725727269274 46.6206821821792 26.213 17.815559965454042 0.02214687467668844 20.294128428929763 r
2458939.6948843 2032.8192484105143 33.4927902193162 26.1159 17.845653089199 0.017888025396032806 20.55609666596753 r
2458939.6953356 1997.0848513397998 37.667215194232 26.0995 17.848508706519034 0.02047749523959482 20.412166206138153 r
2458939.695787 2402.9822515308642 100.46000832309 26.2936 17.841723592227325 0.04538919543283939 19.541191964648114 r
2458939.7769444 1157.394346536966 55.1932619982528 25.5033 17.844596608356518 0.05177433666476717 19.401159833586537 g
2458940.6524769 500.50888885851117 91.4137645543937 24.6263 17.877770513004503 0.19829402910916458 17.97634600365634 g
2458940.654294 629.2800889164972 74.9443053366999 24.8277 17.830590023922632 0.12930177473778634 18.393428393023992 g
2458940.6938657 615.9565517387072 84.2321722750626 24.9537 17.97982480240393 0.14846967563035116 18.39257998686991 r
2458940.6956829 1002.6392020563314 92.6063830557648 25.2467 17.74383829742255 0.10027809592666918 18.582672683622576 r
2458954.6601157 1892.917409598421 26.497825566552 26.2249 18.032070836112894 0.015198068902387417 20.91944939707204 g
2458954.6901505 2281.5430540713396 33.136877530593 26.2278 17.832228328548503 0.015768586032494786 20.679596032446096 r
2458955.6932407 2310.5774906114307 31.2463851432846 26.2461 17.83679865455372 0.014682130544380481 20.761675535210237 r
2458956.6549074 2349.9720370175196 30.5025655368282 26.2654 17.837743263726235 0.014092352964916361 20.80713406688895 r
2458956.6558102 2387.0963170072055 27.8128221961887 26.2621 17.81742514320281 0.012649837730997147 20.904062340620122 r
2458956.6904977 2023.2647770427573 27.3255283396089 26.2504 17.985268197566263 0.014663096226918812 20.91155356967253 g
2458962.6614352 2364.476958806505 28.6100960166428 26.2475 17.81316228427781 0.013136935477243117 20.858776700865935 r
2458962.6911921 1995.4621442912853 27.2456910199014 26.2296 17.97949126689527 0.014823957861056246 20.893930421183576 g
2459106.0063194 176.16540663790846 91.6756217046133 23.1836 17.568798423426024 0.5649930050641433 16.530540329557695 r
2459106.0109954 259.9076013227887 80.7789345430453 23.499 17.461952547070208 0.3374341065325918 16.983329687610052 r
2459106.0156829 318.18952794414685 79.6337972242187 23.6033 17.346585294210318 0.27171985893109174 17.103131426825158 r
2459106.0203588 293.4342408590486 80.9817135425123 23.7151 17.546323024216843 0.2996304934819755 17.19670758406735 r
2459108.0028009 1265.027311743078 43.3321637866662 25.3578 17.60255024509142 0.03718949763887651 19.51834904910654 r
2459108.0075116 1352.2362503616223 38.9376309227667 25.4376 17.609968564504786 0.031262721940446804 19.714251178497616 r
2459108.0122338 1474.2182842335965 45.5285552870017 25.5017 17.580295516736168 0.03352987342766215 19.608565315445148 r
2459108.0169676 1555.1110091984888 48.5642663226425 25.5647 17.585296510223756 0.03390511907807038 19.601482908953123 r
2459108.0216898 1607.1482107758684 71.8713436097066 25.6326 17.617460177173676 0.0485522848694759 19.243785579368613 r
2459110.0039236 1660.947553515627 58.5070569628619 25.6891 17.63821020180102 0.03824389976078888 19.523654357493452 r
2459110.0086227 1844.3779882254594 61.7855651330505 25.7823 17.61767517379974 0.036370303968707364 19.557657430698132 r
2459110.0133333 1840.1605317859078 65.6700799515427 25.8146 17.65246072097117 0.03874553582246108 19.523756126585756 r
2459110.018044 1999.6445453518468 72.2440327766369 25.8732 17.62081799297998 0.039224644483899326 19.478770036685507 r
2459110.0227431 1952.3367485478536 87.9322657877706 25.9272 17.700813177453785 0.048899382259126975 19.319404329281653 r
2459112.0046412 2261.273140833789 44.3860346770292 25.9819 17.596017439346355 0.021310967250547076 20.11635911886999 r
2459112.0093171 2192.213082990076 41.5467876097064 25.9996 17.64739308684103 0.02057616919534753 20.205831364546285 r
2459112.0139815 2376.6126032162942 40.8222414597783 26.0261 17.58620401033768 0.01864868826030024 20.251432871178494 r
2459112.0186574 2448.9702162024023 45.2512802081677 26.0538 17.581341241575313 0.02006121372851651 20.16729781320866 r
2459112.0233333 2511.142110799732 65.7755886926856 26.0719 17.5722217723896 0.02843827768110892 19.779313129863823 r
2459124.9638426 2716.6673775285717 87.3820962200203 26.1311 17.54600883084796 0.034921736334310685 19.53011884205224 r
2459125.0247917 2485.989728772611 75.1581612004537 26.1927 17.703951675103383 0.032823633449048865 19.755334623596486 g
2459126.9859954 2333.498012444194 61.7271984028591 26.1155 17.695481411721957 0.02871963847776659 19.891883573665467 g
2459127.0201273 2762.1034498344834 50.1288045390078 26.2502 17.647100149249628 0.019704129145221603 20.252556619723013 r
2459128.9674074 1859.5915305621227 66.7177327357457 25.7905 17.61695610115477 0.03895234046871741 19.48247179095975 g
2459129.0197569 2613.648678958786 57.2907993152815 26.1634 17.62028197440938 0.023798386262602188 20.02076278535149 r
2459130.9983565 2499.236875042286 57.8422936528019 26.2292 17.73468144987146 0.02512742143250607 20.07616122428552 g
2459131.0235069 2557.000007731909 56.2757733759201 26.1496 17.630273176651087 0.02389464488442911 20.026371309028463 r
2459135.9737616 2350.923377503838 32.5011118430013 26.1604 17.732303813480243 0.015009615994126082 20.633229443711166 g
2459141.9768403 2582.7156133119124 28.6989447534937 26.2208 17.690608530026363 0.012064218049509709 20.82871016859328 g
2459142.0146991 3067.9873415780035 33.6657869754738 26.2871 17.569966091512793 0.011913655712957445 20.721703061553658 r
2459142.9773843 2651.417227950564 22.8438546896942 26.2337 17.675004815390913 0.009354081573865154 21.089351516800107 g
2459142.9778588 2601.475948294198 22.4286212568195 26.2382 17.70015046244734 0.009360361034471933 21.113768546058434 g
2459143.9838889 3045.191419934128 28.47088572049 26.2819 17.572863506339495 0.010150705280591076 20.898472543848072 r
2459144.0094097 2742.1175484798464 21.3796446461957 26.2973 17.70208482977261 0.008464947173852082 21.22487378298821 g
2459145.9639931 2409.5613556073567 22.5006072249606 26.1762 17.72135502652744 0.010138322150332689 21.048289392671414 g
2459146.0188542 2947.6914751540303 26.1583002136511 26.271 17.59729493640328 0.009634680827808469 20.979551189705973 r
2459149.9995949 2748.726771942385 33.1586835814173 26.2798 17.68197106903002 0.013097112136360186 20.730881787953123 g
2459151.0073032 3052.1988668407844 29.4396146075115 26.3467 17.635167933052806 0.010471987892603639 20.92694468822037 g
2459151.0266551 2991.155184071387 42.8206381031952 26.3394 17.649802636898823 0.015542612779240374 20.512842152254812 r
2459152.9819213 3094.5754692431656 61.344356276726 26.3302 17.603697303613735 0.02152203695517888 20.11333845539076 r
2459153.0416204 3118.450346581765 40.2685666281186 26.3676 17.632752916491818 0.014019650124001757 20.60775956156412 g
2459155.9976852 3298.2322994763244 44.4623409636653 26.3365 17.54079689899691 0.014635950170009526 20.46909417721352 r
2459156.0061343 2973.668489219313 57.7316141027404 26.3458 17.662568622930984 0.021078077014496207 20.19484073918118 g
2459156.9772685 2913.826098074785 64.8768559464961 26.2996 17.638440928000684 0.024173303460920205 20.021950501679836 g
2459157.0392361 3305.5856847213527 45.3889507376655 26.3426 17.544478952316105 0.01490773149328829 20.452799631119145 r
2459158.9634259 2881.4396467674233 67.8604484118725 26.2973 17.648276181270568 0.025569193831085222 19.970833176478187 g
2459159.0076736 2509.9168911962256 88.0066007706746 26.0524 17.55325164678788 0.038068498121140146 19.443686872114853 r
2459163.9987153 3107.1920187906644 30.403174244718 26.3521 17.621179768275184 0.010623330028485816 20.897377667884896 g
2459163.9991898 3115.0285181102204 33.0561770984455 26.354 17.620344932543162 0.011521272202527041 20.808443422714603 g
2459165.9565509 2960.912226273056 26.2712968262037 26.335 17.6564361667769 0.009633094392707263 21.03887121083359 g
2459165.9997222 3215.4060545594693 28.9128297978771 26.3428 17.574710437005592 0.009762580146617248 20.942648490054268 r
2459166.9763657 3074.8507719067406 24.8082825810805 26.3253 17.60573989119301 0.008759564088236024 21.09138323883579 g
2459166.9768403 3041.2865450352947 25.3573846550676 26.3333 17.62565664853398 0.00905225867814024 21.07561384252026 g
2459167.0142708 2280.2070576098795 36.7462418651378 25.7749 17.37996428612338 0.017496391242117545 20.114442666030612 i
2459168.9555903 3197.6812835335295 39.7445231933772 26.3369 17.574812062622467 0.013494349500450196 20.591281761129636 r
2459168.9831481 3042.223431536282 30.5903631036769 26.3531 17.645122232512364 0.01091700132126404 20.891713409072615 g
2459170.9809838 2848.243627493977 29.6985050042612 26.3435 17.707057164035433 0.011320543850912055 20.91423851946468 g
2459171.0077083 3354.5833934414713 31.1552937111136 26.3471 17.533003518218766 0.01008330943517091 20.865845364545493 r
2459173.9632639 2493.0440816161267 25.6494037659725 26.1301 17.638275105752818 0.011170102395728215 20.85998180376236 g
2459174.0048264 2387.459116197541 42.9472500210427 25.9726 17.527760141781307 0.01953031531786366 20.142836587887444 r
2459175.965625 2694.881800125937 34.0423960794481 26.1169 17.540550696488857 0.013714823938374443 20.539424688224045 r
2459176.0243866 797.3948279488426 43.7888762510539 24.8983 17.644116463948176 0.059621132818307276 19.047465488946738 g
2459177.9856019 3340.2387659543288 31.1603378268178 26.3436 17.534156219924526 0.0101282516457803 20.862169595515542 r
2459178.0076389 2809.8521764085654 33.4519777747199 26.3509 17.729191318261098 0.012925524187693951 20.792420490234022 g
2459179.8978704 2292.99108841781 56.6549388094708 25.7743 17.37329408282026 0.02682534065489336 19.64378055210764 i
2459179.9612384 2968.566763407969 32.5092531102765 26.351 17.669632948238082 0.011889675697004554 20.823557509576176 g
2459182.9734375 3293.1718600764625 65.3579514091043 26.345 17.55096401065169 0.021547350353958442 20.059328911318488 r
2459183.0179051 3161.4329523471997 71.7654790327006 26.3552 17.605490060670245 0.024645716597581052 19.967986018904305 g
2459183.0183681 2909.897966383669 70.6957750917529 26.3462 17.68650559747804 0.026377008370676355 19.975291338301517 g
2459183.026956 3219.231757288512 67.262681960442 26.3657 17.596319391705933 0.022684633884812625 20.048839539362866 g
2459183.8195718 610.4975870359397 197.039549206543 24.3451 17.380890120612435 0.35041225897744627 16.86129147606192 g
2459183.9496296 685.3831900243546 150.106503948844 24.5327 17.44286637862878 0.23778031575514555 17.34427621378331 i
2459183.9746991 255.44385430202732 184.544445686058 23.9757 17.95746135375811 0.7843598556278246 16.563022542710822 i
2459184.8976389 2429.1151656804054 55.1960858045805 25.774 17.310379736418785 0.02467004907988684 19.67180428640147 i
2459184.9414005 3156.311893718519 71.713686126665 26.3424 17.59445022038327 0.0246678882345788 19.9559698739764 g
2459184.9985995 3435.9889463740947 62.2009996155168 26.3515 17.511370604925375 0.019654203298247182 20.119581578718496 r
2459187.0063657 3377.2689282621404 135.622678155733 26.3765 17.555085888972577 0.043598998125816496 19.298244198695205 g
2459189.9231944 2060.3944983380834 80.9258983850548 25.5754 17.29052404610576 0.04264292490953697 19.057756165791275 i
2459189.9465509 1871.3410723376976 95.9160057704287 25.8532 17.67281762593918 0.05564779665465618 19.15104727629693 r
2459189.9857755 2517.6858836453275 77.898412088933 26.0937 17.591196137823406 0.03359208015358152 19.6174534768156 g
2459192.8595949 1255.8127072339705 54.20553934664 25.2471 17.499787816863403 0.046862843264479356 19.164565814107647 r
2459192.9262269 1378.827110325109 50.3617490853689 25.4789 17.63012546534174 0.03965526248544151 19.476222976826694 g
2459192.9568519 227.0475542685789 101.992061092854 22.9833 17.093007929776192 0.4877074368197055 16.214459068523517 r
2459193.8986806 3228.767583082186 30.6537447944552 26.3103 17.53770803937543 0.010307577076071281 20.846666145676146 r
2459193.9583912 3050.8917798419034 32.3606201583173 26.3239 17.612832993062987 0.011515952659489527 20.80143289958174 g
2459194.9630903 3265.93255217778 29.3148982444635 26.3441 17.559081971318857 0.009745205853314731 20.928954011572284 r
2459195.8353819 1072.0278092614917 45.2532877118382 25.2288 17.653284871374535 0.04583042906563113 19.342249647254903 r
2459195.9660417 1537.0138985264891 43.2089699958495 25.513 17.5463055133813 0.030521505868923878 19.67664020456971 r
2459196.8797106 3134.5087931163725 56.493544374974 26.3085 17.56807626878447 0.019567672377441035 20.181077931669265 r
2459196.9182523 2896.271276306771 42.4974680229557 26.3272 17.67260190704576 0.015930655878118767 20.508867349705675 g
2459196.9574769 2966.186133968585 36.6966367150922 26.3585 17.678003999065567 0.013431907736777776 20.69950933282195 g
2459196.9761458 3221.0577634115384 38.5311318301303 26.3468 17.576803717207255 0.012987426150242449 20.634845573274188 r
2459196.9770833 3280.073434555744 41.002652258226 26.3491 17.559391082896614 0.013571824059721191 20.569645114198586 r
2459199.9013773 3219.5026754851547 45.7943806711953 26.345 17.57552802415603 0.015443055684749345 20.445544514304018 r
2459199.9532755 3275.0942251704464 34.5281260375073 26.3735 17.585440501865293 0.011446139824258256 20.780642468398884 g
2459199.9653935 2233.414024326916 41.091640273603 25.7669 17.394476902785673 0.019975335230777845 19.98509129531675 i
2459201.9490162 3288.956901349358 33.7752725702711 26.3354 17.542754543739996 0.011149374871558468 20.76647783287541 r
2459202.9752199 2290.5539820392355 35.6769014622556 25.7721 17.3722486716107 0.01691049947798498 20.143707166959626 i
2459203.8804861 2973.038657458881 34.2907342631373 26.3391 17.6560986094196 0.012522356578205066 20.75373302739223 g
2459203.9560417 3267.6659597458047 45.1105741181937 26.3462 17.560605865090434 0.014988236534413954 20.46307910326134 r
2459204.990625 2310.6693561043276 28.7615968366757 25.7678 17.35845548798205 0.013514034625111861 20.3733425034064 i
2459205.8812847 2459.4751154879937 25.1623460718249 26.096 17.618893917983137 0.011107556631960424 20.84669716128221 g
2459205.9483681 445.18883600395253 41.7323322399953 24.1266 17.505239337498036 0.10177432462066645 18.327993348573038 r
2459210.755081 2640.215061990071 92.4960282646851 26.2036 17.64950173923505 0.038035893110644745 19.54086727730598 g
2459210.9002778 3288.3611313927477 49.5411483576057 26.3501 17.557651234552313 0.01635672683829337 20.36525981601466 r
2459210.9447338 2364.706225478473 47.3979085910297 25.7771 17.34265701319112 0.021761650053113295 19.84027704148391 i
2459217.8562269 3275.1733887659657 52.6657575473194 26.3326 17.54451425842401 0.017458377368738003 20.281354150452337 r
2459217.8717593 3265.8496589785104 58.2108628435826 26.3457 17.560709528927077 0.01935163598714006 20.185764897259837 r
2459217.879294 3297.5428628620784 53.5285166184788 26.3407 17.54522387650214 0.01762400457237458 20.271811968191354 r
2459217.9228241 3230.0559311750912 60.4904785607751 26.3624 17.58937489356048 0.0203323143539317 20.16075743822875 g
2459217.9237847 3256.032105397118 58.127478497145 26.3563 17.57457830373837 0.019382180937264844 20.197921278729556 g
2459218.8212384 2293.713109505583 58.454132393923 26.0704 17.669052258098958 0.02766852195990718 19.90593694197051 g
2459218.8824074 3214.4321180878273 42.8253850104653 26.3363 17.56853935293414 0.01446461421419626 20.50962179899376 r
2459218.9200463 3322.970194038805 43.1407810578179 26.3381 17.534283885459956 0.014095204970088857 20.50345497996329 r
2459218.9347106 3074.349431805211 44.4785113652966 26.3453 17.625916929858953 0.015707492222491827 20.477499380216855 g
2459218.9351852 3139.9152229940605 44.1531024328408 26.3521 17.60980519405495 0.015266980127452293 20.4922719270699 g
2459218.965162 3224.71431777971 55.5502448683411 26.3578 17.586571885290752 0.018702711282369777 20.248660044976067 g
2459219.8372569 3150.8742918775556 46.7699664970653 26.315 17.568922308022593 0.016115575526691645 20.39265734213858 r
2459219.8381944 3186.814510955824 49.6730487415851 26.3118 17.553408034924633 0.016922864143280075 20.324072948794722 r
2459219.9116435 3132.8801739739542 46.0734326151608 26.3562 17.61634053911005 0.01596675359812084 20.45014856476398 g
2459219.93625 3215.369681922578 48.7795653738179 26.3701 17.602022718910717 0.01647088184730521 20.40208017308783 g
2459219.9619444 3209.13850277261 38.2285296597285 26.3275 17.561528847108676 0.012933288674112468 20.62410600274084 r
2459220.7801736 3090.2382895418086 41.9715892232379 26.2978 17.572820076645836 0.01474596783487071 20.49298645475311 r
2459220.8311343 3034.7031636132483 35.9527919658922 26.3308 17.625509456454843 0.0128625253057349 20.6940434346785 g
2459220.8664583 2371.7261611772424 48.4974781384756 26.0353 17.597638639824044 0.02220058659251264 20.073577099304785 g
2459220.8848611 1196.1315293906193 46.0352097879707 24.9711 17.276652654239047 0.041785059618203356 19.065949672599853 i
2459220.9218866 13.38877846432743 103.416077193016 23.4389 20.62204761094307 8.386040243149074 16.655004839232028 r
2459221.7648264 3157.8661279688317 50.0207537529801 26.2862 17.53771571266919 0.01719754104476291 20.290899409803416 r
2459221.8380324 2971.718791885032 29.9991346792036 26.3414 17.658880723576388 0.01096000759229018 20.901203169816373 g
2459221.8390046 2981.9854571179217 28.187059078486 26.3394 17.653136197235092 0.01026252155873679 20.966850574810245 g
2459221.8603704 3315.8877768359102 31.3823489788596 26.3344 17.53290044042326 0.01027532250167402 20.845261370288817 r
2459221.8790741 2996.1912940659417 30.605903311597 26.339 17.647576155581362 0.01109035637718182 20.8770619843626 g
2459221.8996875 3397.770984029514 44.0670487042602 26.3433 17.51531474180463 0.014080876846348313 20.485590075295747 r
2459222.8530556 3267.7100845091545 34.7813391622876 26.3387 17.55309120400505 0.011556135321646175 20.737909240824486 r
2459222.8739931 2976.559730868208 27.0913903610743 26.3547 17.670413495004507 0.00988158316125546 21.025196753925904 g
2459222.9478935 3293.3169119054883 39.4081642205935 26.3416 17.54751618911041 0.012991596326374503 20.605209478463582 r
2459222.9946875 2306.5140289382207 31.4734800472992 26.0469 17.639509748832733 0.014814892456163768 20.554613074538224 g
2459223.8385417 2983.92601203521 38.3075912735373 26.324 17.637029874046682 0.013938198091350225 20.618362876593217 g
2459223.8746528 3330.0824721561175 35.6866215436914 26.3448 17.53866252677565 0.011634836474455146 20.71611140116924 r
2459223.9218519 2295.4462066955903 41.9582200941003 25.7737 17.3715322009489 0.01984539625598198 19.96923234729765 i
2459223.9408796 3255.636725145089 40.2409630687078 26.3419 17.560310152782282 0.013419683242376808 20.58280407429745 r
2459224.7560417 3196.2916001729945 40.8762748531737 26.3036 17.541984016316633 0.013884644193817835 20.527496712416337 r
2459224.8478356 3034.9190872582863 30.864981572698 26.3536 17.648232207456704 0.011041516933405597 20.882509934118396 g
2459224.8621065 3232.9883918172513 41.0267458261877 26.3403 17.56628963684627 0.013777574350786541 20.560207312132476 r
2459224.9198148 3082.9380978223276 39.6193452958089 26.3574 17.63498798841409 0.013952509529154581 20.615206752645726 g
2459225.7345139 2681.5198926059334 38.6357095949848 26.1991 17.62814744228935 0.01564291580418246 20.484202756568713 g
2459225.8318171 2226.1080600689565 34.1128043093487 25.7507 17.381834394755515 0.016637229927424384 20.17098143191861 i
2459225.850706 3051.765448839315 25.5791897488291 26.3536 17.64222212059141 0.009100085434437988 21.086458030240586 g
2459225.8516435 3117.849017382683 30.3514507706979 26.3481 17.61346229864182 0.010569007645344276 20.89522635222565 g
2459225.8666782 3052.994827661054 33.4846885699496 26.2391 17.5272848286901 0.0119077589162658 20.679559329007034 r
2459225.8750347 3066.4469505939987 29.004927157409 26.3144 17.597811360470388 0.010269425795446723 20.910795541351053 g
2459225.878044 3146.7536272871175 33.3341449582957 26.3022 17.557543146290403 0.011501021518619037 20.74755168996276 r
2459225.8984259 2354.2724894382877 36.4076631181353 25.9646 17.534958180610563 0.016789815123223285 20.31419297923716 r
2459226.7754282 2913.2904552730524 41.5306355931496 26.2162 17.555240535054693 0.015477279645038488 20.422853544934178 r
2459226.8203588 2939.7172572574286 38.0989402032498 26.3275 17.656736095328338 0.014070747544360218 20.627792751432985 g
2459226.8641898 2284.070716916179 46.0903058660681 25.7648 17.36802613516023 0.021908360677357484 19.858351013624915 i
2459226.8834954 3004.085729912646 30.4807935300187 26.3489 17.654619194235643 0.011015996383200288 20.89140931631467 g
2459226.9092477 3208.37754614804 38.3393205338335 26.3321 17.566386329335483 0.012973847281021455 20.62556395952508 r
2459227.8164583 2901.9672328631495 36.2619950350315 26.2045 17.547768739107408 0.01356653774849507 20.558445753904184 r
2459227.8173958 2974.8269056030967 31.7256732797698 26.2152 17.53154574805575 0.011578678213165822 20.714247870589343 r
2459227.8597106 3146.1912158730656 26.6314637030856 26.3076 17.563137214552896 0.009190089908256415 20.996687397818135 r
2459227.9562153 2894.775390709771 29.9107024638434 26.2495 17.595462820220995 0.011218158676218557 20.81250845736831 g
2459228.8427315 3158.795845828222 33.1458203012983 26.3379 17.58909610451171 0.011392447900248551 20.78940306036433 r
2459228.9044907 3211.505564428789 27.3401696885242 26.3896 17.622828302917615 0.00924277465361026 21.050171974867844 g
2459228.9112269 3104.188669195944 29.3797589091329 26.3618 17.6319297266688 0.010275665446555414 20.944254420059995 g
2459228.9116898 3141.545219673896 30.3999791085359 26.3586 17.61574171157669 0.010506058328061722 20.903991776277103 g
2459228.9464815 3236.4448715649296 31.876574939413 26.3289 17.55372946549668 0.010693337530877322 20.822795860802053 r
2459229.8191435 3022.3518173710477 39.764391474502 26.3439 17.64303745733065 0.014284306537621944 20.59773913738279 g
2459229.8646644 2192.6486997012644 37.6774849791524 25.7621 17.409677360617614 0.018656178460069336 20.07447022573485 i
2459229.8730903 2993.3868360764054 44.0158540933052 26.3428 17.65239288889056 0.01596452961346613 20.486352155610902 g
2459229.8735648 2985.068482897877 46.1742158398972 26.3446 17.657214252288384 0.016794035521995578 20.436176167390208 g
2459230.7788657 3179.508814617835 33.6570607690372 26.3238 17.56789991668788 0.011492803765457036 20.75868452196803 r
2459230.8302083 3092.567540858816 34.7076236118582 26.3497 17.62390201679603 0.012184719155698706 20.751212791454176 g
2459230.852419 3065.7631313625293 28.6678679168074 26.353 17.636653507197355 0.010152351262520702 20.962086502032413 g
2459230.8528819 3083.4946669613155 28.9524792061006 26.3455 17.62289199592075 0.010194182273400956 20.943860593230294 g
2459230.901875 3190.116829912504 28.9007122754444 26.3786 17.619083529302795 0.0098358477104146 20.978903623316754 g
2459230.9326968 3102.282639746409 35.3822736888701 26.331 17.6017965936026 0.012382667540294266 20.711610645340016 r
2459231.7684491 2891.8626480317134 43.8198377085592 26.3117 17.658755845368454 0.016451402985049723 20.46009807723058 g
2459231.8326389 3229.008776483497 41.5796400650721 26.3118 17.539126936409424 0.013980456029546966 20.517173175326306 r
2459231.856331 3178.969339688541 35.0640935581122 26.321 17.565284151798704 0.011975292086262218 20.711418448076962 r
2459231.8878125 3101.5763419326126 40.2360865507167 26.326 17.597043811701326 0.014084553901676055 20.567035654969647 r
2459231.900706 3156.2069119126177 26.3512883008425 26.3673 17.619386333558065 0.00906454947558799 21.067870357909996 g
2459232.7569907 2929.1746424510966 25.8729064740521 26.3063 17.639436835398488 0.009589805316412554 21.02676194261592 g
2459232.829294 3390.6016164663947 30.6570722424861 26.3521 17.526408088172225 0.009816660020458366 20.888348295972786 r
2459232.8815046 3102.259481772515 26.4482567129388 26.3565 17.62730469845553 0.009256115577034534 21.053082360131935 g
2459232.9054977 3373.440865051888 29.2278472417023 26.3453 17.525117246087376 0.009406619241220373 20.9333829170236 r
2459232.9421875 2269.9110306488747 32.4098192449973 25.7476 17.35757791170383 0.015501638733494746 20.223483466895622 i
2459233.7583333 3073.4883076403466 33.0817195097273 26.2916 17.57252108677666 0.011686012529289845 20.74520480148573 r
2459233.7707292 3150.0412227367433 32.2336923077944 26.3047 17.55890940704191 0.011109733893630729 20.786499849250095 r
2459233.8351042 2984.8643075178934 34.0275058889929 26.3254 17.638088517982837 0.012376999199136332 20.748399694611987 g
2459233.8589236 3074.0830143432813 27.3775873440888 26.3381 17.618811021836613 0.009669174983495734 20.997187056191372 g
2459248.6696991 3074.2834396189965 31.696312487705 26.2657 17.546340235887236 0.01119372599950191 20.765753139561504 r
2459248.7559838 3092.6718384870046 33.2787896896092 26.3482 17.62236540068336 0.011682707979675138 20.795356181342374 g
2459248.7657523 3066.7829537459843 29.3002379903366 26.346 17.629292398424916 0.010372846355902668 20.931397119377905 g
2459248.7953588 2312.8230792716527 32.1238038417883 25.7484 17.338043968910867 0.015079758648038425 20.23390757590554 i
2459248.8898264 3326.4920594253026 38.143509202511 26.3431 17.538133772271788 0.012449273048413877 20.642123375068586 r
2459248.9008333 3135.15611464197 42.6161897955633 26.3319 17.591252071660925 0.014757924508115559 20.510538444269933 g
2459248.9371065 3329.825729303745 42.3350537037455 26.3213 17.515246238142787 0.013803475479711436 20.507124701589156 r
2459249.7206366 692.0224742400594 65.9599708143567 24.83 17.729699502731116 0.10348325810052368 18.534373852139858 g
2459249.7566551 530.3605072590376 55.3081729573075 24.4267 17.615272056710147 0.11322125715974586 18.322301708457353 g
2459249.7575926 491.33002837899744 56.0916975669238 24.4313 17.702866731222198 0.12394674156050906 18.311628529767667 g
2459249.7752431 1857.709806927636 36.5095809998266 25.7798 17.607355315593598 0.02133726804030152 20.126357867105234 g
2459249.7994444 1714.419773440804 54.8531675675541 25.6228 17.537507082390626 0.034737165862576184 19.527370710322533 r
2459249.8150579 2788.6397959248197 42.5190720917493 26.1897 17.5762189480611 0.016553933081451568 20.370815543665753 r
2459249.8159954 2839.429979423442 46.2173022750028 26.1941 17.561022091465183 0.01767190085460724 20.28466350936978 r
2459249.8407407 2682.084761318146 44.9979006290873 26.1246 17.553418753393125 0.018215017443740305 20.24419435841444 r
2459250.7443287 3226.7991085555495 42.708634888173 26.33 17.558070179271127 0.014369895161786515 20.50628576382448 r
2459250.7452662 3167.8121542320177 45.7850258858286 26.3252 17.57330144807191 0.01569184035670675 20.42596632900183 r
2459250.7599653 3052.5124436952697 34.0502299767219 26.3435 17.631856392399406 0.012110789183540343 20.76577486540402 g
2459250.7762153 3118.532610053237 40.7891033066712 26.3345 17.599624275583245 0.01420050228664979 20.56071459404846 g
2459250.824294 3078.390617101034 31.8670217117605 26.3512 17.630390683412042 0.011238997832263358 20.84542129851681 g
2459250.9079051 3377.460604353254 40.7617011728575 26.3282 17.50672427002225 0.013103033357763097 20.55514423712381 r
2459251.7890046 3134.550978777807 30.5761555012575 26.3583 17.61786165654544 0.010590522295687447 20.897417793136277 g
2459251.7899421 3228.927244338017 29.8718437794171 26.367 17.594354351485052 0.010044159665778476 20.931419915700012 g
2459251.8188773 3316.2016969022907 33.669222283634 26.3464 17.544797657014477 0.011023055282640876 20.78089227703047 r
2459251.8198148 3251.903809017898 29.5263855514211 26.3426 17.56225577318584 0.009857855175260954 20.91964927313127 r
2459251.838287 2388.5284083219835 33.3067825157813 25.7767 17.331373972507873 0.0151395200707653 20.222943286081964 i
2459253.7526968 2871.609907372255 29.3469840050218 26.2359 17.590586392430716 0.011095525354071642 20.819566300778376 g
2459253.8291204 3299.195565996814 28.2136334027922 26.3355 17.539479850181863 0.009284548664260988 20.961927441693184 r
2459254.7498032 3141.7337467021835 24.1859843365715 26.3434 17.60047655749986 0.008358035820756279 21.137065570967017 g
2459254.7502778 3073.675484757162 23.3107886039487 26.3449 17.62575496686206 0.008233960713424705 21.178582574282782 g
2459254.8175694 2352.2004992286297 30.6829967828078 25.7708 17.342114155472114 0.014162283197379983 20.306130552835484 i
2459255.79625 1660.9321987976919 31.3902960853809 25.4318 17.380920238993465 0.02051886554103054 19.94238645877886 r
2459257.7532755 3230.46939684167 25.6162775785198 26.3253 17.552135921999664 0.008609149058706293 21.056584937597915 r
2459257.7761458 2231.449649024697 27.5864269789246 25.7319 17.36043227059934 0.013422029837916793 20.382736354473778 i
2459257.8164815 512.8489367769688 30.1958426743474 24.5501 17.775126351282708 0.06392452833688167 19.10280710427324 g
2459260.820544 1765.42758302967 28.707907209718 25.4841 17.366975230703414 0.017654745602253923 20.091671154592248 i
2459262.7307986 2990.2252143546957 43.2246900217766 26.2545 17.5652402518745 0.01569415097276222 20.417745270432395 r
2459262.7970486 3068.155165252615 24.3845064490774 26.3469 17.629706701679726 0.008628722220958337 21.131690064798388 g
2459263.7968287 2216.3756957430196 46.916513848914 25.7707 17.406591552144086 0.022982231389561274 19.844960653634566 i
2459264.71125 3260.787040685403 40.1172718939224 26.3475 17.56419390920656 0.013357303482804696 20.5917465094019 r
2459264.7517361 3049.0082591001483 44.1688928229237 26.37 17.659603498059358 0.015727791748258807 20.509783706710223 g
2459264.7875694 3174.203747889889 35.2950026635172 26.3719 17.617812999762393 0.012072251006966524 20.75519194164623 g
2459264.788044 3167.6766567233212 38.0226891896011 26.3673 17.615447889492692 0.013032022559983024 20.66976791543087 g
2459265.7887153 3029.8655011364276 32.881082931811 26.3591 17.655541624627688 0.011782368466744613 20.819309707898917 g
2459266.7023611 2381.367596096306 53.8424410562311 25.7842 17.34213390057443 0.024547549211040007 19.708963135952104 i
2459266.7525579 3299.650809843234 72.606876785993 26.3416 17.545430043776715 0.02389019040784433 19.941730599642035 r
2459266.7758681 3169.9924431947493 56.3547794634231 26.3682 17.615554432691216 0.019301113538862647 20.243448102731328 g
2459268.7099421 3178.5176312029416 64.1937342480593 26.3541 17.598538438000112 0.02192693115461536 20.087943389170512 g
2459268.7521528 3270.8280576513125 61.436782995827 26.3536 17.566955713652654 0.020392975149683076 20.13510382233938 r
2459272.6723264 3089.554562660418 121.78077225938 26.3213 17.596560326456817 0.042794966640160706 19.359928179765078 g
2459272.7390046 3290.1826298671454 95.2785352569089 26.3429 17.549849986931903 0.031440171372068476 19.647987309165728 r
2459272.7700579 3153.156659231488 107.294378694798 26.3389 17.592036128831463 0.036943773982144594 19.515032566020025 g
2459272.8365625 2401.6522273893825 80.1745833156946 25.7806 17.329324701596548 0.03624402572243731 19.27308321044531 i
2459273.8077662 2794.4362391505806 122.691381339474 26.2762 17.660464488157384 0.0476683027703496 19.30673984901263 g
2459274.7240741 2962.5730781780653 101.738179174428 26.356 17.67682732012714 0.03728419121313485 19.589865087354056 g
2459276.7761111 3295.474889767873 45.7090443875481 26.3351 17.54030498291402 0.015058925087138674 20.437669634555796 r
2459276.8207176 2359.8302589600885 38.3110591273013 25.7616 17.329398086057946 0.017625978282370395 20.05586459309782 i
2459280.7204167 2877.926693861896 21.7909444782355 26.3556 17.707900681364006 0.00822065011957375 21.262484853792518 g
2459280.7546991 3273.492418200543 25.5527772311748 26.349 17.56147165154679 0.008474939512808395 21.082979717158594 r
2459280.8169213 2259.738502036061 31.7052413315626 25.7497 17.364554536748237 0.015232904374847972 20.249447330996166 i
2459290.7125 2920.0663491681216 24.7114469913372 26.3567 17.69321820121609 0.009187879585728592 21.127029547958074 g
2459290.7358565 3163.0738260063013 31.0416111385855 26.34 17.589726678878897 0.010654786788746658 20.862714353761053 r
2459291.6815278 1456.076519630965 31.1557709093053 25.3555 17.447539503525405 0.023230798670392502 19.874228734710748 i
2459292.7110185 3021.8467503849474 32.1655570881766 26.3128 17.612118910506865 0.011556557368829067 20.796897295355603 r
2459292.7656829 2777.6915290754782 32.5438801435623 26.2847 17.67548996404353 0.01272023559924443 20.75610165972323 g
2459294.6687384 2607.092028791704 39.5991104436753 26.2765 17.736109095563076 0.016490692976658717 20.534861414102636 g
2459294.7260301 2874.015752754647 46.0006860305321 26.2794 17.633177139464408 0.017377408170251008 20.375064217724884 r
2459296.7070949 2707.388613275967 112.034625374649 26.3044 17.72302350493269 0.04492742274707127 19.433594323441064 g
2459301.748044 2539.0721379797455 148.986315634931 26.2997 17.788012400354603 0.06370612337684395 19.1194090382159 g
2459301.7832523 2860.19224897869 94.9490520327071 26.2968 17.655811936526575 0.036041698186099154 19.605648406367294 r
2459303.6727315 2186.0802891330286 33.3634883118448 25.7762 17.427034728921992 0.01656972044450178 20.22059635941171 i
2459303.693912 2679.493946438962 66.4593045237389 26.3366 17.766468049462965 0.026928542614293602 20.032785508640526 g
2459303.7403935 2867.360111528782 54.912887002934 26.3061 17.66239440154674 0.020792268532778956 20.209489296637383 r
2459306.6847685 2561.3779405867763 24.0630398316634 26.2926 17.771415837701255 0.010199682729855957 21.09179876428485 g
2459306.6924074 2900.6783404745274 28.3683681565582 26.2977 17.641451069842827 0.01061804643342036 20.918189103052867 r
2459307.6718866 2190.7739725671095 30.1724874858243 25.7748 17.423306068342093 0.014952829490197883 20.32834719956646 i
2459308.6956366 2993.994380156808 29.447189598631 26.3238 17.63317254794933 0.01067831454832565 20.903765357655043 r
2459308.7494792 2664.8099487664113 26.9114570232988 26.3048 17.740634397311368 0.010964297436566142 20.982531959907696 g
2459310.7209259 2351.3637947493294 43.9317421221694 26.2581 17.829800432898615 0.020284692878468045 20.403728925052913 g
2459312.6594676 2103.8245861779264 29.6539239654824 25.7406 17.43307618462135 0.01530320800548026 20.312969564993594 i
2459312.6701736 2946.995791618462 33.4358609600971 26.3328 17.659351210831737 0.01231807468053461 20.774843712685545 r
2459312.7125347 2609.1990792474717 31.7606624028643 26.3284 17.787131958516035 0.013215760899599508 20.826251110336784 g
2459314.6867477 2893.2816213210995 28.4619180869322 26.328 17.67452322919398 0.010680296117483565 20.944914578100878 r
2459314.7151042 2578.9081650318185 31.1476768194403 26.3187 17.790110307053414 0.013112926307885454 20.83771083937047 g
2459315.6756134 2143.1917814580293 29.9231187208371 25.7372 17.40954741198678 0.015158480111897096 20.299757850013734 i
2459316.6754398 2682.510939631844 25.7086771022783 26.2737 17.702346245621193 0.01040514329972286 21.00107566511039 r
2459316.7167361 2294.6393163644143 20.2400780925896 26.2462 17.844413923707855 0.009576517158235038 21.233244529620578 g
2459319.6721759 2560.673175658461 29.028238998718 26.3252 17.804314619882835 0.012307685096441099 20.920723263888128 g
2459319.6973958 2767.313048516552 30.7631080240697 26.306 17.700854272771814 0.012069290967871033 20.838499462903833 r
2459321.6923843 2620.716720488936 31.3844228655721 26.2629 17.716849801102953 0.013001812686872382 20.773689622329734 r
2459323.6631019 2396.1441272316993 48.4995343995163 26.2834 17.834617657089446 0.02197528266314641 20.321631065782718 g
2459323.7053241 2678.375754007357 46.6485946436336 26.2772 17.707521237798026 0.018909362933418297 20.357678577834076 r
2459328.6747685 2718.657305143064 58.0148384972928 26.2934 17.707513832691063 0.023168315490648517 20.137127270196792 r
2459328.6959954 2347.7683089073735 77.8414194888802 26.2556 17.828961909881176 0.035996920487613375 19.78014812172328 g
2459334.6662731 2343.042443693146 28.4006036158382 26.2702 17.845749610459396 0.013160041308135069 20.889456062964726 g
2459334.7553935 2373.564443340053 55.1654669401551 26.2046 17.76609743123856 0.025233419562287276 20.103006742776564 r
2459336.7053356 2646.9582768991654 36.2848467887074 26.2719 17.71503226070136 0.014882916176770677 20.62516175508342 r
2459336.7256019 2173.1424069698273 33.193682936827 26.1946 17.851879533100302 0.016583534263069327 20.644536385827173 g
2459338.6855208 2272.146103618276 29.7175515048106 26.2233 17.832209365110387 0.01419994322433472 20.793342428975212 g
2459340.6733565 2218.8268920318915 31.9530957965812 26.2121 17.846791447853878 0.015635053023257475 20.703392635565578 g
2459340.7386458 2337.8647576806725 43.4588554916487 26.1486 17.726551539492164 0.020182210819625065 20.305979277169605 r
2459342.7170139 2035.581831901291 32.6015101067787 26.1214 17.84967858493239 0.01738837464955623 20.59088069636344 g
2459343.6746875 1941.4005970922599 32.5601435200328 25.6469 17.426612102853404 0.018208785900574065 20.117759212850693 i
2459344.6871181 2137.1742541209205 27.9704328340317 26.1609 17.836300165673237 0.014209182461071345 20.796727021660068 g
2459344.6972917 2430.4963047645324 32.4327805813354 26.1801 17.715862587184965 0.014487687065447823 20.65521452933665 r
2459346.6874306 1940.334947264178 30.1020771835337 26.0926 17.872908235493455 0.016843393582248813 20.648683826735063 g
2459348.6870139 2621.315883270794 34.4227929660743 26.2311 17.68480160244537 0.014257276874481167 20.641559727104948 r
2459348.7177778 1951.9462567765406 31.7378400801075 26.0756 17.849430359996454 0.017653033660812237 20.574231570416693 g
2459355.6812963 1928.566870937971 82.059763665762 25.7119 17.498813244631794 0.0461961090146629 19.179149334526517 i
2459467.0117593 2182.6135205571272 66.3778568702713 26.0122 17.664757897040623 0.03301841509057366 19.709716923378927 r
2459467.0141435 2419.39726777172 85.2286315467865 26.0326 17.57333203534229 0.038246189041772925 19.458711200778158 r
2459467.0165394 2448.9717418728737 89.3001537887793 26.0437 17.571240565178705 0.03958934082854376 19.419144472130057 r
2459467.0189352 2367.9150336465505 111.899499162501 26.0467 17.61078471293918 0.051306438159495885 19.177204632344193 r
2459467.021331 2423.425461511624 134.447160626135 26.0512 17.59012583386174 0.06023262716763969 18.982395902055494 r
2459469.0110764 2500.736667200611 47.8441208275632 26.0835 17.588330094946887 0.020771624083327906 20.13650354291738 r
2459469.0134838 2618.0449508692072 48.0538682988452 26.0876 17.542657252611683 0.01992787969310259 20.13585410471449 r
2459469.0158796 2532.4119976369193 55.2706227619769 26.1004 17.591564094045303 0.023695715858506917 19.99673909409929 r
2459469.0182639 2602.014927393141 53.1094732846018 26.1112 17.572925540702535 0.02216011696860651 20.05084500339244 r
2459469.0206597 2701.979646878525 80.1051256872138 26.1031 17.52389481674689 0.03218756109398555 19.596524223716777 r
2459470.0127546 2685.7299104063513 54.4071455605135 26.1507 17.57804416040242 0.021993960638473968 20.064135135424255 r
2459470.0151852 2609.7630114087183 49.6286986934069 26.166 17.624497321223703 0.02064627245304818 20.179242769718023 r
2459470.0176157 2685.6446328040697 58.0645013544182 26.1754 17.602778635369493 0.02347318344001135 20.018198237254815 r
2459470.0200463 2926.7355214295544 81.4014485846915 26.1873 17.521341303561393 0.03019663105234457 19.663294655476864 r
2459470.0224653 3027.1253379399777 96.6006114690795 26.2041 17.501523991836535 0.03464649532594253 19.494225300533056 r
2459477.0038426 2621.072788532269 49.4913505000502 26.1689 17.622702295764967 0.02050029265612018 20.185151727095324 r
2459477.0062963 2566.079446931076 51.6332762497658 26.1737 17.650524754519203 0.021845873903636955 20.14395078190448 r
2459477.00875 2651.4388545777097 43.257481147413 26.1745 17.615795959479414 0.01771289094623541 20.336921921214326 r
2459477.0112037 2721.374267379537 43.3631230255633 26.1831 17.59612931526757 0.01729984119905259 20.34287360746012 r
2459477.0136574 2658.2927240213385 44.2834669618226 26.183 17.621492993559016 0.018086255003444407 20.31997095280274 r
2459478.0045602 2852.4836180694047 99.9343781162187 26.221 17.58294210268409 0.038036591563043544 19.47428770358431 r
2459478.007037 2540.3709143402043 97.643758886123 26.2313 17.719057170762444 0.04173084663512516 19.50976376508079 r
2459478.0095255 2612.3398873168208 95.984804972912 26.2224 17.679825795920607 0.03989170906322117 19.519468772152983 r
2459478.0120139 2805.3390557437942 94.4879831769386 26.2392 17.61923660505712 0.03656798743280718 19.553333541214656 r
2459478.0145023 2776.405684982437 91.8839244022442 26.2447 17.635992687512932 0.03593076374360889 19.589176149598178 r
2459479.0046875 2836.758319527403 78.0090965394677 26.1858 17.5537441569561 0.029856077456401005 19.708011868762263 r
2459479.0071875 2587.6179855129735 83.2721375809796 26.1714 17.639149597278116 0.0349389130381032 19.622725706500972 r
2459479.0096644 2757.3559169571017 85.258970038109 26.1956 17.594367929862514 0.03357044449761364 19.621324784423326 r
2459479.0121528 2647.255484719786 74.7577471404995 26.1975 17.640510358071037 0.03065986133145424 19.76593447606578 r
2459479.0146296 2796.0555456766606 74.9691188568226 26.192 17.57563551316241 0.029110284475108498 19.757368973078037 r
2459485.9943634 857.6753100997884 107.295693262978 24.9182 17.584892729445478 0.13582171808357382 18.094319263687314 i
2459496.95625 2761.6576239175 50.8027340531183 26.2131 17.610175410030706 0.01997225430255516 20.200957275761613 r
2459496.9975579 220.0156053476814 37.9287555500907 24.1251 18.268966285716886 0.18716513238076746 18.430253505036433 g
2459498.9665741 2130.163505762715 42.5592709396541 25.6967 17.375667649941676 0.02169157453602979 19.876789539955464 i
2459500.9577431 2356.4089145297908 43.70332514902 26.1465 17.715873357384062 0.020136021308406554 20.297788785810965 g
2459501.0116088 3079.115725530448 34.4973437448073 26.2996 17.578534970649763 0.012163805924275559 20.707710848678538 r
2459503.93625 2659.829486998365 51.0428719309804 26.1613 17.599165509201747 0.0208348867197514 20.14403723413033 r
2459509.9778009 3102.6435692644372 50.6152782618784 26.3188 17.58947028291579 0.01771167276618546 20.310670917253333 r
2459510.0035069 2670.793960112776 71.7385642862463 26.2998 17.733199036439974 0.029162324166065137 19.91299328708065 g
2459512.9439468 2637.0085228894677 64.3395251009884 26.223 17.670221166379246 0.026489646049987783 19.95438036168591 g
2459518.9629514 2237.037164635457 31.4831066463229 25.756 17.3818170019153 0.015279678597330267 20.26338103788506 i
2459520.9442014 1159.4425631595038 26.1424915637021 25.3923 17.731676901783892 0.0244797836413452 20.101507547804477 g
2459520.9820023 2340.3815663219198 28.6028611344491 25.986 17.562783328014348 0.013268830510605675 20.597551295082628 r
2459521.9841667 2191.2848344387653 32.4281324095138 25.7473 17.395552917365976 0.016066931511451114 20.222570145044436 i
2459522.9739005 3167.319742471872 32.2310226693552 26.3349 17.58317023043838 0.011048212418493996 20.816789775130005 r
2459523.0041667 2711.23260926316 26.5734553507088 26.3284 17.74548305169082 0.010641211814763993 21.01985491549995 g
2459524.0207986 3232.0969191779986 28.8700490702744 26.3584 17.584689061859113 0.009697794669959502 20.959856184036322 r
2459524.0256713 2876.528749480841 31.5757981385147 26.3642 17.717028202646098 0.011917782516574061 20.86838914669154 g
2459524.9621528 3106.5036766119174 34.4242371963141 26.3356 17.60492032013495 0.01203101564161041 20.746014175305376 r
2459524.9998958 2266.6039768124974 33.5511521664144 25.7851 17.396660883968387 0.016070952967400295 20.223406392433624 i
2459525.0237616 2907.6562604425944 26.8526180977182 26.366 17.70714234134882 0.010026593536972949 21.046108400946157 g
2459526.9623495 2689.077151016588 24.7089453620738 26.3237 17.749691843660678 0.009976099781838518 21.09413946652954 g
2459527.0045833 3178.087461540448 31.9141573309183 26.3493 17.59388538775416 0.010902532115142992 20.84191653490666 r
2459528.0072338 2183.186964536213 29.7984020495037 25.7648 17.417072676085063 0.014818760660756748 20.331892550419823 i
2459530.0069676 2954.882002148797 34.6492917763458 26.3702 17.693849642996447 0.012731045115920773 20.77353908376502 g
2459531.941956 3055.337681254309 27.4423225499729 26.3395 17.62685195946117 0.009751501372599244 20.996022827627094 r
2459531.9990162 3025.302743781231 27.4976248399442 26.361 17.65907789684716 0.009868159922207862 21.015337033080144 g
2459532.0038194 2319.6145250141276 28.3404108910432 25.7978 17.38426045110101 0.013264783339041302 20.41935963281297 i
2459536.8410648 2447.200005452569 99.6448634299805 26.129 17.657326337639333 0.04420743216119883 19.3854376984907 g
2459536.9221065 2004.3754174275148 97.6361840008577 25.9568 17.701852330705275 0.052886103096285185 19.235347996231845 g
2459536.9847106 3242.5170993161 46.9219665673642 26.3358 17.558594312497487 0.015710997827253423 20.409934474825697 r
2459537.9303009 2270.1665719581474 52.8126556869978 26.0339 17.643755688924458 0.025257485942943667 19.979629972767338 g
2459538.8598495 1870.2169097361614 112.870535165671 25.8074 17.62767005152184 0.06552370443846361 18.92852352861381 g
2459540.963125 2310.863322839569 49.8407068458437 25.7837 17.374264350811018 0.023416380747278503 19.79231450690453 i
2459550.8591088 2424.6637336155504 33.9493184177273 26.0957 17.634071208387788 0.015201602801706597 20.52119734014379 r
2459550.9413889 2831.6328024613613 27.0141266610887 26.3437 17.713607663299832 0.01035771209121816 21.017297659638572 g
2459600.8847106 2283.132968763666 38.8728160313737 25.779 17.382671986584647 0.01848522050299871 20.057459981639706 i
2459622.7570718 2676.0295272757276 60.2602666226792 26.3451 17.776372747194984 0.024448374281896224 20.14759736694579 g
2459622.8243056 2916.9170064728733 67.1139161016353 26.3597 17.69738981864547 0.024980340047334525 20.045243537488368 r
2459623.6916898 2109.549657658266 45.2510078801705 25.7825 17.472025617761258 0.02328886598006773 19.896004347327793 i
2459627.8048264 2799.872641547614 161.193516939374 26.3484 17.73055430765432 0.06250562927188852 19.082606061958653 g
2459627.8621991 2943.2466625134557 116.740024566941 26.3155 17.64343334944047 0.04306286873152903 19.400025538240666 r
2459628.8159606 2150.4157574719848 44.633374552268 25.8009 17.469593915652748 0.02253445854971079 19.929325680750914 i
2459629.8412153 2898.3513294840654 58.0116132444071 26.3415 17.686122429487668 0.021730701816147464 20.185287631843224 r
2459629.8840509 2636.302605092935 83.7674005059629 26.3329 17.780411853006775 0.034497658407509665 19.777787392908998 g
2459636.7122685 2549.895210130598 26.7113155386798 26.3314 17.815094167147613 0.01137320277520712 21.0172367950219 g
2459636.8523958 2827.4772606790807 38.8709992809039 26.3266 17.698102197749243 0.01492575891101652 20.605110725528526 r
2459637.7459144 2103.4693484212676 33.3315972621033 25.7715 17.464159530259003 0.01720401353821775 20.216934674893373 i
2459638.7327546 1040.4748543243147 62.5642993025233 25.2269 17.683821027843177 0.06528371105792923 18.988658526690063 r
2459638.8525 1558.8934337157928 51.8464872761354 25.7456 17.763558930647278 0.036108774351257276 19.711376646087405 g
2459639.6963542 2560.7019830488757 30.1190151576113 26.3121 17.791202405496755 0.012770019695022998 20.867573071550748 g
2459640.692662 2702.6422461742727 30.580521695058 26.3438 17.764328597180565 0.012284745586036244 20.882762763958382 g
2459640.7563889 2851.6807303687156 25.2007432145145 26.3426 17.704847747541955 0.009594498646579118 21.091641616451838 r
2459640.7766204 2047.8100510159713 26.7609134876962 25.7744 17.496175824344803 0.014187997445943372 20.45822265402376 i
2459672.6519907 2514.0742760806593 23.4091325380631 26.2596 17.758654739044154 0.01010920617516382 21.088711687822343 g
2459672.6862731 2361.9636758115707 25.4513112480796 26.0756 17.642416964007676 0.011698947322949623 20.81389958405604 r
2459672.7051852 1013.9421296898337 29.5334496148945 25.0512 17.536167078664445 0.03162356638312241 19.627989546381922 i
2459674.6824306 2820.317193739487 27.9675698400145 26.3357 17.709955112407304 0.010766303394067282 20.971638160996925 g
2459674.712338 2914.404063312435 30.2574124696265 26.3104 17.64902559066215 0.011271763284922309 20.860895525134666 r
2459676.6802431 2913.305848391828 42.1187878036366 26.293 17.632034798303597 0.015696384210278073 20.48438533036964 r
2459676.7128472 2648.4609360116224 45.1399795164348 26.276 17.718516070979643 0.018504511467250954 20.39217159498954 g
2459677.7547106 2077.631910349028 47.3786272061072 25.6876 17.39367848249618 0.024758464336942718 19.751218806901917 i
2459678.6754861 2780.8868074600086 39.6664833452396 26.2866 17.676141720482512 0.015486391194491637 20.543115740271993 g
2459678.7159375 2787.479568828525 45.4839633028152 26.2635 17.650470767866228 0.01771562364441648 20.371429237997724 r
2459682.6589005 2970.9916817833036 75.1836600391763 26.2969 17.614646410343305 0.02747463084633684 19.859166329366477 r
2459682.7073264 2948.999477301244 74.9206895886031 26.3054 17.63121326106303 0.02758270841091684 19.871470573970733 g
2459684.7705787 2500.5997784111205 110.683886007495 26.2252 17.730089529106706 0.04805626877032396 19.367563993137985 g
2459687.6591435 3028.021432493041 39.947106149443 26.282 17.57910263800544 0.014323073370964307 20.53086168015065 r
2459687.7643866 2004.901877059379 96.1601221269697 25.8526 17.59736719388686 0.05207289483232848 19.147687473586622 g
2459689.6832176 2872.8708375017122 59.7174048475253 26.2484 17.60260974795195 0.022568082628921734 20.060722673580756 r
2459689.7798727 2314.7778267503422 100.950375813333 26.1326 17.72132671598517 0.04734874412306034 19.374905139025373 g
2459693.6871875 2917.3658079411325 45.0448517327248 26.2639 17.60142277840443 0.016763477309941155 20.382362084769852 r
2459693.7212963 2529.0417758285193 39.4238351181719 26.1844 17.677009991820924 0.016924377523885332 20.447577814641054 g
2459695.6739583 2567.7316938940785 31.8016193365346 26.1786 17.65472589577288 0.013446505410117002 20.675051902169326 g
2459695.695625 2744.719659482025 40.4844740114191 26.1785 17.58225501743133 0.016014019239579676 20.412853736305955 r
2459697.6758333 2974.193018732856 36.5877665198603 26.2448 17.561377125303125 0.013356005430856776 20.58903524159168 r
2459697.7051968 2628.7720875319765 28.1187214312869 26.1973 17.64791766312691 0.011613215159557586 20.827386065996826 g
2459699.7038426 2731.8963380320424 31.7619074841877 26.1865 17.595339460019083 0.012622698187890804 20.684308548145953 g
2459701.6664931 2920.311633500054 24.5646220411923 26.2679 17.60432700366669 0.00913252196929345 21.044699773324535 g
2459701.7012037 3017.980819091513 34.1847491504166 26.2512 17.551908811822862 0.012297752827925414 20.66919399573301 r
2459703.6839699 2631.7395233276243 39.7842954970896 26.1837 17.63309274317285 0.016412646175019276 20.436995809284806 g
2459709.7434491 2885.427739444166 82.2412646943691 26.1544 17.503874493436477 0.0309449236444496 19.61925053860799 r
2459711.6750116 2866.8132941406293 74.5649855498799 26.2316 17.58810147566031 0.028238743338105027 19.802837644080547 g
2459713.674919 2798.1816962975904 73.6744531560905 26.2025 17.58531022144981 0.02858583268463371 19.786782686632574 g
2459713.7176736 2691.0428142903766 89.5961180537922 26.1745 17.599698481471194 0.036147513095830586 19.54635200586232 r
2459841.0021875 2433.0581030926296 61.0888965498288 26.0795 17.614118799239733 0.02725960999445318 19.867169287831338 g
2459841.0046644 2539.2670812016117 61.9495823467084 26.0909 17.579129043609484 0.02648743098027865 19.863379032199415 g
2459841.0071412 2676.794135066387 55.105052489217 26.0969 17.52786256983112 0.022350450751439325 19.996496438147126 g
2459841.0096296 2651.9846428039523 53.5960533792393 26.1176 17.558672487965307 0.021941769275223417 20.047342961696835 g
2459841.0121065 2617.0294266220885 58.0425848989024 26.1317 17.58717848500543 0.02407952840869537 19.974908125923694 g
2459842.0032755 2611.6321176230194 48.780947780978 26.1078 17.56551999779809 0.020279071714744717 20.139749403887155 g
2459842.005706 2508.553406787786 54.4025809239218 26.1229 17.624341621156724 0.02354539550534615 20.03642623006023 g
2459842.0081481 2595.97152004872 55.1524000749226 26.1284 17.592650191036576 0.02306610850654467 20.02706394805284 g
2459842.0105787 2619.1768897720476 55.6639321043078 26.1487 17.603287924748585 0.02307378754052259 20.03734028496951 g
2459842.0130093 2707.0198209760015 51.0179006353808 26.1563 17.5750714107132 0.020461665736847955 20.139568530133126 g
2459843.0055787 3071.254383185792 61.3733784192326 26.2409 17.522610526754182 0.02169572058718327 20.023524912804195 r
2459843.0080671 3161.691335213695 55.0034451133954 26.2481 17.49830132743641 0.018887751531753233 20.149700258748005 r
2459843.010544 3050.387157103013 59.1391517202825 26.2492 17.538312590548784 0.02104892714133021 20.072087262147782 r
2459843.0130324 3038.3199113292585 59.1206493216471 26.2536 17.547016250631472 0.021125915256379458 20.076827000994967 r
2459843.0155208 3088.731938670934 69.4647414653098 26.2599 17.535449452787674 0.024417097794941306 19.908063929934247 r
2459844.0067361 3033.0809843879288 65.7370997115637 26.2448 17.54008998427671 0.02353078256868477 19.95284864088544 r
2459844.0092245 3159.3958362762637 53.8544199175563 26.2494 17.500389896347514 0.01850662175126643 20.173921608327834 r
2459844.011713 2986.859601996015 50.8404803973742 26.2519 17.563862977563524 0.018480115212158813 20.238950875163965 r
2459844.0142014 3133.0008185874967 47.3678682857509 26.2673 17.527398729115568 0.016414708318214098 20.331165388041292 r
2459844.0166898 3138.992660351998 54.5983801360194 26.26 17.518024249434472 0.018884230620351005 20.16962559432229 r
2459851.9779051 2230.2789026662085 30.7469792168894 26.0056 17.634702059515206 0.014967632656108613 20.538668853424383 g
2459852.9717014 2484.3641735473907 31.5859184273362 26.0938 17.60576185560903 0.013803464082156939 20.5976412155501 g
2459853.9795718 2629.985434799267 25.7643434058089 26.1454 17.595516641706993 0.010635932528585168 20.870427291376178 g
2459853.9928241 2653.176099973602 26.6508777167102 26.1714 17.61198480879026 0.010905743473763448 20.859696197662775 g
2459855.9640162 2314.4437595756253 29.6384609206773 26.0114 17.600283420009927 0.013903330719723156 20.584335870025633 g
2459856.0046065 3160.5327528877942 34.1562798057215 26.2383 17.488899261699405 0.011733298112854071 20.65719858264138 r
2459858.9714583 2387.62050122879 28.2154783580339 26.0854 17.640486751770904 0.012830156566988698 20.711756445193675 g
2459860.9467593 2910.8227767733974 70.486652240671 26.1577 17.497660588612153 0.026290627841838565 19.790007778491773 r
2459860.984838 2653.8456717021772 70.3899063532064 26.1764 17.616710840337703 0.02879682196390075 19.81019902061528 g
2459863.002037 3195.4248343609015 62.1517890662986 26.276 17.51467848464565 0.021117128672117968 20.044940902876764 r
2459865.9626042 2536.147922317099 70.1653409455009 26.1597 17.649263548927106 0.030037092865991592 19.796968389502318 g
2459866.0013542 3168.762610110517 47.5788183671299 26.2881 17.535875737603895 0.016301733344231586 20.34714085912539 r
2459866.9326852 2185.9591193412575 53.2177551988715 25.6598 17.310694910643882 0.02643165478631021 19.597233610563666 i
2459867.9623958 2273.995763226694 67.7313502429048 26.025 17.633025871997777 0.03233775900020926 19.7006006554815 g
2459868.006794 2930.679173730237 53.3234159860028 26.2416 17.574179304726872 0.019754203481207187 20.17688008102487 r
2459872.9417824 2909.021212042164 42.8553089997148 26.2407 17.58133277986682 0.015994386286488166 20.41326341204988 r
2459872.965463 2636.5222463318887 35.7382336781356 26.2247 17.672121399615264 0.014716735410950713 20.594442278696388 g
2459872.9848727 2300.555634709821 37.8697944394349 25.7209 17.316318149145843 0.01787187199586265 20.027742619813225 i
2459874.9772917 2752.4461433891465 25.9249398747732 26.2562 17.656902925084655 0.010226070104820876 20.97448059454819 g
2459875.0042245 3047.310891983076 33.8669970337369 26.3042 17.59440809008734 0.012066178996131244 20.732333264856894 r
2459877.9739931 2193.451519953734 43.1294282267596 25.7239 17.371079900012475 0.021347916650913984 19.889540737465907 i
2459878.936331 2695.627080702407 37.3172180570672 26.2084 17.63175047321583 0.015030010617789417 20.53120183847123 g
2459879.0014583 2570.0225622692165 31.9667738864819 26.0932 17.5683576599344 0.013504288607454578 20.584027966356537 r
2459880.9349653 2654.6399601027806 38.1389972652042 26.2148 17.654785931224325 0.015598163951856214 20.513951812738508 g
2459880.9984375 3183.9183179653937 40.5018998877478 26.3073 17.549895206067028 0.013810942466711149 20.541186499554616 r
2459881.0200347 2283.0316432651553 37.920983728666 25.7439 17.347620172653947 0.018033395268814957 20.0492760014618 i
2459883.9501273 3057.355971561238 36.7378322408589 26.2847 17.571334982278266 0.013045999495941128 20.62449117249134 r
2459883.9684144 2291.36815824745 31.0497263419726 25.7414 17.341162815819814 0.014712034715217143 20.263830547016536 i
2459884.021956 2803.436907927019 36.7606179571672 26.3074 17.68817303341298 0.014236454832724711 20.646517980665575 g
2459888.9041782 1300.6699567814603 105.272621244912 25.332 17.546582227721156 0.08787354877360701 18.52878639710137 r
2459888.9428241 1597.2395208415758 67.717406846476 25.7058 17.69737488125706 0.04602990825977142 19.381624191683663 g
2459889.0220023 2148.058807797009 40.2868200665571 25.9372 17.60708458262659 0.02036229193888737 20.176867517018714 r
2459889.9361574 2188.2157031635115 47.8327538974547 25.7291 17.37887467422368 0.023732587619853134 19.7823615255835 i
2459893.9227431 2558.0696261128833 100.966327587541 26.2539 17.73411909742967 0.042852290157701894 19.496033588890768 g
2459893.9755787 3052.9950666820605 69.7645315804201 26.3234 17.61158474368709 0.02480952320017294 19.966888282669636 r
2459894.0000116 2945.6321142217066 66.2681449331415 26.251 17.5780537349929 0.024425088457769487 19.950312955641937 r
2459895.8995139 2993.578664129484 58.1087104789357 26.2672 17.57672331285496 0.02107465146078809 20.109171894440856 r
2459896.8670949 2092.439216019809 79.0493096165713 25.6971 17.395467872799845 0.041016166583784285 19.20492978581142 i
2459900.9111343 2746.63559153866 96.0735618758525 26.3108 17.713797391384915 0.037976303245302545 19.606865258571293 r
2459900.9365972 2270.10271055227 69.3605015652033 25.7709 17.380786231888386 0.0331723741834664 19.42069442669875 i
2459900.9843287 2801.5766016953976 53.5477036818774 26.3416 17.723093746002988 0.020751437548497644 20.27232286051536 g
2459902.9634375 2746.4172209313983 48.8229949223677 26.3183 17.721383716014433 0.019300463594252512 20.349313947689936 g
2459903.0065394 3011.0280671570354 65.3186791246381 26.3272 17.630412990531777 0.023552251371930188 20.04218150455108 r
2459904.8718981 2061.709819367173 36.1158803791315 25.7006 17.415031151603067 0.0190186858302196 20.058929474386773 i
2459904.9722454 3034.0196801765787 31.5713401116303 26.3367 17.631654016219652 0.011297554918036034 20.841042447104908 r
2459908.9606713 2676.6119565102763 66.2690854531443 26.3388 17.769836465908043 0.0268803798404472 20.038097546286913 g
2459908.9841435 2843.384768017001 68.6958348116109 26.3464 17.711810918554505 0.026230381724588324 20.00664897522912 r
2459910.9646875 2937.6073422326945 29.5899017929135 26.3499 17.679915637513204 0.010936028077921872 20.9246161797449 r
2459910.9834606 2586.569531720051 29.9421683947057 26.3399 17.808089606169865 0.012568079778050367 20.901766867900303 g
2459910.9992593 2744.5451312776668 29.1024155212842 26.357 17.760824058221857 0.011512469651664704 20.949752396074256 g
2459914.9644097 2461.5726842457075 25.7907154950207 26.3402 17.862168340109143 0.011375239899334613 21.064116512524976 g
2459923.8406019 2796.3808507426515 80.4148157409647 26.2995 17.68300920131437 0.03122119986867272 19.788734811263673 r
2459923.9199537 2627.5532687099353 73.3637445544206 26.3369 17.788021176762832 0.030313759348384654 19.925771264095182 g
2459930.9028819 2506.4717013821996 40.7069561608026 26.3239 17.82624298575911 0.017632571825730827 20.552303415475578 g
2459930.9136458 2820.535647454304 39.2690190888156 26.3557 17.729871017638644 0.015115701183641155 20.623149856536187 g
2459930.9321065 2965.653027016201 34.4956243979664 26.3287 17.648399153891944 0.012628550632085636 20.736864963095247 r
2459932.9031481 2074.124415881747 30.1612604328018 25.7617 17.469612990274523 0.01578790558616127 20.315651272527298 i
2459933.8527315 429.12778490776316 39.7129934885593 24.3941 17.812633412797517 0.10047449395474657 18.649343427722616 g
2459933.8798611 2003.9756014598315 42.1135479076514 25.96 17.70526892584415 0.022815985848345478 20.15152041257387 r
2459935.8542361 2519.6684204317144 26.1606217294296 26.3036 17.800241517740147 0.011272351068628023 21.01205483627824 g
2459935.9008218 2059.1529492505247 24.6151709328174 25.7555 17.471278484415944 0.01297848763079348 20.530067849285984 i
2459937.8385995 2729.637071032843 41.0066447284649 26.3182 17.727937730864813 0.016310195466699342 20.53863940009915 r
2459937.9024537 2668.8603494778977 41.548213501574 26.3424 17.77658537616994 0.016901931720587564 20.5485941025593 g
2459951.903287 2536.9018006160545 126.465351587712 26.3397 17.8289408582326 0.05412248601244105 19.337346099795663 g
2459951.9207639 1781.8920952426352 278.668839552687 25.7481 17.620896496903267 0.1697918521049137 17.887953966433972 r
2459956.8104398 2799.5412823318406 53.1859134978614 26.3105 17.692782809923543 0.02062621710530058 20.2485834319291 r
2459965.8277662 2547.8866390973526 73.7941119226585 26.3504 17.83494974648309 0.031444988990096547 19.93292071270243 g
2459966.796088 2072.4916109502155 43.4004982779663 25.7541 17.462868046787897 0.022735880199188853 19.912938200048668 i
2459967.7950926 2683.0345279381986 60.0091268726005 26.2908 17.71923434590444 0.024282918600995018 20.09783171949393 r
2459967.8375579 2709.965116399368 60.7807157780725 26.3323 17.749890748692923 0.024350727882405852 20.125460463660097 g
2459969.8145718 2927.274716798392 36.677759624939 26.346 17.67984129573386 0.013603452862240822 20.687567989293264 r
2459969.8577662 2854.6164184597405 29.9277893019592 26.3617 17.722830601678574 0.011382475289856657 20.924088394972888 g
2459971.8166667 2745.0743068684915 40.0232135989365 26.3208 17.7244147376648 0.01582951794625029 20.56759509748412 r
2459971.8328356 2799.5732619505775 30.7136133664448 26.2589 17.641170407451828 0.01191101889890024 20.793147706860914 r
2459972.8265625 2976.4676164067796 31.1848763066152 26.3693 17.685047095389628 0.011375033956178275 20.887014924706506 g
2459984.8129282 2819.7340013528683 55.1156584878058 26.2639 17.638379646926175 0.02122153025480447 20.16328748800356 r
2459985.8072222 2942.417107536399 73.7119915336779 26.3444 17.672639407657037 0.027198424384882732 19.9281296265926 g
2459993.7481481 2685.4600793586615 31.3429498230498 26.2299 17.657353248086324 0.012671586848169401 20.742125320603684 g
2459996.812963 3167.2109509033276 30.0677034922166 26.3608 17.609107524107152 0.010307019705204338 20.91812434198358 g
2460016.7116204 2864.0920201119025 36.2219080146052 26.1623 17.519832581845492 0.013730747914279782 20.517446680786534 r
2460020.7105093 3142.8540639270723 29.8658997606343 26.3279 17.584589461632508 0.010317185179640294 20.89253598132396 g
2460020.7739352 3347.9342195788163 31.0775896412378 26.3277 17.515757709100313 0.01007813680333798 20.849156669605424 r
2460031.6536227 3328.4708079053994 37.1374112831264 26.3267 17.521088119104043 0.012113697177192217 20.654745920822652 r
2460031.693125 3229.5748665882647 41.9324533132472 26.3424 17.569536608449784 0.014096612230044506 20.53859930887027 g
2460031.7363889 2272.5131117310316 36.2709937536488 25.7274 17.33613400586894 0.01732857677038448 20.081076352772023 i
