jd flux fluxerr zpdiff mag mag_error limitingmag filter
2458274.9822801 2482.3306405195126 61.6587607232402 26.1211 17.633950929988654 0.02696776788091847 19.89868801012936 r
2458280.9460301 1169.2512630541441 31.1553924349234 26.0986 18.428830380708902 0.028929119544624342 20.61734192410787 g
2458283.9433449 1114.38590382075 29.8726741518188 26.0876 18.47001097515456 0.029103708343251364 20.65198973501026 g
2458283.963588 2408.289352765061 35.5920479075114 26.1212 17.66692833593619 0.01604553305391574 20.49539254588931 r
2458286.9433218 1217.0786290139083 28.36843023797 26.1589 18.445603408484473 0.025306174946411016 20.77938672702749 g
2458289.9349537 1193.3030207508675 28.8047414225964 26.1195 18.427623149982416 0.02620734819127054 20.723415036759715 g
2458289.9638773 2533.6029485554795 32.0736466585204 26.1498 17.640453610531956 0.013744204946165454 20.6370041380107 r
2458292.9414468 1211.9795965688954 22.9289872752525 26.1828 18.474061728419645 0.020539950965524797 21.03441280594199 g
2458295.9471065 1275.9787906444415 54.8786615104611 26.1915 18.426891361025067 0.04669494762668858 20.09556621317623 g
2458298.9422222 2428.888764054486 70.368396054771 26.1031 17.639580935366258 0.03145428836730008 19.737230859086882 r
2458301.9572454 2458.927070342974 49.5199994105923 26.1144 17.637535879675475 0.021864765331401644 20.130023412052687 r
2458301.9647801 1356.5504998630838 61.4531984634041 26.1987 18.36761008565599 0.04918337915061167 19.979913760165704 g
2458302.9819444 1995.9819236787723 32.9528108025506 25.5102 17.259808490389794 0.017924444236643806 19.968043826965854 i
2458306.9602894 309.85373453929685 37.4571855192539 26.0703 19.842408162776113 0.1312466553895815 20.389037134203242 g
2458312.8829282 1377.1097469376941 24.8917180136375 25.1162 17.268778619600617 0.01962438963742877 19.87863780809513 i
2458312.9394329 2324.0453870956017 19.7790743657271 26.0479 17.632288486774947 0.009239983503810357 21.05996008082294 r
2458315.940706 1058.065197823748 21.0240230565204 25.9916 18.430318925783546 0.021573133564370867 20.937385428760333 g
2458315.9646412 2218.3829744397767 20.3720610338819 26.0047 17.639608691309924 0.009970301304747065 20.984687567572387 r
2458318.9192593 1287.200540333623 25.4759228248675 26.2033 18.429184466508385 0.02148787896234863 20.940550177680784 g
2458321.8643634 2008.9246863762403 30.2337604358036 25.4841 17.226690861096415 0.016339484465374525 20.03544457035938 i
2458321.9395139 1305.9366012317075 19.1023158500054 26.2518 18.46199476516299 0.01588085079994718 21.30165993492681 g
2458324.961169 2471.4608362429826 26.3022683909017 26.1262 17.6438156678819 0.011554450862920512 20.828791976569686 r
2458325.8818403 1879.5516084137541 45.1292671329567 25.4724 17.28726436250298 0.02606836923600195 19.588829286796393 i
2458327.9183102 1229.9004564552456 115.648711154275 25.3894 17.664725093274747 0.10208940491174241 18.48412299630052 r
2458327.9409144 750.7588882541137 96.196270751478 25.6104 18.421648793687037 0.13911295995143672 18.90507939907186 g
2458333.9273958 2032.781609269776 37.4965895217621 25.4957 17.22547319258802 0.020026768767551544 19.813295567789716 i
2458333.9604051 1260.2797390547908 57.4198750768784 26.187 18.43583261410361 0.049465810199981815 20.0419193808922 g
2458333.9835764 2515.450979988535 45.9883167910762 26.1538 17.652260353992986 0.019849130806873845 20.249756203305154 r
2458335.9413773 2689.3527917362794 26.8669103568338 26.207 17.6328805572398 0.010846254408884128 20.886530673479736 r
2458335.9418287 2719.492551104692 28.2946872188678 26.2194 17.633180316031346 0.011296056648894335 20.842712745590667 r
2458335.943206 2641.949480007691 25.3752427355915 26.2175 17.66268872831363 0.010427868226288526 20.959049475824884 r
2458336.8298148 1195.7216556005433 21.6408058734245 26.1671 18.473024763046077 0.01964957549002202 21.081491416019006 g
2458336.9179514 2739.258993699382 32.65029158361 26.2163 17.622217259437278 0.012940879870746403 20.68415732891573 r
2458336.9372685 2709.567597095751 28.4927150550193 26.2308 17.64855002482377 0.01141678132274376 20.846540401930717 r
2458336.9377315 2750.9789086709743 23.9495369249331 26.2308 17.632081848165125 0.009451912610977343 21.03513218777833 r
2458336.9563657 2743.531163863135 23.7047101702426 26.2256 17.629825255685496 0.009380685800409693 21.041088364883706 r
2458342.8796528 1936.9330804209735 25.6834214318142 25.4517 17.233913458922338 0.014396207556360315 20.180142794057748 i
2458342.9355787 1164.908723933728 18.8015641071706 26.0767 18.410970255789945 0.017523139566011536 21.14379003955692 g
2458342.9635648 2414.286779265167 20.6065226928771 26.106 17.649027859566225 0.009266712587667881 21.07356320994332 r
2458345.8810185 2486.42068588616 20.8723460659171 26.1043 17.615363474330305 0.009113946908662313 21.057946822148182 r
2458345.9144444 1252.8248297095138 18.4738278334143 26.1489 18.4041741198186 0.016009448729866274 21.235082759399404 g
2458347.8812384 1850.0480885728311 19.8123875787273 25.4405 17.27254245692437 0.011626891931667445 20.45073295102219 i
2458348.913125 2548.491057894157 20.6254909860188 26.145 17.629292214795832 0.008786805625295874 21.111564250046783 r
2458351.8368287 2026.6090851492756 20.0155159986545 25.4976 17.23067503691977 0.010722761423986484 20.496758012490105 i
2458351.896088 2743.1108729234115 18.7472751623707 26.2229 17.62729159607644 0.007420012382545121 21.293129604726225 r
2458351.9243287 1334.2177727139203 14.4782128817563 26.2279 18.41483319634662 0.01178143182259441 21.57868759408775 g
2458353.8620139 2855.4039177910536 37.2343526394486 26.2491 17.609931122345643 0.014157484483639175 20.574315470276492 r
2458353.8745023 2710.5772976269072 30.2133506962468 26.2039 17.62124550853994 0.012101715335561043 20.755977759873108 r
2458354.8362384 2654.553254141488 40.7405253808398 26.1816 17.62162139416476 0.016662686400044698 20.40910842599441 r
2458354.9215741 2683.4475369075976 39.2433055995829 26.2102 17.63846722756269 0.015877506939661206 20.478361033216274 r
2458356.8822685 2754.576307238108 68.3557963162468 26.2443 17.644162980759397 0.026942033831315475 19.909936621621302 r
2458356.9145949 2726.457935140369 71.8792291466194 26.2118 17.622802995976592 0.028622953642036257 19.8228664617503 r
2458360.8496065 2618.96163140356 70.090722555836 26.1921 17.646777160191 0.02905636209648814 19.830523646434827 r
2458360.8981134 1401.7865941507323 77.3843684688843 26.2785 18.411795244163756 0.059935092258154056 19.809441882456394 g
2458360.9222801 1355.519716578794 70.8147451727583 26.2721 18.44183540262464 0.05671888641215096 19.899365747463158 g
2458361.8628356 2079.023865594829 25.5394108307382 25.5445 17.24985131318329 0.013337094776927521 20.279047803426295 i
2458362.8810764 2881.424567993804 33.962127083681 26.255 17.605981863018336 0.012796684592866201 20.68008778230202 r
2458363.8574074 1309.987752391001 33.4242724251665 26.2192 18.42603191180309 0.027701581564994603 20.661620083219773 g
2458363.8727662 1300.7283431632845 40.765249916738 26.2201 18.4346334906949 0.03402619160813235 20.446949716240507 g
2458363.8732176 1216.190614787237 38.9167201969462 26.2309 18.518395880786088 0.034741168534026326 20.508134409423324 g
2458363.9210185 2591.5209205399397 29.9597919587028 26.1581 17.624213202216076 0.01255145033627072 20.719328005935598 r
2458365.8214005 2014.6116235968357 26.5595444019706 25.5054 17.244921661630762 0.014313278559237624 20.197423436799447 i
2458366.8360417 2586.7736060008883 22.4096097917818 26.1839 17.652003947504134 0.009405582805737485 21.06038925308238 r
2458366.8986458 1372.3356085686694 19.7113068834961 26.2924 18.448749169230148 0.01559426553518659 21.30818644045081 g
2458369.8262037 1325.049491314727 22.9640744367444 26.2652 18.45961975072646 0.018815973123566525 21.115152624312987 g
2458369.8440394 2055.686915935628 24.4001336948361 25.529 17.24660757078148 0.012886799515589808 20.313094474258776 i
2458369.8788542 2636.6122190143365 22.8517662216506 26.188 17.635384348939077 0.009409864070235183 21.043275557940387 r
2458372.8704167 2742.757616662732 25.4555642950327 26.2192 17.62373142557218 0.010076393913635224 20.95731816702665 r
2458372.9019097 1371.2941563838885 23.7002447191816 26.2688 18.425973436710613 0.018764285964339857 21.084492913202048 g
2458373.8437269 2139.0689888817046 26.4157000677256 25.5511 17.225538021030886 0.013407480409747425 20.249019677087947 i
2458375.8127431 1362.8450341350285 20.4343112268565 26.2902 18.454083809874437 0.016278836656640743 21.266874980005785 g
2458375.855162 2565.557478672772 25.3073739966182 26.1906 17.667645627447648 0.010709647387180164 20.93505728113844 r
2458377.8228935 2044.032564634896 24.6116701357656 25.5264 17.250180473730072 0.013072634325262613 20.301122274880985 i
2458378.8393634 1394.9300474699626 21.3608488518612 26.2762 18.41481892678155 0.016625545948005752 21.204728721691605 g
2458378.8782407 2656.4112269501015 24.6144839659917 26.205 17.64426173236124 0.010060168761054245 20.97959815072749 r
2458382.778831 2007.8338553924286 27.8110157445544 25.5222 17.265380567801063 0.015038305939891253 20.164232861821638 i
2458382.8167824 2662.7997575057148 41.6738248447146 26.1938 17.6304537281761 0.016991616251418238 20.396716584025718 r
2458382.8936111 1337.2935622369528 39.0471204529297 26.2474 18.431833115231296 0.03170093678222176 20.521002458768386 g
2458384.8261921 1276.509439916776 86.4086379727106 26.1895 18.424439922990285 0.0734924907825893 19.600682090243726 g
2458384.8266435 1386.3666192410838 82.8185886632282 26.2225 18.36780476763871 0.06485740529506416 19.67975542594747 g
2458388.7725579 2657.836074847731 56.9095809380557 26.1937 17.632379520470096 0.023247006318095398 20.05831152008555 r
2458388.8244329 1368.1537320678144 66.8794105399247 26.3096 18.469262751354098 0.05307223473596986 19.998943897474977 g
2458388.8415625 1361.7176804233848 67.874261358257 26.3037 18.468482309148182 0.05411627286336448 19.977012198129152 g
2458388.8720023 1298.1672835509069 63.1694247254159 26.2739 18.4905733504224 0.052830667737047934 20.025207684517632 g
2458389.831169 2719.3731683584792 38.3457134793719 26.2068 17.62062797970848 0.015309388799215357 20.500082931961323 r
2458389.8316319 2605.0235006334037 42.5894065369002 26.1886 17.64907088614207 0.01775005817255376 20.36792101808718 r
2458389.8949306 1214.1178624209128 43.9205475829368 26.174 18.463347878468177 0.03927504897729864 20.319905623967582 g
2458390.7741319 2020.5418720239884 28.760621928497 25.5319 17.268230362928932 0.015453976806969373 20.13747930633677 i
2458390.853206 1407.5269510242476 48.5551639031755 26.2613 18.390158201548463 0.037453166641900765 20.298286427988852 g
2458397.8299653 1938.1120055748127 24.9123262359795 25.4945 17.276052820538368 0.013955495098633966 20.256039282895962 i
2458423.7587153 1872.954080581371 29.2674961024729 25.4255 17.24418217534806 0.016965563036436825 20.01211106618052 i
2458424.7639699 1840.800121324657 37.9193591905765 25.7501 17.58758341428912 0.02236475747490894 20.05552251548724 r
2458425.6893403 699.8527423426673 31.7327940201383 25.577 18.46448332823506 0.04922791950823757 20.07580420741927 g
2458425.741956 744.2641216513106 42.482556271097 24.8249 17.64558229077244 0.06197169795205968 19.006948385817864 r
2458427.781088 1357.3903486081517 70.6572147490087 25.051 17.21923810769548 0.056514721893859546 18.68068370442368 i
2458428.7009144 1336.061570602346 20.0780309584908 26.2642 18.449633818804056 0.016315653927390334 21.25997219031222 g
2458428.7476852 2660.942405333141 25.2065991374259 26.184 17.62141131354327 0.01028462871975505 20.932789352109022 r
2458431.6867014 2604.895377985179 48.9864338580909 26.1742 17.634724287126268 0.020417162120678418 20.201585427675944 r
2458431.711875 1433.2539426582575 54.4755575294787 26.2262 18.335392137187995 0.04126562017339397 20.138270779852423 g
2458431.7611921 1964.6706916022792 57.3182612638025 25.4887 17.25547558371145 0.03167474148217613 19.345542469903787 i
2458434.6470139 1323.485597803719 40.3195901780394 26.2503 18.44600195084501 0.03307552354853013 20.489084716300443 g
2458434.691713 2674.2717487637974 40.8415667242538 26.1888 17.62078615892287 0.01658084636051652 20.41361900487307 r
2458435.7313426 2096.5532646959164 54.5216857385501 25.5198 17.216035248760782 0.028234052147933078 19.430951801204195 i
2458436.6925463 1385.8140949322615 49.4080956863795 26.2628 18.40853756457072 0.03870820024335534 20.28087970066364 g
2458437.7359144 1467.8021074227129 37.2255326763343 26.2884 18.37173123272499 0.02753488404350465 20.613872686716782 g
2458437.7531597 2549.332583547843 54.6397371887803 26.1748 17.658733757955424 0.023269762073688055 20.08360348473729 r
2458443.636713 2654.7074350315515 65.3367735826434 26.1821 17.622058334622473 0.026720886129522916 19.8967807775951 r
2458443.6371644 2636.1142380631713 55.6540277159461 26.1965 17.644089432951674 0.02292145652063911 20.085333489248065 r
2458443.8004167 1256.343960142222 109.817096077624 26.0872 18.339428609416302 0.09490109794293863 19.238100100755197 g
2458443.8063079 1190.5005021732354 115.094859710847 26.2015 18.51217604266577 0.10496298738216181 19.30143516942224 g
2458456.6658681 2714.735739310399 49.3553156929666 26.1926 17.60828109893091 0.019738593879294344 20.211840153798867 r
2458471.6449306 2509.4605051446274 82.1439702500378 26.1073 17.608349087554657 0.03553899665590717 19.57343576490101 r
2458474.6328241 2793.2757254305307 51.9215237377662 26.1949 17.57961548197671 0.020181036125033525 20.159106416177945 r
2458482.6283333 1337.2934618507538 40.6595122644245 26.239 18.423433196733924 0.03300998152222499 20.468669577392824 g
2458487.6283796 1346.5602393616036 28.5883021721197 26.2314 18.40833553333792 0.023050078831219203 20.843504079531563 g
2458491.6021296 2655.937337119978 40.9144030994362 26.1774 17.616855439284194 0.016725081132082164 20.400284440078554 r
2458491.6486227 1226.805347441596 42.7171052968998 26.2069 18.48496084916903 0.03780384664736067 20.38297045098238 g
2458505.6611227 1018.9072278474683 137.514498633072 26.0696 18.54926339245719 0.14652903334618078 18.976303764755407 g
2458510.6301505 1056.694779676915 51.5717727857287 26.0201 18.4602260952229 0.052987366636357454 19.99164483769249 g
2458514.6025347 2522.422613002135 38.2883659824598 26.1357 17.631155372204034 0.01648006116535771 20.430607907839143 r
2458514.6074421 2563.0315454242555 37.5357438499798 26.1346 17.612715121371835 0.015900138712954214 20.451062422286512 r
2458514.6123495 2522.4550221687637 41.3793428348506 26.1151 17.610541422289636 0.017810249190160415 20.32571601629509 r
2458522.5978588 2686.1765628044445 104.120715641684 26.0914 17.518563611212635 0.04208355568933835 19.300132128067766 r
2458522.6026505 2442.2744487238783 88.4453825418544 26.0826 17.61311383534612 0.03931792017717983 19.46848707747404 r
2458523.5995949 2469.87283905372 82.0726219246939 26.0966 17.61491351433959 0.036077260421949246 19.56367921968622 r
2458523.604456 2418.9589689572244 78.3218772032452 26.1049 17.645828745493183 0.03515316430365918 19.62276726915001 r
2458523.6093171 1967.920356415152 86.0492824796398 25.9165 17.68148120463635 0.04747331653112709 19.332206855854643 r
2458523.6141782 2299.9715840591934 70.5464553472907 26.085 17.68069382404572 0.03330140559187983 19.71638699608804 r
2458646.9477894 862.5342199130455 26.1865879262432 25.7823 18.442859164623393 0.032961913690089224 20.489677703706008 g
2458652.9574884 2396.478661311776 62.1399597133598 26.0168 17.56786608423296 0.0281518693865047 19.785947570767906 r
2458655.9413773 2312.7507234830987 69.8611200338511 26.0534 17.643077936285557 0.032795673675769764 19.69538612892686 r
2458655.9793634 1412.1580139128323 88.7943169941057 26.1724 18.29769176258221 0.06826714079494738 19.5540120616808 g
2458661.9764931 1350.800629347706 40.5074814815673 26.1866 18.360121864239158 0.03255770813919062 20.420336883833638 g
2458667.958588 1322.8737637526147 27.8867383572849 26.1667 18.362903991801407 0.022887015121244882 20.805780684157057 g
2458667.9638426 2512.4285382147427 29.4121169489983 26.1091 17.60886570542155 0.012709907918104573 20.690359278777926 r
2458668.9701273 2051.386887878653 25.713052277305 25.452 17.17188106187117 0.013608676657935923 20.179190907188108 i
2458670.940787 1323.9222870233289 18.657160620675 26.1262 18.32154376705099 0.01530005158490841 21.201661113115144 g
2458670.9635069 2528.229747344667 21.2952229731217 26.1079 17.600858657589708 0.009144826970808644 21.039769509799143 r
2458672.9494097 1966.3519043928998 23.5978460335416 25.4361 17.20194689217565 0.01302929622179007 20.256494081145608 i
2458673.9471065 2609.6169517483795 26.1726091332181 26.1076 17.566158087928734 0.010888801790200334 20.815557440711128 r
2458673.9790278 1319.3758145801207 25.6681832314088 26.1936 18.392678703038996 0.021122068652750965 20.922687162095308 g
2458676.9617014 2521.879153419415 21.8235297986736 26.0736 17.569289320835335 0.009395298053950566 20.97886249931903 r
2458679.9450926 1398.8078123886974 49.078507508126 26.1794 18.315004877016815 0.03809282099345741 20.204746621078403 g
2458682.8977894 2587.0512404279784 51.7914779699507 26.093 17.560987423362548 0.021735173526239587 20.0599292275915 r
2458688.9378472 2634.9590384907106 42.2897673863627 26.0911 17.539165329208025 0.017424938976536523 20.27808674833674 r
2458688.9615394 1466.798241002233 40.8491999374678 26.1417 18.22577404880252 0.030235907797247816 20.366316101746857 g
2458691.8393981 1950.814918532724 18.8130548693707 25.348 17.12245982968233 0.01047015453779612 20.414426683804898 i
2458691.8968519 2580.2624905818843 29.816535336123 26.0182 17.489040277327838 0.012545937683699947 20.584632045946805 r
2458691.9775694 1496.8413244475173 23.3068521954786 26.1476 18.209660588603455 0.016905098099139464 20.98146593410664 g
2458691.9960532 1477.838546268981 44.4588453990582 26.167 18.242932524958775 0.03266186862673162 20.299679539571066 g
2458694.8988657 2712.3957948890006 22.4508847410301 26.0982 17.514817343986646 0.008986492903899329 20.97269133844231 r
2458694.9587384 1580.5123164950094 20.1303043236882 26.1984 18.201405288686317 0.013828093065858303 21.191349137991537 g
2458697.9375926 2720.526739543176 24.7001287757312 26.1121 17.525467502846784 0.009857256472441215 20.882926945439568 r
2458697.9391435 2147.042857905549 25.0172989758577 25.4662 17.1365982159167 0.012650553945897786 20.22317394231347 i
2458697.9609144 1475.5730981895304 20.8682467064743 26.1613 18.238898177958337 0.015354478525677898 21.11516008327756 g
2458700.918044 2648.313866308895 21.3296003691798 26.0931 17.535676363858563 0.008744260797567207 21.023218192670214 r
2458700.9610417 1526.7378119923044 22.2152620598741 26.1952 18.23578884577025 0.015797807474835033 21.081146387375508 g
2458701.9274884 1989.055547467342 20.0687762088085 25.3966 17.14998272089467 0.010954279460745495 20.392872763965915 i
2458703.9204977 2556.756347237335 20.650802892139 26.074 17.55477664306696 0.008769148739660521 21.039232635517045 r
2458705.9214931 2160.929137140077 22.3284198655195 25.4724 17.13579868650966 0.011218306529050748 20.352830013989976 i
2458706.9007755 2698.238075343333 26.7438052355828 26.1254 17.547699333985804 0.010761003489500326 20.809916987151603 r
2458709.9545486 1464.9232192654497 51.9643675617345 26.2014 18.28686284326304 0.03851240332586471 20.164710874100226 g
2458715.919537 2621.019670447489 59.9890196557535 26.1213 17.575124299279107 0.024849137675159786 19.928695577339134 r
2458716.0007292 1304.2685105653138 125.942024373418 26.1766 18.388182477314572 0.1048367377994538 19.17874831464188 g
2458716.8245833 2045.517362899225 38.5728031304454 25.4506 17.173592074355206 0.0204733008471597 19.737471987415574 i
2458717.9774537 2868.569550717123 46.8460874926861 26.1448 17.500636539609438 0.017730369193277692 20.220691676196044 r
2458717.9779051 2857.009852886101 43.8888680905302 26.1449 17.505120654690074 0.01667832683102346 20.291589038208134 r
2458718.9138889 1445.5330526203866 38.3911754877843 26.1841 18.284029933960248 0.028834552867213755 20.476096464529203 g
2458719.9339931 2549.2165387256896 27.1532277742775 26.1146 17.598583181452884 0.011564439092047383 20.782621332410756 r
2458719.934456 2610.533192855737 28.7041068666604 26.099 17.557176950940253 0.011937809835331744 20.706714893498486 r
2458719.9376389 2092.4436335815453 24.504208103229 26.1136 17.811965580593885 0.012714425521770658 20.893073308954776 r
2458722.877037 1994.6281063517836 21.7445584832787 25.4095 17.159845163997023 0.011835823966441209 20.318698504479908 i
2458724.8983449 2557.9196293363952 31.7315507852464 26.0735 17.55378276329085 0.013468345249174103 20.57234674548178 r
2458724.9205903 1444.676750715102 29.2816900634127 26.1327 18.233273290720646 0.022005705349733666 20.718784640500083 g
2458726.9516435 740.4559924276679 21.6914774991844 26.1293 18.95555186957457 0.031805316401926555 21.041152152475224 g
2458726.9520949 793.2148388448912 20.9999797250912 26.1269 18.878422924870268 0.028743383092445993 21.0739278005734 g
2458727.825544 2535.050040888075 23.7471430648856 26.0851 17.575133658610575 0.010170321220370976 20.898646567498535 r
2458727.871169 1936.921035579447 32.5269579667973 25.4146 17.19682021060691 0.018232296317638567 19.886566367998853 i
2458727.8980787 1369.7181536930173 20.5128754927252 26.1365 18.29492197059173 0.016259424511827793 21.109008629183684 g
2458730.8265394 1293.2173181993755 23.0709018783287 26.0807 18.301521220350583 0.0193688081784873 20.92561355886874 g
2458730.8967824 2512.312534594231 25.3771803046352 26.0607 17.560515837091565 0.010966790268867732 20.802166575788394 r
2458732.8731713 1974.0669574257302 23.2165419199694 25.4257 17.187295301978327 0.01276866494710026 20.26378115790134 i
2458733.870162 1393.5612942671314 22.0866198318517 26.161 18.3006848114087 0.01720731140430539 21.053251849402205 g
2458736.8308333 2112.1849843701416 32.9020270492128 25.4563 17.1444701228111 0.016912216984622985 19.915818351491023 i
2458736.897581 2640.4793908515894 35.8836482251654 26.1188 17.56459304466174 0.01475447110590677 20.48413351279548 r
2458736.9596991 1316.8416735445887 21.1152213230244 26.1228 18.323966094940552 0.017408923373984753 21.063885894356922 g
2458739.8354977 2531.978811929705 102.897200410001 26.1052 17.59654983224148 0.04412181095622835 19.32676609217195 r
2458743.8362616 2698.2459830000216 81.8632804211746 26.0885 17.51079615205139 0.03293953335360846 19.558352129949572 r
2458743.8791435 1461.3375068699434 113.334061906848 26.1566 18.244723672273523 0.08420148694863812 19.273273853623177 g
2458743.9788657 1937.955559302337 90.8172081419285 25.3784 17.16004046575062 0.05087848501293178 18.73555462190447 i
2458745.8800694 2819.5447929676056 49.7811146758862 26.1393 17.513852503900157 0.01916882339958293 20.14921344689924 r
2458745.8805208 2703.8642832744927 44.6534788773089 26.1292 17.54923777748447 0.017929998305381892 20.257136739924814 r
2458746.8800347 1302.642829194591 45.3290893575119 26.1447 18.357636617229858 0.03777995872120909 20.256332503281385 g
2458747.838831 2003.8624257564431 25.5458496851884 25.4182 17.163530245167863 0.013840834902994524 20.152474108142755 i
2458748.8600694 2467.0469630001417 37.6742155733807 25.9875 17.507056457875088 0.016579698911883697 20.299964442910852 r
2458748.8605208 2530.8649216452745 33.9620398831853 26.0125 17.504327583913497 0.014569164235444066 20.43759057002072 r
2458748.8609722 2494.1017855691325 34.669011444455 26.038 17.545714566789854 0.015091663837871656 20.44072134336473 r
2458749.7938773 2422.296406757575 25.263945953641 26.0543 17.593731787640824 0.011323579577358122 20.80062203017798 r
2458749.8177315 1361.9673583936926 24.2160664952221 26.135 18.29958325205547 0.01930397467445237 20.927315987946947 g
2458749.8344097 14090.467892758352 110.795296113153 28.6539 18.281586463310852 0.008537009125997317 21.795171682841975 g
2458749.863287 31131.454286610264 126.064057502097 28.7831 17.550101477614497 0.004396445664566784 21.784196786080688 r
2458749.9345023 1249.8141836519858 32.0157069949635 26.0499 18.307786377506385 0.027811696761885 20.539067247449854 g
2458749.9349421 1229.6276081223948 28.1915284076804 26.0523 18.32786598608574 0.024891716963768757 20.679578434544094 g
2458750.7947569 9966.78273280586 113.891874814674 28.5634 18.567012522194535 0.012406451690703285 21.67474313394509 g
2458750.8365972 25647.11470121759 149.521731296306 28.6064 17.583803714764656 0.00632959089392978 21.422214196535595 r
2458751.8368519 1776.9028356991482 29.7562024121755 25.2975 17.173340798907407 0.018181246779420866 19.86613122848367 i
2458754.7908565 1365.8670374073286 32.6555144224371 26.1381 18.299578939284174 0.025957205963282097 20.60578366517693 g
2458757.8206713 2715.55409366203 32.4382686572296 26.1053 17.520653854167946 0.012969076316082892 20.580230823268167 r
2458757.8380324 2059.6560227667346 23.4772798437904 25.4403 17.1558132596208 0.01237550466905804 20.26625554746405 i
2458759.8308218 2741.0114819152027 32.7609512247887 26.1391 17.544322863064814 0.012976437705361447 20.60328373128032 r
2458759.8312847 2791.4219718820605 27.3378747077153 26.1236 17.509036268499194 0.010632835475660768 20.78426311725534 r
2458759.8317361 2685.974783361357 27.0320751828269 26.0975 17.52474517229784 0.010926656574663287 20.770376522540147 r
2458760.7953935 2679.6258060102414 27.5392263694183 26.1092 17.539014621020563 0.011158027364199515 20.76189564937692 r
2458760.8514931 1550.587260505658 33.2320940500132 26.1442 18.167959471196852 0.02326865790083517 20.592880718440462 g
2458761.795162 2100.575911883084 30.0249424008036 25.4469 17.14105404761417 0.015518639331310608 20.00576953182331 i
2458763.8202083 2936.888408769034 40.7900113916254 26.1277 17.45798138699275 0.01507912770388494 20.35389042264833 r
2458763.8206597 2869.308213264163 33.9942884696891 26.1273 17.48285699629819 0.012862891069326738 20.551360100559044 r
2458763.8779977 1525.2172940199573 28.474037665181 26.1382 18.179870697561523 0.02026875961497097 20.754652351203447 g
2458764.8153125 1646.4587513311233 39.9163015661731 26.1497 18.108322862947563 0.026321417755140894 20.399399251547713 g
2458764.8157639 1595.4897452151 32.232500324125 26.1563 18.149064957069797 0.021933594814289827 20.63813999990186 g
2458764.8162153 1631.7538828281022 35.5098673900468 26.1368 18.10516336302119 0.023626763466654 20.513502363029858 g
2458765.7965509 2177.7313822762517 30.4543199540548 25.4346 17.089589226039315 0.015182889608523353 19.978052723820078 i
2458766.7925 1558.7509345383748 80.5386002974115 26.1629 18.180958182837653 0.056096683828962914 19.65046479512696 g
2458766.8783449 1531.5915245187152 68.4686531048008 26.0996 18.13674261401298 0.048535406135288964 19.76344552756476 g
2458766.8787963 1412.3991503772827 62.6374926005527 26.0813 18.20640638089216 0.048148942668405255 19.84178907804302 g
2458766.8792477 1549.4809494385536 68.3381474553727 26.0946 18.119134397391324 0.047883600452901486 19.760516985283388 g
2458770.7718866 2906.6360049824307 111.352108066104 26.0803 17.42182337768205 0.04159274966667176 19.2161288808895 r
2458771.7484028 2165.090631891888 74.5032044867737 25.4215 17.08280979780693 0.037360158470876106 18.993637607255884 i
2458771.8156134 2784.4729126012317 100.093060667872 26.1203 17.508442506444027 0.03902750695663584 19.37186506564441 r
2458771.8252546 2786.6895180343677 100.73705671622 26.0655 17.452778539928104 0.03924736565340295 19.31010184487721 r
2458771.825706 2619.13988990218 107.820686619126 26.1012 17.55580326253741 0.044694412816093265 19.272019756267117 r
2458772.7770139 1316.5773257950389 86.6229520733844 25.9758 18.17718407158868 0.07143259816454894 19.384292538616556 g
2458772.7774653 1339.0909930269265 76.929013682406 25.9796 18.162574777733585 0.062372034902716075 19.51694957835138 g
2458772.7801736 842.1867409965993 99.360161981853 25.5874 18.273879000489753 0.12808955854142734 18.846944262056354 g
2458773.7652083 2322.2571206305124 54.1333173605873 25.8686 17.45382424197494 0.02530837009229727 19.787513384056894 r
2458773.7656597 1894.798626716322 70.3619298547157 25.5735 17.379592346763488 0.040316657488638656 19.207730632713734 r
2458774.7307292 2769.0564346804076 41.4636552064111 26.1203 17.51447048259297 0.016257195011916113 20.328706028050277 r
2458774.7311806 2764.264241370604 43.6802160828129 26.1149 17.510951110657793 0.017155961391591108 20.2667630438479 r
2458775.8502546 2837.729012697665 43.1459021645908 26.1056 17.473172699001488 0.01650739227406525 20.270826103273848 r
2458775.850706 2804.639111766843 42.6965397101642 26.1034 17.483707534639493 0.01652819892899609 20.279993290220084 r
2458776.7080903 2671.3916894764875 33.8220180758864 26.0889 17.522056073556946 0.01374585582849739 20.51847619588785 r
2458776.7979977 2849.9057167847745 49.4362197733067 26.1348 17.4977237687133 0.018833220864735184 20.152261853494895 r
2458776.7984491 2894.602055410185 50.1191893341417 26.1265 17.472527834607128 0.01879857846379051 20.12906489473517 r
2458777.808044 2819.147104008428 57.3105618694648 26.1302 17.504905654776216 0.0220712416649727 19.987188323467855 r
2458777.8320255 2723.672525927133 58.0697322471843 26.1131 17.52521277487557 0.023147536166928568 19.9558004302691 r
2458779.7307755 2641.8603199564604 30.6241226865619 26.0908 17.536025370168396 0.012585302012238184 20.62821584922584 r
2458783.710544 1489.0430490227889 33.320387550109 26.1713 18.239031865957383 0.0242947608444863 20.617099879029638 g
2458783.7956713 2732.2110119812432 43.3393022245023 26.092 17.500714406509758 0.017221759307317064 20.25237020223159 r
2458786.7096528 1568.290963440612 31.1926974019723 26.1422 18.153633399897615 0.021594150804149403 20.65964265870032 g
2458786.7119213 1484.8741003295286 34.2630361401015 26.152 18.222775919486615 0.025052210371945192 20.56751037830797 g
2458786.7523611 1512.9015514534594 38.0370579921917 26.1459 18.196373329399396 0.027296444915697427 20.44795769241659 g
2458786.7528125 1430.6347126252151 31.8449163063349 26.143 18.254178103830316 0.024166913698287426 20.637974709594893 g
2458787.7159259 2855.0765783041775 55.1386266235476 26.1304 17.491355596751184 0.020967566117173257 20.029335127592063 r
2458787.7163773 2819.655515364617 54.1900003100218 26.1389 17.513409868310518 0.02086569902457843 20.056677105417464 r
2458789.7069676 1591.9396770438018 34.1243417840307 26.1607 18.15588348223607 0.023272739796096398 20.580614281332448 g
2458789.7295718 2818.5853274702717 41.1345062214327 26.0995 17.474422032951622 0.015844733515551348 20.3165592681524 r
2458790.7044676 2916.594595737919 35.4862824007091 26.1377 17.475509833151982 0.013209740173951792 20.5151237282822 r
2458790.704919 2922.732823575462 37.7840800622318 26.1356 17.47112720771503 0.014035554462135707 20.44490285712508 r
2458790.7058333 2787.428600829072 34.8913062499134 26.1112 17.498190620319615 0.013590120724263141 20.50698191732313 r
2458792.675162 2743.5687884571425 47.4934025642838 26.0671 17.47131036607741 0.018794348215719396 20.128091777146494 r
2458797.709456 1528.1436235990288 124.332046738748 26.1316 18.17118956596289 0.08833417295315574 19.14771728163484 g
2458797.8169676 2910.846462041447 122.373182567576 26.1185 17.45845175404874 0.04564327457534086 19.151859351886497 r
2458800.6904167 1693.2001807002212 83.3032449147497 26.1662 18.094429234624076 0.0534150267846897 19.61712019209189 g
2458800.7533912 2483.3388944689145 72.6561371349984 25.9413 17.45371002355145 0.03176480192178426 19.540694228490413 r
2458803.6731366 1109.5741150400627 45.946032502784 25.7491 18.136209208393144 0.04495743620197149 19.846054950482483 g
2458803.7322685 2591.488921937871 42.9446721430653 26.0643 17.530426608341788 0.017991599404893692 20.234601760382873 r
2458806.672662 261.00624784717945 40.4053818856088 24.1326 18.09097274149072 0.16807307669849533 18.369076949678444 g
2458806.7317593 2440.2376962510643 36.7811125817755 26.0233 17.554719670687632 0.01636449350462174 20.36181283427173 r
2458811.6261574 1570.362578823745 48.5378539935369 25.5074 17.517400155915677 0.03355756739966083 19.544773561815816 r
2458811.6705556 1373.3820622018743 41.9160446413183 26.1232 18.278721573105987 0.03313589926616502 20.319824253618172 g
2458814.6052199 434.5921195261236 50.2771580619624 24.9679 18.372695382552248 0.12560262382896567 18.9670481865978 g
2458814.6678819 1331.8129545831227 65.4858561148443 25.3111 17.49999191256986 0.05338436883289004 19.023306215309518 r
2458820.6055093 776.2246906530959 68.0827854073637 24.7027 17.47773136764677 0.0952269117522949 18.37268170084942 r
2458820.6472917 936.3471083624188 46.8457912680223 25.7615 18.332907815917547 0.05431797153583558 19.83739854171836 g
2458828.5917245 1191.4281037020135 76.6735772287989 26.0895 18.399330399675627 0.06986951418944132 19.63046067448858 g
2458831.5716551 2904.5708757341454 58.8690404872804 26.2393 17.581595054110984 0.022004667812034615 20.067157596014592 r
2458835.5845602 2549.977463719255 103.599530836724 26.1232 17.606859144430427 0.04410941360453323 19.33738051751634 r
2458838.5911574 2658.6866068497584 48.1110731351463 26.1986 17.63693213047439 0.019646614974571944 20.24556237888886 r
2458852.6070255 1261.804641782662 57.9181934045239 26.143 18.39051969823552 0.04983480048896713 19.988537472152473 g
2458852.65125 2817.2807602366875 50.8242055306247 26.1913 17.566724676513516 0.01958620550830846 20.178698492668453 r
2458855.6907986 2694.0109967086573 89.3188660286666 26.1623 17.58630158964678 0.03599595286203299 19.53751698732566 r
2458860.6440741 2633.940764818645 79.0453547883599 26.1568 17.60528499048349 0.03258218363905814 19.664684106432418 r
2458863.5892824 2755.757561155516 42.2063164434987 26.2035 17.602897480775034 0.01662823987444394 20.392631362272468 r
2458863.6082407 1491.913543150189 38.2077399854512 26.2457 18.311340859083185 0.027804656303752322 20.542896615095664 g
2458873.5912731 2998.484932059757 61.423497562117 26.2013 17.50904532307663 0.02224039567121674 19.98303863340062 r
2458873.6080208 1579.005198509059 45.2782431585366 26.1989 18.202941100438284 0.031132632523084857 20.311751070551026 g
2458886.5981829 2797.5843199097335 101.042886462245 26.1643 17.547342037137867 0.039213210143957 19.40561062894379 r
2458886.6030787 2812.8964029041495 79.9817694391846 26.1407 17.517815655789953 0.030870744827455956 19.63579746962451 r
2458886.6079745 2746.7571089111707 80.5706633223341 26.1373 17.54024935702143 0.031846852743282396 19.624432641361622 r
2458886.6128472 2941.838854949845 84.0460935014135 26.119 17.44745280074352 0.031017621363234164 19.560281159034368 r
2459036.8806481 2698.8440612101886 79.2257721761854 26.1645 17.586555520465335 0.03187120815461799 19.66990878729451 r
2459036.9647801 1546.7121709815854 61.8976654768639 26.3077 18.33417624255285 0.04344848166907664 20.081089315302513 g
2459044.8578241 1326.2528942723707 37.9852761527479 26.1523 18.345734138329433 0.031095588554145594 20.455836768984287 g
2459044.9602662 2883.198494743387 36.5906762273253 26.2418 17.592113643592214 0.01377862025539898 20.585948899914456 r
2459047.9194907 2873.8650284908836 28.5305478939627 26.2399 17.593734081073453 0.010778382262698378 20.854199709593154 r
2459047.9542361 1546.0891108986082 23.0952612167952 26.3245 18.351413696393124 0.016218033570200165 21.16826779251614 g
2459050.9774306 2822.9098016706043 27.2737404212397 26.2502 17.62345749579685 0.010489566460046309 20.91341323223142 r
2459053.9594329 2912.678868072348 23.9578353936181 26.2674 17.606668487634515 0.008930274522184327 21.071356047424587 r
2459056.9396528 1458.9843809724148 22.8057109521636 26.2764 18.366273393456574 0.016970819361521436 21.133865950119578 g
2459056.9614236 2755.3845539371696 26.3891807183384 26.2179 17.61744445119741 0.010398088885618875 20.916910220982693 r
2459060.938669 2874.16728459022 20.7319001109091 26.2375 17.591219895775744 0.007831354866188014 21.19847721995209 r
2459060.9611806 1482.5582640714229 21.5047410481673 26.3077 18.380170574980937 0.01574824944274194 21.228939445874357 g
2459061.8731829 2862.675901693641 39.6621153962781 26.2379 17.595969544784893 0.01504227518744365 20.49453530472688 r
2459061.8736458 2707.8851893523765 36.3793833564502 26.1966 17.61502438272918 0.01458595684388827 20.547036655802028 r
2459064.9083796 2894.8857379358756 74.1353302990441 26.2409 17.586821433350217 0.027803766846791894 19.818411922072958 r
2459064.9097801 3012.906655667698 72.4845315450182 26.2505 17.553035808019068 0.0261197789683883 19.85246164795313 r
2459064.9190741 2850.42866540806 67.3991363505207 26.2332 17.59592455785406 0.025671662379695006 19.914139160307048 r
2459064.9781829 1489.2316180931386 86.1595979053037 26.3281 18.395694379466086 0.06281324832839931 19.74241583040111 g
2459071.9789352 1263.2597636044388 36.0142007833552 26.3241 18.570368341148743 0.030952159577159 20.68549053545218 g
2459071.9793981 1308.474828705019 31.6558854406073 26.3197 18.527786568803393 0.026266301856858576 20.82113882517554 g
2459071.9798727 1575.922710755759 38.6842318776351 26.3432 18.349362714443856 0.02665071723562313 20.626940044571693 g
2459073.8974769 1508.8260841064382 31.3750307944227 26.302 18.35540204149173 0.022576406447584806 20.813114587292493 g
2459073.9091204 1510.2419768864756 34.9634556227692 26.3125 18.364883656920732 0.02513492827679094 20.706039114913803 g
2459073.9095833 1452.9016910390383 28.2793306587051 26.3031 18.39750942689034 0.021132103765533553 20.92700217425012 g
2459073.9105208 1494.3348061813117 28.4370652109419 26.3142 18.37808021950959 0.02066077934597314 20.932063054414765 g
2459073.9584606 2692.756852627694 32.7048345939142 26.1875 17.61200715056842 0.013186351706416773 20.653545096632936 r
2459075.907037 1342.677887810005 24.7222466694918 26.2279 18.407970408249128 0.019990604934178646 20.99775515080543 g
2459075.9075116 1294.2675388761058 22.3811201191392 26.2178 18.437739852738936 0.018774466162112004 21.095670443935166 g
2459075.9079745 1425.1641981276891 25.8974727830586 26.2289 18.34423774048485 0.01972887491666245 20.94833152586061 g
2459076.8976968 2515.9390772963156 24.5283932821724 26.0966 17.594849698522378 0.010584706452857468 20.875002236819704 r
2459076.9104977 2790.4472853805005 26.2568838087313 26.1935 17.579315443426093 0.010215960323096516 20.89796703330805 r
2459076.9109722 2724.8636954016124 27.7224565785789 26.2057 17.617338043390816 0.01104578961441482 20.85119570937096 r
2459076.9128356 2653.905022816028 29.9237578063996 26.1624 17.60268655899639 0.01224166787096818 20.724934661557683 r
2459076.9402662 1441.8022233232464 34.0387087588909 26.2485 18.351235772776263 0.025631688938825073 20.67114229669826 g
2459077.9109144 1338.9788187416534 19.9530832662074 26.2186 18.401665732556566 0.016178794017428826 21.22114995188045 g
2459077.9113889 1330.7092787244574 21.5275762031485 26.2358 18.42559203718983 0.017563933653609053 21.155887151114737 g
2459077.9132523 1365.222250069229 23.8481013191506 26.2347 18.396691605767515 0.018965324950489824 21.043640468816047 g
2459079.846875 1269.0069397813902 24.4841024880847 26.1504 18.39174000721296 0.020947395351433515 20.930764517295835 g
2459079.9025694 2698.9689497194736 25.7740432206992 26.1817 17.603705279385906 0.010367988385943314 20.90631860802307 r
2459079.9030324 2684.5930426595905 22.9460922339778 26.1743 17.602103849140658 0.00927983196803235 21.025103151810455 r
2459079.9049074 2612.9788980994103 26.7633387818325 26.1389 17.59606024383705 0.011120241704428062 20.822624260135342 r
2459079.9181597 2630.4405956782502 27.998886887775 26.1368 17.586728754017415 0.01155638775648503 20.771523074028174 r
2459080.9358796 912.5549285357731 20.920681319224 25.8529 18.452252462543036 0.02489010030851102 20.80403542916407 g
2459080.9363426 1161.6339349648736 22.1685569538906 26.0461 18.383426773392156 0.02071943799194092 20.934331429283013 g
2459080.9772569 1126.147654923226 26.9596409504204 26.0018 18.37281165800503 0.02599133608449142 20.677589729283785 g
2459081.9031019 1360.9789698083255 25.8996510303894 26.1214 18.286771463932816 0.020661047486761657 20.840740207972004 r
2459081.9035764 1336.4753159556642 26.0252677970229 26.1193 18.30439764509922 0.021141904313453933 20.833386971544925 r
2459081.9111806 2443.549393358085 29.3417193699601 26.0947 17.624647194540156 0.013036898213130314 20.67856109141364 r
2459082.8864236 651.9874303665499 21.9418581347127 25.4862 18.45060194232307 0.036537936572587915 20.385591482170543 g
2459082.8868981 548.645665348146 20.8487671719824 25.3993 18.551070119137577 0.041257058878352404 20.354174040673858 g
2459082.8887616 796.328234054235 22.6404339667089 25.6399 18.38716971490206 0.030867572072022943 20.505263121524322 g
2459082.8967361 315.1891798953121 27.1784497735237 24.599 18.35257174946966 0.09361883212144351 19.266013285505487 g
2459082.9637384 2421.7318755328024 41.7195302877154 26.073 17.612684854698447 0.018703513172120816 20.274726463803063 r
2459085.8942824 1309.2140436930995 20.6212142552148 26.2171 18.424573361859313 0.017100681454448954 21.18388940264801 g
2459085.8947569 1284.2550218651427 19.8782075567562 26.2113 18.439671818410357 0.01680489433712837 21.21793193680673 g
2459085.9135417 1366.7799243724608 24.3224203342896 26.2164 18.377153522148603 0.019320485533954986 21.00395801521526 g
2459086.8688079 2818.7758826854356 27.3597668355434 26.2277 17.60254863240535 0.010538084647244152 20.88749400932378 r
2459086.8706713 2644.287036168116 26.0561344335365 26.1855 17.629728510392358 0.010698212700647237 20.898300023526232 r
2459086.8711458 2761.7451413490967 24.5028196362119 26.2192 17.616241003398393 0.009632572854293133 20.998734831106983 r
2459086.8763426 2642.883621535889 26.6365690364974 26.1688 17.61360490113551 0.010942336910816761 20.857679278799868 r
2459086.9602894 1215.27228004058 26.9554405376834 26.1342 18.422516020243748 0.02408145258672867 20.8101589042184 g
2459087.8807523 2393.4950758088416 25.3262673016632 26.0707 17.623118654162255 0.011488107365386444 20.814347023541277 r
2459087.8816782 2506.603491519175 25.8440864231895 26.126 17.6282858993131 0.011194002052814183 20.847672027507972 r
2459087.8821528 2527.859425943686 26.9810466046409 26.117 17.61011770199711 0.011588192760253276 20.791928008899895 r
2459089.8523148 1216.8741145480653 29.1726468824668 26.1226 18.40948586786958 0.026027953377952447 20.71273540124602 g
2459089.8527894 1197.5182723447697 30.5662081795862 26.1276 18.431894627940153 0.02771208839728038 20.667071072490362 g
2459089.8604977 1235.7312715841838 31.2094902984008 26.1426 18.41278990717359 0.027420317342568286 20.659458299185147 g
2459089.8756366 1280.342657094043 25.73440353862 26.1447 18.376384462267335 0.021822159690667493 20.870989722148334 g
2459090.8539815 1404.5347121196953 42.8316211905768 26.2257 18.356868807592907 0.033108680565415806 20.398863706927767 g
2459090.8544444 1347.4450718017526 43.4241818080984 26.2087 18.38492232416496 0.03498890988262036 20.366945878447638 g
2459090.8610185 1320.0767626617007 41.7071525433921 26.2451 18.44360203442651 0.0343021381764639 20.447148638071237 g
2459091.8598148 1457.7633044219165 59.5851070493521 26.3231 18.41388246564252 0.04437726654749026 20.137830679344958 g
2459091.8602778 1494.8478966467428 53.1057341856532 26.3535 18.417007488261294 0.038570409561200295 20.293221445837922 g
2459091.8607523 1486.9426631353335 50.890232811642 26.3506 18.41986444413564 0.037157805161832945 20.336588894960595 g
2459092.8619907 3196.881344679564 249.684848457745 26.9352 18.1733837067146 0.08479602798575106 19.19429451665005 g
2459098.8359838 2869.8928648390165 53.8383192770679 26.2049 17.560235788720497 0.020367402544969722 20.129746255069275 r
2459104.8943171 1453.3172305250253 36.1723358312941 25.5202 17.614298943558083 0.027022527626572278 19.876833603495378 r
2459107.8115625 1809.5483681901303 24.2841424847704 25.7697 17.625774509895493 0.014570096030141047 20.5589680581907 r
2459107.8459606 966.6006368851752 20.5225764902956 25.782 18.318882307609993 0.02305125865353717 20.753995281628253 g
2459107.8856944 859.5976420398923 17.2820833636686 25.7162 18.380461961227624 0.021827837804915987 20.874784749878252 g
2459107.8861574 834.6727445665296 18.0058142453322 25.6993 18.39550941933668 0.023421050529581513 20.813343075438908 g
2459110.8303472 1052.5342429999205 22.0757399610004 25.9056 18.350009414968284 0.022771354979716274 20.798386814924008 g
2459110.8611921 2273.4947309487093 33.1824406787151 26.0091 17.61736511994645 0.015846166412643317 20.45940417249826 r
2459113.7945023 2661.9756194134334 27.5840160869392 26.1511 17.588089816182944 0.01125027819457976 20.80203124559919 r
2459113.8057176 2645.385414243532 28.5887014864163 26.143 17.586777613339162 0.011733168647819868 20.75508891434412 r
2459113.8596065 1373.2811218816787 22.3397958498777 26.1867 18.342301375071393 0.01766158142549779 21.066576989063783 g
2459115.8530556 2768.6578683059142 30.5630273115906 26.2174 17.611726770158512 0.011984969010453242 20.756984065349535 r
2459116.7934838 1389.8719730507974 24.7779639888906 26.2378 18.380363006484068 0.0193553334582964 21.005210945593088 g
2459116.8140856 2799.231070347242 35.8316608570184 26.1831 17.565503125007616 0.013897543009066081 20.550007641901157 r
2459117.7834028 1445.2718728958885 32.0190442800614 26.2973 18.397426123112346 0.024052966799393914 20.7863540772981 g
2459117.7843287 1462.2112332691815 28.8619114328205 26.2847 18.372174710003854 0.02143013029147248 20.88646226502115 g
2459117.7848032 1498.2255904059011 26.2845278418944 26.2754 18.3364569731132 0.019047273027964662 20.978724539055335 g
2459118.7794329 2891.002959364813 36.8063340618085 26.2434 17.590778659412813 0.013822413000810389 20.58116858029009 r
2459120.8024884 1520.582096747304 62.4754549202412 26.32 18.36497531794821 0.044607654892163354 20.083301421256124 g
2459120.8147454 1363.2416794165974 59.9470125649176 26.2926 18.45616786090367 0.04774243079890581 20.10075612644848 g
2459120.8152083 1460.3093585276638 61.2153897740427 26.2974 18.38628782891297 0.045511965180232136 20.082823441405466 g
2459121.838669 1465.0695144961212 70.4068724669032 26.2409 18.326254421131598 0.052175504766821215 19.874437356617875 g
2459121.8391319 1439.0734717340156 71.7608218806865 26.2259 18.33069258160375 0.05413950423391698 19.83875647900148 g
2459121.8503819 1300.123508618751 84.7375988023713 26.2637 18.47873847199499 0.07076220867467796 19.696084605918436 g
2459128.7525926 2639.8973805637343 45.5548029636101 26.1507 17.59673238729617 0.018735140972422893 20.256939557806852 r
2459128.7932292 1350.4617562035512 49.4357585563456 26.1648 18.33859427527581 0.03974374158918021 20.182271982956475 g
2459128.8064583 1353.5396314149416 46.9442107069633 26.1992 18.370522559093054 0.03765484835584064 20.27281988546327 g
2459128.8069213 1308.9692852669218 45.7274074893894 26.2036 18.411276359932486 0.03792773968802968 20.305733539664548 g
2459130.749456 1500.4026957175342 30.3230330869543 26.316 18.37548041059981 0.021941920736660774 20.86414338964864 g
2459130.7551157 2879.5957243022253 29.8938469532828 26.2448 17.596471199897827 0.011270939654226538 20.808420472297886 r
2459134.7527315 1470.3132532492375 33.0713556123697 26.2906 18.37207532016305 0.024420354444199054 20.74454499606187 g
2459134.796875 2900.5155837257826 34.7737920668801 26.2164 17.56021199209333 0.013016274161339247 20.61584485693539 r
2459136.7334838 1449.8161616282812 23.4007887177777 26.3009 18.39761765829547 0.017523764035267505 21.13039875054848 g
2459136.7982176 2735.176838664708 29.6666478261117 26.2358 17.643336474447473 0.011775867318521786 20.807703798870843 r
2459138.7304282 1270.1989245154393 27.513719483766 26.1628 18.403120648290912 0.023517296910734124 20.816501726373374 g
2459138.7756713 2588.7655144431033 34.1992865874159 26.1528 17.62006821342166 0.014342807504504675 20.570332372731617 r
2459140.7310995 2719.7525729511544 24.6745247005231 26.1926 17.60627650929842 0.009849841391376837 20.96455299988157 r
2459140.7751273 1382.7439077447884 22.8662934016906 26.2709 18.41904561580031 0.017954108933089283 21.125485559896585 g
2459144.8186574 1292.5820954208946 18.3904113929205 26.2217 18.44305466032193 0.015446964428818153 21.312796377908576 g
2459146.7320023 1101.0806951265909 79.067548768402 25.1701 17.565552129082945 0.07796307580161929 18.677679301356104 r
2459152.7119097 2857.5071546834465 84.2292869739091 26.2636 17.62363168384032 0.032002627436187 19.702517178473713 r
2459152.7683681 1562.4733689708987 101.465105708679 26.3556 18.371068440251797 0.07050402743214022 19.59238320875125 g
2459154.7125231 2612.1385012696483 82.540531619227 26.1508 17.60830949886907 0.03430685437829469 19.611706834877175 r
2459154.8062963 1580.0812901511297 101.466776034218 26.3211 18.32440142350648 0.06971950077949078 19.557865335434393 g
2459156.6937384 1745.7225054663936 42.8843872334262 25.7205 17.615561973057346 0.02667066448048787 19.892326966886007 r
2459156.7190046 1488.4767041630587 67.4121942530837 26.3572 18.42534489503996 0.0491706851009979 20.03792883024723 g
2459158.6940625 1494.1003303586795 53.9811372649984 26.3292 18.393250595561714 0.03922582676528776 20.251169914270506 g
2459158.7265741 2879.2631217313383 45.8977482275191 26.2638 17.61559661316565 0.017306923036840536 20.36189654091329 r
2459164.7537847 1591.7354529462157 68.6754460776157 26.3442 18.33952277628329 0.04684254011460205 20.00477126656523 g
2459164.7776505 2797.401131841861 56.8329274292783 26.2439 17.62701313434423 0.022057440603572183 20.1099749220009 r
2459167.7468287 2935.9577854164004 49.2563635271963 26.2708 17.60142548300412 0.01821471485288826 20.292219124602845 r
2459169.6899421 2930.3567399737785 35.8233952802049 26.2892 17.621898764156413 0.013272602521448119 20.65635812627793 r
2459169.7314236 1509.0160334615641 34.9255775792285 26.3403 18.393565364432977 0.02512809588297473 20.735015996761497 g
2459171.6937731 3011.1449762674124 31.0189500642786 26.2868 17.589970835498065 0.011184208781117312 20.8103072550636 r
2459171.7404745 1543.1734678011971 27.6598697201572 26.3096 18.338563130606175 0.019460106839423317 20.957549663605075 g
2459173.6975116 802.6405592030496 26.0974102097558 25.6248 18.363497245466906 0.03530093008614586 20.3358814590726 g
2459173.7164236 2940.0665703785576 31.3800828463646 26.2733 17.602407089938353 0.011587953922387323 20.784239774583366 r
2459173.7522222 2272.4462322930735 29.844866477819 25.5835 17.192265959258027 0.014258894698807197 20.14890088852715 i
2459175.7110995 297.81948833276425 73.1511454455437 24.7525 18.56761721711057 0.2666722686780249 18.34452216174948 g
2459180.6491204 1494.734061327899 146.310265644709 26.2995 18.36309017214743 0.10627245308730136 19.13888799208931 g
2459180.7342014 2830.231728563826 168.994853606716 26.2248 17.595245011616385 0.06482780569134372 18.90769129100205 r
2459182.6575 2893.4098090215543 75.9008975099937 26.2781 17.624575126394966 0.028480446900284315 19.830057710773914 r
2459182.6713542 1635.7032617637744 88.3499341495293 26.3398 18.305538700725585 0.05864237465829349 19.72685941379201 g
2459182.7726505 2210.537323636716 62.0962109772292 25.5968 17.235555369716323 0.030498402147340235 19.3667122367815 i
2459184.6225463 2879.5421413763916 53.5720881076389 26.2781 17.62979140324211 0.020198772305746543 20.208328553088194 r
2459184.6638079 1491.0073571704838 70.4438054215494 26.3427 18.409000533938507 0.05129474323407464 19.975667967140616 g
2459187.6253241 1525.7567169106633 34.1919068037597 26.3587 18.399986773630268 0.024330322655899208 20.77646668647678 g
2459187.6486921 3002.642902473175 49.6252396711158 26.2667 17.572940785975256 0.017943566538183027 20.280018446024634 r
2459187.7570139 2253.2170208239654 61.2675566031808 25.5952 17.213192441898563 0.02952142895660746 19.379698587453422 i
2459189.6321528 1489.921315903147 35.7318840744533 26.3538 18.420891666169634 0.026037688115172774 20.723735198334374 g
2459189.6921181 2868.2600208572885 42.3894871789413 26.2599 17.61585370110828 0.01604536056546961 20.444329582718353 r
2459192.6697801 786.4156689865838 65.99358506792 25.5408 18.301669604907577 0.09110860596225362 19.24462068458579 g
2459192.7423032 1608.214825803482 60.0023187273451 25.3017 17.28583984632374 0.040507347897213705 19.108854905241124 i
2459194.6441088 2873.143314651593 34.5749807217328 26.2741 17.628206776292295 0.013065152851290085 20.67977012258962 r
2459194.707419 1464.361126674533 40.4295568877074 26.2853 18.37117952133987 0.029975099115520182 20.521127535546157 g
2459197.6277546 159.15932038135892 44.310842131898 23.8038 18.29921980995473 0.3022649329447389 17.940099979361847 g
2459199.6064699 2723.6209274350435 41.9207834227063 26.208 17.62013334375127 0.01671062008063444 20.40450151360895 r
2459199.6707639 1559.2845587107313 54.8502539320035 26.3383 18.35598655455403 0.03819118220680316 20.24292838290124 g
2459200.6079167 2675.314918878532 37.9907175369607 26.1969 17.6284627215076 0.015417445527186165 20.50028124860036 r
2459200.6322801 1674.9544415248488 34.1890759176672 25.3727 17.312692503005813 0.022161247376984612 19.790556582684808 i
2459200.6859954 898.3580648423599 43.1535470996788 25.7814 18.397776322611783 0.05215270827934588 19.946433740914635 g
2459202.6071875 2974.0157320433523 36.5062351655045 26.271 17.587641846157936 0.01332703761185433 20.617657371394905 r
2459202.6711574 1429.5644650286463 46.3953863976402 26.3007 18.41269063928376 0.03523553658764777 20.387087999069426 g
2459203.6060648 2876.8967413344576 55.2205672075004 26.2553 17.6079893142292 0.020839458349615224 20.152622831019443 r
2459203.6278009 2239.510071030931 44.6300719904855 25.6043 17.228917450503772 0.021636370287794464 19.7328060207117 i
2459203.6477431 1454.346018245458 51.8430886386053 26.3221 18.41543063442038 0.03870195993855575 20.287947820528657 g
2459211.6035069 1500.5430666838547 90.8187250026424 26.3182 18.377578838727203 0.06571080292502063 19.6753364877108 g
2459211.6290856 2788.5058373492934 69.6544164880938 26.2526 17.639171105090874 0.027119828464483388 19.89780334319685 r
2459211.6711111 2198.141427167512 51.3696722064823 25.5923 17.237160921884936 0.025372367958345958 19.568108002986648 i
2459216.6009838 2119.5729454715433 45.3025025402822 25.9262 17.610579081296102 0.02320511172454231 20.038469505683288 r
2459216.6336921 1164.0263481357895 37.8680569500252 26.1098 18.444892972925647 0.03531994743631549 20.416692435199405 g
2459218.63 2669.211370203203 39.3866142080462 26.2088 17.64284258456629 0.016020479877702734 20.473003366279134 r
2459219.6519792 2188.7504666669315 35.3940804679899 25.5654 17.214909370779694 0.01755675384166314 19.945648404367773 i
2459220.6080903 2784.875599343595 43.0964122628181 26.233 17.620985500081368 0.016801387754903713 20.399472196549045 r
2459222.6375 56.17225615989567 53.1712846959784 23.5627 19.18889533081547 1.0276970828819736 17.50108210508346 g
2459224.604456 2901.4103404292237 42.8128336032536 26.2527 17.596177113720948 0.016020447985367035 20.426340056835844 r
2459224.6283565 2155.2375311989695 55.5674456433758 25.5918 17.258062146931934 0.027992077375087035 19.482323905802037 i
2459224.6494329 1283.2023221341356 62.6441074224377 26.2555 18.484762157856434 0.053002325709188614 20.015874425107334 g
2459227.6099769 1054.5415149611174 48.0396282478387 26.0361 18.478440795942983 0.04945905272454027 20.084675894213348 g
2459227.650625 2066.638727340334 64.8685043873186 25.8334 17.545238591251838 0.03407839710037224 19.555890276854136 r
2459230.6096528 2729.3657248014833 54.8031769160927 26.24 17.649845666485536 0.02179986677385622 20.1455606514738 r
2459230.6484722 1282.6971686896975 55.553924206768 26.1857 18.41538965970725 0.047021929246870466 20.076488134246265 g
2459251.5966319 2702.503967352596 114.851506197307 26.2081 17.628684149543872 0.04614027649349509 19.31033325156678 r
2459251.5989931 2804.3116394360213 86.6454906169031 26.196 17.576434313633214 0.0335451338003541 19.604210076184753 r
2459251.6013426 2688.7746933771273 68.4905606220836 26.2039 17.630013970197226 0.02765579497997991 19.867398186422445 r
2459251.6037037 2554.4051193067885 65.0597110014684 26.1794 17.66117556023544 0.027652359330325484 19.898694664679873 r
2459251.6060532 2753.4359549369683 68.3448683781804 26.1959 17.596212551943445 0.02694888307285473 19.861710210506974 r
2459252.5972222 2815.2103713084357 87.1975798927485 26.208 17.584222865544294 0.033628184044220015 19.60931391025199 r
2459252.5995949 2604.7660424572273 67.5354008818726 26.1782 17.638778196297693 0.028149624013172052 19.856946283843538 r
2459252.6019792 2586.6219939819625 66.3411415043544 26.1788 17.646967584879192 0.027845807195196935 19.876917639230495 r
2459252.6043519 2584.7985753470734 59.5724743011508 26.169 17.63793323589668 0.025022388965095593 19.98396089268067 r
2459252.6067245 2701.925469538337 59.0503743345158 26.1697 17.5905165870402 0.02372789040178007 19.99421835152154 r
2459253.5997685 2454.191676356385 73.0984410526412 26.0142 17.539428802949736 0.03233772578378181 19.60700470167142 r
2459253.6021412 2389.723882821483 67.1992327230121 26.0235 17.577630690197115 0.03052997356382213 19.707664203328378 r
2459253.6045255 2465.0378373225317 70.3699213965062 26.094 17.614441025232324 0.03099369206566477 19.72810732436263 r
2459253.6068866 2546.0287853656096 62.0412114199854 26.0995 17.584841726318267 0.026456159343463796 19.870374315956322 r
2459253.6092593 2494.6482793257987 58.5458977915554 26.0945 17.60197669235159 0.02547985692374648 19.92833381360677 r
2459254.6018866 2777.175453109347 57.6489857033218 26.199 17.58999170509844 0.02253710823636324 20.04959581274255 r
2459254.6043287 2791.177957827231 59.7530852564948 26.1871 17.572631183018345 0.023242489602302883 19.998774153382392 r
2459254.6067477 2635.6163657018933 51.5565634569144 26.1686 17.61639451097642 0.02123790156776676 20.140465085641118 r
2459254.6091898 2706.1725703776506 51.6200809284761 26.176 17.595111280642115 0.020709662967364085 20.14652828645304 r
2459254.6116204 2618.542179317065 53.0104300527694 26.1464 17.601251065293084 0.021979185350874165 20.088071670407363 r
2459255.6004977 2765.183126943399 85.047934746268 26.1829 17.57859025458045 0.03339255973838192 19.61131555934403 r
2459255.6029282 2703.8903027652527 67.8688171889216 26.1633 17.58332732941302 0.027251540029806235 19.836699288120315 r
2459255.6053704 2715.2626070093797 56.7157882986555 26.1578 17.573270402978093 0.022677854877422382 20.026115057248816 r
2459255.6078009 2671.4371966682766 58.4510902409388 26.1492 17.582337578184273 0.02375513403561678 19.98479344886664 r
2459255.6102315 2698.923204116101 59.2837938760768 26.1433 17.565323681998027 0.023848183198801307 19.96353501764258 r
2459256.5995949 2698.1266616005255 113.232779406309 26.1692 17.591544166364706 0.04556377220945725 19.28684457011842 r
2459256.6019907 2652.2675168754977 91.9851487061868 26.1268 17.567756684035963 0.0376539226585849 19.470080702198167 r
2459256.6043981 2628.3063657305506 72.4736907923193 26.134 17.584810032720394 0.02993741031074598 19.73612404229716 r
2459256.606794 2542.5881886580414 66.0172450293854 26.1341 17.62090993703238 0.028189749031373112 19.837531497168023 r
2459256.6091898 2629.3502746542586 64.6835319514279 26.1168 17.56717888637313 0.026708845647771148 19.842390674388195 r
2459257.6001852 2422.006802546853 89.0347961653453 26.0492 17.588761603535254 0.03991115057772239 19.42787556723144 r
2459257.6025463 2442.4485421205527 76.1217780198565 26.0416 17.572036443238435 0.03383711589862394 19.590402679665516 r
2459257.6049074 2036.1571761876708 76.6393451731705 25.8237 17.551671751844687 0.04086488903096451 19.365145525761314 r
2459257.6072685 1554.3938036600634 80.8679227620522 25.4779 17.498997359124147 0.05648395119436609 18.961034270111146 r
2459257.6096412 1150.6367997260966 80.5532794494158 25.2605 17.60815435114913 0.07600721228371053 18.747866924360846 r
2459379.9523148 2132.9281094350636 32.35200860833 25.5341 17.211659455612022 0.016467772913062284 20.011921865486347 i
2459382.9367245 932.66750403586 23.6540226367732 25.795 18.370682886611593 0.02753518511754351 20.61281246892829 g
2459385.9348727 1145.0356976248456 30.9174111523509 26.0557 18.408652433878313 0.02931527231660609 20.582767185594637 g
2459390.9505324 1480.0728579365034 83.7341153140518 26.2352 18.30949226384204 0.061422739096243996 19.68051889871644 g
2459392.9297569 2533.280133521391 111.356033986178 26.1466 17.637391956716286 0.04772438882656741 19.282390601969627 r
2459392.9517245 1285.2158358452268 97.5538920960086 26.2031 18.430659829770974 0.08240970714384456 19.48256348648148 g
2459399.9234954 1212.5844881143107 42.8360775341971 26.0495 18.34021997935342 0.03835372284136753 20.222550749215912 g
2459402.9375347 2534.2765812241237 32.9616285484941 26.1807 17.67106497408073 0.01412096863469189 20.638253336864853 r
2459402.9602083 1339.0468112693313 28.3479573129657 26.2544 18.437410600934122 0.02298454168716616 20.875670563862652 g
2459403.9540509 2010.6785141830337 22.8318842701352 25.4706 17.21224340714508 0.01232846353966125 20.326820603080698 i
2459405.9361921 2516.0718362563116 26.3403877522325 26.127 17.62519240881777 0.01136603437569164 20.82801957954548 r
2459405.9621528 1205.7125678515874 35.9796857945861 26.1519 18.44879053039442 0.032398389059498024 20.51433157317262 g
2459408.9091667 1506.5392559043605 20.7112482532177 25.1857 17.24074886857177 0.014925732695242791 20.14775930335222 i
2459408.9451852 1270.777923012224 31.7329345597751 25.3521 17.591925846740907 0.027111304365346946 19.85089939887219 r
2459411.9171296 1022.49219446509 23.9020550473198 25.9021 18.377949996599057 0.025379617864418925 20.708586883511103 g
2459411.9429977 2245.0988379832097 25.1401491713471 26.0038 17.625711337268747 0.012157442466920772 20.7554553634521 r
2459414.9234144 1302.962877682606 24.7427610143156 26.2078 18.420469893656488 0.020617023012213683 20.97675458819715 g
2459414.9596528 2643.13084545844 24.0137470817168 26.1797 17.62440334259258 0.009863955562933133 20.981125158577754 r
2459416.9195486 1677.2926471514475 34.0668110596639 25.574 17.512477892150763 0.022051212607585885 19.99574628453363 r
2459417.9155671 1710.7949212307778 81.9437233862815 26.0253 17.942305119215415 0.05200290191210166 19.494085754951854 i
2459418.9021065 1954.5553923807538 80.9943486844318 25.8635 17.635880042723215 0.044990059994962514 19.344938195691395 r
2459418.9591088 995.2693809087374 71.4985938069707 25.7798 18.284948391582056 0.07799498787489186 19.39663123807958 g
2459425.8477431 1901.9903379483983 42.1797880444349 25.438 17.239979233988564 0.024077196905868507 19.627814006516836 i
2459425.9208218 1244.2766964544653 54.9588046619905 26.1661 18.428807581305172 0.047954586300255994 20.068581793220943 g
2459425.921794 1291.444480380763 52.0250753750215 26.1997 18.422010648876782 0.0437367809400583 20.161743193912244 g
2459425.9671875 352.59740502277214 98.035187792155 24.1958 17.827602220650714 0.30186496516918093 17.469920026431936 r
2459425.9695023 795.2442529791151 98.8897714342586 24.7773 17.5260486518529 0.13500836308337863 18.04199655641041 r
2459426.9398843 2638.67134425341 40.596456712385 26.165 17.6115367482712 0.016703699438971705 20.396354664909833 r
2459428.9544676 1408.8565762475632 30.7549993116446 26.2877 18.415533041205787 0.02370056918184492 20.820485685061378 g
2459428.9554167 1474.2686008519804 29.7922173385749 26.2863 18.36485846005156 0.021939971010573208 20.85361792027382 g
2459428.9627778 2753.087314182823 30.6899739293604 26.2032 17.603650036839532 0.012102814365332518 20.73828369039546 r
2459428.9657407 2727.377132019494 26.2345620338438 26.2093 17.619937013020333 0.010443317011701276 20.914690443216905 r
2459429.8372569 2016.805619231858 22.4604633370876 25.5066 17.244939893242268 0.012091063616911016 20.380628211454006 i
2459429.8974653 2729.771713616652 33.0065839066347 26.2065 17.616184176960445 0.0131275622678189 20.662573543319738 r
2459429.9338426 1442.975525573369 28.7754110583246 26.2876 18.38945258737121 0.02165072326754064 20.89262114849339 g
2459430.8808449 2676.369416131251 22.7303363755941 26.1874 17.61853485402206 0.00922082207868582 21.04846033242744 r
2459430.9302778 1441.4023506890064 28.5025519622652 26.3011 18.404136935033694 0.02146882905431587 20.916465623918274 g
2459434.8727199 2717.3542733629556 23.8380168178054 26.1889 17.603534342548805 0.009524313819802921 20.998299684571425 r
2459434.9215741 1367.2106624655748 21.4657899973492 26.2599 18.420311408354515 0.01704595263914484 21.18310779844718 g
2459435.9474537 2060.862432522333 21.2627441604816 25.5033 17.218177493611705 0.01120160228588412 20.43682670500803 i
2459436.8780903 2500.7253444732414 20.8627577682805 26.1103 17.615135010907462 0.009057650476923262 21.06444570012441 r
2459436.9215972 1210.956542729939 18.8885419647281 26.1664 18.458578604964895 0.016934786086439044 21.22847890074921 g
2459439.8953241 2399.8928348236554 31.6427529587609 26.0649 17.61442037726667 0.014315029566664417 20.56678933758984 r
2459439.9048843 1840.294645903109 26.9208347509765 25.4146 17.252381593501525 0.015882212315404428 20.091953683664 i
2459439.9203241 1116.457029921208 25.7843748058876 26.0346 18.414994968376178 0.02507404671788202 20.758783475345574 g
2459442.8315972 1193.4907589641484 24.0140300311822 26.1126 18.420552348317585 0.021845190010086793 20.914012365627627 g
2459443.9223958 1753.5654857382497 23.7558639681218 25.3637 17.253895027601736 0.014708171277294239 20.176847914820335 i
2459444.9259259 1138.4411665414705 26.0340279672878 26.0669 18.42612352089308 0.024827935772871353 20.780621571515344 g
2459446.8812384 2678.709869575079 53.7884524721729 26.1661 17.596285805440054 0.021800839095090858 20.0919523653239 r
2459447.7553935 1761.7030919036065 74.209853963717 25.3712 17.256368208614106 0.04573394848353709 18.947621046786978 i
2459448.8009375 2636.9518870542142 100.034790145852 26.101 17.548244485316836 0.041186861313074315 19.353197325641787 r
2459448.801875 2608.6498361990907 116.849890630429 26.1625 17.621460532809664 0.04863202584609926 19.246004213570053 r
2459449.7558912 938.102689090729 152.316765884824 26.046 18.615374047803797 0.17628167432441885 18.84170571456063 g
2459449.846794 2545.0303422182747 110.997683819016 26.1863 17.672067588937495 0.047351178224958906 19.325590197939153 r
2459453.8365625 2792.9003288626805 42.4781656128209 26.2506 17.635461407075205 0.016512778465180664 20.432760604653854 r
2459453.8480787 2839.293595299842 42.73692064042 26.2711 17.638074243037217 0.016341908007017503 20.446666923242894 r
2459453.895544 1407.2980340683275 48.9227984997488 26.3377 18.46673479755624 0.03774288107091778 20.36649675979488 g
2459453.9018519 2214.561890509122 26.4432809180945 25.5797 17.21648044488179 0.01296395021327445 20.27648664236186 i
2459454.8787037 1384.6031378488847 40.1727837372396 26.2941 18.440786721265248 0.03150042789248773 20.53684517210148 g
2459454.9212731 2730.610615624915 33.0503390239052 26.2298 17.639150564317646 0.01314092638215351 20.684435192279324 r
2459455.8587269 1274.7766366835158 33.2394177688284 26.2559 18.492314761513978 0.028309301279245556 20.70434146927986 g
2459455.8596644 1400.0920970172017 41.191350757694 26.2454 18.380008489535033 0.03194179126709186 20.460959904935674 g
2459458.8146759 2020.2886091886821 27.4749484891194 25.5217 17.258166461996314 0.014764995178889831 20.176932771990938 i
2459458.857338 2705.2739409811415 26.4894338681482 26.1901 17.609571877195137 0.010630930167544532 20.88499329750961 r
2459459.8518287 1441.7737002738602 36.1125776804582 26.3131 18.41585725201469 0.027193883187233998 20.67152876653897 g
2459459.8527662 1471.4680791114358 33.9605816594245 26.3243 18.404922886775566 0.02505729076359046 20.749437189138064 g
2459459.8939352 2878.91533555023 24.1072654147617 26.2698 17.621727767158745 0.009091360811346833 21.06700511570852 r
2459459.8948727 2913.897298287506 27.0114406028403 26.2619 17.600714398035723 0.01006429467494917 20.935605621510646 r
2459460.8505093 2863.3421311198163 28.5151323785963 26.2509 17.608716891227814 0.010812148114250806 20.86578650892575 r
2459460.8958218 1425.6229604229304 28.6380951861189 26.3306 18.445588296762878 0.021809679562361507 20.940814668554047 g
2459461.8372454 2186.8909618551506 28.1995856195183 25.5744 17.224832175745135 0.013999916155462578 20.201368172659322 i
2459461.8735532 2816.8919167002127 25.0736185670474 26.2519 17.62747454110959 0.009663994389295735 21.00643245200112 r
2459461.8745023 2809.555847587574 27.7242592139276 26.251 17.629405826738996 0.010713518385621972 20.896425112350567 r
2459461.9137963 1483.44362143159 27.8420890359351 26.3449 18.416722386203084 0.0203770171172014 20.985720444254213 g
2459461.9147338 1430.8389497459257 24.4536182734895 26.3164 18.427423115413262 0.01855505356786794 21.09811716793937 g
2459462.8382176 1378.9590395852338 25.5166749208369 26.311 18.462121584644322 0.02009012100162549 21.046514787157864 g
2459462.8822454 2870.261676546601 21.8595260908954 26.2519 17.607096269053795 0.008268544875476206 21.155373133362254 r
2459463.8741319 1388.074554270053 21.588144214316 26.3111 18.455068017630616 0.016885438971113737 21.22813671265769 g
2459463.887419 2725.6501458518073 26.3883733573759 26.2434 17.65472472330474 0.010511201152394964 20.942443438930844 r
2459464.8579745 2093.600671501937 24.7994398029832 25.5543 17.252065377681117 0.012860500171115823 20.320770312620724 i
2459465.8147801 1273.4510012031535 26.8478564300548 26.1978 18.435344402009026 0.022889547928087426 20.87810094728904 g
2459465.8556134 2587.9183234483544 29.2932352468237 26.1837 17.65132358607812 0.012289284873990414 20.769356640849523 r
2459467.8362384 2003.345179244081 18.5365829968751 25.5228 17.268410536744312 0.010045781609787833 20.60530078901458 i
2459467.8793403 2560.8992232327755 24.0536116282968 26.1777 17.65671877899005 0.010197592278494783 20.97732425282411 r
2459470.8398495 2092.754296223128 21.1990748060766 25.5606 17.258804394583706 0.010997868005094962 20.497382720727643 i
2459470.9160532 2678.8434574440153 29.3365490409074 26.1997 17.629831660879283 0.01188971726033708 20.783752426761787 r
2459472.8746296 2905.0891274172545 29.4117841814665 26.2616 17.603701347554416 0.010991874150934363 20.842871562824037 r
2459472.9138889 1404.8440613078683 29.0352376782795 26.2879 18.41882970020159 0.022439186252430434 20.88316152551981 g
2459473.903125 2179.624583857882 31.1912101703177 25.5929 17.246945755895766 0.015536756711550278 20.110394426578143 i
2459474.7762847 2771.8568276514766 50.0633603458276 26.2302 17.62327301430528 0.01960916227174605 20.233974996900788 r
2459474.8630208 1364.9016982960243 49.6063988270931 26.2926 18.454846564643997 0.039459008127700465 20.30633073764934 g
2459476.8494329 2864.072557424754 69.5393467857334 26.2656 17.623139959896104 0.026360669044347106 19.91259847205098 r
2459476.8590162 2190.9686199024472 49.8364452359612 25.5903 17.23870960641864 0.02469566569834862 19.599007346317496 i
2459480.8394097 1475.6818946776964 90.4234153734344 26.2874 18.36491812775157 0.06652700858160195 19.6492727224103 g
2459484.8020023 2072.0670779058883 25.7229888495674 25.5297 17.238690473797647 0.013478062217078366 20.256471415479396 i
2459485.7767708 869.690662850122 36.680678962901 25.7588 18.410387981403083 0.04579123917406564 20.100281574397258 g
2459485.8702662 737.0422839003182 57.9544000540087 24.6627 17.49396899019697 0.08536971828219703 18.50755895326712 r
2459487.7949074 2041.6728542016315 27.7938226277381 25.5304 17.255434613748687 0.014779915971765749 20.173104285048158 i
2459488.7896875 1485.3402682909737 36.8093697497247 26.3162 18.386635112141025 0.026905574157265962 20.653879035366707 g
2459488.7965046 2771.449922147385 33.152021937658 26.2538 17.64703241087431 0.012987119099675792 20.70509993637366 r
2459490.7652431 1425.8318408602538 31.6225367416358 25.5358 17.6506292277476 0.024078988248487948 20.038383224544503 r
2459490.8301736 1421.5252653054536 23.2635244415327 26.299 18.417113542562703 0.017767681730753375 21.13488621086196 g
2459491.8145718 2093.602529823379 26.4520683845044 25.5623 17.260064413960574 0.013717508570014591 20.258725897205895 i
2459496.8467708 2239.626110805258 34.680844040007 25.5814 17.20596119475307 0.016812177797256286 19.98375084288071 i
2459497.8009259 2871.7800751840123 34.5606947390771 26.2557 17.610322055042964 0.013065953971357545 20.661818828954523 r
2459497.8361111 1392.5102598218743 41.9590194991015 26.2879 18.4284039908028 0.03271423470589132 20.483411661608837 g
2459502.7566551 2865.3060691144506 53.1027398614636 26.2484 17.605472450796604 0.020121286618922853 20.188182665928153 r
2459502.7747222 2281.6399220341336 38.4090515206964 25.5844 17.188782232192143 0.018276638146672575 19.87589103226066 i
2459502.8994329 1314.533390186879 58.8619437663923 26.1925 18.39557094498621 0.048615282673106504 20.020488490474726 g
2459509.7395139 2916.699998881711 57.3231143522673 26.2682 17.60597059631679 0.021337712235100743 20.124950545433656 r
2459509.7845833 2238.890733859062 37.5821280878053 25.6156 17.240517752698256 0.018224612683353382 19.93072156820109 i
2459512.7161921 1475.0376177895653 40.2057662613335 26.3537 18.43169225940081 0.0295934150447933 20.595554130336144 g
2459517.7990972 2243.5791156511286 24.0951225576513 25.6008 17.223446528181178 0.011659974180696489 20.3985521400543 i
2459520.7329282 2867.618286178197 29.8654028897663 26.2722 17.628396647189266 0.011307246879302525 20.83685404457276 r
2459520.791875 1503.7286612216255 29.5583689476117 26.3419 18.39897630624488 0.0213412977979358 20.917773824916868 g
2459520.8192593 2207.0406730264735 24.0566679635333 25.5938 17.23427415813778 0.011834092922353143 20.393286304183917 i
2459522.6913657 2845.533328659092 38.2350955415091 26.2719 17.63649080824583 0.014588422778719714 20.568319539816436 r
2459522.7327199 1496.428259421226 28.9311815422556 26.3601 18.422460247317275 0.020990370639335287 20.959259562938076 g
2459523.6815625 2229.508878702079 24.7201475020608 25.6097 17.23917698448728 0.012037926558342163 20.379647344645115 i
2459524.7323958 2920.321491607116 26.533913048736 26.2989 17.63532333854905 0.009864622603985662 20.991971735090114 r
2459524.7987269 1432.7427430685132 22.6929116488498 26.3164 18.4259794564833 0.017196174467713262 21.179249433460107 g
2459526.6481944 2847.436450392975 31.9925319422927 26.2659 17.629764899510775 0.012198443243554567 20.755853458576706 r
2459526.7116782 1508.15834592512 22.9225241227646 26.363 18.416882645583268 0.016501572601661792 21.214918893069132 g
2459526.788669 2267.799297974815 21.6470033738962 25.6107 17.221688458705945 0.010363417778648644 20.524780527073407 i
2459529.6876157 2913.611945404708 43.9209548555474 26.2878 17.62672072749597 0.016366277177671393 20.433695556047383 r
2459529.7472917 1473.536219253923 41.4401813320252 26.3515 18.43059796200749 0.03053308380499788 20.560520871392445 g
2459529.7806713 2185.7903072493714 44.5943669211837 25.5977 17.248678760554828 0.022150388354158567 19.727074981928524 i
2459531.6476736 2803.3081585223617 53.5965564588537 26.258 17.638822897599184 0.020757540040852878 20.187732770476522 r
2459531.7082407 1494.4060778203666 60.5466672600481 26.3506 18.414428437035355 0.04398772035249705 20.14794938224614 g
2459537.7972801 2656.0541375686116 71.0571359515646 26.1669 17.606307692793468 0.029045617486259098 19.790455742376395 r
2459540.6746759 2802.4284867692736 62.1982286371921 26.2655 17.646663652628867 0.024096463888450034 20.033629948013584 r
2459540.7540162 1335.9192431036402 91.1180034010554 26.2997 18.48524948589091 0.07405149435732108 19.653264502126667 g
2459542.7445718 2128.2148454756675 36.8010669999421 25.5614 17.241361329224066 0.018773912101391718 19.89932396248504 i
2459543.6351736 2755.007667511354 59.2858318139695 26.2393 17.63899297029434 0.023363502163523984 20.05949769504937 r
2459543.6692245 1398.3303384719732 61.1594770498719 26.3188 18.45477554925057 0.04748580675550923 20.105215580963836 g
2459550.694456 2192.0600659501147 31.2494808524187 25.6031 17.250968874153845 0.01547747796170248 20.11856797214393 i
2459622.6000694 2362.593377336245 123.261216828911 26.1491 17.71562754439018 0.0566431381696465 19.174608862283872 r
2459622.6024769 2635.427262879286 102.555442860835 26.1552 17.60307241425155 0.04224910544196212 19.38037820327176 r
2459622.6048843 2491.835537759846 102.212629353731 26.1553 17.664001561733986 0.044534340251487683 19.384113588220757 r
2459622.6072917 2316.1277452719905 93.1182576488438 26.1269 17.714993727283 0.04364979113769797 19.45688788609548 r
2459622.6096991 2606.0299500668175 84.5592120112436 26.129 17.589051493552056 0.03522827374959882 19.563672671102022 r
2459749.9407639 2083.943248850532 54.1871065362254 25.5632 17.265985280425824 0.028230587180735404 19.48103508583549 i
2459755.9347106 1267.5299553374707 30.81488795019 26.2155 18.458104420649207 0.026394424610354822 20.7461735069652 g
2459755.9452546 2709.743306792766 36.4841113330775 26.2093 17.626979619422407 0.01461791586495524 20.556615558339942 r
2459757.935081 1229.3577278597618 31.4015263687329 26.1523 18.428104311031387 0.027732072126708432 20.662498092113317 g
2459757.9393287 1205.153207239784 29.9510559651524 26.1549 18.452294347807168 0.02698234653156097 20.716444642567467 g
2459761.955463 2076.3744471512223 24.9624759877799 25.554 17.26073581098546 0.01305244351138888 20.31335583886763 i
2459763.9333681 2736.7832720598303 31.9442258626869 26.2229 17.629798983342845 0.012672485385741197 20.714494069433997 r
2459763.9586574 1362.3026189784325 32.7981459432575 26.2986 18.462916021157103 0.026138793653129152 20.76155175407061 g
2459764.9530208 2198.433733367405 23.7071014954408 25.5901 17.234816551590797 0.01170778982461082 20.405478841612773 i
2459766.89625 2611.692689316371 27.0535449656148 26.1848 17.64249481656472 0.011246359071769785 20.856814536613328 r
2459766.9378472 1345.8917047072853 24.9985267250512 26.2878 18.46527470901 0.020165738722114274 21.0455889528833 g
2459770.8724306 1093.3911229518728 49.6577926495965 26.0924 18.49546114097458 0.04930849020807351 20.105006462360365 g
2459770.9423843 1344.0975444302258 24.4527329766671 26.2727 18.451623030827214 0.019751789818217052 21.054456475668836 g
2459772.8865046 2484.734097890922 56.6875647673063 26.1292 17.641000200422674 0.024769527298758174 19.99805548766143 r
2459772.9525694 2573.7558152829447 38.5765533144801 26.1821 17.655681647760964 0.01627293610560593 20.46886643344152 r
2459774.9252894 2550.4108715291627 66.0694385499356 26.185 17.66847462257803 0.028125503319650066 19.887573448554356 r
2459774.9575231 2713.7999003708055 56.0658931326477 26.1866 17.602655444535706 0.022430076795934152 20.067428126965794 r
2459780.9254398 1088.2303044876248 50.8265364190258 26.0447 18.452897960621094 0.0507083568272049 20.032048700018084 g
2459780.964537 1005.2707521365892 58.2992101445353 25.9342 18.428492382119746 0.06296358699325 19.772618312047733 g
2459783.9361921 1374.6606243728122 26.3673765050758 26.2627 18.417211267592194 0.020824820442225056 20.962607687623784 g
2459783.9534028 2020.235907005673 20.9821640492376 25.5123 17.248794785382515 0.011276076932035885 20.460249293556302 i
2459783.9701273 2547.27964384158 27.7387572262629 26.1567 17.641508437443044 0.011822796446147319 20.801557490239176 r
2459786.899375 2437.1006850250096 25.1362290079734 26.0947 17.62751632060866 0.011197897568059102 20.84652467808717 r
2459786.9597569 1367.2360397273922 19.4071295302365 26.2248 18.385191255822807 0.015410887307490007 21.25747172788732 g
2459787.9618171 1941.4657157339384 22.8764137208427 25.4955 17.27517568559812 0.01279287199121605 20.349605133713805 i
2459789.9023148 1253.4015028528302 29.0484207793425 26.1409 18.395674472270468 0.02516182593394833 20.73566867191034 g
2459789.9482755 2521.2487469630837 32.7017723291216 26.1021 17.598060761548496 0.014082035443941534 20.568246762562808 r
2459793.9443403 1365.0925281614195 26.660132239321 26.2332 18.395294776122146 0.02120362171435762 20.921119240994145 g
2459794.9335185 1677.9732367639476 23.0832585997147 25.3372 17.27523742583985 0.014935574246727888 20.18153219675696 i
2459795.8962847 2584.7459902127407 24.01827560724 26.1439 17.6128553243354 0.010088667097471424 20.945120429155423 r
2459798.9195833 1397.4864821164515 26.7993138081417 26.2566 18.39323096087688 0.020820247904963205 20.93886580382238 g
2459801.8788889 2194.4671552341633 32.3021429748454 25.5591 17.20577728722673 0.015981299398417026 20.038596651499528 i
2459801.9223611 1595.0552474276503 51.6066192995375 26.3091 18.302160674561776 0.035126875174929816 20.27991146469984 g
2459801.9569329 3001.2822779818594 38.4975511536522 26.2561 17.562832890474294 0.013926311295059342 20.545092227354978 r
2459804.9087153 2434.242471526389 118.905008226786 26.125 17.659090411196313 0.05303299442921665 19.18957462091746 r
2459807.898125 1434.1060022233155 56.8802873680949 26.3179 18.4264468663023 0.0430616202008785 20.183070534532956 g
2459807.9618403 2228.451273148604 38.5114966678422 25.5363 17.166292144166682 0.018762775940440346 19.824898996942608 i
2459810.7554398 1631.7410388974547 41.6331649348445 25.288 17.256371909147873 0.027701164640868792 19.491976421617988 i
2459810.8841898 1367.881899806257 39.9840119586207 26.1507 18.310578492790743 0.0317356650377661 20.398559067476487 g
2459810.9209606 2636.3884677273845 46.4106356479855 26.1335 17.58097649187161 0.019112519926341987 20.21953119758221 r
2459812.8783681 2769.8524829738394 30.9464792526482 26.1977 17.591558400025185 0.012130101776585292 20.72374687177304 r
2459812.9269329 1391.698813011026 24.8506949620834 26.2437 18.384836857935024 0.019386665611907935 21.007928642907334 g
2459813.8671412 2132.827456462537 23.4458994235703 25.5217 17.19931069276086 0.01193496123047373 20.34910774503313 i
2459814.8984606 2755.685841647669 22.7917932397193 26.2075 17.606925737788877 0.008979633870589466 21.065628748008425 r
2459816.8798032 2464.6636287819297 28.115471275964 26.1099 17.630505859457777 0.01238504386880573 20.740111570112354 r
2459816.9071528 2111.333575947109 22.9841975748127 25.5094 17.198007864447245 0.011819043466772053 20.358401623546495 i
2459816.9364699 1439.6226853354844 21.3374627196301 26.2767 18.381078296061993 0.016091774261881586 21.20641805082698 g
2459818.870463 1552.7354383944605 21.6647056245367 26.2935 18.315756337229196 0.01514834421559977 21.206693008388932 g
2459818.8998264 2735.7704712965065 27.9775981840245 26.2073 17.61460085585834 0.011103006873964935 20.842848917862387 r
2459819.857037 2187.724550860404 20.2813853550633 25.5649 17.21491839868463 0.01006502398637536 20.54973094688657 i
2459821.8231713 2858.4332686425087 27.0224407174833 26.2372 17.596879855308387 0.010263756796010347 20.91046355728733 r
2459821.8664931 1563.3971579090432 23.0759719296491 26.3159 18.330726704699238 0.016025091639240156 21.16057498416816 g
2459823.8771991 2217.7589495862185 25.2901217783898 25.5439 17.179114148796295 0.012380734714167528 20.289097687689477 i
2459824.8617593 486.3487876860548 35.2199666264176 24.8313 18.11393040586537 0.07862324063401384 19.216902638898496 r
2459824.8996412 1440.332300020485 29.4671531322709 26.2076 18.311443249941867 0.02221187996356918 20.786829539140484 g
2459826.796412 2952.3981368722907 47.4259425277689 26.1778 17.50236269352187 0.017440176905458456 20.240335062475307 r
2459826.8750463 1114.8854691201886 44.4510010487658 25.8361 18.218024362220927 0.04328736285058029 19.96897112454118 g
2459827.8774537 2080.8212989445983 25.9345823456834 25.5024 17.206813038556355 0.013531760784546905 20.22027684305019 i
2459829.896169 1577.3349120641553 41.2780876740281 26.2583 18.26349021021182 0.028412241081410564 20.471576066295135 g
2459829.9217708 2865.0511175700026 35.5541142531106 26.1921 17.549269062617974 0.013473093589109069 20.567450329938758 r
2459839.8152778 1612.0219849508733 37.6319580380712 26.3159 18.29747259882462 0.02534519828101416 20.629582949671313 g
2459839.8574306 1569.1585602335715 33.5808027022117 26.3273 18.338132924086835 0.023234540101775513 20.76464730633634 g
2459841.8442361 1595.3137273333898 30.0488410303622 26.3477 18.340584744445415 0.020449912858956084 20.905705673839257 g
2459841.8600926 1644.1798062507498 28.461819769522 26.3458 18.305926725213027 0.01879417178479651 20.962718328619587 g
2459842.8373032 2293.6326278748083 25.4954066420728 25.5927 17.19139035499654 0.012068350726657564 20.329120131182165 i
2459843.7986458 2847.801263003595 30.4269595036507 26.2489 17.612625804259697 0.011600019412264677 20.793328597975375 r
2459843.8380787 1568.411920206702 22.8739475585635 26.349 18.360349664111926 0.015834006707281002 21.20322218641464 g
2459845.7953704 2850.663191140394 32.9351154873061 26.247 17.609635230025255 0.012543626688589457 20.705427012564776 r
2459846.8136806 2191.820219304051 26.143751014157 25.5525 17.200487677666047 0.012950090626083767 20.26165524223078 i
2459847.7632639 2963.195686290146 34.7737059077914 26.2687 17.589299168068553 0.012740910996450607 20.668147547069317 r
2459847.7942824 1506.8367945992636 33.7987358394659 26.3053 18.36013445886717 0.024352529505802963 20.735623847061333 g
2459849.7833912 1542.9939754110837 31.7038752840596 26.3207 18.34978942406901 0.02230786247025567 20.82049411187913 g
2459849.8567014 2180.2802305572 30.461068180362 25.5808 17.234519207773893 0.01516850047985214 20.124012167406537 i
2459854.7955903 3048.8277373045157 34.40606912203 26.2914 17.581067782848073 0.012252141630938265 20.702387345396694 r
2459854.860081 1521.450364730579 40.1973062118437 26.3092 18.35355552836844 0.028684613291296526 20.55128261369571 g
2459856.7833333 1474.6970030267187 47.5630084959492 26.2934 18.37164300587741 0.0350167920719077 20.352801696209504 g
2459856.8090625 3403.4760076426396 41.3334429596178 26.4634 17.633593266376337 0.013185260868737388 20.675221033414775 r
2459856.8626852 2705.13057424899 65.5661104534195 26.2569 17.67642941760686 0.026314857699259224 19.967776436685753 i
2459862.7950116 2575.2709592411074 91.2142666156234 26.2061 17.67904267392365 0.03845472217562899 19.558518062531043 r
2459864.7667708 3264.445227420991 60.6915832148677 26.3871 17.602576534549073 0.020185007652414856 20.181853822295196 r
2459864.8090509 2937.062215161394 59.2097827039245 26.2418 17.57201713453135 0.021887197605079803 20.063391321029336 r
2459864.883287 1260.5629722658405 98.8086982809863 26.1688 18.417388634936213 0.08510213776217698 19.43438704446328 g
2459865.8330903 2915.931711669855 61.0641625866822 26.2733 17.61135662749029 0.022736253066226515 20.061408974890057 r
2459866.6905671 2174.140315527407 42.7767367128407 25.5655 17.222281076690543 0.02136141017092772 19.740055862417748 i
2459866.7661343 1482.5799923661125 59.7994435584188 26.2911 18.363554662605743 0.04379140161453273 20.10193213205818 g
2459866.8294792 1421.650667468404 43.6006057493174 26.2486 18.366617766802236 0.03329733439110559 20.402443681598665 g
2459866.8415046 2800.643221631243 45.4161754516048 26.2054 17.587255532783868 0.017606077527821465 20.31494859169628 r
2459867.8062963 1244.615414747295 50.3192981406092 26.175 18.437412061290985 0.04389441215650679 20.173238551935476 g
2459869.7484606 2097.2937489985843 38.8599538413627 25.5661 17.261951843919263 0.02011652011346169 19.844919288159147 i
2459869.7981481 2743.147641870457 36.3891987646969 26.2101 17.614477042851536 0.014402342949318057 20.56024375620575 r
2459871.7312731 1522.06863932522 37.7308988799849 26.3146 18.35851440536561 0.026913659381458913 20.62543210987286 g
2459871.7909606 2856.06266083264 48.0799880503774 26.2427 17.603280671375405 0.018277065045581506 20.290364111518077 r
2459873.6706944 2849.471968699484 46.0486891924122 26.2274 17.590489027457973 0.017545377671856856 20.32193180861522 r
2459873.7115394 1395.173168303546 31.2419246954481 26.2789 18.417329711493508 0.024311933753063845 20.794630536032834 g
2459873.7817708 1546.1327261140182 31.6426919829065 25.1949 17.221783068177587 0.02221961291265505 19.696791429814766 i
2459877.7329514 1563.2803748400327 44.4356846017186 26.3168 18.331707810348835 0.030860633542477995 20.450045300293834 g
2459877.7561227 2162.4448990523197 35.7158346828631 25.5692 17.231837374793592 0.017931870417682388 19.93962297894123 i
2459877.7954051 2777.1848748348098 41.2528715431226 26.2302 17.621188021682947 0.016127209621589297 20.44413952804039 r
2459879.7535764 2856.708294178926 46.097972627026 26.226 17.58633526069552 0.01751966379736615 20.31937042494053 r
2459880.7937384 2224.326244536423 32.2318353721991 25.5682 17.20020378484414 0.01573245100603026 20.050062398717348 i
2459881.7516782 2894.4804804269907 33.6076687480019 26.248 17.59407343712188 0.012606008645227767 20.684479019277024 r
2459881.8145833 1494.1807628609047 27.9325082250961 26.2542 18.318192148262412 0.02029628873143909 20.8915001508554 g
2459882.7911806 2561.9890653723055 41.6694836381356 26.1501 17.628656820415294 0.017658372940537712 20.35312969221029 r
2459883.7952662 2833.9609985878733 39.2870550371156 26.2298 17.598815327189133 0.015051003057222852 20.496751301010892 r
2459894.6512616 2986.3871274292815 60.5508071878256 26.2409 17.553034737668952 0.022013224862917243 20.038175146685152 r
2459894.7176736 1664.4756966808256 84.639071623942 26.317 18.26380635418878 0.0552081596897806 19.7506477614235 g
2459895.7575347 2291.8598411854487 36.6006901716745 25.5707 17.17022986298868 0.0173384814399615 19.91455180197695 i
2459896.7160069 1542.8308388476212 57.8153301406986 26.2926 18.32180422207868 0.040685020258371965 20.140067464356314 g
2459896.7587269 2876.8286977764446 50.3100547194231 26.2241 17.576814994062286 0.01898674969806014 20.2225380149506 r
2459897.6486921 1538.3519593214155 37.6782295788673 26.2931 18.32546072748717 0.02659160903062839 20.605448769130703 g
2459897.7286458 1683.4893005629917 34.41160642706 25.626 17.560474098577643 0.022192407807620107 20.03681262131563 r
2459898.8377894 2196.2561469353045 44.630011225553 25.5427 17.18849252495238 0.022062455353942936 19.671207498969054 i
2459899.6491204 1653.9528772804724 43.2122296766147 26.3215 18.275192170194167 0.02836569191562571 20.48505829981861 g
2459899.673044 2898.504216833449 66.5293096344033 26.2567 17.601265158669314 0.024920050504181182 19.951742447023285 r
2459901.670625 1723.3316161939738 50.7535774569564 25.6342 17.543277860898712 0.03197478565774499 19.62310833993537 r
2459901.8218981 2255.482695149786 40.0826204514226 25.5551 17.172001251530716 0.019294185283571647 19.800284723329877 i
2459903.6934028 2881.3462961697232 44.7027461751125 26.2465 17.597511356661315 0.01684412997730864 20.3732394804317 r
2459905.6487384 1170.3538550367405 34.6627906915614 25.0107 17.339907025003313 0.032155567046555165 19.41361617737877 i
2459905.6713079 2008.7391333667179 49.4241126012455 25.8433 17.58599114903962 0.02671315461517225 19.86102778816847 r
2459907.6290625 1471.402896242615 50.4923841792391 26.2978 18.378470983617873 0.03725667636198595 20.292310294276994 g
2459907.6708102 3050.866296462558 55.2998052458975 26.2519 17.54084206199926 0.019679328007617184 20.147665984622485 r
2459909.6753125 2905.249414685119 40.4434941601094 26.2557 17.59774144409486 0.015113849223299766 20.491153314437984 r
2459909.6936921 1608.2513232408594 36.9349738213275 26.309 18.293115206493994 0.02493410109373164 20.642980500312387 g
2459911.6859259 607.4574883304216 52.4442395220052 24.6922 17.733410274692574 0.09373283224400668 18.645530508608037 r
2459922.6868403 2866.3496668301927 50.6924377009056 26.2297 17.586377077491612 0.01920099988105662 20.219917048900005 r
2459928.636169 1447.429288104128 51.8998718945847 26.2288 18.327306609651245 0.038929494780194716 20.19345927447829 g
2459928.6534491 2654.030321436447 51.1202674603688 26.1855 17.62573529942377 0.02091207245578239 20.1665921957159 r
2459930.6077431 2950.816554181724 41.6525284175202 26.2465 17.571644471999843 0.015325300394840036 20.449971565772433 r
2459933.6918866 1252.3374651697532 42.4254505523827 26.1406 18.396296566965827 0.03678027124939389 20.324108831256993 g
2459933.7158796 1122.3094564457472 59.8298252436693 24.8243 17.199018444382904 0.057878191165532444 18.634580653366093 i
2459935.6608565 2847.9501334952547 35.8270783603127 26.2252 17.58886904824231 0.013658054794678976 20.592246505147784 r
2459935.6866204 1543.1396806283556 42.6924559623372 26.2596 18.288586902631273 0.030036943525057706 20.43629714137409 g
2459937.6755324 2838.1705773881636 45.313055808465 26.2293 17.596703766213096 0.017333836480160965 20.34131661168572 r
2459951.6329051 1525.4137461762402 92.0919713756115 26.2863 18.32783086077624 0.0655456616758124 19.62832056457051 g
2459951.658912 2964.350552662958 90.6583801258402 26.3231 17.6432760991635 0.0332038338765988 19.682155101997388 r
2459956.6460185 1176.8300192529616 118.784601935968 25.4012 17.72441565476821 0.10958629556692108 18.46687462255669 r
2459958.6204861 1413.6040094461396 63.3841257244424 26.2674 18.39158057924371 0.04868134558134834 20.01502372826897 g
2459966.6358333 2784.2432897387384 97.2248293845453 26.1808 17.569032045880526 0.03791227499831951 19.46393201491889 r
2459970.6074537 2479.5407467896753 190.299981024847 26.2323 17.746371876165078 0.08332538582645917 18.786278126703102 r
2459970.6113773 2505.3024967523747 206.579006954704 26.2079 17.71074957195801 0.08952325243816271 18.672759525665718 r
2459970.6153009 3000.7119562130215 247.027121611801 26.2217 17.528639228224876 0.0893779042598959 18.492413394272788 r
