jd flux fluxerr zpdiff mag mag_error limitingmag filter
2458214.6853588 172.98441587463006 60.1269527673144 23.0929 17.497882551491777 0.37737406742341817 16.897802003239647 r
2458214.7027199 1187.3497543508668 43.4508304197437 25.5158 17.829353333172584 0.03973097767852442 19.67337978672263 r
2458214.8619792 348.58275011858876 74.8625411241778 23.3595 17.003735270214158 0.23316776538962058 16.926413577502558 i
2458217.7137963 2200.9336744699235 28.4322970657575 26.275 17.918482611978437 0.014025386263276401 20.893045118980325 r
2458217.7458681 2171.017164492239 27.1297327254673 26.275 17.93334185728427 0.013567258380902196 20.943961201072444 r
2458218.7622685 2240.9274408012457 31.6776887093147 26.275 17.89893051324712 0.015347425358585423 20.775691272255287 r
2458219.7125231 2146.2712190146985 34.3709630687672 26.275 17.94578849544193 0.01738669105430752 20.687095736239677 r
2458222.7565162 2119.81528899726 36.4805298990165 26.275 17.959254949640496 0.018684133243560837 20.622422144011097 r
2458224.6721875 2313.425279932445 90.7038144186692 26.275 17.864361307448323 0.04256767321105129 19.633511111472593 r
2458224.6895718 2084.447366360957 52.6650181686074 26.275 17.97752266653681 0.027430968585922866 20.2237693932953 r
2458224.7301157 1539.873047815125 34.8868726906967 25.9025 17.933787705873183 0.02459727295963221 20.298419888128247 r
2458229.6905787 2204.220625781592 29.9853391554207 26.2812 17.923062345144896 0.014769430219580033 20.84150257571064 r
2458245.6865741 1222.7007534282764 41.1233231310117 25.5213 17.80299955045308 0.036515551166672634 19.738654483485007 r
2458248.6647222 2502.2795681224416 28.4973145472432 26.272 17.776160425545267 0.012364539437596533 20.88756514898641 r
2458254.6713889 2358.951835145629 27.1053841644179 26.275 17.843202316018335 0.01247516593974534 20.944936071877827 r
2458260.6711111 2414.51310754164 49.7802394010724 26.2486 17.79152608156346 0.022383977021674644 20.258532536988223 r
2458261.7700231 2031.4439875631767 44.4829978310585 25.5745 17.30498786963188 0.023773823467863775 19.706589869522684 i
2458263.6988542 2566.6644438031917 27.1822634639327 26.275 17.75157726417096 0.01149810740318755 20.94186094527626 r
2458266.718287 2107.0951242119568 40.8337340158233 25.6474 17.3381896446202 0.021039954253398864 19.872427250329736 i
2458267.7788194 2480.4603085366016 138.738561115949 26.275 17.78866929500372 0.060726009315767764 19.17208202406982 r
2458425.044919 2852.1557680305477 41.1234653281573 26.2841 17.646166898883536 0.015654035031056616 20.50145072920859 r
2458425.0459375 2782.425021675256 40.2551549538903 26.2862 17.675141324546416 0.015707529005444525 20.526721232389182 r
2458425.9850579 2777.919811433223 41.7467703191538 26.2711 17.66180073734797 0.016315974402486753 20.47211778283394 r
2458427.023044 2898.6734807213907 27.4285491859542 26.2952 17.639701756806915 0.01027338058227219 20.952267897891787 r
2458427.0480787 2405.9456377888314 39.7697951669803 26.1378 17.684585474363935 0.017946401587224985 20.39149160372915 r
2458427.0504282 2402.057351122442 35.7962330623008 26.161 17.709541569165978 0.016179451426328137 20.528981671595783 r
2458428.047338 1576.947621803563 34.3104281491814 26.2899 18.29535682872508 0.023622111049549182 20.703909645369947 g
2458428.0492014 1701.2551541577552 41.3222032547795 26.3012 18.224276365097708 0.02637083330156011 20.513316315228128 g
2458429.0037037 2806.856779354798 27.0158779867523 26.2641 17.64354936699135 0.0104498166582476 20.9376272736487 r
2458429.049456 1626.7863617074538 42.9856991996923 26.2896 18.261273692986094 0.02868820068796382 20.45886500088927 g
2458430.0371759 2964.5813573327423 27.1709453512683 26.273 17.593091566910424 0.009950644563997708 20.940313116735307 r
2458430.9104051 1523.3186081949705 22.8408494824888 26.2052 18.24822313182789 0.016279135664549135 21.060994359457382 g
2458430.9137269 1502.3183671314107 20.181514910243 26.1928 18.250895057748764 0.014584838485259778 21.182990581376817 g
2458432.0268981 2716.680163820789 47.4692971946543 26.2497 17.66460372072376 0.018970733710424348 20.311242984581927 r
2458433.0360417 2812.7377962475557 31.6859451502337 26.2773 17.654476877328122 0.012230585693235723 20.77770832393516 r
2458434.9744213 2791.5475625408685 48.4009205774778 26.257 17.64238742054313 0.01882428233575846 20.297440934330087 r
2458434.9753472 2694.4733005060916 45.6312420305735 26.2619 17.685715288659708 0.018386465163076 20.366319264319944 r
2458435.0468866 1648.3456130201491 57.400215501759 26.2872 18.244579308522745 0.03780724957072335 20.142491181899814 g
2458436.0146065 2756.142066363895 61.7457173224428 26.2782 17.677446000793704 0.024322884554865025 20.05425788828746 r
2458438.0240856 2873.6721755945036 32.4297724030216 26.2942 17.64810694267119 0.012252268785905107 20.769415237309364 r
2458438.0338542 2861.4275617259514 26.7622844269707 26.2796 17.638143109921828 0.010154306399717579 20.96336703408836 r
2458439.0361343 2875.457761973915 27.6964924263276 26.2752 17.62843251858886 0.010457493837997354 20.921713058948818 r
2458439.8685532 1592.5649323341595 29.9669640961228 25.8477 17.84245712875385 0.020429391768331272 20.40866812037488 r
2458439.8756829 1918.7473645700657 24.3513122095235 25.9287 17.721155509221717 0.013778895624335456 20.714969067069738 r
2458439.8761458 2197.215240641207 29.7466446596889 26.0144 17.65971849306054 0.014698574590989737 20.58338002517192 r
2458439.9765509 1183.0345314384372 18.6054648478819 25.9384 18.255906446557198 0.01707469448147427 21.01687367637168 g
2458439.9774653 1183.478544478177 18.5472351047082 25.953 18.27009902769001 0.01701486963759064 21.034877046366628 g
2458441.0367708 2785.598589980482 25.1812646334104 26.275 17.662703665146708 0.009814514952308773 21.024881146382427 r
2458441.0376852 2750.9932586458217 24.9633432376786 26.2637 17.66497618463694 0.009851969526995127 21.02301811872089 r
2458442.0246412 2211.434102297144 40.243941320675 26.0799 17.71821499370352 0.019757697978190072 20.32072372144088 r
2458442.8721412 1631.2385259880953 65.4817076614151 25.7583 17.727006325255918 0.04358252265096222 19.47057499762406 r
2458442.8852778 1327.581734632258 66.3319802985413 25.4228 17.615146828522 0.0542464762292583 19.12106758147518 r
2458443.9428356 2775.13751217324 42.724092448136 26.2669 17.65868873018355 0.016714684215635944 20.44279287381159 r
2458443.94375 2806.089587910601 40.8416292304581 26.2645 17.644246169233043 0.015801974764649264 20.489317343203293 r
2458447.9629282 2828.4996440397745 60.1224701326132 26.2739 17.645009678946344 0.023077593790943488 20.078882950967675 r
2458447.9643171 2845.6801003636306 57.8653280380625 26.2719 17.63643480776176 0.022077107909246916 20.118428940465378 r
2458448.0385301 2689.5426780442936 73.6259089275955 26.2723 17.698103899702712 0.029720907563666483 19.857298315943616 r
2458448.039456 2794.6306488015525 62.309701149779 26.2753 17.659488955836544 0.024207006592204195 20.041485818426082 r
2458448.9310301 2564.37625502153 72.4160816126183 26.1858 17.663345632856416 0.030659361960969175 19.78878743485256 r
2458448.9604977 2788.6875630548075 62.7670260403529 26.2629 17.64940035044289 0.024436642194997964 20.02114610949835 r
2458448.9609491 2451.006411049329 58.7075543576915 26.178 17.704638881927224 0.026005150977494874 20.008840016928197 r
2458449.0360648 2964.6778894375893 55.4858674851565 26.2629 17.58295621396099 0.02031957891387059 20.155019038325914 r
2458449.930162 2669.7180210799334 41.4214782939049 26.2082 17.642036517333935 0.016844962137799523 20.41771100316298 r
2458449.9357986 2552.100331105227 53.7189390102458 26.178 17.660755640326983 0.022852805343341005 20.10525642306932 r
2458450.0087847 2964.248335587218 51.2260111934222 26.2792 17.59941353828933 0.01876228778979172 20.258048639003032 r
2458455.9785185 2834.3169188544716 29.2862560078508 26.2291 17.59797897695169 0.011218254365349675 20.81501535297925 r
2458455.9794444 2821.3236654649563 28.7472254452096 26.2399 17.6137677205721 0.011062489230820136 20.84598515198563 r
2458456.0141088 1932.2377645647025 38.2130941113922 25.9484 17.73324858521921 0.0214714550339435 20.245444479399758 r
2458456.0150231 1774.6443785748856 41.8117739840027 25.7378 17.615021655671683 0.025579797035666305 19.937128503845308 r
2458456.031412 1479.2495709531315 36.6748791653072 25.5276 17.602496370038168 0.026917646008927334 19.869253260099107 r
2458465.0262037 3014.3698892736197 26.6887014117608 26.2769 17.578908642649658 0.009612597055808272 20.96365638191363 r
2458468.0240625 368.8051954235125 46.1533797275829 23.627 17.21000742398183 0.13586772906681827 17.719066216367466 r
2458472.0283565 3026.150946827651 33.0257376915523 26.2745 17.57227353204174 0.011848729307210084 20.7299436712261 r
2458472.9133912 2783.213251498973 36.8318541112508 26.2092 17.59783379120666 0.014367689571414701 20.546216034812712 r
2458472.9143171 3121.868289314039 41.7952519942721 26.3033 17.567263559102287 0.014535240082198288 20.503057619041044 r
2458472.9147685 2834.210179634844 34.6892198516791 26.2269 17.595819866104453 0.013288388512463934 20.628988657104582 r
2458473.8676157 60.77139216232811 186.585191255704 23.8658 19.406552036600374 3.3334030197171196 16.44118205905744 r
2458473.8920833 566.4350612235477 141.083834591661 24.9409 18.05802468126602 0.270418852401714 17.819781851475565 g
2458476.9568634 2855.671973881961 47.6424717232148 26.2259 17.586629201723845 0.018113225896733327 20.28348927695328 r
2458476.9573148 3363.565475344073 55.7983647636629 26.2757 17.458700284748648 0.018010734462575555 20.16172131011905 r
2458480.9508333 3078.18630681414 41.5457751969168 26.2662 17.54546274523416 0.014653514646414179 20.472457822105966 r
2458481.9387847 2672.644536594384 35.9279199249211 26.1769 17.609546997105255 0.01459488612435959 20.54089480387716 r
2458481.9401968 3047.616072107919 35.8235707561728 26.2753 17.56539936192284 0.012761991618936293 20.64245280796169 r
2458481.9411227 2927.64867273955 41.5295591262051 26.2133 17.547002603054953 0.015400974428099375 20.419981687394927 r
2458482.9880324 1937.4885566508246 32.8168914163602 26.2596 18.04150213469681 0.018389424230887682 20.721931388977616 g
2458483.0493981 2072.857953422509 30.3569330165879 26.3157 18.02427614437756 0.01590003893980842 20.862630258292953 g
2458486.9981944 3151.552438007281 30.2559312196714 26.273 17.52668865586302 0.010423074078998189 20.82354867859163 r
2458487.9700926 2164.969545191497 23.3055375866225 26.3279 17.98927052131154 0.011687380182319353 21.161827176125648 g
2458492.9731713 847.9117788290006 39.5310893977805 24.9184 17.59752332914853 0.05061718073835816 19.17862803217139 r
2458492.9736227 1099.4487763159173 36.3088862199036 25.224 17.621062499390447 0.03585483800440575 19.576542671474854 r
2458493.9535185 2846.908852878797 22.8645849575252 26.2153 17.579366092692368 0.008719660927424135 21.06996668318796 r
2458493.9562963 3110.2853857902187 27.6482073965042 26.2706 17.53859940059402 0.009651094689742798 20.91900754273845 r
2458493.9572338 2751.098653519207 23.3011518137721 26.1989 17.600134589174097 0.009195620990127374 21.03303151556468 r
2458502.9171528 2719.764306707128 76.4717938689801 26.1835 17.59717182514578 0.03052669909624346 19.727321794279312 r
2458502.9375926 2944.2984722482565 70.0702745909188 26.2447 17.57224541596545 0.02583817430210114 19.883440440641973 r
2458503.0065394 2723.3322259061197 68.7176947321212 26.1658 17.578048436976342 0.02739540936686139 19.825703534610426 r
2458503.8502546 2467.7878878919337 223.756893490314 26.0445 17.56373042913841 0.09844154777417084 18.422633929372342 r
2458503.8677199 2265.7918451464393 192.42540487778 26.0591 17.6710499765353 0.09220452554956715 18.60101896660668 r
2458503.8850926 2715.741724396295 96.6036944720302 26.1112 17.52647883800671 0.03862025248796383 19.401290649877556 r
2458503.9025579 3102.911991305739 63.4690466496009 26.2638 17.53437635561928 0.022207637258340133 20.00997005178562 r
2458503.9197685 3062.059339346362 67.6465640609014 26.2816 17.566565993515542 0.02398512453929069 19.95856063269749 r
2458503.9362037 3030.8324320878482 72.3440276830853 26.2807 17.576795185335733 0.02591496317116391 19.884768279110418 r
2458503.9525694 2880.8973469355233 96.2109161706544 26.1535 17.504680540912744 0.03625821371163813 19.448014113542577 r
2458506.9256366 2963.6353608856234 102.433427765281 26.2908 17.611238080086228 0.037525524898424784 19.517270724392645 r
2458508.0178241 2048.9398261512106 90.9464910463721 26.2717 17.99287698973911 0.048191071337865245 19.6273101203972 g
2458508.9793981 2876.2741197761284 58.6427835190721 26.1993 17.552224316034888 0.022135744861345882 20.031338548656613 r
2458509.9721181 2840.82205992895 44.5127633366635 26.1868 17.553189920630317 0.017011803673414254 20.31816359924039 r
2458512.9442014 145.44687018389402 47.3495724082194 22.0478 16.64103904933706 0.35344473688988587 16.112084835541886 r
2458513.9358565 754.7548165214986 21.4306693567504 24.8059 17.611385267037306 0.030827597534067757 19.730885649585794 r
2458522.9081481 1953.3720426435473 34.8524285759724 26.2586 18.031637580875195 0.019371262042700472 20.65559237450992 g
2458534.8062731 1845.5136867866793 126.182679541479 26.2472 18.081906824052293 0.07423219679108184 19.24727562518209 g
2458534.8575579 2597.4264428613124 125.415708393166 26.2802 17.743841856214033 0.05242259505622916 19.28689515029124 r
2458534.873912 2747.0957592359714 109.735856048913 26.146 17.54881550381215 0.04336951797611905 19.297703599351948 r
2458538.7366088 315.32588251329656 50.9494501602745 23.7865 17.539600950299885 0.17542428676681018 17.771226235362093 r
2458538.8787153 1159.2843281409541 52.9387838161627 24.8036 17.143125087833237 0.04957855134760309 18.74674008951186 i
2458539.7387384 1735.763458751352 23.5195924936651 26.2293 18.1305736465716 0.014711233516081366 21.05330050722344 g
2458540.7198264 2504.6340745886673 22.2041980671691 26.1888 17.691939288259675 0.009624997953237766 21.07528725742044 r
2458540.7202778 2524.453419621198 22.8350391728267 26.167 17.661581595881444 0.00982074053624569 21.023070586752823 r
2458540.9341319 1689.6571804067528 30.0192772881827 26.2635 18.19400350438363 0.019289078121713467 20.822574408093725 g
2458541.7764468 444.74553955190555 36.6565683232983 24.2302 17.609920997135998 0.08948495867705089 18.572395476166093 r
2458543.82875 1491.856108013464 28.1689802967261 25.0701 17.135782658159297 0.020500007838476816 19.698247174102374 i
2458543.8301273 2122.168038836242 30.2448981026605 25.4613 17.144350576239923 0.015473273213588521 20.01224467497241 i
2458556.7034259 2754.4432594778236 44.1251614521577 26.244 17.643915423764394 0.017392512125186988 20.384859220498704 r
2458557.8523032 2507.1623102651074 46.253948168417 25.6854 17.187443873749537 0.020029780808702526 19.775102965684525 i
2458558.6823727 2658.7922490362444 60.8169053266919 26.1708 17.60908898989979 0.024834175794338005 19.963314196011552 r
2458558.6832986 2430.5750868152104 55.8423563593316 26.1684 17.704127394727244 0.024943910035203822 20.053565649745053 r
2458559.7422801 2836.9102919825277 65.6857190315418 26.2499 17.617785992827034 0.025138258814207212 19.958797593417433 r
2458559.747419 2500.9806724081027 52.2734385937022 26.1482 17.65292416121647 0.0226924073853545 20.105072315864497 r
2458561.7413426 1669.3466784867348 100.470216492271 26.3051 18.248733656625717 0.06534323604042527 19.552581643974516 g
2458562.7709028 1574.239754208772 145.187883510141 26.203 18.210322811453622 0.1001311805940174 19.050749053350522 g
2458562.8395949 2530.512029793985 112.041156025692 26.2206 17.712578984397442 0.04807054132321081 19.349731036242105 r
2458567.7262153 2779.4293857450666 27.6679257114923 26.2184 17.608510887955283 0.010807638106954382 20.86603348684613 r
2458568.8740162 1348.1623222776568 36.0647977568467 24.8261 17.001744536146084 0.0290436472504713 19.185966236388467 i
2458572.7279977 2051.3988845774657 35.0531212177411 25.8527 17.57257471240475 0.018551815540223567 20.243458252426784 r
2458574.7065972 1083.776612963097 32.1112470233593 25.2261 17.638750562379613 0.03216823511068724 19.71203206043151 r
2458575.7138079 1141.1991836311938 36.3784481853818 25.1851 17.541696369229907 0.0346092792225771 19.53556456617443 r
2458580.7005903 1843.7597940322296 29.0414160016511 26.276 18.111739149260025 0.01710107002823679 20.871030519462487 g
2458580.7125116 2865.888062886284 27.6229231297226 26.2279 17.584751941179714 0.010464542572446528 20.87730090203865 r
2458582.6408218 1201.7163355494242 23.8613299117643 25.8187 18.11919508799705 0.021557704691896513 20.6270383756057 g
2458582.6422338 913.5762131207887 25.5820286949583 25.5137 18.11183804180443 0.030401851706754135 20.246437534807022 g
2458582.6959954 2381.1899027415957 21.1896733766221 26.1228 17.680814919274447 0.009661400108622568 21.060064333086594 r
2458582.71375 2477.4346366252025 22.2097551557577 26.1586 17.673594487240386 0.00973310488847181 21.044815562069438 r
2458584.6841435 2828.708941457489 39.1274102517829 26.2053 17.57632934187528 0.015017674207397457 20.476672229271557 r
2458585.7465972 2682.301991299664 31.9655929598442 25.6385 17.067230819965985 0.012938529810987878 20.129368076706555 i
2458588.7523958 1467.6541702586435 67.2404187043029 26.0993 18.182740667661164 0.049741229280462186 19.782798966369782 g
2458589.7090394 1711.0549118542817 127.053223940781 25.7589 17.675740131710324 0.08061791838288673 18.751510765085424 r
2458589.7274074 1630.8518138932122 105.668231847433 25.7048 17.673763747510026 0.07034605985622071 18.897513888135492 r
2458591.7872801 1739.7440841151597 90.4420851624425 25.2018 17.100586579050336 0.056441043689943134 18.56344857279776 i
2458592.7425 2654.8534697165787 55.1434618888527 26.222 17.661898610231862 0.022550870417386456 20.12083992042514 r
2458592.7501505 2523.8690625777353 49.2350525822715 26.1664 17.661232949713792 0.021179583909942148 20.188288973971197 r
2458593.7666667 2496.7654244978953 43.2563589672258 26.1652 17.671755646155734 0.01880970814074834 20.327650087613044 r
2458593.784375 2293.1428733625726 58.074850290712 26.1247 17.723622214701578 0.02749582928000003 19.96730474186009 r
2458596.8470023 2454.7150817759766 48.0250734529448 25.5952 17.12019727269505 0.021241089295845488 19.644104894722595 i
2458599.6486343 2558.459600078975 27.7375455525871 26.2081 17.68815359115149 0.01177061901056176 20.853004917984446 r
2458602.7400694 1577.4668271160308 35.6643955316167 25.7717 17.77679941214608 0.02454621140874751 20.143687820028187 r
2458618.7645602 2166.0922400434533 49.8814182954242 26.0093 17.670107633717034 0.025001823487561012 20.017028005596003 r
2458618.7702546 2285.747692067065 51.6007440893171 26.0518 17.654229275173865 0.024509672722061678 20.022735078524363 r
2458770.9698264 2454.5660512493105 66.131122369436 26.0069 17.531963191852697 0.029251019551889048 19.70846025525966 r
2458770.9702778 2477.474170734972 56.4901793762735 26.0112 17.52617716154743 0.02475561136955283 19.883842604717696 r
2458770.9787731 2451.6227100869505 63.0762822405468 25.9962 17.522565910766204 0.02793330284745684 19.749109769670515 r
2458770.9792245 2514.9051836097797 65.9430641663517 26.007 17.505695959930975 0.028468025447641234 19.71165218023054 r
2458771.9721065 2571.0457767500366 113.460988422785 26.0294 17.504125476991685 0.047912252766783 19.144858582585435 r
2458771.9725694 2359.399227237374 150.196311441011 26.023 17.59099641790403 0.06911426156667964 18.833926820946388 r
2458771.980463 2442.341381843988 99.6815653095322 25.9908 17.52128408000227 0.04431169052004061 19.246837866314763 r
2458771.9809144 2563.4999431272863 87.6463634182084 25.9915 17.46941671964663 0.03712021021036706 19.387240236008104 r
2458784.0133681 2802.155348275286 46.2520196694525 26.0747 17.45596947898843 0.017920426069893733 20.16444823500489 r
2458784.0138194 2840.362706304635 55.7632672637028 26.0808 17.447365495578964 0.021314946550248383 19.967504459459338 r
2458784.0142708 2845.634004896145 51.8051515199222 26.1124 17.476952395094667 0.0197653151840348 20.07904261849213 r
2458784.0147222 2861.881678997135 38.3522834741305 26.0932 17.451570813950102 0.014549544264336852 20.386296922378925 r
2458804.9878125 2139.3531221771996 64.3043430899682 26.2206 17.89489381188165 0.03263380157723947 19.952574224177926 g
2458804.9882639 2159.600756543402 67.7394743910818 26.2211 17.885166322650804 0.034054788656451125 19.89657043287685 g
2458830.9321181 3073.624147749395 54.2650183314675 26.2476 17.528473101149082 0.019168098495586747 20.163875104018118 r
2458830.9325694 3053.6745554849094 51.1951722448329 26.2692 17.557143124067014 0.01820187367588974 20.24870246788663 r
2458830.9339236 3130.7407312026658 44.7212692384759 26.2736 17.53448224126613 0.015508752139165942 20.39988968714717 r
2458835.9501505 3316.390208739502 60.94011774292 26.3188 17.51713593932412 0.019950211425402636 20.10911676668113 r
2458835.9767824 3282.035326589936 58.0362410943157 26.3161 17.52574187168956 0.019198436545034527 20.15942679870081 r
2458837.9508102 2987.4805124377913 58.6954060481481 26.2232 17.53493729742611 0.021330884697378042 20.0542647107434 r
2458837.9512616 3028.813184015701 61.353571905892 26.2122 17.509018782376998 0.021992631757469808 19.995175359853576 r
2458837.9526157 3291.1273414903735 67.3295073592648 26.3205 17.527138283753082 0.022211126630806974 20.00256139714335 r
2458837.9544792 3062.1759761056046 43.256118838448 26.2572 17.54212463757613 0.015336534735221041 20.419656114870953 r
2458837.9549306 2974.7371459770393 60.845757294236 26.2469 17.563278508531944 0.02220708434144854 20.03889923726162 r
2458846.9216204 3109.4185174196714 31.1101850950588 26.231 17.499302048564214 0.010862586611767651 20.75131850160649 r
2458846.9220718 3081.5075893615945 28.3271913817202 26.2338 17.51189189579967 0.009980449760795559 20.855866197395407 r
2458846.9253125 3531.6342007161365 31.1254089484081 26.3261 17.456160715197676 0.009568617409026745 20.845887323609688 r
2458846.9321065 3295.865976459873 27.6301370866965 26.2722 17.47727614206363 0.009101717135733664 20.921317389984118 r
2458846.9325579 3231.4248253697438 28.2430916406275 26.2679 17.494414857210963 0.009489165384102886 20.89319440118387 r
2458846.9541667 3407.3811302303793 32.3739968376826 26.3166 17.48554821502485 0.010315385048896937 20.793684189263615 r
2458846.9551852 3437.565251241385 30.2490134826814 26.3299 17.489272623460483 0.009553667068948703 20.880696950450226 r
2458849.938588 3411.312677094038 34.0855489596421 26.3269 17.494596179557576 0.010848222959440925 20.748049257023084 r
2458849.9395139 3490.596177830441 33.309780216904 26.3296 17.47235097799615 0.010360530562423998 20.775745571264245 r
2458851.9843056 3100.673514792746 37.4980213864272 26.2382 17.50955990090829 0.013129922136276654 20.55575410808245 r
2458853.0212269 2439.700393696915 27.9844631755474 26.3767 17.908358759310296 0.012453468363651162 21.011982538472562 g
2458854.9367361 3049.296303174093 62.4177769124683 26.2302 17.51970093188652 0.022223809579713982 19.994504247506843 r
2458854.9371875 3007.7858593482324 58.6005815203611 26.2271 17.53148271692134 0.021152653257849503 20.05992017480454 r
2458866.8444444 3199.356919636039 31.800353008118 26.3181 17.555443268512967 0.010791432193455108 20.814595136633873 r
2458878.8198958 3189.6706417701744 38.6784444840644 26.3187 17.55933539725238 0.01316536780519876 20.60260248938457 r
2458883.8127778 2909.8048161979773 42.0714360288006 25.7244 17.064740354073994 0.01569760206670888 19.917006648935615 i
2458884.7435532 3186.6716432430167 72.0758370753689 26.2956 17.537256710529963 0.024556259656891306 19.903700751897734 r
2458893.7773495 3455.772233282375 34.4397553181995 26.3121 17.465737222983112 0.010819938301736427 20.722024845935096 r
2458893.7782639 3321.8490697765765 31.5939539305265 26.3162 17.512750259672632 0.01032604283393276 20.81976503782265 r
2458893.8248148 3448.6957908006743 35.5555635496347 26.3164 17.472262782567626 0.01119341272396662 20.691706072848685 r
2458894.7585301 3297.1384544231105 32.1263929689417 26.2995 17.50415703862571 0.010578756497043368 20.78492007083224 r
2458894.7676968 3266.1407288905093 29.8238103909513 26.2985 17.513412766646972 0.009913752538291591 20.864667165173174 r
2458894.7686111 3289.900212927034 33.7783209019413 26.3071 17.514143186456657 0.011147183996383127 20.73807984596189 r
2458898.7409028 2210.206438239237 21.0235541079611 26.3175 17.956417900853925 0.010327213015087018 21.26330964677542 g
2458898.7413542 2330.892891173035 20.5312834607684 26.315 17.896194206633204 0.009563208390128248 21.28653474158505 g
2458899.7631481 2896.8621200477537 29.8558036742904 26.2352 17.580380437799576 0.011189502539610945 20.800203073551536 r
2458899.7640509 2917.3513198193823 25.8583210766057 26.2231 17.56062817036362 0.009623242494705416 20.944174179952544 r
2458899.7791319 3009.765888701328 26.9536141684735 26.2588 17.5624682105165 0.009722862170963898 20.934832470901622 r
2458899.7795833 2977.7587982278337 27.1304612511909 26.2404 17.555676208737225 0.009891849466769426 20.909332045748947 r
2458900.7326852 3001.934973826751 26.4074805069083 26.2283 17.53479679856472 0.009550707072712558 20.926557569457984 r
2458900.7331366 3016.935622882116 28.6079039851115 26.2392 17.54028489238268 0.01029508257354326 20.850559890351644 r
2458900.7408912 2847.5263384098425 28.2612030044354 26.2146 17.578430625476717 0.010775383422458552 20.839198377485115 r
2458900.7413426 2828.8119996550695 30.7965123953518 26.2044 17.575389786028296 0.011819722735802321 20.735721147033434 r
2458903.8079282 2284.9982676811005 23.8441991664254 26.3164 17.919185312110958 0.011329394600049211 21.12551813726385 g
2458903.8083796 2242.572886428296 22.4137002673974 26.3192 17.942333582349352 0.010851176578287517 21.1954910893378 g
2458912.7165625 3242.02920508206 47.5758875357896 26.2926 17.51555769306727 0.01593234910303634 20.351707741990865 r
2458912.7250463 3217.5626224782195 37.9653968202994 26.2851 17.516282479487785 0.012810638413014473 20.589205130280213 r
2458913.7041667 2831.8549890072854 43.5085977193485 26.2098 17.579622473400562 0.01668068623826527 20.36593727360588 r
2458913.7050694 2755.9164391062404 47.6794751041676 26.1925 17.591834886527522 0.0187834454579409 20.249246324962595 r
2458914.7067477 1842.7717721751746 81.6129831935761 26.1242 17.96052112237362 0.04808366244327436 19.597376856956416 g
2458914.7071991 1725.149035914379 77.2541177142482 26.1183 18.02623345049225 0.04861886935925115 19.651070896655114 g
2458939.6566898 2707.6708992765266 28.519375551746 26.2157 17.634210306497668 0.011435468780494666 20.830424958773484 r
2458939.6571412 2770.03129996063 32.5158591542005 26.2008 17.594588308996475 0.012744429380352935 20.673136904925652 r
2458939.6585069 3182.527052546352 38.0875757675669 26.2681 17.51116974002499 0.01299334784216893 20.568716661227306 r
2458939.6603241 2766.3008893448296 32.34866073548 26.1824 17.577651459088862 0.012695994530381213 20.660334226202313 r
2458939.6607639 2787.168902044424 30.2122851539663 26.1865 17.57359178076138 0.011768744250698588 20.738616051496038 r
2458939.6880324 2908.7583557052812 37.1393157849934 26.2085 17.549230890370485 0.013862325506922525 20.536490242908155 r
2458939.6890278 3103.592655856697 35.8496075680016 26.2305 17.500838211223602 0.012540923778489728 20.596863974226014 r
2458954.7052662 2857.52396966498 28.4575811411983 26.2731 17.63312529485176 0.010812296300220127 20.890180032086747 r
2458954.7367245 2849.718134266078 36.2234572613488 26.2512 17.614195234879254 0.013800595601282144 20.606300243770907 r
2458955.7160069 2972.036335223198 31.0122774615732 26.2974 17.614764713312915 0.011328942799584388 20.821140836975616 r
2458956.6822917 2918.5782258762524 37.0347948574258 26.2925 17.629571654795715 0.013776802835097983 20.62355013076779 r
2458967.6455208 2470.209661399761 30.1527964443738 26.1947 17.712865460044465 0.013252677135553772 20.7489559994586 r
2458967.6459722 2612.3137835673556 32.191160810692 26.1998 17.657236645170205 0.013378922360713088 20.68303339517903 r
2458971.6791319 2700.0247463333526 47.1741689323843 26.2663 17.687880638540705 0.018969083627638075 20.33461434432025 r
2458971.6796065 2615.9704463514336 44.8530011542626 26.2546 17.71051791678972 0.018615234518838633 20.377696220702468 r
2458973.6658912 2530.659619754779 49.7082705211775 26.2065 17.69841566160381 0.0213257717014001 20.218003356215664 r
2458978.6670255 2676.182856809359 27.0183368348942 26.2481 17.679310539115775 0.010961062779027534 20.92152845994482 r
2458981.6666088 1948.3483044937327 23.8165433452533 26.3321 18.107933505196463 0.013271559838814584 21.142478165039606 g
2458981.6670833 1936.688291386945 24.5996036903683 26.3297 18.112050682616456 0.013790443121596137 21.104954712912946 g
2459112.0069792 2323.5958032331678 36.3355749101624 25.965 17.549598541492195 0.016977795202191046 20.31674489892277 r
2459112.0116435 2283.820296962125 37.9566735370114 25.9894 17.59274517916104 0.018044134432971412 20.2937546278107 r
2459112.0163194 2330.1384115187084 38.3760266203829 26.0173 17.59884570218447 0.017880848577829303 20.309724972370063 r
2459112.0209954 2350.8970946145646 51.2103557165302 26.0471 17.61901595187839 0.02365015607395289 20.02628050782481 r
2459112.0256713 2446.149780881257 71.7071511328698 26.0594 17.58819238519673 0.03182652779214092 19.673068817470273 r
2459114.0071065 2313.3128804563207 29.8059787634459 25.9843 17.573714060025374 0.013988748092341862 20.551116519947826 r
2459114.0118287 2408.3404175110827 33.9268180390025 26.0174 17.563105314509926 0.015294493285551278 20.443617165342225 r
2459114.0165509 2439.2366119644257 35.2856295714585 26.0323 17.56416517501888 0.015705572734446647 20.415880312694668 r
2459114.0212731 2568.3760635651524 45.07259583994 26.0537 17.52955346555224 0.019053018752828565 20.17149356200461 r
2459114.0259954 2590.503163733468 63.2555825424746 26.0676 17.53413968245185 0.026510906038573236 19.8174278400184 r
2459127.0120023 2898.7206946588803 52.0372841913451 26.2553 17.599784072350843 0.019490280505687664 20.217088432170996 r
2459129.0288079 1490.956395367359 80.1579675321588 25.5224 17.588737644433007 0.05837025524024261 19.015108247192053 r
2459131.0296181 2918.9584386301444 48.9887222766627 26.3007 17.637630221593074 0.01822124463023638 20.328034708310067 r
2459132.0121181 1696.1163040885444 95.4316239375244 25.4908 17.417160927821975 0.061086680116932225 18.794144203717266 r
2459132.012581 1121.4914482446445 92.7136496761907 25.7399 18.115410084280377 0.08975477219286138 19.07461579558249 r
2459132.0375116 245.67724457939408 136.206990226865 23.9717 17.995787668539982 0.6019276614017781 16.888776498135556 r
2459142.009919 2694.2740730411233 28.4722220694394 26.2993 17.723195570200776 0.011473328496940384 20.91582158342483 r
2459143.9910069 2763.121904814368 26.2645742141413 26.3055 17.701999885591178 0.010320010917581625 21.00964907748744 r
2459145.0431713 2337.1541423504573 48.9401879671382 26.2431 17.82138160908722 0.022734641722212273 20.27151090656872 r
2459145.0436458 2265.9949067846064 45.4301479568055 26.2301 17.84195267655868 0.021766823698069402 20.339314611094355 r
2459145.0441088 2422.542304676639 44.9922835938395 26.241 17.780321575396602 0.0201639914413597 20.3607298980534 r
2459146.0098727 2629.5148272977704 26.9855292591602 26.2722 17.722510939864048 0.01114205130639199 20.94694763872675 r
2459152.0066319 2784.5887562324647 47.3978799022822 26.3495 17.73759733703057 0.01848024348109943 20.41267769865259 r
2459153.9854282 2871.4679130234185 48.8846885532366 26.3535 17.708240080857117 0.018483266388432784 20.3831428576148 r
2459157.0267477 2964.6772966444605 41.3276970881338 26.3757 17.695756431056086 0.015134692999933563 20.587671974974604 r
2459159.0365972 1355.8229577081697 98.4900660233273 25.3644 17.533892541493564 0.0788677194714846 18.6334939177083 r
2459163.9940509 1962.7753480005251 41.5174496845938 26.3994 18.167223513235058 0.022965183034564702 20.606398319130573 g
2459163.9945139 1955.2397316856502 35.4115661761777 26.396 18.167999965535707 0.019663234525380064 20.775712151463352 g
2459165.0480787 1599.6120586714414 30.5699626534772 25.7431 17.733063326495817 0.020748661072514052 20.282437718759407 r
2459165.9766667 3007.6668076448095 27.7140976761503 26.3468 17.651225692488374 0.010004165278719187 20.99262313098616 r
2459167.0518171 2691.37783327925 40.8659784150836 26.2529 17.677963322118263 0.016485308088904346 20.477070235966927 r
2459167.0522801 2724.6666693392244 40.9146852368027 26.2625 17.67421655229525 0.016303305744320467 20.485376953089276 r
2459168.9454861 2968.394780129948 47.9350015557246 26.3463 17.66499585195415 0.01753238199225371 20.397243124654256 r
2459171.0299306 3197.39788025073 33.9662447179481 26.3793 17.617308293238853 0.011533488565203049 20.80425615351456 r
2459171.9504398 2706.41035905299 34.489756026563 26.2613 17.68031588227966 0.013835864909688772 20.669649683488807 r
2459171.9509028 2591.9912802332206 34.58238829111 26.2579 17.72381615954312 0.014485426418672146 20.663337532298588 r
2459174.0123495 2068.2688279258355 31.1600118260109 25.9288 17.63978253375062 0.01635687990976826 20.447380954594266 r
2459175.9053935 386.2660159857711 27.6533984964297 23.7072 17.239983749435332 0.07772698996299922 18.35540370905018 i
2459176.0170255 509.7042817854009 39.9323260211621 24.4208 17.65250429523187 0.08505819533105101 18.67006346869953 r
2459177.995463 3090.0262312685645 27.7707151865297 26.3984 17.67349458457154 0.00975741408694689 21.04200732817431 r
2459179.9011574 2710.8920703122617 45.4003830668272 25.7852 17.202419431981003 0.018182647858044958 19.895126196053127 i
2459180.9340394 2690.6425311532016 97.888797530287 26.2562 17.681559992918665 0.039499066207461686 19.53194250503404 r
2459180.9345023 2739.2392764569972 94.388625538663 26.2591 17.665025074616864 0.037411018317419054 19.574375834013953 r
2459181.9374884 2806.5367928918818 42.0242921606979 25.8046 17.184173149827433 0.01625696627759385 19.998423971405984 i
2459181.9752546 3018.5857070783486 49.7732351622788 26.3619 17.6623912216459 0.01790202653148768 20.371985314290892 r
2459183.0398495 1734.6663301872118 52.0498096681014 26.3996 18.301560127679412 0.03257714603278134 20.361127124776246 g
2459183.0403125 1731.323282099863 49.7184629663 26.3899 18.29395457681186 0.031178079680787413 20.401180753977112 g
2459183.8331713 305.93230563401266 175.248412572765 24.7815 18.56743665064237 0.6219258248518154 17.424939757285195 g
2459183.8336343 498.5000390082664 200.904230109385 24.2596 17.515437008420562 0.4375560793609934 16.754702286490136 g
2459184.0111111 1281.937082362581 124.526500782335 25.5895 17.819833223808384 0.1054641633817266 18.603920527873676 r
2459185.9784838 2899.031916018961 45.943428038531 26.363 17.707367508460884 0.017206012650571617 20.460016497500337 r
2459187.9745602 2815.7906889301967 89.4818307963065 26.3687 17.744699078744155 0.034502004739727414 19.74193783623215 r
2459190.8805787 2776.8548935301683 40.2418362540502 25.7897 17.18081703503708 0.01573382956481361 20.030580515252595 i
2459190.9657292 349.51164361514304 126.358242226667 24.4827 18.124045879026262 0.3925109394540027 17.481266049681338 r
2459193.9024537 2890.3997952290397 27.9976453946041 26.331 17.678605205519283 0.01051655333462718 20.965771217512383 r
2459193.9892477 2937.9900835483413 28.375572052768 26.3543 17.684174185989576 0.010485862001441068 20.974513424947204 r
2459195.9981019 2781.1426423746193 28.3144227070849 26.2796 17.669041839950793 0.011053359243319702 20.902155710725708 r
2459198.9744907 3066.939924275367 31.7392035801747 26.3715 17.65473682741519 0.01123571187496848 20.87008492673882 r
2459199.9780208 2883.436429587917 35.0921002179005 25.7994 17.149624047327276 0.013213224614776586 20.18895158673557 i
2459201.0086574 2128.840377458518 40.5158572309894 25.9608 17.64044225291881 0.0206629236562112 20.19431240889675 r
2459202.945463 2940.5913317245377 36.1200802308221 25.7951 17.124013318287908 0.013335947325807158 20.153303223389297 i
2459203.9724306 3113.721541201489 36.565429390092 26.3635 17.63030057200723 0.012749722852064747 20.708398294817222 r
2459205.9038889 1216.2862420524384 28.9798944486057 24.8052 17.09261051431384 0.025868475951645854 19.40253299081409 i
2459210.8500116 2106.4651022842745 57.7079345197191 26.3706 18.061714328538315 0.029743433413692386 20.22008616332338 g
2459217.8596065 3391.759892384859 55.018210988997 26.3575 17.531437249162728 0.01761129135492949 20.258808828017003 r
2459218.0037269 3074.801994307732 46.1054688351204 25.7354 17.015857114801314 0.01627965235060936 19.828593882624638 i
2459219.8615856 3254.341652375855 42.1821289740535 26.3289 17.547742138060993 0.014072627375707575 20.51865375108097 r
2459220.8897569 2244.76967746049 38.4163769551676 25.4191 17.041170531907127 0.018580374137720228 19.71038397869512 i
2459221.9045139 3286.680581978225 36.1658316541202 26.341 17.549106252592505 0.011946778047790969 20.69782884816094 r
2459223.9312269 3124.728932699668 37.1902969165489 25.8009 17.0638691283108 0.012921922583349413 20.12740087502482 i
2459226.8602083 2958.844637082717 36.6935404517069 25.7739 17.09609459540281 0.013464098915209274 20.115000945225376 i
2459229.8703125 2901.0718333757204 42.2203282941136 25.7777 17.121303793770267 0.015800577531918887 19.96647097430028 i
2459229.9097338 3113.732714221256 45.6097100369544 26.3549 17.6216966760486 0.015903247559097555 20.45983171108726 r
2459231.871169 3149.148585598477 31.6191216640613 26.3276 17.582117119142893 0.01090100370229033 20.83030048501685 r
2459232.9445255 3124.78108791268 32.309158663587 25.7867 17.04965100631312 0.011225763525242074 20.265960866517496 i
2459248.8006019 2880.9129945840277 27.7891309397658 25.7702 17.121374643732 0.010472603483001072 20.413087576333634 i
2459249.8305787 2652.922880507969 34.353420766582 26.2441 17.68478843653743 0.014059024934466445 20.65675001732444 r
2459249.9013194 2265.119250697533 43.3334665199434 26.1202 17.732472322365624 0.020770272729002944 20.28071640814658 r
2459250.8420949 2933.456838003245 34.5486180001773 26.357 17.688550743695757 0.012786768864928839 20.763498290195642 r
2459250.8430903 2987.851156701012 33.3713942510973 26.3557 17.667302603012995 0.012126214070991603 20.799839109703925 r
2459250.8974653 2936.471328089935 33.7192291341567 26.3533 17.68373558820454 0.012466992856615663 20.786180895349425 r
2459250.9153241 1807.9928133326762 33.4270801630948 26.3863 18.243308250381954 0.02007296747279395 20.828628881991794 g
2459250.9157986 1817.0810777590182 36.1782555979108 26.3885 18.24006423533783 0.021616389374927446 20.744955932385114 g
2459251.8004167 2989.3552556569202 28.7349355172053 26.3644 17.67545617559732 0.010436203402721382 20.970949421935405 r
2459251.8484028 2946.128164893583 29.3802593120156 25.8011 17.12797091011558 0.010827141845068894 20.383535927706077 i
2459251.9474421 2979.3343181298223 29.6524582382478 26.3497 17.66440190210633 0.010805660080965384 20.922123231835712 r
2459252.7252778 2914.8233149057005 25.8872614139437 26.3396 17.6780694133148 0.00964236822636639 21.059459715884714 r
2459252.8021296 3011.787477591003 26.0244716254059 26.3635 17.666439191873764 0.009381395285667015 21.07762018717134 r
2459252.8108912 3018.984799893647 25.1063008672416 26.3683 17.6686476839369 0.009028833418612922 21.12141816668568 r
2459253.8134028 2956.9371505588765 25.2782472033884 26.359 17.681894765667753 0.009281425877966874 21.104707597599237 r
2459253.8500694 2906.61429365545 26.6572608482467 26.3539 17.695431487697114 0.009957216602875553 21.041936184943197 r
2459254.7665046 2916.4343582594424 24.4468974606579 26.3541 17.691969485052617 0.009100837979729746 21.136115611820912 r
2459254.8482986 2333.0888696776146 28.3338856850112 25.5195 17.09967179545506 0.013185138418009494 20.141309645707416 i
2459254.886088 2580.4670426837356 23.5150923541536 26.2463 17.717054208247326 0.009893687982293517 21.070508267280722 r
2459254.8870255 2688.926289678857 23.388613699102 26.2719 17.697952756829707 0.009443552986403274 21.10196378699628 r
2459255.7883218 2911.4869615319117 26.3180951240939 26.3434 17.68311287611505 0.009814076536751672 21.04533885840021 r
2459255.9057523 2992.367211100305 24.209750718927 26.3518 17.66176278172405 0.008783857227828039 21.14439919502194 r
2459256.728912 2880.7019067719407 25.0943017905237 26.3065 17.657754199788414 0.009457723963012084 21.06013719759665 r
2459256.9061921 2979.240221342996 25.9018744867055 26.356 17.67073619362607 0.009439206992694045 21.075247002723724 r
2459257.757963 1748.9370712245443 23.8377134212445 25.7727 17.665764541642936 0.014797905474851917 20.582113503285008 r
2459257.781331 2874.964531924519 27.1382937636792 25.7764 17.12981877194412 0.010248490098590224 20.445018641012112 i
2459258.8252894 1172.4780825740352 42.0773240423369 25.3037 17.630938167280853 0.03896307435655671 19.496154707790538 r
2459258.8263194 2397.1285985298346 29.679563441628 26.1465 17.69727166696657 0.013442375201871956 20.717931217680075 r
2459260.7591088 2632.8293306098567 31.0947840846271 26.2168 17.66574323124803 0.012822558108185358 20.73765612537442 r
2459260.8727199 2300.90171026427 25.067932621098 25.4806 17.075854832730375 0.01182851676163089 20.235378692384824 i
2459262.7163426 2639.33598081769 33.7119713253626 26.2553 17.701563304169966 0.013867536203786692 20.68841461700206 r
2459262.7373611 2516.081990507142 35.06543777644 26.2148 17.712988027060717 0.015130884421698597 20.605176826053317 r
2459262.7454514 2617.388269595973 36.1246400900661 26.2203 17.675629620764255 0.014984602094147445 20.578366166888713 r
2459263.7487153 2834.1614932750354 68.2044544542613 26.3586 17.72753851715508 0.026127507686734882 20.02664314043183 r
2459264.6984606 2911.6387567325137 33.1321707223533 26.3614 17.701056270933226 0.012354416450214747 20.813350262882718 r
2459264.7969676 2874.4243198997856 30.7631323004862 26.3688 17.72242280328392 0.01161955543842682 20.901298606105687 r
2459264.7978935 2843.0166338907875 30.9197248511975 26.3662 17.731751498341737 0.011807720317486782 20.89318593776305 r
2459264.8863079 2918.507456322236 27.7795901850379 25.8019 17.13899798199774 0.010334152478713289 20.445160402726646 i
2459265.7377431 3019.4902253807495 27.5109207177914 26.3805 17.680665929851926 0.009891936848227345 21.034312175857053 r
2459265.7990972 2913.9395088332485 29.640992749625 26.372 17.710798670238514 0.01104388945985819 20.944843126311437 r
2459266.7338657 2767.275732707558 51.7698239101556 26.3571 17.75196891347104 0.020311130240809935 20.324483269721433 r
2459266.7573264 2862.5181337936992 47.4005982290501 26.3716 17.729729383567612 0.017978167156298828 20.43471543213002 r
2459267.6774421 2767.278742461261 53.291598232784 26.3399 17.734767732599632 0.020908153310885177 20.275828126478928 r
2459267.8079051 2734.5286267487795 49.421355747011 26.3686 17.776393814501056 0.019621943398093113 20.386388351722967 r
2459267.8395718 2846.617446982291 38.4673909267633 25.8162 17.180377232929796 0.014671464328113752 20.106043161587316 i
2459269.7594792 2882.8375757154604 57.2092589233135 26.3656 17.716049564648316 0.021545470662746768 20.224509184052728 r
2459269.8611574 2789.781708830949 57.6784294173986 26.3328 17.71887444375065 0.022446727864134947 20.18284142405644 r
2459272.7806481 2889.661322105134 97.0497536969086 26.3691 17.71698263753772 0.03646341416646478 19.65418889534125 r
2459272.8394329 2812.699498195957 68.2721329945461 25.8068 17.183991660741043 0.026352994637258847 19.473766310348818 i
2459274.8828472 2780.178379028444 82.9763772399806 26.3483 17.738118346047933 0.03240347937707822 19.803488815284503 r
2459275.8331713 2792.277842464596 41.8241835989214 26.3568 17.741903424787598 0.01626217686606333 20.55580630825641 r
2459276.8188194 2740.136135125776 32.8709629562307 25.7915 17.197069650188784 0.01302417205630608 20.252043921802596 i
2459278.7871065 2823.2307090046916 29.4324311725334 26.3561 17.729234076724758 0.011318519036400299 20.93660964641456 r
2459280.7708449 2813.550983164695 24.1347979349029 26.3582 17.735063026931194 0.009313195415584992 21.154165821404106 r
2459281.7982523 2638.8784622266335 34.8628149459772 25.7851 17.231551528617935 0.014343426091291031 20.181768862535662 i
2459290.7788657 2746.69570681167 26.3526311954023 25.7844 17.18737362827112 0.010416534899695764 20.484915028846924 i
2459292.7347106 2759.6155177156948 26.3242926272946 26.3338 17.731678554045317 0.010356618275980499 21.035483214462975 r
2459292.7471644 1559.6726366517453 24.433292831309 26.3619 18.37931636792009 0.017008201210671987 21.144519989133258 g
2459292.7476273 1637.6473246767405 25.0031521433597 26.3748 18.33924904984257 0.01657617111633241 21.13238808026271 g
2459294.7112037 2756.6967274949184 35.3762220719194 26.3148 17.713827523273913 0.013932604163674256 20.69559636041398 r
2459294.8018056 2626.8400372124875 36.0934505101997 25.7283 17.179715932491543 0.014917794256138778 20.08730398338029 i
2459296.8393056 2459.707644730858 67.2775553609808 26.2793 17.802091272714545 0.02969590390625845 19.962199483453343 r
2459297.6990972 2600.473646031962 67.2431339942539 25.7542 17.216568857838517 0.02807406669510396 19.437655123259646 i
2459297.7458449 1531.038108651937 78.0953275555004 26.2994 18.336934998154295 0.05537948183514637 19.820412362135265 g
2459297.7463079 1386.6761811893018 80.0324901308798 26.2409 18.385962360549904 0.06266154688008899 19.735309164803475 g
2459301.7991667 2524.048461432469 84.1113751250035 26.3366 17.83135577736269 0.036179860002129194 19.777038156028 r
2459301.8001042 2656.9252471346967 131.719941037802 26.3442 17.783251660844464 0.0538247510497203 19.29764617007157 r
2459302.7816667 2764.7567801154255 41.1725451490715 25.7705 17.166357670572527 0.016168160826964574 19.986555703009913 i
2459303.8490509 2679.841164509133 56.7157254600754 26.2918 17.721527365134605 0.02297757939817407 20.16011626019708 r
2459306.7361806 2753.8615241027883 26.0465332723207 26.3105 17.710644754270035 0.010268752050984783 21.023700169196953 r
2459307.6973727 2748.3928123454343 30.9005343824721 25.7925 17.19480298976422 0.012206664938269881 20.32016001411307 i
2459310.7695718 1650.3221366581806 23.9424777838918 26.3461 18.30217818716525 0.015751075231050696 21.15075225637871 g
2459310.7700347 1665.4178493156355 24.5783851132938 26.3444 18.290591962623893 0.016022857403905306 21.12059162714361 g
2459310.7845139 2671.934352186447 29.4717205807544 25.7456 17.178535541046443 0.011975386673831079 20.324661261605492 i
2459310.8105324 2422.206216589564 33.5692762229751 26.1943 17.733772213970767 0.015046680561574896 20.632020045017924 r
2459312.7895718 2776.0570764540953 32.1442141598166 26.3303 17.721729022295268 0.012571417788675274 20.815117956942082 r
2459313.685625 2701.2054690671916 28.9276698538274 25.7252 17.14630594911285 0.011626946383736637 20.324491358408572 i
2459314.6744329 2883.173892531171 27.3990103606691 26.3383 17.68862290817338 0.010317485749173154 20.996537797680368 r
2459316.7449421 2634.548722029157 28.3370349462008 25.7284 17.176634413478837 0.011677718686255415 20.35008897475811 i
2459316.7883218 2603.7840788285534 25.5346970183075 26.2798 17.740787582192507 0.010647204112734681 21.014548216396726 r
2459319.7136458 2662.9725505755323 31.173630417552 26.3334 17.769983275411303 0.012709560426006437 20.851506533476005 r
2459321.7171412 2718.940096981353 25.8570872109277 26.2979 17.711900901440433 0.010324993778300493 21.01902598859848 r
2459322.716794 2622.564292450307 32.1229826042623 25.7221 17.175284640568005 0.013298405043432663 20.20763533285228 i
2459323.7157523 2790.8132052105548 29.2076891477913 26.318 17.703673076873315 0.011362562011872298 20.906831994540415 r
2459328.7345949 2645.4573056626323 55.8698584008267 26.3048 17.74854810759852 0.022929081159593315 20.1894310624965 r
2459334.7596644 2444.2551593908724 38.4940909090751 26.255 17.784633648558135 0.01709847449412687 20.54408982009924 r
2459336.6767245 2278.173468826862 29.8436939385437 25.6301 17.23613302539426 0.014222489618300155 20.195543545556706 i
2459336.6945023 2579.3074514840246 26.7148110539234 26.3297 17.800942218012423 0.01124498374342958 21.015394721931386 r
2459338.7453241 2457.715631790688 31.9691078047536 26.2816 17.805270920679007 0.014122406959804445 20.77234869883099 r
2459339.6791782 2595.8390195044167 29.0290963619963 25.7501 17.214405609329305 0.01214131141546536 20.345591196610286 i
2459340.7428472 2510.2092526317547 30.5881793184735 26.2597 17.760425184867728 0.013229807933840206 20.79839092038838 r
2459341.6942708 2518.063631622389 27.3192802617874 26.3003 17.797633248603248 0.011779107647534821 20.961701855447675 r
2459342.6838657 2624.998946673891 29.6019067679574 25.7441 17.196277166315355 0.012243353552082021 20.318375772988016 i
2459342.7673611 2302.162922056925 33.7362804333216 26.2184 17.813059862444792 0.015910029353496637 20.650731993907435 r
2459344.7208449 2394.905859800787 23.6488586480084 26.2616 17.813378883465496 0.010720908184791225 21.079649525506362 r
2459346.6961343 2304.943857017809 26.0849565410592 26.2289 17.822249121330422 0.012286823052284505 20.940499695407382 r
2459348.6799306 2476.4920306136646 28.9779793751597 26.2953 17.810707663112638 0.012704015122477453 20.892704741706204 r
2459350.7332407 2302.5639805178607 37.7137053391408 26.2283 17.822770733446887 0.01778268496908226 20.53962698025621 r
2459354.6936921 2424.541141809621 58.8277657830424 25.7487 17.28712610495972 0.026342842449346347 19.57731910253272 i
2459354.7264005 2368.908149337542 70.5629937834861 26.2816 17.845229445079113 0.03233989564861546 19.912732493230287 r
2459356.7433565 2290.099810915477 70.6085874325445 26.2425 17.842863972769063 0.03347441146893441 19.87293118101455 r
2459358.6826157 2484.441808336829 38.0878840261225 25.7057 17.217627927578043 0.01664438891198811 20.00630787394922 i
2459358.727419 2346.4886132996485 76.8825241511299 26.2231 17.797053872319452 0.035572879407031834 19.76110590582195 r
2459390.6827662 2575.736410709725 91.4548877178655 26.2503 17.723046456960205 0.038549197496465584 19.599857686958714 r
2459390.6837384 2319.0361037700595 83.4614487021391 26.2348 17.821531225056543 0.03907403369382693 19.68366019213025 r
2459390.6846991 2582.4417240996986 80.1679943870541 26.2384 17.70832367518638 0.03370391311980847 19.730972442369634 r
2459390.6856597 2438.735866740596 89.1281748215058 26.2288 17.760888086166148 0.039678942161554605 19.60633745647288 r
2459390.6866319 2377.776689592036 81.8339463013646 26.2273 17.78687233711068 0.03736562642248604 19.697541252195453 r
2459391.6862269 2272.13976459242 68.7610819485215 26.2129 17.82181239419354 0.032856212383968963 19.872118235040983 r
2459391.6871644 2334.901674283313 70.3121603566341 26.2065 17.785828508531928 0.0326942728852294 19.84149888432472 r
2459391.6881134 2244.281009335575 87.106699900155 26.2144 17.83670691358978 0.042138994042281934 19.616846087927783 r
2459391.6890509 2384.3104463283844 83.5691649197269 26.2108 17.767392996123974 0.03805336779573517 19.65825983310682 r
2459473.0138426 2383.0961717129844 53.5142797127023 26.1478 17.70494607751459 0.024380238688528427 20.079200778361987 r
2459473.0162269 2408.3310408178263 69.6223162089134 26.1598 17.70550954175085 0.03138644456550651 19.805503820702764 r
2459473.0186111 2448.1391954124188 64.2502222798888 26.1524 17.68030973216493 0.028493668358397388 19.885288402935196 r
2459473.0209954 2373.014049827346 86.3994393393543 26.1744 17.736149226154474 0.039529420947828735 19.585697678466616 r
2459473.0233796 2521.9532934124713 104.618318361578 26.1922 17.687857402061056 0.04503814901800733 19.39575565195198 r
2459478.0168634 2602.4014171269146 83.0006828954935 26.2403 17.701864283082195 0.034627187345726305 19.695170825191923 r
2459478.0192245 2552.599086838068 80.3283387825777 26.2552 17.737743476156727 0.03416614769860928 19.74560302491401 r
2459478.0215856 2423.0801224751854 98.4268733891724 26.2501 17.78918056270252 0.04410174283855892 19.519890765154088 r
2459478.0239583 2717.3869409922513 96.0698379713679 26.2731 17.68772129006794 0.038383574128544234 19.56920734357578 r
2459478.0263194 2604.330476275863 109.805019199343 26.258 17.71875976712176 0.045775799358306495 19.409019508620723 r
2459484.0113773 2279.481664629476 50.5892410759571 26.1283 17.733709741910438 0.02409527564464727 20.120729578392847 r
2459484.013831 2409.096507103582 50.3389223626264 26.1177 17.663064505127593 0.022686084948424032 20.115515203926783 r
2459484.0162963 2343.4063366127575 50.1163249477778 26.1379 17.71328100018036 0.023218890017362662 20.140526947950594 r
2459484.0187616 2446.9111641163036 48.6582826870097 26.1346 17.6630544939013 0.021589789726741165 20.169283046246548 r
2459485.0134491 2487.6438574894587 43.1030406401106 26.1259 17.636429487804996 0.01881176482802317 20.29220521940529 r
2459485.0158912 2465.559328489039 45.9444362395458 26.1452 17.665411356564206 0.020231463850372576 20.24219267193094 r
2459485.0183333 2498.133805515267 44.4740394542666 26.161 17.66696075893931 0.019328614235512444 20.293308546635785 r
2459485.020787 2530.645999100047 45.803851499179 26.1551 17.647021505328375 0.019650809157165185 20.25541999423144 r
2459485.0232292 2382.8966809206318 46.3378963625557 26.1456 17.702836969122114 0.02111256206936754 20.233334204415403 r
2459486.0037153 1614.2522711726835 84.4402763414331 25.2445 17.224571484727374 0.05679211958444064 18.680700874356695 i
2459486.0094907 1523.3664478324604 86.5752360026978 25.6995 17.742489034948495 0.061701985009496904 19.10859077890278 r
2459486.012037 1640.765446020027 96.2824826398401 25.7117 17.67408374660539 0.06371044176706686 19.005406789128315 r
2459486.0145718 1719.4618273935187 88.8600135002035 25.7593 17.670818653030878 0.056107856028077704 19.140109051945554 r
2459486.0171065 1510.0046666553085 75.5756536335496 25.7747 17.8272542763043 0.054339227528145836 19.3313202092536 r
2459486.0196528 1712.7012351821156 71.3051193204935 25.7823 17.698095972662323 0.045201093136379954 19.402073211766286 r
2459488.0082292 2572.7624641374073 57.2687457136014 26.2531 17.72710077279175 0.024167282478642492 20.11088081065142 r
2459488.0107755 2790.674981305833 60.3537174046215 26.2666 17.65232685274553 0.02348035203853662 20.06741492658137 r
2459488.0133102 2787.912169668042 60.7562605893258 26.2646 17.651402280909025 0.023660383867001547 20.05819739873893 r
2459488.0158449 2763.9078804690625 56.3945173555817 26.2624 17.658591089632676 0.0221525210466002 20.136882778756434 r
2459488.0183912 2619.007303793744 58.6028660019473 26.2738 17.728458226070465 0.024293606026279675 20.10657784935388 r
2459489.0089005 2758.871829613206 42.9546863624919 26.2666 17.664771188259003 0.016903975923483118 20.43664860830276 r
2459489.0113773 2692.0409637232788 41.8823290056443 26.2688 17.693595839775774 0.016891141410618652 20.466297929005886 r
2459489.0138657 2627.864071724952 44.7958823228029 26.2661 17.717092756862193 0.018507383985786892 20.39057975141196 r
2459489.0163542 2685.860351731736 46.3189609703888 26.2621 17.689391429325518 0.018723421674967988 20.350277967385672 r
2459489.0188426 2806.3694382056447 49.9466922965034 26.2754 17.655037894554837 0.019322874275949163 20.281708157902187 r
2459496.9716667 1606.6511270492638 53.9318420055919 25.8837 17.868896042451087 0.036444626888607494 19.806661855220433 r
2459509.9874769 2760.2973017961076 53.7907902529153 26.3201 17.71771034775732 0.021157380742860277 20.245905177536983 r
2459519.0487616 3077.752176577717 39.3060692368105 26.3706 17.650015882214756 0.01386550863164586 20.637025952117924 r
2459522.9647569 2811.808237370737 29.9476061907978 26.3437 17.721235752775193 0.011563418731482358 20.905369705291214 r
2459523.9759491 2792.210331245627 32.1897237351287 25.7901 17.17522967585032 0.01251638627224708 20.27338186562113 i
2459524.0502083 1731.4302321319394 45.0090557340638 26.3968 18.3007875090743 0.028223101863193833 20.516125234740173 g
2459524.966412 2959.302516687802 28.4650268883949 26.3425 17.664526591312093 0.010443163386797025 20.959295993191528 r
2459527.026169 2867.352264670587 34.1152986023271 26.3612 17.717497372791847 0.012917484938601266 20.781402046912213 r
2459528.0249074 2798.312615827431 30.7519754374857 25.7849 17.16765942390922 0.011931268702301843 20.31779244139817 i
2459528.9997222 2890.219553826945 32.9507198919138 26.3687 17.716372912664177 0.012377812799474563 20.826612720919066 r
2459529.9888079 2854.471364769421 40.2049750906631 26.363 17.724185773379983 0.015291987859706183 20.604875495706654 r
2459530.9683796 2873.2016729256793 43.8777542034955 26.3575 17.711584723425247 0.016580137129819678 20.50446401175225 r
2459531.0147569 2680.1393406787834 41.7216024367056 25.7997 17.229306565940355 0.016901040583232937 20.001372538188505 i
2459531.9519213 3026.0756412852406 28.0877778695848 26.3646 17.662400550843046 0.010077375468399187 20.99588153445888 r
2459532.9681713 2943.2782937059574 29.1377015908016 26.3556 17.683521681051683 0.010748152046914025 20.94703676108634 r
2459536.8474421 1195.5867665075914 94.5967948216382 26.1458 18.451847251613962 0.08590237280549598 19.45868393501747 g
2459536.8543866 1169.1739657218893 95.8922111316569 26.1455 18.47580215936674 0.08904592188841513 19.443616656841133 g
2459536.9953241 2949.1141800408586 40.5989197107526 26.3591 17.68487103165735 0.014946266722488654 20.59038879498919 r
2459537.9496065 867.7236416577127 87.1291770793151 25.8226 18.47664642442507 0.1090164460360841 19.224765958625447 g
2459537.9505556 1076.99654631753 76.6499566685735 25.9331 18.352564223458025 0.07726938237602753 19.474395204967553 g
2459538.9529282 2851.006131188194 53.8441300271883 26.3137 17.676204621810236 0.0205045409517078 20.23842907828087 r
2459540.9862384 2886.434176203697 39.1557219177051 25.805 17.154095854843018 0.014727987783862903 20.075586900396814 i
2459551.0172569 2966.7567937722624 26.9658128289002 26.3844 17.703695136105345 0.009868278737843966 21.059941199824078 r
2459622.8097917 1763.860369556423 57.7343941403999 26.3826 18.26643949349137 0.03553695791350851 20.23158845734371 g
2459623.703044 2852.5853825088298 40.0773979005243 25.7986 17.160503368941782 0.015253541985947746 20.043926198162744 i
2459623.7496759 1869.4226834589952 67.2869721502541 26.3899 18.210631229779995 0.03907808881850089 20.07264752440065 g
2459623.8453819 2966.8888878167663 42.3570675202859 26.3658 17.685046795070416 0.015500097895683159 20.551060276048368 r
2459624.7884028 1779.2569496209312 58.0473098071906 26.3983 18.27270332295432 0.03542038392548844 20.241419746069298 g
2459627.8646759 2884.5364300150704 107.551574645686 26.3471 17.69690992946211 0.04048093945972845 19.5206330561419 r
2459627.9087847 2415.5898650581435 135.806379512775 25.7724 17.314842003006376 0.06103891574055385 18.69267456057783 i
2459630.8399769 2929.897382701153 34.5917150278757 25.8078 17.14066897548595 0.012818273168031753 20.212944752909937 i
2459630.8929282 1861.0719063827096 54.0617031539719 26.4167 18.242292116686883 0.03153816406177986 20.337050680299964 g
2459630.8938889 1823.9298720558797 40.9889224728702 26.3889 18.2363796594881 0.024398785178420382 20.609808735100675 g
2459636.851875 2836.8524412956554 29.2179516565776 26.3465 17.714408133543223 0.011182086756355283 20.934950573736046 r
2459636.8658449 2713.0930530224505 32.3878085271658 25.7956 17.2119382766344 0.012960647877068203 20.27222108137267 i
2459638.8838426 2525.2853166651735 43.5359668493851 26.2127 17.706923866187047 0.01871748863245163 20.368154504808082 r
2459639.7049884 1710.274965886903 37.5972542883262 26.3569 18.27423515301459 0.023867120664815403 20.671584664804215 g
2459639.7069097 1689.8819622117717 30.6279685481949 26.3547 18.285059074191263 0.019677578787368612 20.89197950804516 g
2459639.7151273 2739.7020949112457 32.9559765964581 25.7906 17.196341645476398 0.013059924966744857 20.24833952472634 i
2459640.8895255 2984.9161367526976 29.5575142631848 26.3563 17.668969665404518 0.010750919545247668 20.932205219586987 r
2459671.8071181 2680.85136054602 26.2276774679865 25.7712 17.200518161876257 0.01062177107096055 20.476875403314654 i
2459671.8269213 2719.7148505108908 27.3048262098927 26.322 17.735691568353268 0.010899984537170067 20.983976447466745 r
2459674.8223495 2653.4807138992996 26.9964151449165 26.3015 17.741960161435227 0.011045871850247852 20.975809744146364 r
2459675.8128472 2435.919540621605 27.0262339155466 25.697 17.23034265179858 0.012045710735840346 20.370111160859334 i
2459676.8442593 2390.8393133626532 64.7457097254388 26.2096 17.763224028829104 0.02940156482120149 19.934147499527647 r
2459678.7379977 2695.1084648398423 35.0369865398407 26.276 17.699559379779817 0.01411433223655641 20.66725812337344 r
2459678.7887153 2669.6851941321556 33.1106730421211 25.7334 17.167249867667017 0.01346535456721395 20.18605496724743 i
2459682.7364699 2749.206204636373 53.4733172005093 25.7774 17.179381711525245 0.021117361217461605 19.709632173513985 i
2459682.7874653 2763.6804610385334 73.5542538302934 26.3088 17.705080429682724 0.028895472725360097 19.894855503788573 r
2459684.8241088 2603.945391440876 84.8446876098552 26.2974 17.758320319503632 0.03537550274318468 19.72841335172291 r
2459685.7819329 2755.0957394907723 45.4608933469767 25.7865 17.18615826207577 0.017914764702853955 19.89498007479611 i
2459687.8492477 2432.7968455808154 68.2021028588558 26.2081 17.742835389948915 0.030436994033581733 19.876180575762234 r
2459688.8076157 1495.962433713697 82.4302683648969 25.3128 17.375498280610195 0.05982405730710774 18.77515820475741 i
2459689.6803588 2518.4098398333017 46.9168173343246 26.2923 17.789483981147875 0.020226091787843348 20.36655363043516 r
2459693.6991204 2673.4466727833865 31.6685475841647 26.3044 17.736721185863367 0.012860754793485805 20.805404624750317 r
2459694.7009259 2477.122634848448 32.3209022960671 25.6955 17.21063123068964 0.014165953323900308 20.174366298203303 i
2459695.719375 1967.8022951716007 34.2521438725447 25.9481 17.71314634305076 0.01889801261725781 20.363955590254744 r
2459697.6782292 2646.8969144774246 27.7886709265299 26.2799 17.723057430790263 0.011398313194562014 20.922805549445496 r
2459697.7440856 2556.844068280645 29.8105024243431 25.7323 17.21303939263481 0.012658285612181814 20.29895174999409 i
2459699.678588 2731.557085806836 28.4266418719786 26.2884 17.6973742972348 0.011298612516930446 20.90666109376866 r
2459700.7283681 2660.2848963435026 32.774593982992 25.7567 17.194379628079805 0.01337577668325784 20.220431688448265 i
2459710.7196181 2825.357884154622 53.7891047110272 26.2943 17.66661633220496 0.020669534048156808 20.220139199764894 r
2459712.7243866 2814.187328667008 54.1631056460439 26.2943 17.670917491934627 0.02089586688167056 20.21261609340009 r
2459714.6780208 3019.7836191908846 55.5961059921932 26.3047 17.60476043760555 0.01998841635279057 20.194664053609774 r
2459717.6974306 2947.028186930232 31.3774933089892 26.2852 17.61173927577244 0.011559626282724817 20.79622937506369 r
2459719.7245949 2933.076396616665 28.7028959293242 26.3021 17.63379156246257 0.010624589985591182 20.90986069831127 r
2459724.6845023 2617.222637502589 31.2532728675156 25.6882 17.143598329886558 0.01296476572762646 20.203536229849718 i
2459739.7258796 2634.378136558246 49.9828283000535 25.6662 17.11450471653174 0.02059930422754944 19.67172292109077 i
2459756.6828356 3012.6632222965322 47.0618162927633 26.2681 17.57072353562991 0.016960081555383328 20.33900327860144 r
2459756.6837963 2985.96982315156 42.2689253772467 26.2688 17.58108646415389 0.015369000693262339 20.45632197241828 r
2459756.6847685 2856.560773423519 46.0845000080447 26.267 17.62739132968973 0.01751544799054622 20.360687789183142 r
2459756.6857292 3074.1951456464785 45.4768725685623 26.2601 17.540771418873828 0.016060867384300383 20.36819851231977 r
2459756.6867014 2943.9389795197026 44.6008137878751 26.2682 17.595877990194808 0.0164484059847586 20.397418031821342 r
2459760.672662 2612.2791468162195 106.196249299086 26.1886 17.646051041076348 0.04413665668331775 19.375902043282093 r
2459760.6750231 2686.4674232050506 92.5719851074868 26.1917 17.618746053574867 0.03741173384909017 19.5280760471322 r
2459760.6773958 2621.0683302833286 74.277532742719 26.1494 17.603204142522685 0.03076727011159331 19.72483131550576 r
2459762.6720718 3033.5387554549375 88.1964889319244 26.2422 17.537326130716345 0.03156542103218656 19.63114674820801 r
2459762.6744444 2874.5079600198296 79.7181294130822 26.2479 17.601491210945696 0.030109491539966473 19.746582240603743 r
2459762.6768056 2920.9245418422283 68.2977656823847 26.2605 17.596699155738694 0.02538610057848262 19.92705874853896 r
2459762.6791782 2850.4938045895906 71.156644297896 26.2449 17.607599746442183 0.02710224052753158 19.866936342052043 r
2459762.6815509 2862.8641521108975 69.0795321378915 26.2044 17.562398148797183 0.026197417710794535 19.858601520374645 r
2459764.6708681 2976.5119865034685 118.321870316189 26.2596 17.57533091047935 0.04315858803350286 19.329512424298144 r
2459764.673287 2821.134795330409 102.174099215073 26.2465 17.620440406315232 0.039321204963838924 19.475722945201063 r
2459764.6757176 2770.665856450563 95.8825027493155 26.2369 17.63043961792434 0.037572063405831094 19.53512658522526 r
2459764.6781481 2743.8410876733997 86.6490010875252 26.2326 17.636702612100752 0.03428581228823842 19.640766088115505 r
2459764.6805671 2720.6958912721416 98.255760129593 26.2277 17.640999998107954 0.03920918876487129 19.49937993965403 r
2459765.6707407 2934.1749970801884 121.241692876832 26.2457 17.57698496992657 0.04486170936885641 19.289145009867916 r
2459765.6731597 2618.1583730476523 104.411328237443 26.2516 17.706610216025076 0.04329737277712369 19.457305937798175 r
2459765.6755903 2807.701226322558 101.138379807153 26.2251 17.604222770792017 0.03910884033072369 19.465385008801007 r
2459765.6780093 2922.0851672302642 80.5667765712668 26.2097 17.545467825625188 0.029934565324916663 19.696885018839588 r
2459765.6804398 2739.309554439856 72.8176333386384 26.1953 17.601197219302342 0.02886059532323495 19.792283589834618 r
2459766.6705671 2573.484682049967 130.656395936399 26.2104 17.68409603105733 0.055121233111499114 19.172648303372128 r
2459766.6729861 2850.342715900234 113.343419755807 26.2064 17.56915729675418 0.04317268591682814 19.322984209470217 r
2459766.6754051 2571.5022035695074 93.5989891243862 26.2293 17.703832747968672 0.03951792160678944 19.553697093278142 r
2459766.6778356 2735.7557999559826 110.293992730671 26.2061 17.613406678440477 0.043770788280743544 19.352295342124943 r
2459767.6703704 2721.3985171431837 115.200518405919 26.2292 17.64221964047592 0.04595916476231609 19.328138905584254 r
2459767.6728009 2747.1215362452594 91.1746649895709 26.2387 17.641505315998046 0.03603347448343093 19.591589548596232 r
2459767.6752199 2647.7176230497544 82.5471814576442 26.2016 17.644420834797728 0.03384857740431341 19.66241936658296 r
2459767.6776505 2770.906720132924 65.5024795840445 26.1953 17.588745235177598 0.025665260244121673 19.907230638062735 r
2459767.680081 2770.396639689241 68.6110874250956 26.2311 17.624745120573024 0.02688822840392344 19.892689232748314 r
2459843.0178819 2564.2635752142187 49.1224111983569 26.2603 17.737893341625373 0.020798252704424394 20.284675798609324 r
2459843.0202431 2700.2551094392966 57.7605282892939 26.2735 17.694988008687737 0.02322395589382225 20.121997097351045 r
2459843.0226157 2542.664061165055 70.1048417466435 26.2751 17.761877538431964 0.02993428343398843 19.913304955968123 r
2459843.0249884 2554.630816871442 83.4882624361952 26.2674 17.749079632933103 0.035481920099118026 19.715911432711604 r
2459843.0273495 2517.096719067781 106.784752221682 26.2784 17.77615024107505 0.04605949569153532 19.45970187846656 r
2459844.0181713 2511.6946254096733 42.8389634107088 26.2588 17.75888290931298 0.018517483019027614 20.431777605378976 r
2459844.0205787 2510.8566178030537 46.1480467834848 26.2606 17.761045217296612 0.019954518325569885 20.35279167857776 r
2459844.0229977 2636.374302312484 50.3206398921431 26.2678 17.71528232558895 0.020722823266399834 20.266009601436366 r
2459844.0254167 2462.7392157160425 62.6000344864975 26.2684 17.789853935050832 0.02759726121558897 20.029538557999235 r
2459844.0278356 2688.453758663238 78.5106872863806 26.2813 17.707543572441864 0.031705605094434014 19.796553041131872 r
2459849.0084838 2548.6250422082353 36.2654699507946 26.2212 17.7054351348244 0.015448887173871181 20.57504171492099 r
2459849.0109375 2599.1944368082686 35.5370693982379 26.2231 17.68600307801315 0.014844059259008394 20.59897096317186 r
2459849.0134028 2518.0837777961665 34.9529826177303 26.2345 17.731824562030564 0.015070369605129807 20.628364386655747 r
2459849.0158681 2602.012724729442 37.9344587359961 26.237 17.69872645980285 0.01582830147533327 20.541990259766905 r
2459849.0183218 2578.8764184432994 36.0317428666042 26.2391 17.710523672644776 0.015169266332617127 20.599961815185587 r
2459850.0073727 2538.58221288471 32.3472451378183 26.2465 17.735021918127256 0.013834259086776437 20.724481739738515 r
2459850.0098148 2682.864871842613 36.8940990915239 26.2492 17.677703002340824 0.014930279867638944 20.584382714475204 r
2459850.0122569 2565.6425254524684 35.579093026985 26.2396 17.716609636502938 0.015055963921780284 20.61418780674326 r
2459850.0146991 2562.5170168961404 42.0988974770442 26.2436 17.721933104772617 0.017836671011140996 20.435498183413163 r
2459850.0171528 2567.3751430782036 34.5388801769272 26.2602 17.736476669707116 0.014605914647568757 20.667004357359954 r
2459851.007581 2679.9298152801457 33.6039516698327 26.2207 17.65039144891653 0.01361371858319489 20.657299110604185 r
2459851.0101389 2563.458498513551 33.6108193669517 26.2151 17.693034273101823 0.014235169638150693 20.651477239509 r
2459851.0126852 2390.974067562438 34.1261660557146 26.1839 17.737462835511078 0.015496102190879074 20.603756239923598 r
2459851.0152199 2558.377739623321 33.1729082188782 26.2322 17.712288330915346 0.014077603121476035 20.682816121331577 r
2459851.0178009 2560.741393394812 32.6940685489066 26.2511 17.73018569566076 0.01386159114509037 20.71750256699989 r
2459852.0093403 2607.130509554823 29.6710309378323 26.2196 17.679193070179657 0.01235605128747665 20.79134339815439 r
2459852.011875 2580.649424295136 27.6553107312484 26.2199 17.69057747356407 0.01163481198889204 20.868028632896547 r
2459852.0144213 2501.0484630232068 27.7414549305223 26.2172 17.721894732069547 0.012042508597238882 20.861951903217328 r
2459852.0169676 2597.0204869244553 30.9869036886971 26.2224 17.68621156092564 0.012954261048075079 20.74702953340321 r
2459852.0195023 2610.850039571224 32.019352099928 26.2291 17.68714518051258 0.013314977899152331 20.718143639461033 r
2459852.979537 1321.515952765657 35.4282806944292 26.1318 18.32911897471645 0.029106333729414048 20.510999796941164 g
2459853.0082986 2745.2450429694914 32.4179898682219 26.2798 17.683347209947538 0.012820790511967302 20.755409783684094 r
2459853.0108449 2733.540942889752 29.8835646478452 26.2786 17.686786042186753 0.011869069026588961 20.842593987011657 r
2459853.0133912 2661.618873371795 30.6427561009559 26.2685 17.705635331433744 0.012499475650569818 20.805255428011307 r
2459853.0159259 2743.691731674983 30.3751375457676 26.2865 17.690661713784607 0.012019676428192292 20.83277935616398 r
2459853.0184722 2668.6958926083557 34.715374994265 26.2764 17.71065228198576 0.014123183812613143 20.677670337030715 r
2459855.0122569 2573.682246223252 32.7916163423756 26.2294 17.70301268323559 0.013833043265213141 20.692567928786186 r
2459855.0166319 2656.066468974693 31.1837210749926 26.247 17.686402651999018 0.012746731441622687 20.764755146127236 r
2459855.0210185 2628.766278388336 30.9615069187371 26.2576 17.70822006242374 0.012787332345986177 20.78311976428739 r
2459855.0254051 2635.492190309654 33.5411528149239 26.2416 17.68944566595366 0.01381739234328153 20.680230025912028 r
2459855.0297917 2635.6647431142314 50.319080380104 26.2733 17.721074582193644 0.020727759746912225 20.27154325054982 r
2459860.0367708 2877.5137854075983 63.7230456054864 26.3084 17.660856467757927 0.024043016219321672 20.050233677973765 r
2459862.9984722 2627.8963658220423 61.9732560699882 26.2716 17.72257941421812 0.025603887957788136 20.04366420279254 r
2459866.0127546 2751.518945147546 44.1670621259609 26.3107 17.71176873144179 0.017427530141023394 20.450528708860794 r
2459870.0048843 2898.956648492426 46.6348706974662 26.3222 17.666595697781265 0.01746541437332961 20.402998046783456 r
2459873.9876505 2614.110971675135 31.3673647242642 26.2751 17.731789950301852 0.013027583086616511 20.786479904862592 r
2459874.0071296 1962.791528936048 37.0131395253085 25.4497 17.21751456256471 0.020473476164027588 19.781385178294016 i
2459877.966875 2676.41858546827 35.6794778390237 25.7531 17.18421490743372 0.014473524171500444 20.12462876428385 i
2459880.9945139 2620.9954108199117 35.8538340960739 26.3218 17.77563434868017 0.014851803065893303 20.688035977732476 r
2459881.0167014 2738.0140337609837 33.2031739236842 25.7767 17.183110825522114 0.013165997502002149 20.226325988359367 i
2459882.9890741 2455.8967759421907 52.3906939780611 26.3036 17.828074727561713 0.023160817266091746 20.25803961105658 r
2459883.9764815 2560.641514877363 30.0657913959253 25.7747 17.25382804427028 0.012747754626683636 20.332093389431265 i
2459887.974375 2638.7829447627564 37.9196145621487 26.3329 17.77939082889157 0.015601633931973983 20.638315203516946 r
2459888.0253819 2503.64604578284 41.7808098466997 26.2695 17.77306767430597 0.01811814626391338 20.46963285477971 r
2459889.9281366 2619.379850179223 41.47355256004 25.7322 17.18670379414802 0.017190265860583198 19.940346894290975 i
2459890.0237037 2729.501817383119 28.2318801006386 26.3455 17.7552915304795 0.011229650784643913 20.971225486836918 r
2459896.926169 2655.424658986861 74.7753063780247 26.2965 17.73616504021618 0.03057271832581228 19.86467948628863 r
2459898.0162731 2781.869978652053 38.9204597104806 25.7864 17.175557930713936 0.015189762078004734 20.063530085879222 i
2459900.9246759 2457.216779682835 71.6426166615732 25.7664 17.290291319150782 0.03165467107037654 19.38104639026656 i
2459901.0070833 2782.7249654260813 53.6739482536169 26.3699 17.758724289141895 0.02094127387469972 20.298066131290298 r
2459903.0112731 2758.9536361941277 52.8998243060159 26.3553 17.75343899428431 0.020817073000280132 20.299239415076457 r
2459903.9055093 2762.8235703173964 37.657446107776 25.7688 17.165417118946543 0.014798154206609557 20.08174783105963 i
2459904.9873958 2886.6812134151123 28.7934468122462 26.3314 17.680402935430735 0.010829406814572385 20.935740847637064 r
2459906.9105903 2719.245511757192 28.8279347331024 25.7763 17.19017894904535 0.011509990033781104 20.3793411638125 i
2459906.9563542 2875.571803385242 29.147088038697 26.3438 17.69698945885921 0.011004765537886948 20.934887057279674 r
2459909.9542245 2976.8865088178873 31.2898794930372 26.3788 17.694394305332857 0.011411729021231798 20.892865262790934 r
2459913.8837963 2743.4505025038143 41.6004052284322 25.7761 17.18035717740985 0.0164630489652678 19.980931086414316 i
2459913.9668519 2771.630268222035 30.7937834512081 26.3519 17.745061761251364 0.012062507426152247 20.883317360679392 r
2459922.948831 2691.754144842407 46.116787260518 26.3576 17.78251152383774 0.018600880033817414 20.450527378099224 r
2459928.9786921 2563.4030167258943 42.9325774296108 26.2615 17.73945777230709 0.018183601646401856 20.43210758453155 r
2459932.9069792 2748.097042970867 30.4168288880013 25.8051 17.207519837980804 0.012016879537850115 20.34989015259186 i
2459932.9716319 2694.3822532899067 29.0060417272188 26.3561 17.779951976694107 0.011687970207192809 20.95245382066207 r
2459934.9260301 2685.5202884357486 33.1510747541489 26.3534 17.780828905724082 0.013402290057374327 20.804730957290623 r
2459935.9070139 2770.131266487269 24.6918342712579 25.7978 17.19154912701365 0.009677492468542524 20.568991605733924 i
2459936.9301157 2905.5646206776078 25.6762032838183 26.3687 17.710623653177358 0.009594229536956713 21.097447975596964 r
2459951.9286921 2978.102170516592 94.3467560231035 26.3845 17.69965101718961 0.0343951507199349 19.70025755873656 r
2459956.9947222 2526.347052209085 55.6577979752215 26.2628 17.756567473222276 0.023918990547580902 20.151559938985585 r
2459956.9956713 2578.3847660934002 57.3505664255199 26.2824 17.754030683590685 0.024149037330269206 20.138630710189975 r
2459957.998588 1127.3044219503463 63.0677938827953 25.7919 18.161796973592594 0.06074020689113099 19.544955890164267 g
2459957.999537 991.3302307013814 64.1036075116426 25.8143 18.323754124429588 0.0702059561183252 19.549668812464535 g
2459965.8415625 2699.574828929901 62.8807131763875 26.3587 17.780461574778066 0.025289015723511422 20.11498134237939 r
2459966.828831 1915.0592192190777 45.1775750193216 26.4124 18.206944479587722 0.02561241590141467 20.527667699812405 g
2459966.8535648 2634.3214726882165 50.8458638971115 26.2522 17.70052807030772 0.02095543577555901 20.239135912616746 r
2459967.8736343 2469.612468515231 64.6536594366113 26.2434 17.76182797716434 0.028423276503997775 19.969492211047406 r
2459968.8647685 2988.5525553387806 33.9122999746965 26.3607 17.672047756140135 0.012319871710723275 20.787381876227105 r
2459969.8409722 2877.32290289555 31.9319790837206 25.8124 17.164928493452308 0.01204889088266989 20.30441039884773 i
2459971.844838 3002.920324156672 31.9572410945666 26.3599 17.66604047672711 0.011554078334101268 20.851051791366423 r
2459977.7978125 2978.0584493504202 54.032731481921 26.3496 17.66476695687158 0.019698517530009323 20.270532682400574 r
2459979.8952083 2666.2063648184517 71.2505312870407 25.7846 17.219865597889232 0.02901377134159212 19.4052047215228 i
2459983.8539815 2637.5047170889084 102.389998114922 26.3089 17.755916887431027 0.042147724033671764 19.535831151653433 r
2459984.8632176 2744.2534111533405 45.9711588098716 25.7939 17.19783946821495 0.018187419178209683 19.890261360935487 i
2459985.7456134 2788.350621845977 51.6632727103325 26.3501 17.736731541680115 0.020116126982794615 20.319720204319943 r
2459987.8884838 2819.556231787988 37.0269844930917 25.7903 17.16484809910536 0.01425763267670572 20.121579128651327 i
2459992.8270255 311.8509983421502 79.4941827099487 24.255 18.020132153212074 0.2767566389943026 17.75673661750012 r
2459993.7702778 1393.8829161039394 43.4964394532936 26.217 18.3564342618388 0.03387952012959419 20.373440719708718 g
2459993.8426505 2441.697996829673 27.845862449135 25.729 17.259770132735888 0.012381651170734366 20.369673305376818 i
2459994.7807755 2743.1286016717795 30.2116338046255 26.3413 17.745684578977 0.01195743094278982 20.8934394592317 r
2459995.7433912 2450.1706567943825 37.0050371535406 26.2597 17.786709163861183 0.01639737572000913 20.591622877702534 r
2460020.7044097 1322.230213197915 24.8998847102992 26.3174 18.51413230838685 0.020445611180362092 21.079481648508644 g
2460021.7188426 82.47063178436677 54.2260847681283 22.8865 18.095751696039933 0.7138693976140605 16.803554367568857 r
2460021.7971875 2542.1402864862275 27.0709850644178 25.7538 17.240801217100824 0.011561505334964384 20.425114841028726 i
2460021.8273032 1148.9641432952212 39.4127172483009 26.1285 18.47773381124711 0.037242578339962605 20.39198404502674 g
2460031.7459028 1967.0379454289557 30.9624246846478 25.6031 17.36856815544892 0.017089606511272174 20.128587581199174 i
2460031.8050231 2287.075069639111 30.2599417329693 26.2837 17.88549895031636 0.014364731256796413 20.834104770579366 r
