jd flux fluxerr zpdiff mag mag_error limitingmag filter
2458202.790625 4730.649924491802 36.2325801163433 26.2207 17.033397973086558 0.008315498474882358 20.57552683621595 g
2458202.7920139 4707.967539354689 34.1598292417378 26.2215 17.039416350514443 0.007877566337859292 20.640285761485536 g
2458205.8084028 5371.164019662867 67.9470099885827 26.2528 16.92762896334217 0.013734465839163594 19.924949113310973 g
2458205.8166898 5209.928442012743 62.9159298090956 26.2543 16.962220604156382 0.013111086985936769 20.009973441035886 g
2458210.7856366 2615.195784899236 112.588244789279 25.506 16.962239481027616 0.04674107310571014 18.629842367437703 g
2458210.8032986 4611.957197374788 80.5662426302931 26.0956 16.93588682989077 0.018966084436668064 19.582792214373427 g
2458214.7396181 3742.9007457986027 47.1133931944911 25.4198 16.486779223373112 0.013666141440880014 19.48951402900085 r
2458214.770625 608.215262214944 38.1317592296739 23.936 16.975856715278436 0.0680674319892786 18.235357883783593 g
2458217.7423611 6523.642548060116 24.3799513126299 26.0256 16.489374608525296 0.004057443819939713 20.810592904194127 r
2458217.7606944 6647.115049304847 22.5124999538613 26.0466 16.490017010810313 0.003677057041831002 20.918115676816164 r
2458224.7642245 5995.534876885827 30.6106117985271 25.9864 16.541830165809024 0.005543115320333704 20.524294964899617 r
2458224.7823032 6006.059893137543 32.8490022597875 26.007 16.560525853199138 0.005938029654716024 20.46826953156271 r
2458229.7609144 4777.445993570884 33.2269584821392 26.267 17.069010534270404 0.007551002956936575 20.71584851716077 g
2458233.6719792 6762.704377910081 61.4104475068136 26.1595 16.58419899182718 0.009858973442034735 19.94146933375894 r
2458233.7125694 5016.060974846711 46.329341851342 26.2563 17.005392982238348 0.010027742226466685 20.344234662371072 g
2458237.7324306 4759.626409334834 107.405595734994 26.2197 17.025767836020073 0.024499875675280045 19.394707718397214 g
2458242.7548032 6752.969345055684 28.3973588126517 26.1345 16.560763054362127 0.004565549003338726 20.753880116721238 r
2458245.6677199 6559.904834781175 22.8368049862748 26.0914 16.54915615233417 0.0037796156801146075 20.947386630975352 r
2458248.7065046 4742.805846558437 21.6445285749212 26.2307 17.040611633602325 0.004954759995255565 21.144904661227525 g
2458257.7047454 3797.3494740552674 26.5188065617124 25.4049 16.4561985811105 0.007581990670272483 20.098590050624246 i
2458257.7119213 6449.546155056442 23.4630944655194 26.0799 16.556077112361194 0.003949716933375676 20.90651176631456 r
2458260.6877315 6598.938528648393 36.2535317611418 26.1013 16.552614793048754 0.005964665265814128 20.455499186053697 r
2458267.6880324 4980.866691400831 69.5589949109442 26.1677 16.924437704072858 0.015162060230440064 19.81439174400838 g
2458271.6874537 6517.911297082415 31.7160548207977 26.0944 16.559128885471054 0.0052829992845029455 20.59377708952876 r
2458274.7274421 4990.878936337748 20.6087603128649 26.1843 16.938857411699225 0.004483164460025131 21.151745318478866 g
2458277.7333102 6481.690712200246 29.6774343093532 26.0423 16.513079240259458 0.004971047194371181 20.61380910827711 r
2458280.6740394 7164.38341962535 37.4366294117964 26.1453 16.507352949655335 0.005673195608298811 20.46463313831056 r
2458280.7121412 5266.558282903303 27.6935228762668 26.2159 16.91208276322071 0.0057090145350461915 20.86252947516565 g
2458283.6949884 7145.812077466199 24.8832249598809 26.1388 16.503671022948204 0.003780636412778724 20.901608324483142 r
2458283.7346065 5041.732487303298 34.2571741106093 26.1595 16.90305050393284 0.007377030420704089 20.57519615175044 g
2458286.7163773 4999.640272791529 30.640135262414 26.1565 16.90915310574087 0.006653677672659626 20.693348293711026 g
2458293.6755787 5214.722289256027 55.7513910307139 26.2132 16.920122037583138 0.011607384225763184 20.100135719750643 g
2458293.7373958 6442.098627326864 62.7761021058722 26.0463 16.523731576245048 0.010579784321716704 19.80438912419627 r
2458432.0493981 6541.421450913615 69.8443731626059 26.0498 16.510619673069108 0.011592287167500933 19.692046429135516 r
2458442.0023843 4232.081532639201 29.7851272121749 25.9957 16.92931493511518 0.007641089228754041 20.56327634088733 g
2458442.0564005 3541.417148035722 53.1588691856649 25.3664 16.493457285321753 0.016297030782405367 19.305035654403515 r
2458447.997419 6901.57577360029 64.5942340715037 26.0869 16.489529348646816 0.010161441710122301 19.813990606815004 r
2458449.9859838 5687.854919041834 62.6507616406092 25.8569 16.469528724376776 0.011958802198961137 19.61715910154071 r
2458450.9851389 4943.066443275074 52.743561685894 26.1489 16.9139088795967 0.011584648027598543 20.09605135506222 g
2458461.9991088 3271.330545160377 29.3290487396854 25.7819 16.995088928065442 0.009733821690316337 20.366230045977673 g
2458465.0010417 4946.850681823905 30.3608617519264 26.2355 16.99967799599101 0.006663388431185295 20.78228975351282 g
2458467.9798843 957.6588180232288 21.7882766694817 24.4459 16.992872970104628 0.02470141926838343 19.35291778579446 g
2458468.044213 6165.986324809352 29.4423799262281 26.0032 16.52819360701373 0.005184181443492613 20.58334270775336 r
2458472.0017824 4999.87648303921 33.3667244327966 26.2073 16.959901810858494 0.007245429530024487 20.651591052578762 g
2458476.9718519 7005.161775918042 42.3367369944787 26.1356 16.522054576863702 0.006561589414383184 20.321381532319265 r
2458482.9767824 6686.014298076 32.3030873494058 26.1385 16.57558174750368 0.005245496101517793 20.617964909745925 r
2458483.0227315 3731.4354443524107 46.540604667962 25.9625 17.03281016871076 0.013541473580759123 20.045494935516878 g
2458483.0437384 4789.655011200035 36.1464672010653 26.2372 17.036439416947864 0.00819353781189432 20.594610345046046 g
2458486.9798727 6649.206267538265 29.8610995394749 26.1441 16.587175486066332 0.004875799375977372 20.70891050118854 r
2458491.9756366 3764.660235814238 31.7238450233252 26.0023 17.062985532967257 0.00914892085457342 20.50141044014912 g
2458492.0433449 6493.839998320911 35.9809758747172 26.1011 16.56984604039237 0.006015631046850747 20.463492643938977 r
2458493.9913657 6923.024813972617 18.6836076910189 26.1649 16.564160279395477 0.002930047690887773 21.238823140123056 r
2458494.9390856 6637.785297938823 21.4621504228651 26.1128 16.55774199786178 0.0035104263949815085 21.0361919031472 r
2458494.9977546 4879.54700154802 19.785033891524 26.2354 17.014451235904993 0.004402173252806656 21.247132992800243 g
2458503.0246181 6748.20800534497 47.6793660836453 26.1228 16.549828848186955 0.007670997650933767 20.179548807533205 r
2458505.9598611 4958.222741841891 95.18581623606 26.2484 17.01008491750867 0.020842799137559563 19.55454439312888 g
2458506.0225463 7174.394079774218 103.052310416672 26.1368 16.49733692948925 0.015594890965747153 19.356730656563204 r
2458510.0038889 4896.251374568256 65.5174821958478 26.2249 17.00024073380176 0.014527916354438461 19.93658199077799 g
2458511.998044 4320.408183448235 31.7121426438143 26.1285 17.0396880499507 0.007969125093386379 20.628011023405662 g
2458512.9557986 596.0802269475837 39.1682160217626 23.6317 16.693438210650186 0.07134095414066988 17.901940510733752 r
2458512.997419 772.1024714514778 40.4459960266355 23.8069 16.587712643484974 0.056873562136859186 18.042286152015237 r
2458524.9209954 5043.409229274269 39.6738013289746 26.2275 16.97068947787453 0.008540620866704074 20.4838154536221 g
2458524.9515856 6810.65606810186 21.7126042360294 26.1151 16.53212762659377 0.0034612486937146214 21.025895198199244 r
2458538.8158102 2367.9081561810285 42.3029008277491 25.5326 17.09668786639868 0.019396132112978772 19.719249616213546 g
2458538.8571759 3753.993266740731 64.3356989844634 25.5518 16.61556627668943 0.018606657877166633 19.283244929721686 r
2458543.7951736 1250.9339211744173 32.6663408312261 24.682 16.9389140767402 0.0283514945435053 19.149323766516616 g
2458543.8367593 5559.155572391285 30.7530432689959 25.9109 16.548377930263527 0.006006052293799482 20.443754740951743 r
2458547.7976042 6391.457147611216 21.2744459000476 26.1053 16.591300296300474 0.0036138341195503985 21.03822934525729 r
2458547.8160301 4608.0449438391 22.0173155880636 26.1849 17.02610823435375 0.005187492705755892 21.080564070458742 g
2458556.8356366 5015.63664412996 43.9301429606828 26.2187 16.967884833336687 0.009509252682455182 20.36436844770877 g
2458559.7917245 6706.821910790933 37.9107397863582 26.1191 16.552808063799347 0.006136988686075781 20.424769340940188 r
2458559.8136458 4678.46348502145 51.9507133540693 26.2036 17.0283418895064 0.012055857584245835 20.167196200687364 g
2458567.8121528 5679.0650273142855 50.4537531698278 26.3103 16.924607896154498 0.009645538403420468 20.30564129363355 g
2458567.8151042 6678.086382440571 41.922350506104 26.0812 16.519569918888966 0.006815589577300914 20.277660927359335 r
2458572.7938426 4375.62184872384 29.7071138346591 25.5932 16.490600544445293 0.007371069668576605 20.163623838157026 r
2458572.8147106 3668.5451427003723 26.215973948887 25.7839 16.87266533103616 0.007758575077900113 20.490059997132096 g
2458575.7333681 1923.6192959979342 31.83157311721 24.7237 16.513402187823562 0.017965893254063104 19.21912973416874 r
2458580.7517477 4902.356927513756 26.5796488090711 26.1233 16.89728768027894 0.005886459337558611 20.814501893136974 g
2458580.7751389 7057.272330113373 22.9038802176823 26.1054 16.48380780858857 0.0035235628709170412 20.958202329775727 r
2458583.7536806 6740.153121811192 33.3427341806484 26.0634 16.491725592785482 0.005370828502810388 20.50847196392126 r
2458586.7103009 6891.656799023186 27.8226931022441 26.063 16.467190895820348 0.004383140191396057 20.704577075915264 r
2458586.7533449 5261.4170011312435 32.4500093660995 26.1458 16.843043190520724 0.006696100149674377 20.620337922941115 g
2458592.6729167 3642.245816803932 114.359588146811 25.78 16.87657686705642 0.03408891411946029 18.88689353259481 g
2458592.7528009 7287.850333560022 75.1540456092612 26.1074 16.450901387006013 0.011195996567360476 19.670094079131836 r
2458596.7102431 5499.406739357648 28.1969743477547 26.1889 16.838110396137154 0.005566683189709487 20.815968716107285 g
2458599.7105093 3795.944917335992 25.0497966217613 25.7687 16.820400245531903 0.007164636153712391 20.524264478662307 g
2458605.7311227 5135.599320362603 24.1013448527078 26.1328 16.85632216822009 0.005095185288858815 20.930271797057394 g
2458608.7127546 6927.048930517299 24.9171098264619 26.0393 16.43792936157825 0.0039053435900256385 20.800630823085786 r
2458608.7747338 4975.365601303456 24.4048716417446 26.0967 16.85463750197161 0.005325511985390691 20.880583669630212 g
2458612.670081 5169.833195582006 21.9361946267975 26.1378 16.854108672926145 0.004606749503381781 21.037471762412558 g
2458612.6897685 6855.976741869606 24.6452603357469 26.0392 16.44902666094392 0.003902778576116312 20.812441463894636 r
2458619.6546528 1955.0693468929082 205.390312218753 24.7812 16.55329458360022 0.11405849226283986 17.252325101439634 r
2458619.7321296 3940.8506792366434 113.675513790547 25.853 16.86402505113346 0.03131747822180953 18.966407674645886 g
2458632.6759606 6514.219911446391 34.0780368310092 26.0519 16.517243960791248 0.005679655444608975 20.47328856925908 r
2458633.6676736 6522.005401454862 30.7042009740832 26.0464 16.510447114629713 0.005111242470011751 20.58098048898122 r
2458633.7296065 4504.304575373872 24.1389296518746 26.0757 16.94163062680166 0.005818353418266557 20.871479966491336 g
2458634.6873148 6399.168610986627 20.0066339828778 26.0144 16.499091116257084 0.003394378838200584 21.01403992194588 r
2458634.6897801 5551.769561772626 35.1602590583552 26.5522 17.19112142128192 0.0068759145773096214 20.939644823496934 g
2458634.690706 4634.742722316047 21.768071487066 26.0733 16.908235922072507 0.005099224839323447 20.981325101631274 g
2458637.6822569 6532.654017225002 19.6199178761643 26.0168 16.479075855822323 0.0032607489669566427 21.037632026147904 r
2458637.7140278 4509.82519944143 22.8164144829995 26.0452 16.90980072756077 0.005492847307532163 20.902156495066812 g
2458640.6965162 4422.443360867449 22.7307257605181 26.0526 16.93844430120119 0.005580342571838804 20.91364173324433 g
2458640.713287 6440.591575997849 26.7120219922486 26.017 16.49468560085823 0.004502884856891599 20.70280808014739 r
2458643.6690856 4973.713383999077 52.306615111208 26.144 16.902298112670273 0.011417885921801452 20.100183447459173 g
2458643.7389583 6409.9570657692875 40.6187081776227 26.0165 16.499362198497003 0.006879879383896055 20.247259721291737 r
2458647.7371412 6508.627892141417 56.1324420822286 26.023 16.489276392511535 0.00936341628045118 19.90254014684945 r
2458650.7489005 7042.556454038976 65.2350686967967 26.1806 16.561274157419426 0.010056818791064561 19.896972179005523 r
2458654.6735069 6557.657140369639 43.2367303610625 26.0079 16.46602823416284 0.0071583672565045916 20.17084287816757 r
2458654.7327083 4042.815535004325 53.6560844800609 25.9197 16.902990185348333 0.014409366545570032 19.848227546364686 g
2458662.6760069 6495.736385843015 47.4937053346097 26.0315 16.49992902056898 0.00793811706924646 20.09248485560289 r
2458662.6979051 4580.637416117167 30.2192136707986 26.0366 16.884285209444116 0.007162540341426323 20.58846709054854 g
2458669.674213 6566.695245836268 52.6042047975179 26.0039 16.46053284611016 0.008697279683396047 19.95392383945174 r
2458786.0299421 5573.201502667042 46.4547410145322 25.9168 16.5515381361625 0.009049719859463477 20.001799881097952 r
2458786.034838 5606.299460832292 49.2162039791978 25.922 16.550309270223885 0.009531070010356246 19.944304704795385 r
2458786.0397338 5623.310534405177 53.9209679145638 25.9396 16.56461983228341 0.010410592569388378 19.86278079053369 r
2458786.0446412 5809.303881602267 83.9166671761683 25.9632 16.552889763039413 0.015683174337238714 19.4061544213029 r
2458788.0296065 5552.5949025034215 80.8467767411581 25.9298 16.568560024865725 0.01580798654486775 19.413218214621725 r
2458788.0345023 5615.227789789429 94.749138357737 25.949 16.575581553162596 0.018319673460451488 19.26013681612648 r
2458788.0394097 5774.1715060240385 85.1730382408492 25.9658 16.562075801825088 0.016014828711204028 19.392619640633416 r
2458788.0443171 5728.71068424326 115.711987596817 25.9788 16.58365777567699 0.02192962986931836 19.07292910523207 r
2458790.0315046 5758.651414073566 45.1229389280456 25.9561 16.555298024080777 0.008507195742817933 20.072681543710527 r
2458790.0363194 5589.133300143606 44.1257576223727 25.9551 16.58673883097614 0.008571514128922122 20.095944551335066 r
2458790.0411574 5399.950385959051 47.2325825826924 25.9236 16.592625575999612 0.009496460382926565 19.990570757721468 r
2458790.0459838 3942.7313150605087 60.7503736931204 25.5856 16.59610704435884 0.016728677520245528 19.379302604786098 r
2458792.035081 5518.482615349056 42.4094405625857 25.9885 16.63395080312812 0.008343585153413938 20.172418630233295 r
2458792.0398843 5743.280757291729 44.2931594277817 25.9663 16.568399882350267 0.008373103322467424 20.103033340202757 r
2458792.0446991 5585.398936830483 39.9386368400991 25.9791 16.611464504949012 0.007763344840306367 20.22819189484164 r
2458792.049537 5767.005787565806 78.5140307979838 26.0032 16.600824031865237 0.01478109895800037 19.518406804187222 r
2458794.0366667 5595.753134664507 38.7731616966815 25.9662 16.596553633331986 0.00752285182012608 20.247446948375437 r
2458794.0414583 5591.238267112185 40.8468571839792 25.9669 16.598130000400005 0.007931594170382441 20.19157837188257 r
2458794.0462616 5723.931412124547 43.4245266875104 25.9844 16.590163947201297 0.008236648071073042 20.14263725545093 r
2458794.0510532 5678.5470986038545 56.0875636635799 25.991 16.605406919425683 0.01072356481546492 19.871408550414625 r
2458796.0375579 5620.900784659588 36.5662573387294 25.9811 16.60658520108679 0.007062922316829832 20.325973710841346 r
2458796.0425926 5771.3841006382645 51.2640175550933 25.9938 16.59060005325249 0.009643673491322398 19.971843392184923 r
2458796.0476389 5812.447147152254 49.5801781212269 26.0013 16.590402457859057 0.009261021738939869 20.015604782468962 r
2458796.0526852 5916.21554286486 54.7118446850976 26.0074 16.57729002982022 0.010040311977181004 19.914771594509606 r
2458801.0409722 5637.1475127930935 39.8620790005658 26.0074 16.629751501048773 0.007677333096694286 20.258575125368203 r
2458805.0164352 3736.7674485334455 71.7560035147524 26.0499 17.11865982224858 0.020848365355607544 19.662829382987894 g
2458815.0142361 3081.2131150654004 37.8110786365189 25.8666 17.14479565562275 0.013323157646885854 20.175127322518595 g
2458829.0455556 4930.243379978782 69.515224383643 26.2726 17.040429103443408 0.015308104143460363 19.919975166831136 g
2458831.9436574 6665.904319263396 86.0124522792083 26.1483 16.588652310964957 0.014009159892930426 19.564471664403783 r
2458832.0466319 5197.108877495378 72.0640857551711 26.3001 17.01069546193547 0.01505451968558626 19.9083777859015 g
2458835.0011227 6867.235091437625 126.178370219065 26.204 16.612045212020362 0.01994861901810329 19.20411270528909 r
2458838.9990509 2758.4326184279766 38.3440280031263 25.6591 17.057444050746774 0.015091944216755642 19.952430656273517 g
2458839.0174769 4006.52781275139 50.8578966081098 25.6072 16.600279595253497 0.013781613638545097 19.593879002745012 r
2458850.9836111 6946.695111675482 41.4394412467273 26.1893 16.584854404398477 0.006476576363047038 20.39834026186208 r
2458854.0023958 4993.3616390575025 23.4217184418781 26.2966 17.05061744869179 0.005092553183699864 21.125128099376496 g
2458854.0457176 6787.265089414099 25.6548258026554 26.1928 16.61356297072198 0.004103780242410921 20.92245231385084 r
2458857.039375 4879.416310323106 28.1300405963894 26.2717 17.05078031608288 0.0062591062399997635 20.901349091845493 g
2458860.8769444 6350.5857279428255 78.2397639508525 26.1383 16.631265542407 0.013375917649246059 19.657306160369224 r
2458871.9809144 6846.039874760853 48.2109585012946 26.189 16.600401439106157 0.007645681094821843 20.23371057428333 r
2458873.8989236 4573.007609088551 24.983107863949 26.2253 17.074795189975795 0.00593136126735979 20.983758831585888 g
2458874.0068866 6755.1523719612605 25.7771953475122 26.1739 16.59981212602174 0.0041429562869606425 20.898385832233306 r
2458876.8499769 6546.800674807982 21.7824782742904 26.1433 16.60322720373166 0.0036123349154953037 21.05060676530073 r
2458877.0066319 4591.097039221559 22.8801863087851 26.256 17.10120881929761 0.0054106933622252275 21.109926097888533 g
2458879.9629514 4546.4036715120255 39.9075590033276 26.2545 17.110330015606465 0.009530090141666421 20.504437078106687 g
2458883.9598032 4364.315561208716 37.8556393144095 26.2363 17.136509638370924 0.00941725386884527 20.54354852655129 g
2458884.0022338 6075.212322839153 55.4061312666141 26.1162 16.65729634822286 0.009901618827381284 20.00988042264934 r
2458887.9230671 4551.266014646559 70.62421288456 26.2583 17.11296944973281 0.016847336033976326 19.888490937685802 g
2458892.8325116 6377.644954805821 52.8761288319281 26.1375 16.625849154274114 0.009001381149254055 20.08192585899444 r
2458892.8795602 4634.453928035428 50.4056770087383 26.2769 17.111903577214186 0.011808390886644461 20.27327635862532 g
2458895.8818171 4447.276796104906 25.9999236121686 26.267 17.146764598639884 0.006347281349893649 20.982144809123522 g
2458895.9368866 6397.15716538266 22.8446516384234 26.1738 16.658832448507027 0.0038771031635819867 21.029413639611366 r
2458899.8349769 6253.902745050195 17.9759049249154 26.159 16.66862219197338 0.0031206817202949657 21.274848083107486 r
2458899.8767245 4250.281601757765 23.2849428564706 26.2481 17.17705573720482 0.0059479500014340304 21.08298704798775 g
2458901.8806134 6212.870170092729 33.6034958991252 26.148 16.664769304282615 0.00587221598051448 20.584613836554244 r
2458903.8555093 4373.008789680346 22.2697552619927 26.251 17.14904912432261 0.0055289788909189085 21.134286378428264 g
2458903.8769907 6341.692361913394 39.2790997081612 26.1669 16.661387074001595 0.006724595915321855 20.434071176572424 r
2458905.8119444 4273.8215597523385 38.7964185614571 26.2337 17.156659036052638 0.009855645829681023 20.514295898807585 g
2458906.854537 4324.635749394009 31.1360829593256 26.2456 17.155726164827417 0.007816715031705657 20.76501504983784 g
2458906.9450116 6043.287468009189 29.1023026032926 26.1162 16.663016866687013 0.005228341379365727 20.708956608762012 r
2458908.8350579 4406.106146427408 23.0615874065033 26.2578 17.14766261144224 0.005682560659039525 21.10315199432207 g
2458909.7755787 4348.6679258138565 51.6535630567873 26.2423 17.14640938696042 0.012895965929672248 20.2121242779802 g
2458911.7499884 5985.773727109314 55.5721857325714 26.0947 16.65189926072302 0.010079686403212905 19.98513129281794 r
2458911.8768171 4287.263076953906 42.6553905126409 26.2309 17.15044966574878 0.01080198640678661 20.408540183404398 g
2458912.7729977 4153.990295379173 39.1430895826042 26.185 17.138836306014213 0.010230561300806847 20.455937234799748 g
2458913.7932407 4295.999036471584 39.7538520137114 26.2145 17.13183956178564 0.0100467334291433 20.46862694741792 g
2458913.9256019 4694.870349097574 42.360496447993 25.8484 16.669340991161853 0.009795966144714972 20.03357238610483 r
2458914.8797106 5225.001418529584 41.9228260494734 25.9485 16.653283968276966 0.008711119595202379 20.144948611453415 r
2458914.921088 3691.757654639835 54.5208360040579 26.0423 17.124217039908316 0.016033899618305394 19.953468722814 g
2458915.8768634 6265.125097814988 50.3889937380036 26.151 16.658675632205966 0.00873204120384286 20.147735775072274 r
2458915.9453935 4143.503048985669 65.0941798397942 26.191 17.147580843114316 0.017056280692098268 19.909719590568148 g
2458939.8138773 2234.688024679256 32.5288092377519 25.4896 17.116557745779083 0.015803784599640575 19.961504575109856 g
2458939.8715394 3266.1178890465653 50.8557079566838 25.4708 16.68572035913433 0.016905097735063542 19.457525728020425 r
2458954.7303935 6345.623710136082 23.7459387007087 26.118 16.61181421187516 0.004062794584900869 20.931601633278316 r
2458954.7734259 4650.594819339111 25.2739787607558 26.2136 17.04482874130427 0.005900311638942569 20.959490948683257 g
2458962.74875 4880.418317104272 24.5476420879685 26.2292 17.008057378894883 0.005460879228631497 21.006750532876413 g
2458962.7679282 6634.2073072759285 22.3403204049707 26.1407 16.58622740417003 0.0036560337565990212 21.020551495466023 r
2458965.7446644 5043.428184390766 22.8087523020893 26.2338 16.976985397258296 0.004910045601723924 21.091121166930435 g
2458965.7857755 6757.775006343202 21.9368380916511 26.1373 16.562790679349767 0.003524358992974741 21.036939914462017 r
2458967.747581 4908.356185510251 29.4251666675165 26.2129 16.985559823201616 0.006508676681865868 20.793677660619554 g
2458968.7031944 7033.237864889922 22.2625577100925 26.1878 16.56991173612586 0.0034366047857569116 21.071437343479488 r
2458968.7742477 4925.05655303941 24.1668007481284 26.2394 17.008371945640828 0.005327430312663264 21.033927085668445 g
2458971.6678588 6911.703834122238 33.7759879428631 26.1891 16.59013719902334 0.005305578912182007 20.62015483683012 r
2458971.7520833 4965.698848673044 48.9602081966366 26.2696 17.02964905585484 0.010704656012978509 20.297566849360607 g
2458975.6691551 6445.361814573836 71.3752247769997 26.1135 16.590381745558293 0.012022921873085308 19.73220626678677 r
2458975.7492593 5036.084332225088 74.4549742101416 26.2822 17.026967514960205 0.016051312918390938 19.85504069532789 g
2458978.6915856 4964.307653177428 32.4497492774221 26.2515 17.011853279487944 0.00709679883919918 20.726046625213645 g
2458978.746956 6764.942459210369 30.9287096898764 26.1537 16.578039732608133 0.004963722945578213 20.680370483870366 r
2458981.7339931 6887.25146916694 29.9875827071827 26.1559 16.56078514912238 0.004727215013266579 20.71612134220389 r
2458986.6929514 5105.200104976686 21.9644227467528 26.2327 16.96266807626198 0.004671075234230886 21.130975504323942 g
2458992.6941551 4903.102705429284 25.6046093261552 26.2173 16.991122523699755 0.005669659808395306 20.94907960471609 g
2458992.7206019 7316.867683108471 33.6944738387608 26.2245 16.563686996493132 0.004999692741635203 20.658178291738988 r
2458995.7019444 4837.33883968151 24.1340591922808 26.2234 17.011883726613675 0.005416686515758823 21.019399055238868 g
2458995.7119329 6682.436511587233 19.7168970334942 26.1444 16.58206289672909 0.003203417656441016 21.15987856803053 r
2458998.6945949 5121.669067742837 28.6847018949814 26.2382 16.964671216316916 0.006080631223037276 20.846649137040448 g
2458998.7256366 6773.639684983555 25.7076283867511 26.1412 16.564144772027877 0.004120498496749231 20.868619955667857 r
2459005.6858218 4965.251596242028 68.735711309564 26.1913 16.951446850755747 0.015029724138304475 19.85091891088096 g
2459011.7049306 4381.041854350955 25.2914467597289 26.0449 16.940956494407427 0.006267669805474997 20.790040806091987 g
2459014.7008102 5230.382132971098 26.0348794604751 26.2435 16.947166450786845 0.005404207171031572 20.957186060995635 g
2459014.7198148 7098.082900566552 28.5281833672837 26.1575 16.529647331769333 0.0043635794503594375 20.771889695899098 r
2459021.7143056 4870.117259454456 26.3483011071933 26.1552 16.93635145501221 0.005873852514853866 20.855893444421127 g
2459021.7438426 6519.194737359184 38.4729373520637 26.0557 16.520215114473725 0.006407243496465319 20.345386625869295 r
2459024.6968634 4793.110667844336 24.8090766666956 26.1625 16.9609563587331 0.005619568669201064 20.928548486180063 g
2459024.7230671 5502.5925072450655 33.922479584625 25.8822 16.530781618847776 0.0066931425571737525 20.308556014738222 r
2459152.0262731 6302.993490981406 55.0572950306234 26.1065 16.6076328534109 0.009483700927230446 20.007037812514284 r
2459152.0309954 6396.733707316107 65.8607151678581 26.1235 16.60860432089656 0.011178357850970329 19.829508883371762 r
2459152.0357176 6628.472693441673 71.678953262688 26.1435 16.5899663212287 0.011740538606170718 19.757595852559582 r
2459152.0404398 6543.1374274832615 87.2691734563317 26.1466 16.607134894970564 0.01448053669537292 19.54702283241761 r
2459152.0451736 6528.846338445712 109.799312853598 26.1501 16.613008881847097 0.018258832845119595 19.30117593361121 r
2459154.0313426 6679.80566306497 79.4200562286458 26.1353 16.573390430894307 0.012908512522185646 19.638049513649094 r
2459154.0360764 6252.004151837441 79.4070395586862 26.1394 16.649351855615052 0.013789533844683732 19.642327476606887 r
2459154.0408102 6475.848681223775 84.8633416462044 26.1673 16.63905826949914 0.01422765332556731 19.598074666932337 r
2459154.0455324 6644.443421010551 105.90961220902 26.1533 16.597153480861632 0.01730559787923438 19.34353654451227 r
2459156.0312616 6415.777437624416 53.8216612030785 26.1335 16.615376775185705 0.009107887257045949 20.058682243875808 r
2459156.0359954 6478.351990521345 45.2430495579495 26.159 16.630338647534224 0.00758223371884318 20.272695313206246 r
2459156.0407176 6727.374218961166 56.8159351379864 26.1734 16.60378603362132 0.009169262593636002 20.03979959125985 r
2459156.0454514 6795.471085335923 59.1361469229099 26.1809 16.60035107776643 0.009448074152320443 20.00384242865057 r
2459156.0501736 6530.790837393653 77.3345730313479 26.1753 16.63788556307567 0.012856352014734335 19.706940758892692 r
2459158.0299884 6361.941898805057 64.068597905615 26.1218 16.61282575364205 0.010933654826239658 19.857761939462705 r
2459158.0346644 6336.640340825639 61.7577810397446 26.1206 16.615952355363284 0.010581383709417587 19.896445780697732 r
2459158.0393403 6623.375150119335 57.2969370999578 26.1415 16.58880161418991 0.009392082314453137 19.998746472467495 r
2459158.0440162 6438.054872212285 66.8744748612814 26.1605 16.63861331524381 0.011277570446047476 19.849924027408914 r
2459158.0487037 6706.88538042602 80.3752384645902 26.1558 16.589497789043946 0.0130110165078537 19.64556930306325 r
2459169.0054398 4630.27327533672 37.2023909073345 26.1809 17.016883441208655 0.008723164575023016 20.50704785958323 g
2459169.0390972 7001.833286513172 34.1437118134508 26.1904 16.57737058497336 0.00529430313447578 20.609698158807056 r
2459170.9971991 4658.877447969212 36.8351044840987 26.161 16.99029678385516 0.008584014794340272 20.497920223948533 g
2459171.0572338 7270.976887685214 49.5357603116772 26.2054 16.551418089623567 0.007396664272372572 20.220677906024164 r
2459173.9841435 3866.3281556242005 34.4322303317649 25.9708 17.00255321971035 0.009668882455519825 20.38096210206087 g
2459174.0225926 3940.4753227464903 38.3638888210228 25.5314 16.5425284698047 0.010570215692647319 19.82416842983273 r
2459175.0386111 1426.4734632874506 24.1687115610642 24.9398 17.054140757800344 0.01839499353978501 19.734241242416275 g
2459177.018287 4552.408341664181 27.2004136350287 26.194 17.04839697386017 0.00648700355222421 20.860136218224767 g
2459177.0620602 6988.58722827748 64.8555065734939 26.1842 16.573226524504122 0.010075516150379025 19.906907849483826 r
2459180.0256366 7105.145154213553 34.3228475979983 26.1951 16.566167613120296 0.0052446944894641535 20.608716709283943 r
2459181.9914352 7095.84492645677 66.2131117002418 26.1779 16.55038971050566 0.010130939460770993 19.87811499383782 r
2459185.0020139 7321.05449307286 61.3909848561997 26.1945 16.533065901336318 0.009104179230115271 19.976813487799852 r
2459189.0088426 7374.06156028248 50.1101293692304 26.1958 16.526533102823063 0.007377829302267089 20.198561179256945 r
2459190.0293634 4132.739308406369 38.0825850364054 25.5016 16.461004972454667 0.010004565855369409 19.802358937873716 i
2459193.9784491 5065.94022071906 33.4187429029274 26.2198 16.958149848229557 0.007162091850455809 20.662399716124547 g
2459194.0384491 7327.777933929272 28.21160667523 26.2092 16.546769250755823 0.004179894866283601 20.835705438401373 r
2459196.0053472 6628.335978176538 37.3439000377767 26.0919 16.53838871526286 0.006116810071864814 20.413925809543628 r
2459196.0271065 4653.660350527126 35.8780531345706 26.1595 16.990013292671936 0.008370357816034226 20.525002817377867 g
2459197.0103241 7396.782586820368 40.8602233370701 26.2113 16.538692865754307 0.005997464972960189 20.435623148899055 r
2459198.9842477 7369.441227820114 48.7949834377255 26.1868 16.518213600865998 0.007188701542031176 20.218437051842894 r
2459199.024919 5469.008061491093 33.348434343723 26.3199 16.97512859115267 0.00662028557279336 20.764786365930547 g
2459199.9861921 4237.1506684025335 34.5766006323872 25.5213 16.45361523172964 0.008859683840493649 19.92691925475372 i
2459200.0070602 7384.385382726687 44.6631493473042 26.2004 16.529614115131373 0.006566664486362836 20.328101630748822 r
2459200.0419444 5533.762259017319 33.0941976849736 26.3265 16.96894875728418 0.0064929371275440975 20.779695347189694 g
2459200.9440972 2446.441613897562 32.2297544184879 25.4437 16.972362861332442 0.014303159402363525 19.925632498346996 g
2459201.0250231 3789.215780193958 36.4285520966845 25.5129 16.56652665685789 0.010437642326440934 19.861870214288533 r
2459202.9611921 4336.533064222041 33.9104164776318 25.5254 16.432543344875356 0.008489855519265966 19.95214217994427 i
2459203.0205093 5465.7848222465645 36.6270207558115 26.3081 16.96396867417627 0.007275433945502417 20.65117100275873 g
2459203.0416435 7448.688637852018 40.5687424416685 26.2161 16.535900448154187 0.005913186308405142 20.448196125254622 r
2459204.0016204 7488.394998419476 53.0564908807228 26.2043 16.518328138669833 0.007692360266967582 20.14502868250437 r
2459204.025706 5482.395714579382 40.9359185398973 26.3128 16.96537405166302 0.008106698070074704 20.5351136397997 g
2459204.965463 5295.099253924421 26.3228272790182 26.2672 16.957514737131238 0.00539719695634585 20.96894365392023 g
2459205.0047338 7445.672080652995 26.0019050977217 26.2178 16.538040236805926 0.00379150035870511 20.932862067010078 r
2459206.0351389 1625.1037199682148 27.7214861715249 25.0305 17.003297288909135 0.018520182537649508 19.676033715545113 g
2459206.9731829 530.5252133230362 36.4126321754118 23.4683 16.656534928337514 0.07451708940508522 17.81774480391391 i
2459215.9840625 5301.034931523363 89.4300753197864 26.2934 16.982498334879196 0.01831608997656426 19.66726599785023 g
2459217.0160301 7112.2793709979205 69.1590122032231 26.1759 16.545877981437457 0.010557225838909088 19.828853035092813 r
2459217.0366319 4260.184116657424 90.6358453593286 26.0494 16.975829077876742 0.02309837664570966 19.408725014753053 g
2459218.020625 3679.4639453602417 57.234037458983 25.3884 16.47393862079565 0.01688805635602826 19.246839030630937 i
2459220.9608796 2382.916575646117 132.991870482145 25.1504 16.70762790438433 0.06059350766122156 18.093412253521414 i
2459221.9447569 7394.135157625183 36.8476965150788 26.193 16.520781538020238 0.0054104426350883575 20.529549129911004 r
2459221.9624074 3712.5605631511394 39.8119331363049 25.8844 16.96021613238359 0.011642588739185123 20.136941824146785 g
2459223.89875 5087.050145990349 39.1430119511134 26.2605 16.994334953140232 0.008354069029341243 20.531439388114794 g
2459223.935081 4240.408900911559 37.3629344677305 25.5327 16.46418065636775 0.009566279785634535 19.854172543692606 i
2459223.9646991 7318.309184991619 37.7277983896377 26.2095 16.548473115813323 0.005597067529701065 20.520421332580014 r
2459225.9149306 6840.212294691069 40.045919060429 26.1164 16.52872604797233 0.006356214171547346 20.362579326051854 r
2459225.9640856 5281.512842190443 32.1990527631614 26.2898 16.98290414967508 0.006619033718086297 20.77276724981036 g
2459226.9647338 4267.848794391153 40.3416932652593 25.5276 16.45207743898397 0.010262541736636278 19.765789681815303 i
2459227.8780324 6577.063625261292 21.6239059417568 26.0908 16.54571989209573 0.003569537413443019 21.00603963008691 r
2459227.9613194 4960.580030872103 23.5027506197375 26.2125 16.97366884835153 0.0051439420771451526 21.037278258047852 g
2459229.9357639 7167.06035883988 62.1342578198417 26.1959 16.557547345041893 0.0094123895066403 19.96514720128429 r
2459229.9858218 4381.1842955868615 42.9440885793642 25.5335 16.42952119433545 0.010641962041537528 19.703816514262957 i
2459231.9208912 5362.089197570286 22.6759010556311 26.3067 16.983364914669508 0.004591349541006209 21.170363605870026 g
2459231.9634838 7526.950683375138 17.764583655561 26.2503 16.55875232364097 0.0025623933630177778 21.37898740544675 r
2459232.9594329 4234.276178840531 27.6576148511223 25.5247 16.457752046805474 0.00709161877392844 20.17273817785942 i
2459248.919537 7375.322895643271 30.5517467898266 26.2304 16.560947403213024 0.004497434479690217 20.77038487419508 r
2459248.9618403 5175.545287309192 46.4019749960725 26.3122 17.027309717192708 0.009733974191428275 20.398433824860998 g
2459249.8593981 3496.7284435693637 58.6316598679817 25.3238 16.464645234381788 0.018204557244282046 19.156044515965522 i
2459250.856713 4889.574197607609 29.8751761985175 26.2913 17.068122398040174 0.006633599877592739 20.855598800770036 g
2459250.9039699 6981.987544402399 38.5666072231847 26.2128 16.602852325714558 0.005997112598085493 20.499846402045343 r
2459252.8474537 4149.027439074604 16.9758385543304 25.5344 16.489534232523084 0.004442165830204121 20.712396898417246 i
2459252.870162 6850.952855529873 18.1744474639896 26.2036 16.61422255261217 0.0028801829508615677 21.307521948171054 r
2459252.878044 4941.413018572765 19.1979351001925 26.3017 17.067072112295964 0.004218064359311371 21.34613869120553 g
2459254.8988079 6750.105630194113 18.5224270307064 26.1678 16.594523577458926 0.0029791828645294315 21.25113025778446 r
2459254.9414236 3387.2616937389 23.4213948440439 25.8954 17.07077812312391 0.007507128377232071 20.72394310016785 g
2459255.8506944 3983.5730778152583 19.184506513425 25.5195 16.518818028459663 0.005228627243622382 20.564698408556183 i
2459256.9192593 7005.626424090817 21.4471787624629 26.207 16.59338256302171 0.0033237858505177006 21.131149560034984 r
2459258.842037 7005.991749849027 35.2483021812003 26.1927 16.579025946091758 0.005462336103800556 20.57742948166367 r
2459258.8774421 3756.923520762725 23.0786695324891 25.9846 17.047519114317048 0.006669422833056896 20.829148068001984 g
2459260.8531829 3590.073921389828 25.6206802196667 25.3874 16.499641522480957 0.0077481336383523735 20.118498349357438 i
2459262.8383912 7013.804012178594 33.6490719958081 26.1993 16.58441593460883 0.005208699502069664 20.63444226075084 r
2459262.914919 2952.198415855458 28.1751763114135 25.728 17.052636142854766 0.010361698169408998 20.35590838314681 g
2459264.8752778 7242.660185908813 24.0213136561295 26.2408 16.591054726818285 0.0036008786229126772 21.041883104098062 r
2459264.8782639 4211.731224590126 18.7208059483264 25.5393 16.478148378736464 0.004825849023657953 20.61106363518246 i
2459266.8582986 7090.932956759789 65.2756471905343 26.2057 16.57894155191654 0.009994421127223171 19.921397023085866 r
2459267.8505208 4111.629479718512 40.4952578266509 25.5453 16.51026507195067 0.01069301152724609 19.77936456817892 i
2459268.8520602 7195.89270590757 32.6053734664834 26.2267 16.58398830202511 0.004919424930210422 20.69605204155651 r
2459268.9351042 5007.8021266862015 38.8383617646779 26.3034 17.05428209934733 0.008420222744666176 20.58282273238605 g
2459270.8887037 7183.08184921473 76.3529373203239 26.2322 16.59142296218496 0.011540503893567367 19.777710616279034 r
2459271.7976157 7140.811025328509 98.9444108943159 26.2051 16.5707311498936 0.015043661921163472 19.469196821412112 r
2459271.8330324 4166.343542083992 70.111230500127 25.5494 16.500012306277917 0.018270159958031933 19.1875060157988 i
2459271.8802546 4892.934323208072 144.474758131967 26.2865 17.06257653410299 0.032057704956283406 19.139595048964708 g
2459275.7253009 4584.047798096726 89.2403469214176 26.1773 17.02417715651668 0.021135958637431878 19.553471864327996 g
2459275.72625 4680.817249223283 86.9260009315406 26.1785 17.00269578620256 0.02016219693837309 19.583200738714133 g
2459275.8795139 7023.787098574578 59.4559940821924 26.2143 16.59787165253406 0.009190394280051068 20.031385877282236 r
2459275.880463 7185.569119488147 51.1073445675144 26.2104 16.56924707172458 0.007722038863485727 20.191766697925992 r
2459276.8563542 7152.552607426945 46.3382098000564 26.2177 16.581547348126495 0.007033767822648634 20.305426860333814 r
2459278.7978009 5139.16102398194 30.7974279262732 26.2995 17.022269436166894 0.006506269669995131 20.830788870317157 g
2459278.8772801 4262.045460035895 38.1117240979598 25.538 16.46395480576064 0.009708460231394734 19.837928499590227 i
2459278.9013079 7185.826326141715 48.8426987158563 26.2158 16.57460820861251 0.007379599170507337 20.246375858910653 r
2459278.9022454 7120.813101508157 43.7887594492104 26.2054 16.574076032292567 0.006676408361839839 20.35456838502835 r
2459281.7535995 7054.654702834074 30.6703242168938 26.1936 16.572410595923518 0.004720113514401272 20.729379071793918 r
2459281.8116667 4123.259143356623 32.5621120934634 25.5249 16.486798423248203 0.008573966338456631 19.995693571652435 i
2459291.7698495 4031.6001509675807 25.2521868320403 25.5156 16.501906368018055 0.006800351775204262 20.262427504512 i
2459291.7895949 4867.106035437991 25.7029981780142 26.2818 17.063622980136063 0.005733539585676765 21.009415525557223 g
2459293.7533565 7013.145652157265 23.651422930087 26.2024 16.587617853461975 0.00366145965716493 21.02033180384375 r
2459293.7939005 4908.163506817192 26.8527835142097 26.2953 17.068002444871926 0.005939913578853668 20.975401712655284 g
2459295.8380556 3775.0440594219285 27.7968422476183 25.461 16.51869493813191 0.007994352159391883 20.103586333207172 i
2459296.8587153 6611.310960962293 49.4260792153711 26.1402 16.589481038630648 0.008116679811460234 20.157884586954232 r
2459298.8053356 5644.301613452351 69.757707580376 25.9587 16.579674467468685 0.013418124740093426 19.602294488876755 r
2459298.8952199 4043.735332303176 76.4939416595793 26.0779 17.0609431932131 0.020537811116461736 19.621407388465563 g
2459302.8996181 8469.260808039113 111.39879572942 26.3624 16.54278623243734 0.014280546468545211 19.497773749294012 r
2459304.8028125 6777.019516857077 59.2258156679754 26.156 16.578403159128825 0.00948816333061727 19.97729736262687 r
2459304.80375 6645.319408358568 59.5400270175119 26.148 16.591710349461582 0.009727539544841799 19.96355242070794 r
2459304.8262847 4774.467844976442 64.8152428510264 26.2367 17.03938756798565 0.014738796332537994 19.96008210767729 g
2459304.8462963 4806.912800058545 86.0121318957743 26.2654 17.06073439032894 0.01942689112190777 19.6815757086152 g
2459305.7752546 4883.284155997074 33.8581999289045 26.2691 17.04732000897485 0.007527689663045209 20.697515326355294 g
2459305.7959028 4281.693918453127 72.7486605675383 25.6934 16.614360954863418 0.01844672278832838 19.291412485169115 r
2459306.7698727 6846.829370713227 20.2629223722249 26.1725 16.583776237539624 0.003213086470889067 21.15831978756112 r
2459306.833669 4617.734952719066 31.0254185308833 26.2336 17.072527495499777 0.0072945496534281675 20.756880867123275 g
2459306.8812269 3931.7713114533844 27.6851729601567 25.4964 16.509929376300036 0.007644847551352428 20.143356886498083 i
2459307.7530208 6875.275980177546 20.7345561621344 26.197 16.603774660376025 0.0032742696715205876 21.157838130613854 r
2459307.7548958 6993.080276730188 20.7242436739624 26.2068 16.59512871567109 0.0032175108058879074 21.168178264049686 r
2459307.8121065 4976.163179881601 22.1962050990007 26.2858 17.04356346641198 0.0048427712285268034 21.172678166259047 g
2459308.836169 4987.376167990348 24.4306120117026 26.2683 17.023619685769816 0.005318290533475726 21.051039122588406 g
2459309.7084838 4919.388447141457 24.367089280828 26.2652 17.035422207786787 0.005377771874788126 21.050765852777186 g
2459309.7528125 5984.366669822917 28.4459547172474 26.0197 16.57715451137078 0.0051607421036300545 20.637223703271697 r
2459309.7706597 6977.904753303933 23.077729862799 26.2067 16.597387407152716 0.003590689784089913 21.051292275670548 r
2459310.8156134 5972.904426469491 25.6285623733224 26.044 16.60353608605589 0.004658525933448277 20.774764376044665 r
2459310.8402546 1290.4203628764267 29.8604488275195 24.2638 16.48697198095898 0.02512320033432585 18.828634161041577 i
2459311.7325694 4348.654752774328 26.0659795684871 26.1099 17.014012675891156 0.006507721496964526 20.822289862895246 g
2459311.8094097 6912.175079803669 19.9689768731923 26.1824 16.583363175154776 0.0031365406606339435 21.18408545413764 r
2459313.7140972 6062.165159280271 25.137060780236 26.0415 16.584930589424882 0.004501907515225531 20.793288751046646 r
2459313.7546991 4787.571920963493 27.3566990905923 26.217 17.01671172203978 0.006203806165835884 20.876915755555284 g
2459313.8198958 3520.317344542545 25.9787060732056 25.3482 16.481745461495397 0.008012084827353681 20.06423119845879 i
2459315.7331713 6580.76750988901 17.9731869332185 26.1152 16.569508629995845 0.002965229971135151 21.231212260940232 r
2459315.774919 1268.7974677925572 28.2061648458579 24.7813 17.02281924192624 0.02413579310370654 19.40801488982168 g
2459316.7544792 3932.372537474275 18.7545356036103 25.4902 16.503563363858774 0.005177993465979674 20.560009202412107 i
2459317.70875 7034.397921519122 21.4596390826827 26.1888 16.570732670431543 0.003312114329045108 21.112318955303834 r
2459319.7778009 4120.659241872715 57.8869062245447 25.5241 16.486683244987468 0.01525188335141873 19.370224141046734 i
2459321.7528125 4944.01174878687 21.5798173779352 26.2316 16.996401264687236 0.00473890615914761 21.149055576440382 g
2459321.7913079 6843.712583391286 16.3533001082446 26.1517 16.56347059472545 0.002594319634434894 21.370261472177102 r
2459323.7478935 4127.487236960945 24.6464271275285 25.5145 16.475285652477282 0.006483030569480327 20.28769006260788 i
2459323.7555208 5054.64289065699 35.5767373333844 26.2583 16.99907380448291 0.007641620695747109 20.632959695773785 g
2459323.8165162 6853.068301418413 31.0299702272711 26.1533 16.563587349363086 0.004915935051862158 20.67642159194447 r
2459325.755 7076.3609327933 37.4407663838689 26.1889 16.564375059557417 0.005744398914785235 20.50811316457713 r
2459325.8247106 4946.052107941322 47.73970990662 26.2287 16.993053281364134 0.010479267487376064 20.28407555000809 g
2459334.6896296 4873.653420002953 22.4705532166249 26.2563 17.036663395065357 0.005005747747092545 21.129840577363364 g
2459334.7724537 6877.855037272379 32.1968926745828 26.1767 16.58306745481807 0.005082422672091889 20.659740089376896 r
2459334.7936227 4064.38175384932 31.8775138529844 25.5025 16.480013767433043 0.008515296762516725 19.996363881285856 i
2459336.7573727 4846.41532836265 22.3229733278462 26.2498 17.03624842602921 0.005000820297056694 21.130494888286112 g
2459336.7961227 6666.25352158238 34.8391456612717 26.1306 16.57089543471055 0.005674080699448727 20.528006247828976 r
2459338.7334144 6749.799720117968 19.9997167431773 26.1531 16.579872783380964 0.0032169387786943255 21.153115377218274 r
2459338.8112153 4475.722527718014 30.8207374803522 26.1686 17.04144211345585 0.00747635146620211 20.69906742333572 g
2459339.6891898 3993.960502981485 23.871838321006 25.4892 16.485690585657537 0.006489211609821561 20.297060328119024 i
2459340.7121296 5042.498938837656 23.9091119081341 26.2354 16.978785461274356 0.005147868767751251 21.04156637724357 g
2459340.7529282 6825.266015455423 23.1766944814177 26.1455 16.56020104321143 0.0036867335487723372 20.98544624948353 r
2459342.7054977 4075.914050049047 22.5502009119169 25.4863 16.460737456648687 0.006006690236702506 20.355998950171774 i
2459342.7341204 5049.764509584451 20.670475156053 26.222 16.96382218567991 0.004444154739162977 21.186198839285 g
2459342.7546412 6849.370415833304 25.1331109407316 26.1265 16.537373365975327 0.003983872515534339 20.87845936847702 r
2459344.728831 6848.1418363800585 25.3880059231332 26.1257 16.536768133196095 0.00402499812201845 20.866703511748103 r
2459344.7553935 4907.708385855024 19.5918226130562 26.2043 16.977103126973716 0.004334169868833658 21.226687889222486 g
2459347.6767824 5122.193051164297 22.8911347022369 26.2294 16.955760143409986 0.004852004736637061 21.082806686732432 g
2459349.6756597 7177.993799590006 21.804352780889 26.1592 16.51919230287439 0.0032979947427042005 21.06541698909107 r
2459349.7115741 5169.153256075367 22.2965715933359 26.2349 16.95135147898241 0.0046830470252422025 21.11687976568333 g
2459349.7660995 4063.468547065063 28.0223621002913 25.4753 16.4530577437947 0.007487169687645457 20.10911313752745 i
2459352.7377083 6484.53493134876 46.9902320776444 26.0868 16.55710291479078 0.007867533370829898 20.15935601430254 r
2459354.7083681 4223.542188124996 42.1950565119473 25.4982 16.43400790844563 0.010846623714053311 19.68762105697749 i
2459358.6900463 4117.317007303079 41.2262977833345 25.4648 16.428264234484494 0.0108710093062969 19.67943914939527 i
2459358.7556713 5076.577408988094 91.1267662233223 26.1595 16.895572467982056 0.019488785872445083 19.512960091850115 g
2459358.7946065 6503.651917956143 91.9030995101395 26.0331 16.500206776682347 0.01534202574136461 19.377349592700913 r
2459361.6898843 7523.928573618325 40.4506809367637 26.2054 16.514288339898336 0.005837017704691492 20.440660397120507 r
2459361.7546296 5294.693462816146 56.8192276063512 26.2414 16.93179794595502 0.011651030573430874 20.107736674957863 g
2459363.6899306 7537.779446748735 23.1742043774072 26.2052 16.512091435079295 0.0033378840373743416 21.04526290724625 r
2459363.7120833 5481.645332118608 26.6582275049706 26.2693 16.922022667926473 0.0052799544385992644 20.957296814237413 g
2459365.691875 5179.273267427419 25.4951683091932 26.2171 16.931427935621457 0.005344399262995435 20.95353028076908 g
2459367.6845833 3867.7167784998787 24.0044057970468 25.4122 16.443563338823978 0.006738234691517894 20.21404758928302 i
2459367.6940625 6677.034711054609 23.3128898648565 26.0847 16.52324091512234 0.0037907253176877637 20.91828470920136 r
2459367.7465278 4541.888396051179 27.1742004203053 26.091 16.947908853832445 0.006495762736481167 20.758183053736804 g
2459369.6833681 7257.1913675019105 20.4093058436257 26.1702 16.518278561748293 0.0030533001311844753 21.14820440453901 r
2459369.7277546 4896.887153063689 23.4813166103427 26.1828 16.95799976005167 0.005206096168236021 21.008568878187802 g
2459370.6850694 4213.524466625493 26.560295579868 25.4942 16.432586199806245 0.006843798615498995 20.186192729589493 i
2459371.6859838 5043.196139544619 23.3318880782635 26.2335 16.976735352423187 0.005022892266263912 21.06620027796717 g
2459373.7120949 7082.932110455914 36.4356402069744 26.1516 16.526067302180458 0.005584999821516831 20.500358976978518 r
2459373.7566898 4679.412478604253 37.6721429276783 26.1257 16.950221677847583 0.008740551461020152 20.43822417629476 g
2459375.7564352 4677.39108523158 50.0215020632998 26.118 16.942990791041623 0.011610819749838335 20.122683167314676 g
2459377.6871528 5224.457870391566 26.6662463707308 26.2331 16.937996921469413 0.0055415402713415995 20.920770271008394 g
2459377.6916319 4336.198146624341 23.6692450356 25.4989 16.406127201310603 0.005926320353961722 20.316013974893007 i
2459377.7119676 7149.802586500498 24.9072861157795 26.167 16.53126487339139 0.0037821800264750457 20.928758965094914 r
2459379.7133449 7333.205893708019 24.5620355489547 26.1637 16.500465302973286 0.0036364725581182356 20.940614100185183 r
2459385.6888889 4810.749907034268 71.6814432600258 26.1434 16.93786804965699 0.016177216536161054 19.757458136700457 g
2459385.7151389 6596.253780517028 61.3241110514171 26.083 16.534756609767875 0.010093545455327358 19.866496835580378 r
2459387.6921296 6757.367943237763 69.7508720558466 26.0628 16.48835608201003 0.011206807506584832 19.706500884863082 r
2459518.0355671 8171.07198053039 39.380082012704 26.1434 16.362702409253686 0.00523247808158673 20.407783448505153 r
2459518.0379398 8240.905157547368 44.052090667168 26.1384 16.34846271003557 0.005803653108850792 20.281058678137196 r
2459518.0403125 8250.357398900644 49.7949289969253 26.159 16.367818094380212 0.0065527287847149005 20.168612195553244 r
2459518.0426736 8273.615536351681 54.8521076864448 26.1502 16.35596166011213 0.007197933364623501 20.05479168928258 r
2459518.0450347 8347.39395190161 64.8837757128426 26.1687 16.36482272415403 0.00843907879481181 19.890934703216743 r
2459519.0361921 7788.093558972618 41.645159204934 26.1242 16.39562209976834 0.005805547789896012 20.32786367244801 r
2459519.0385648 8017.452494820025 44.7433497721996 26.1219 16.36180901170699 0.006059013742714741 20.247653751586586 r
2459519.0409375 7916.574255344136 49.1308559863305 26.1328 16.38645677577958 0.006737935958644054 20.156989162330863 r
2459519.0432986 7954.303910417761 50.3222979594744 26.1423 16.39079454981463 0.006868598372642758 20.14047382696932 r
2459519.0456713 7970.951778834714 58.2352334527308 26.1338 16.380024545438022 0.007932050615023662 19.973410437146324 r
2459526.0295718 7881.444011139432 48.1912206817602 26.1531 16.411585513187212 0.006638530733738334 20.198255171402447 r
2459526.032037 5196.0976619039 45.0126666505825 25.6489 16.35970673713294 0.00940518353625996 19.7681381334785 r
2459526.0345023 709.4629842165891 37.5804931311614 23.4264 16.299075646639743 0.05750989452614757 17.741568802626738 r
2459526.0369676 7971.042106841454 37.2206352407781 26.1725 16.41871224178417 0.00506965628073009 20.4981155368661 r
2459526.0394329 8131.0835625508025 37.1680365529874 26.167 16.391628939249852 0.004962848675105631 20.49415094024937 r
2459527.0292593 8003.673152563791 47.9178084592926 26.1524 16.394176637588412 0.006500061116012613 20.203732621163862 r
2459527.031794 7925.98657931689 34.1826607270691 26.1637 16.41606666842671 0.004682333786461883 20.581760327830246 r
2459527.0343171 8088.226965620866 37.5608583173324 26.1648 16.395166676018615 0.005041874325295651 20.48053621932399 r
2459527.0368519 8055.66336360858 43.0859751108638 26.1648 16.399546726785893 0.005806901438953646 20.331535173571428 r
2459527.0393981 7986.752021165925 39.7671548151588 26.177 16.421074499170217 0.0054058520745852694 20.430763689107522 r
2459528.0307176 7837.305906044598 37.8616957248636 26.1595 16.424083003753175 0.0052449711088577875 20.466574836758554 r
2459528.0333218 8127.475981323845 34.5072592476794 26.1688 16.39391076319046 0.004609614528704287 20.576598822521905 r
2459528.0359259 7981.958947941096 35.6185670354415 26.1679 16.412626275421736 0.004844810463520843 20.541283880533268 r
2459528.0385301 8074.934756531583 36.9598738621025 26.1669 16.399052444935734 0.004969369569163 20.5001487882204 r
2459528.0411343 8033.070958534349 41.0634772204151 26.1712 16.40899599191434 0.0055498846516275355 20.39013568345989 r
2459529.0311343 8134.3320609394705 54.6476190221459 26.1644 16.388595256835554 0.007293889593866841 20.07304687756595 r
2459529.03375 7873.958720753099 59.5189035648649 26.1705 16.430017165824133 0.00820675798439966 19.986437683660277 r
2459529.0363542 8121.869547696216 54.9585581704162 26.1674 16.393259975914102 0.007346646760972166 20.069886662785123 r
2459529.0389468 8130.249947533693 58.6496924212974 26.1875 16.412240256812478 0.007831981977518252 20.01941064198179 r
2459529.0453009 8262.729088152288 53.7137574602463 26.1758 16.382991215788095 0.0070578407996225705 20.103161154619773 r
2459532.0118403 4743.190868004104 28.3138520064056 25.5379 16.34772349700773 0.006480942888197508 20.160477594860193 i
2459537.0038542 8068.111279690186 58.1167695415994 26.155 16.388070300992595 0.007820588301768863 19.996821324770202 r
2459537.0323148 5987.572500659396 68.7169300319316 26.2281 16.78497303720204 0.012460136545729006 19.888015616903125 g
2459550.9989352 6622.003479330824 28.6808872582489 26.2439 16.691426488492578 0.004702329044899192 20.852493533333618 g
2459551.0265278 8804.126876548198 30.8391637409645 26.1961 16.334384268605525 0.0038029983600931885 20.725918506990922 r
2459623.8318056 6259.973809732038 49.0535630700605 26.2856 16.794168709431055 0.008507616013084312 20.311498593128697 g
2459624.9533565 4817.388961328888 28.0592506130945 25.5603 16.35327071712907 0.006323742723534026 20.192684819127592 i
2459625.7914699 8070.252683528239 76.1061225437977 26.1871 16.419882167735103 0.010238640657987031 19.73612599900654 r
2459625.8402778 6266.010993315587 81.5761874043202 26.3167 16.824222118779375 0.014134553348111202 19.79036647916736 g
2459627.897963 4847.282322092347 173.628023622329 25.5309 16.317154211908225 0.03888940909994128 18.184425434721128 i
2459630.9185532 6421.871554185229 64.5885515326269 26.3254 16.80624596284813 0.010919525531972422 20.052586126325107 g
2459630.9828704 8360.1238449955 49.4197198194063 26.2231 16.417568222431235 0.00641796590609697 20.24092429195973 r
2459636.8771759 4756.841320197497 31.2191712904343 25.5337 16.34040333908322 0.007125454054165772 20.05022156271297 i
2459637.8193519 7994.559838352793 38.999070309184 26.1966 16.439613606228647 0.005296262895119578 20.471539353927284 r
2459639.8323264 6031.397781681058 36.7528878065109 26.3063 16.85525507017885 0.006615814730828003 20.645646317061164 g
2459639.9434606 8068.200339374584 44.6477334221914 26.1999 16.43295831618144 0.006008036753860618 20.327976447964197 r
2459641.798044 6148.433851120743 28.4728503860557 25.9301 16.458188737568072 0.005027780149005885 20.546597623982198 r
2459671.7969907 4301.889787604649 18.9639213179753 25.5305 16.44635180056657 0.004786066215422522 20.588254627293768 i
2459671.8994329 4988.268539799357 22.5107427024912 26.2033 16.958425436593522 0.004899478277301756 21.074900429105057 g
2459674.8174884 7218.720244461827 19.4920800988949 26.173 16.526849471460803 0.002931620930954627 21.200929520756834 r
2459674.8389931 4252.468323814536 24.8943232822711 25.4933 16.421697281792184 0.006355783213293255 20.255624176466366 i
2459674.8958565 4882.490185141533 34.8179905903146 26.1777 16.956096552662054 0.0077423386326395185 20.57576573021354 g
2459676.8375463 6963.641976138338 49.9795987454642 26.1194 16.51230891374048 0.007792309045164576 20.12499307633705 r
2459677.7737153 4279.122488767518 29.6019564260481 25.4831 16.404713204429072 0.007510615593763273 20.05737395163434 i
2459678.7562847 7532.064499892039 27.1160213956388 26.1494 16.457114924032467 0.003908604928923143 20.818910069376276 r
2459678.8171181 5428.948494909809 31.1947539853238 26.2136 16.876810696322472 0.0062384353864511485 20.73097107677306 g
2459680.7454051 7385.3820873454715 66.2989560526696 26.1515 16.480567578187728 0.009746384917541274 19.85030826408069 r
2459680.8336343 5549.014273405328 70.1715391931878 26.2493 16.888760395185166 0.0137295087646784 19.88647248225516 g
2459685.7524884 7451.756420657324 82.0827685492426 26.189 16.508353373869618 0.011959229043889174 19.655944998597157 r
2459685.7938889 4537.999979548683 64.4601828494387 25.5278 16.385638776020773 0.01542186444139115 19.257146156387112 i
2459685.8773843 5234.6973602417065 187.883985850796 26.218 16.920771054101508 0.03896799172909404 18.785850576867915 g
2459688.7753588 5716.837432743116 56.8582333406257 26.2897 16.89681039364065 0.010798100289568126 20.155291585487987 g
2459688.8361574 4637.693871823454 85.6616265420263 25.6838 16.518044804922987 0.020053679804465187 19.104409197865685 r
2459690.7503472 7344.005091840221 33.4111202416638 26.1561 16.49126757674016 0.004939328444458491 20.598947395798184 r
2459690.775463 5489.22139148157 25.423158766994 26.2368 16.888023132209828 0.005028385904813266 20.976301215093343 g
2459690.8639352 4126.4072448267925 31.1769365618637 25.4369 16.39796978176199 0.008202971257296791 19.95489139095992 i
2459694.7498958 7155.958540859356 24.7323545132961 26.0972 16.460530460622255 0.0037523858113159146 20.866611331550565 r
2459695.8238079 2365.1158751660446 31.706891403125 24.8082 16.373568942059173 0.014554962130113834 19.3078908262751 i
2459696.7106481 5722.84689072103 27.6829696112268 26.2372 16.84316968267114 0.005251826701084818 20.884243299211064 g
2459696.7554051 7500.397476981401 26.0160208672572 26.145 16.457289302358866 0.0037658796006833526 20.85947280851372 r
2459699.7361806 5422.665350840805 28.5129801495284 26.2168 16.881267990924865 0.005708731877312519 20.83176845984145 g
2459699.759375 7360.788104185583 24.7668433541432 26.1334 16.466089210428237 0.00365305473394936 20.901298345852183 r
2459701.7559838 5367.957402171352 29.8103139724507 26.2036 16.87907734800458 0.006029306019976608 20.770258613672077 g
2459703.7569676 5419.891175274961 29.9544091095286 26.2138 16.87882358367804 0.006000397594434234 20.77522309672024 g
2459708.7352778 7513.945331763395 65.6706314532239 26.1851 16.495429922502804 0.009488837277983313 19.89424700853948 r
2459708.7704398 7675.288490926595 62.2936343377311 26.179 16.466263229313313 0.008811681656061086 19.945465816061194 r
2459713.6931597 5448.370733569111 77.6039335625568 26.2118 16.871133371467376 0.01546418090636695 19.73966565118148 g
2459713.734294 7506.53219684012 65.4918725418341 26.1696 16.481001620738112 0.009472353432201461 19.88170646930418 r
2459715.6912153 7801.6290336780685 27.4208180720376 26.1832 16.452736760431264 0.0038159699791282986 20.840573970714775 r
2459715.7339005 5604.194937042622 58.0825328514295 26.275 16.90371691642002 0.011252321988298713 20.11746112233109 g
2459718.7323611 7598.154348223034 27.5873520016979 26.1766 16.47482972118176 0.00394195572971588 20.82739994838618 r
2459722.7200116 5033.792455790477 30.053798166267 26.1979 16.943161736154217 0.006482072702775378 20.75572657548325 g
2459722.7556134 4971.69713034866 26.1199737646348 26.1536 16.91233833977062 0.005703978897498782 20.863743148184525 g
2459724.753669 7078.357679977091 31.5864842009343 26.1046 16.479768738989293 0.0048448308841416675 20.608421767789572 r
2459725.6958218 4276.618517577094 25.8120839953821 25.4735 16.395748719752106 0.006552882722320383 20.196517314960545 i
2459726.7493634 5077.34553821429 26.6109326413411 26.2236 16.95950819931137 0.005690274445820998 20.913524749992103 g
2459731.7328935 6958.84951726686 34.8916318474219 26.1345 16.528156387181504 0.0054436936167035176 20.530271785534104 r
2459732.73875 4269.428238128058 28.8787834980744 25.4765 16.400575704505503 0.007343769117338881 20.077627751957586 i
2459733.7118866 7476.366883645959 29.3667328600464 26.1845 16.50027348718921 0.004264566247530638 20.767435907648583 r
2459735.7355324 7222.147532546896 38.4227207498276 26.1515 16.50483411035018 0.0057760586764663896 20.44260470309821 r
2459740.7579745 4656.7745984972535 78.2446047052866 26.0424 16.872186956702375 0.018242275964128304 19.56133898711231 g
2459740.7912269 3349.68706063748 103.559842899867 25.1919 16.379389410905354 0.03356579865552816 18.406496531811882 i
2459742.7349421 7289.666014359233 85.6391101047087 26.1177 16.460930922498463 0.01275482054425166 19.5385946246749 r
2459747.7557407 4469.746552937922 42.5264334202647 26.0518 16.92609275468756 0.010329656999015674 20.232727586386737 g
2459748.6960995 4274.393661094084 36.6099320132945 25.4999 16.422713707203425 0.009298957077495758 19.843477683227533 i
2459749.7353935 4678.3284651781805 47.7239350942386 26.0924 16.91717322416319 0.011075296811131763 20.148134373203696 g
2459879.0356366 8609.09965468115 60.0684801300135 26.0913 16.25390566243711 0.0075752809809437665 19.897258380554213 r
2459879.0380208 8693.686312335838 76.1637938109252 26.0934 16.24539008544903 0.00951161888866265 19.641603567535007 r
2459879.0404051 8915.629793578153 92.6705546183947 26.1092 16.233819932899912 0.011284948285051197 19.444420583630816 r
2459879.0427894 8707.514765594742 108.315509437379 26.1243 16.27456445105721 0.013505363098644162 19.290148372508554 r
2459879.0451736 9228.216726763016 143.258060287529 26.1562 16.243405536316892 0.016854315482545824 19.01847732285951 r
2459880.0376505 8251.919898392327 76.1599209064474 26.0985 16.30711249096651 0.010020313714416852 19.646758778276396 r
2459880.0400347 8823.65983102372 88.8710745978533 26.0894 16.2252781078218 0.010935068615365568 19.470073910318654 r
2459880.0424306 8244.354433158303 114.190795365731 26.1108 16.32040836432812 0.015037799203530875 19.219297244336822 r
2459880.0448148 8995.616043267524 136.891806763488 26.1428 16.257722724200626 0.016521762810713925 19.05443135026926 r
2459881.0363773 8543.399324475387 68.1433781899844 26.099 16.269923234834987 0.008659698896306602 19.768015839660357 r
2459881.0388194 8591.516872686281 80.8381146174352 26.0893 16.25412538166766 0.010215418574008798 19.572834549317765 r
2459881.0412616 8625.803347550818 91.800264628195 26.1048 16.265301117981274 0.011554581444884271 19.45026515635295 r
2459881.0437037 8712.79654408661 129.368124523281 26.1194 16.269006068068762 0.01612053857613067 19.09240678381825 r
2459881.0461574 8605.502606393296 167.75470953132 26.1053 16.268359398812077 0.021164514900366554 18.796188185764468 r
2459882.0374653 8448.422796059844 54.0849742859274 26.0718 16.254860900673513 0.006950416426793545 19.991683420251334 r
2459882.0422454 8663.323118328699 83.4253305631639 26.1039 16.259688718247496 0.010454981322444368 19.553230148730993 r
2459882.0446412 8900.029653697704 103.927274575277 26.097 16.223521365855184 0.012677917534746534 19.30775114329199 r
2459882.047037 8698.52202311809 150.197146017413 26.1175 16.268886331594885 0.018746752723935882 18.92842078799332 r
2459883.0375116 7971.95044075773 71.8745320970921 26.0244 16.270488524606606 0.009788593152668395 19.63553741303095 r
2459883.0398727 8258.730526958703 76.9047704981451 26.0386 16.246316760484596 0.010109968966451258 19.576291788006152 r
2459883.0422454 8464.320223165458 82.7059982572858 26.0812 16.262219786794486 0.010608519047068186 19.539932469342258 r
2459883.0446181 8418.977321479933 103.912784554132 26.0886 16.275451650886467 0.013400453033954646 19.29950253220764 r
2459883.0469792 8680.448672343926 117.661047951522 26.1125 16.266144566411526 0.014716359094197995 19.188493208847454 r
2459884.0400694 8856.606732542212 56.1271762728042 26.1119 16.243731598105303 0.0068804314247666734 19.991542005024765 r
2459884.0424306 8708.310407154288 58.8045097870855 26.112 16.262165247391664 0.0073313941845008 19.941048404388773 r
2459884.0448032 8845.644431931287 78.0871994139337 26.1125 16.245676304840234 0.009584295757770788 19.63362537116074 r
2459884.0471644 9114.141421065238 105.051486498202 26.1476 16.248310592249915 0.012514003636973138 19.346669483825757 r
2459890.029456 8845.346420463098 48.0916592194294 26.1205 16.253712884118713 0.005902890845941667 20.1679005866391 r
2459890.0319213 8839.901637579464 47.053435101693 26.1304 16.264281418489414 0.005779013905848889 20.201496653479015 r
2459890.0343866 8584.921211072557 51.2044357663385 26.1371 16.30275921565878 0.006475616321302062 20.116406026886416 r
2459890.0368403 8769.371675774026 51.434677548735 26.1457 16.28827880664185 0.006367916822242874 20.120134935345817 r
2459890.0393056 8941.724127028594 56.2591174254942 26.1505 16.271946833138593 0.006830955967901976 20.027592702125403 r
2459894.0292593 8712.398076370668 104.894485163743 26.1617 16.311355723849964 0.01307148061234095 19.36239334984656 r
2459894.031875 8907.00427751027 112.599249025241 26.1386 16.264270847795366 0.013725041647883412 19.2623362541079 r
2459894.0344792 8808.486899325215 105.186561138995 26.1609 16.29864671810456 0.012964888377975043 19.3585743467449 r
2459894.0370833 8829.06008977951 93.0134229531749 26.1486 16.28381381850486 0.011437760336138329 19.479810921704146 r
2459894.0396875 8541.512412358596 99.0135417809646 26.1365 16.307663059171254 0.012585476332745763 19.399838499672185 r
2459906.9689699 8500.562234902227 53.2341068678021 26.1052 16.28158087176121 0.006799111426896989 20.042300058876336 r
2459910.0190162 6593.143972588027 39.5440046760368 26.2705 16.722768601472747 0.006511753126470946 20.53037336714098 g
2459914.9779514 6475.793184841638 36.8123001520709 26.1813 16.653067574023147 0.006171771261728573 20.518892603099477 g
2459923.9643403 6955.281687147868 81.8900122037045 26.2071 16.601313191247904 0.012782801653288642 19.6765976495736 g
2459923.9986343 9573.803133812129 59.0041025257247 26.1983 16.245588767907606 0.0066912545847045615 20.023669466735008 r
2459932.041875 6693.910767550975 44.9064120081523 26.1133 16.54910020313746 0.007283468992982761 20.235104097623754 g
2459934.0004167 5255.283529848839 54.8116449765156 25.5107 16.20920962053222 0.011323652208868489 19.416092898981127 r
2459934.9504977 5293.1824902429635 50.8739184069866 25.4889 16.179607832025752 0.010434896834990864 19.475237016371388 i
2459936.9842477 9421.363144552397 44.5509886273579 26.1886 16.25331564022391 0.005133971338392823 20.31903162447675 r
2459951.9332755 9488.221482191144 93.4033122007093 26.2005 16.257537965469457 0.010687774968854504 19.527169296309943 r
2459951.9660301 5970.314334547418 110.465909435387 26.0539 16.613907007115582 0.02008819488448111 19.198404308323838 g
2459965.9234028 9061.483062499192 61.1013742046604 26.1866 16.29360179246659 0.007320850407869504 19.97404754445415 r
2459967.9437616 5185.324442590567 59.9433205261049 25.5201 16.23316016220926 0.01255089509166338 19.32832299723124 i
2459968.9140394 7038.118562575906 44.9251208418651 26.2792 16.660558553528006 0.006930148059364537 20.400551854235268 g
2459968.9421644 9217.473728542243 48.9605980949144 26.2101 16.298570228843644 0.005766929520726212 20.23805820305361 r
2459970.8939583 6870.168221849974 66.3265001180608 26.2944 16.701981571861047 0.010481647443384996 19.99275728596058 g
2459970.9316782 5245.1950821040655 54.716794575734 25.5349 16.23549588664281 0.011325798743608251 19.442173370214512 i
2459972.9411574 6366.656003249509 44.0497634502008 26.1943 16.684521537161686 0.0075117656982682055 20.33701603774088 g
2459972.9636921 9260.18501239949 43.5256184506116 26.2061 16.289550840783956 0.0051031122907968934 20.36181261247345 r
2459979.8265046 6594.459683338277 98.9739068428666 26.1805 16.632551956381107 0.016294886286256503 19.44427320488345 g
2459979.8789236 5095.623339792468 56.7068922033184 25.4871 16.219106704573925 0.012082265261711876 19.35558537261723 i
2459979.9326389 8984.452703617362 59.6989797307524 26.1552 16.271470933014754 0.007214149201050577 19.967857716658582 r
2459987.8635532 8825.637909238938 60.4497329496814 26.1269 16.26253473596931 0.00743632083464079 19.92598902264175 r
2459993.8605324 5800.265180885119 44.589214048142 25.6716 16.262980376453676 0.008346258004134965 19.80110044584835 r
2459993.8796412 593.1656621322807 35.7474559174698 23.575 16.64205999465746 0.06543030955312076 17.944462140972423 g
2459996.8654051 1040.9441714616694 37.532442100448 23.7101 16.166531405513542 0.039146165092828804 18.026657930895453 r
2460016.7065046 4369.762544047107 30.5936463356294 25.8057 16.704555405635702 0.007601218943084695 20.344196884384694 g
2460016.8507755 2972.9309658653724 66.5200096891613 25.0491 16.366137938467492 0.024292785587269806 18.74429422964524 r
2460031.7894444 5929.070870195519 40.7217846954588 26.14 16.707533396253083 0.007456757156691178 20.368007980720026 g
2460032.7048843 3292.1187196355904 41.3735781125125 25.0585 16.264811279371656 0.013644493890465471 19.26926728510086 i
