jd flux fluxerr zpdiff mag mag_error limitingmag filter
2458204.7941319 719.0113069675864 75.0749248799223 26.2664 19.124560699929376 0.11336239799328517 19.83023772337107 g
2458208.7799653 617.896358510522 181.685925763081 25.9673 18.99001091058569 0.31923866662117256 18.571571773809115 g
2458215.7571296 340.04775933936844 59.5270196728681 25.5892 19.2603502062112 0.1900570831120623 19.404989640752554 g
2458218.7153241 1185.02422944642 33.4260089366267 26.275 18.590681924541226 0.03062436784051973 20.71736367677467 r
2458218.7420486 1178.3722828832267 30.9094279843549 26.275 18.596793703287876 0.028478577144146606 20.802347569152683 r
2458221.7265741 767.7015214300627 52.1380738119062 25.9443 18.731318996769886 0.07373478514428525 19.903987532757757 r
2458221.738912 824.805246343214 56.800068683258 26.0117 18.720821463241208 0.07476654015334948 19.87840283699764 r
2458224.695544 1199.892900459196 69.6827288718492 26.275 18.57714379074621 0.06305107623123188 19.919762114399887 r
2458224.7237269 1191.92949627902 41.5570692241402 26.275 18.584373581880687 0.0378533379679759 20.480962709840796 r
2458231.6680324 1168.1131689809583 39.9264148579222 26.275 18.60628769981618 0.03710951110076284 20.524424201610742 r
2458235.6708681 513.9827408615755 85.4902632778716 26.2612 19.48382866007225 0.180583454388369 19.68398335279235 g
2458235.7096181 626.9452797117533 82.6794855477886 26.2528 19.25972590771709 0.14317855220236259 19.711880574970053 g
2458235.718831 607.0139833307115 90.8813653322197 26.2283 19.270303260724468 0.1625496299109701 19.584687881848588 g
2458235.722963 776.5103819908752 87.2626803539912 26.2361 19.010731833382643 0.12200878991137759 19.636603617628353 g
2458238.6491667 547.644380717065 80.4422232573971 26.2349 19.388653410478085 0.15947597540615938 19.723764826420656 g
2458246.7135764 1194.1801840139465 38.881644716311 26.2058 18.513125349224566 0.03534960823634455 20.484013420276515 r
2458257.6858796 979.3911462498885 26.2892199020219 25.6433 18.16590956586546 0.029142805871703002 20.346430741208025 i
2458257.7124306 1008.3286457167759 32.4438809119081 26.1278 18.618794736792573 0.03493337381188772 20.602542992619817 r
2458263.7159838 2700.1099594137736 131.513681968744 27.3838 18.805346373126387 0.05288095916822055 20.33894764712537 r
2458267.6672917 532.8107401452828 57.9291507211002 26.1573 19.340867573620198 0.11804131223171124 20.002632085392175 g
2458267.7755787 1094.853267273912 133.83657334397 26.275 18.67661020316309 0.13271766365674578 19.211137967332537 r
2458270.7538889 516.1260136676694 71.6264761956295 25.939 19.15711062791314 0.15067030753398006 19.553891024862363 g
2458274.7133333 639.5862762504694 20.1738776191209 26.1311 19.116352158955518 0.03424522968110432 21.121701534315537 g
2458277.7087731 595.1150962422438 23.9858057015798 26.0004 19.063897582195736 0.043758576138698636 20.803089210832127 g
2458280.7135185 602.1179789103813 31.1153220695891 26.1246 19.175396012014538 0.05610512616163046 20.644739237523407 g
2458284.6725116 1264.050672550409 49.7832775066301 26.275 18.52058878988107 0.042759127907344915 20.284866276146875 r
2458290.6929514 698.4578865807213 50.7440029413258 25.995 18.884649436211582 0.07887771768617623 19.984113180252812 g
2458427.9773727 1168.2660506181412 49.0862096712114 26.1438 18.4749456089027 0.045617090226867774 20.168976243827302 r
2458428.0257292 762.3767500404366 35.222474553223 26.1968 18.991375891768726 0.05016029229695935 20.582325329058378 g
2458430.9821875 1152.7155423103848 28.4496881424687 26.157 18.502694627787925 0.026795705690208598 20.77438121380387 r
2458431.0382407 773.9103369131018 20.7628897281879 26.2108 18.989073381366197 0.029127753310296923 21.170155495594052 g
2458434.9841088 1229.8855535979023 72.4889391861908 26.1509 18.426238249355563 0.06399070307331854 19.752795628486588 r
2458435.0227778 762.4223952265854 41.3787684696539 26.1877 18.982210888281095 0.05892393666394327 20.39833108694083 g
2458437.9874653 770.7019589501944 39.1656419302285 26.1478 18.930583842835425 0.055173257249235864 20.418111866452644 g
2458440.0029398 609.0196775460757 21.8160268066226 25.999 19.03742168749984 0.03889145322756539 20.904635842717894 g
2458440.0033912 669.7291138196896 18.0324224336161 26.0728 19.00805205355394 0.029232417453854204 21.185239807284045 g
2458440.9819329 743.0661933783381 20.1038980796997 26.1331 18.955531242386975 0.02937396740644972 21.127474304518216 g
2458441.023287 1295.6797138268855 29.2224509759299 26.2103 18.429055852082662 0.024486618634214478 20.798583392344163 r
2458442.9577546 133.76571095176288 67.7348994661626 24.8189 19.503037994688427 0.5497655552171502 18.49444376278389 r
2458443.9550694 1269.313756185923 47.3142096355404 26.175 18.41607753314436 0.04046992885010688 20.240096014718446 r
2458447.9812963 1096.4869929914428 64.1097885587688 26.1804 18.580391289367757 0.06347909084480904 19.915664127823785 r
2458448.0229051 1413.2426579686899 58.6644928891771 26.2238 18.348258155235623 0.045068014024800734 20.055436686980233 r
2458449.9647685 1324.5931926461285 50.8415720766834 26.1814 18.37619370302771 0.04167218668350938 20.168427561792114 r
2458449.9652199 1088.5694103902995 46.8436584171999 26.1686 18.576459684613212 0.04672018105425089 20.24454797553114 r
2458451.0201042 839.246478948073 45.5208904307311 26.2402 18.93047618038793 0.058888576813085056 20.34724811748005 g
2458461.9815278 752.7069363198457 30.8853505002361 26.049 18.857435204628167 0.04454884553349935 20.577193653504512 g
2458462.0434838 1196.5894716802845 31.8218113176789 26.113 18.418137056658363 0.028872843498354863 20.60876274833135 r
2458465.0194792 996.392668371516 26.6028704355802 26.2916 18.795523691843012 0.028987303247739453 20.98185374090219 g
2458465.043125 1443.693929291536 27.5507775513934 26.2275 18.328812174307124 0.020718989379020575 20.879740338584785 r
2458467.9623843 101.66198428748909 24.6899518623492 23.7466 18.728703544455193 0.26367654462801354 18.517874381172618 g
2458468.0405208 1075.8711906611854 30.2783039735173 26.0124 18.432999304326785 0.030554916712515808 20.562146127444198 r
2458473.020625 983.9859459605908 26.6886672296713 26.2602 18.777727761125284 0.029447459214437432 20.946957772492937 g
2458473.0443403 1361.1982064856668 40.7390536900865 26.2206 18.385796579505314 0.03249371794686732 20.448147647304864 r
2458476.0203241 1080.9372340285433 65.0913562083712 26.2748 18.6902988079161 0.06537815814897029 19.99356668825593 g
2458476.9603125 1447.7870080638022 44.9029906715607 26.2322 18.33043831224364 0.03367289297429933 20.354086821011222 r
2458476.966713 1161.4587566965542 43.5891027127652 26.2123 18.5497905183768 0.04074590556263149 20.36643016640386 r
2458481.974375 1145.4660197557168 37.6521086517616 26.2023 18.554844474068332 0.03568756615926105 20.51540173103326 r
2458481.9752894 1426.8014992018664 38.949936940889 26.2012 18.315291107503757 0.02963828294291708 20.477508091920658 r
2458482.0017014 1293.9426407578858 39.7472407751038 26.202 18.42221243775111 0.033350457702092856 20.456307525089983 r
2458483.0062269 952.5912413750121 35.9430199839156 26.2963 18.849033539845 0.04096545832209119 20.659838578287054 g
2458483.0185764 847.0950889321833 34.8676938665825 26.1386 18.81876959022808 0.04468902691747193 20.535116928444257 g
2458486.9812384 1396.7449131600133 27.9894920848354 26.2413 18.378507254081942 0.021756436175418153 20.87638744527703 r
2458491.9770139 591.2333145255448 32.6815313052062 25.8968 18.967402756276915 0.06001410554230419 20.36361899574672 g
2458492.0274421 1137.1034802275872 37.39956884218 26.0837 18.4442000281512 0.03570889773710652 20.404108500406174 r
2458492.9462731 381.5462408929092 35.4017528800117 24.8767 18.42283205221727 0.10073663158593842 19.25671307369509 r
2458493.9691319 1303.1735930638138 25.8626868750337 26.2377 18.450194322406603 0.021546722009773808 20.9585908847843 r
2458493.9695949 1095.7317936333566 23.5218390823393 26.2208 18.621539341817925 0.02330648872295199 21.044696802783296 r
2458494.9809144 856.2382142528471 19.2382964496634 26.2431 18.911613483333262 0.02439393396337205 21.28525845754403 g
2458503.0259954 1262.0558558682415 57.0625697750275 26.1971 18.44440355932529 0.049088819418476856 20.058796674345576 r
2458505.9372917 847.1452048010668 147.646497132284 26.2497 18.92980535776531 0.18922352511475715 19.07921711935905 g
2458506.0046296 1148.6413910848548 141.163182806908 26.2279 18.57743884512436 0.1334279512848741 19.106171384565126 r
2458508.9618519 1310.9111346914021 66.6025702090864 26.2252 18.431266869213466 0.05516042129966917 19.919047516606366 r
2458509.0410995 729.0991265037842 92.7953518251874 26.1799 19.02293355517564 0.13818136631121455 19.51365943242825 g
2458511.8797454 1303.909747142676 30.2354105144731 26.2192 18.431081170425905 0.02517550410793233 20.770485315366315 r
2458511.9170023 1089.147925874598 23.3342974785583 26.1944 18.60168282809411 0.023260427872666814 21.02698816367701 r
2458511.9212963 815.7212003129997 27.7919955386637 26.2182 18.939345625955447 0.0369902971073318 20.86097566069121 g
2458511.9648843 778.3481402837954 27.1713060516326 26.1976 18.96966526978244 0.03790063270338321 20.864898703440517 g
2458511.9998727 394.3408562593197 46.1278543726177 25.6341 19.14442056220685 0.12699929692148768 19.726766854254507 g
2458513.9158912 804.7041169212301 21.5169279608004 26.0251 18.761009441967815 0.029030457525704094 20.945724324567873 r
2458513.9229745 1072.3252230518406 18.9273310091117 26.0648 18.488983696225503 0.01916340568592513 21.124651545869188 r
2458514.9364931 947.0448373060889 29.7415328682774 25.8845 18.44357364770393 0.034095938189093775 20.453666618786013 r
2458514.956794 0.6738847662696639 29.2295246558822 21.7506 22.179135902770856 47.091871648263876 16.338620607369677 g
2458522.9150463 840.7982062872605 25.0292529247769 26.2063 18.894570558697083 0.03231959785026722 20.962755271800305 g
2458522.9310185 838.2736968521137 22.5743216653331 26.213 18.90453540203492 0.02923739719388566 21.081538216439046 g
2458526.9207755 504.40826017977486 35.0406184895144 25.6405 18.883544525107013 0.07542223729743594 20.0316455813065 g
2458538.7465972 349.7386167758309 46.5797376691885 24.7551 18.395741029845123 0.1445983336173953 18.837182393366213 r
2458538.8153125 513.241291919021 37.4483694681042 25.6694 18.893596026245596 0.07921750523910628 19.988392706863028 g
2458540.7555208 1041.991118468447 28.8995168030351 26.1627 18.61803995694964 0.03011177814948461 20.76304853551511 r
2458540.9153125 740.7800146626774 31.4238475241477 26.1946 19.020376857252934 0.04605533435253739 20.70402659212585 g
2458541.797662 15.741376611202767 39.6689350875821 22.7119 19.719293226240573 2.7360099366364827 16.968348634167825 r
2458546.7537847 59.61760207541141 39.0342016143044 23.0409 18.60246374009595 0.7108543654446846 17.31486173677689 g
2458556.8401852 771.2787024808459 47.4178702696214 26.1981 18.980071651895614 0.06674835125893608 20.260819878810448 g
2458558.7078935 886.8030152027815 61.5399365985333 26.1787 18.809132097295702 0.07534244699173644 19.958382377959566 r
2458558.7661574 1028.3869221540674 34.8434142309903 25.6562 18.125808637133513 0.03678527411778848 20.053473229159767 i
2458559.7523148 1193.0732685567505 45.324556701041 26.1861 18.49443221196243 0.04124547293717152 20.297841076283184 r
2458559.8335185 693.6560119487885 55.6050378456775 26.2443 19.14143961330295 0.08703217235794551 20.134089637477175 g
2458560.7233681 657.1671489894522 82.9352713164743 26.2798 19.235610386408005 0.13701662386313435 19.735526814764135 g
2458567.7333681 1208.2721954188019 22.4665868185582 26.17 18.464588045801957 0.020187482093349078 21.04373224341026 r
2458567.7531134 757.6535649019693 18.4591648805024 26.1472 18.94852332247565 0.02645155548546059 21.234244866610965 g
2458572.7543981 500.59540334655026 27.2910889256922 25.7024 18.95368285640795 0.05918938737460185 20.36492282779902 g
2458572.7757176 741.6273085728974 32.9318162628587 25.5486 18.373135716899466 0.04821029714424451 20.007135779964074 r
2458575.7315509 310.9791851315378 32.0613938309076 24.7476 18.51577169692679 0.1119337143657794 19.23521899200035 r
2458575.752419 580.0933794551754 21.1217106862971 25.742 18.83325522765359 0.03953129289917148 20.682752265166954 g
2458580.7317593 901.848065891645 24.0431597576653 26.233 18.845166554434297 0.028944629961687486 21.033096133750988 g
2458582.7666898 908.1785975219245 32.7341342803947 25.9462 18.550771842653504 0.03913266584920436 20.411272840099166 r
2458583.7587153 1224.3819825694454 35.3905027146021 26.1433 18.42350767475357 0.031381929286977375 20.52365815980359 r
2458585.7027546 871.0099477213182 31.8433327939301 26.2356 18.88554221232067 0.03969220616230139 20.73062869998632 g
2458586.6702662 813.2568425205775 40.0497079862219 26.1631 18.887530684989457 0.05346646432863048 20.40917660449101 g
2458586.7134838 1246.4862719257487 35.3603936700145 26.154 18.414781250501253 0.030799199535686203 20.53528226065442 r
2458591.6834954 899.3387419753236 73.3213410713834 26.1656 18.780791743799583 0.0885150125150343 19.7550989897815 g
2458591.8560532 1028.973164780803 134.008275161355 25.93 18.398989878301855 0.14139609206783998 18.86474594574889 r
2458592.705463 1012.6350152095938 85.7782108790407 26.2586 18.744967648798504 0.09196739412778325 19.677732529933422 g
2458593.824537 1123.41497499502 62.0622439329027 26.1516 18.52524947831197 0.05997870754593704 19.92210630426954 r
2458594.6568981 1397.0312314608518 31.0249878208608 26.1712 18.308184712167126 0.02411100662501723 20.694495939948503 r
2458597.7527083 961.7598610239124 24.1894380064144 26.1701 18.712433380329536 0.027306684244032042 20.963610542888194 g
2458597.8488426 1352.272786058035 42.9074873035556 26.0758 18.24813922969553 0.03444915807354793 20.24704228253884 r
2458601.7281713 922.9660351894895 19.7055910120298 26.1619 18.74893570139294 0.0231800080892125 21.17800132716019 g
2458601.7561921 1325.215618013249 28.323531271693 26.1618 18.35608363621417 0.023204418574373956 20.784006492656946 r
2458605.710463 927.1327403869444 21.8006348382158 26.1213 18.703445205387062 0.025529191466124382 21.027702137864075 g
2458608.7084144 940.3226003136699 23.9566290454228 26.1388 18.705607814138006 0.02766041371965249 20.942810718844868 g
2458608.7145833 1320.1346320127445 27.7568168182405 26.1097 18.308154439109174 0.022827653550469684 20.753850840965498 r
2458612.673287 952.3128435889678 22.0237878253542 26.131 18.684050896041747 0.02510858338513336 21.026344953004447 g
2458612.692037 1279.5083284695693 28.6264879328526 26.1056 18.33799220723487 0.024290406914250304 20.71625481548589 r
2458618.7934838 178.08135796342134 156.25072571023 24.7358 19.109253853185876 0.9526062404490525 17.50381988138021 r
2458634.6697917 1245.082771818014 29.1602185099307 26.1053 18.367304440398676 0.025427425351010478 20.69589805413105 r
2458634.6934722 795.9464098449093 23.3374655210383 26.0473 18.795090429563256 0.031833156105482416 20.879740765841447 g
2458637.679537 1206.1917177253406 28.4596907567284 26.0734 18.369859144808018 0.025616728916734197 20.690399547345166 r
2458637.7172454 762.8224383854546 24.0773069369966 25.9829 18.77684135171695 0.03426843630455491 20.781455216230437 g
2458640.6715394 810.5986703337844 46.2300780792873 26.0468 18.774785282472656 0.061919662106051085 20.137063421832597 g
2458640.7201389 1194.797766352143 36.2169681464171 26.0283 18.33506399492757 0.03290997307152316 20.383594761320946 r
2458645.6944792 792.6966179919696 63.8322940947363 26.0377 18.789932486756186 0.08742653888723577 19.777673856669914 g
2458648.6708681 830.4155389091735 90.7151829035025 26.096 18.797761332026106 0.11860263863523986 19.454375037789298 g
2458648.6974769 1218.1054064571492 83.1591202755136 26.0626 18.348387823055052 0.07411990489864165 19.51540027324703 r
2458662.6778356 1085.7186554558514 64.7057729825035 26.0737 18.484406749512672 0.06470466116989429 19.798917414899392 r
2458662.7019792 679.1638439387892 39.1143284672925 25.9134 18.83346360577595 0.0625275134946183 20.18513529296132 g
2458772.0211921 1211.188235703943 111.508340390245 25.9851 18.27707089033671 0.0999552353572244 19.119406608816224 r
2458772.0309606 1189.3780130395003 135.136114256526 25.9958 18.30750023543404 0.12335630694346601 18.921446421816075 r
2458772.0358449 817.1733742490632 150.831417259066 26.0143 18.733514480787576 0.20039525867892127 18.820645459577324 r
2458774.0256134 250.41176130101974 105.073396564495 24.1442 18.14756319276566 0.45556241470998227 17.343043060834223 r
2458774.030625 994.1321870999868 68.3909691123623 26.0006 18.506989661966394 0.07469034413008468 19.665678094640604 r
2458774.0356366 950.4672759139016 76.9268769949653 26.0437 18.598857077676698 0.08787205248400311 19.58107973486866 r
2458774.0406366 844.4786935187583 102.993000791051 26.0664 18.749928258376194 0.1324124596831646 19.286955709462767 r
2458778.0278125 1121.5874870081693 59.6171916669757 26.0526 18.42801711139294 0.05770961761127785 19.86674620350538 r
2458778.0325926 1154.0321605776178 73.8474782365046 26.0591 18.40355522022374 0.06947484642130176 19.64083581541816 r
2458778.0373727 1069.4513575014662 96.0903010675406 26.0672 18.49429740980013 0.09755024306365968 19.36307610389651 r
2458778.0421528 1160.9937169280367 131.474361067088 26.0697 18.407625326430626 0.1229478779508203 19.025172316843104 r
2458780.0296875 1124.714549522231 55.4253636377418 26.07 18.4423942167652 0.05350274638756851 19.963303611313098 r
2458780.0346875 1070.3974631712917 63.0657939233189 26.0919 18.518037322118914 0.06396739044923376 19.844990320777864 r
2458780.0396991 1141.1386429151657 82.178056375994 26.0833 18.439953969157933 0.07818569317702925 19.54898532569549 r
2458782.0307755 1103.5789531581033 99.3784157606713 26.0754 18.468391476839635 0.09776839770511946 19.334744816243493 r
2458782.0357986 1042.15375830502 117.535062528534 26.0927 18.547870502358236 0.12244624785000376 19.16985638240346 r
2458782.0408333 968.8152981747086 137.540038891516 26.1001 18.63449753010119 0.154133838003857 19.00660213213665 r
2458786.0170718 1142.1633614052587 40.4139281230288 26.0513 18.40697943838017 0.03841604734123838 20.287547327341535 r
2458790.0191319 718.0208296340959 30.7359304875953 26.0555 18.915157391957155 0.0464749744758625 20.588959075864988 g
2458793.007037 1073.5117547553027 45.3839812221764 26.0548 18.47778298939347 0.04589925372931603 20.16511851199642 r
2458793.0382639 730.0367213758476 28.883205208651 26.0938 18.93543823500778 0.042954682931474045 20.694761524603685 g
2458799.9861343 1132.4178669463004 59.3834559540054 26.0991 18.46408321771503 0.056933593164793274 19.917511317306655 r
2458805.0052546 590.9376366159581 68.9973116580178 26.1072 19.178345872681135 0.1267652906592462 19.762694565028166 g
2458805.0486806 1162.9936102084544 66.2407326123947 26.1254 18.461456678481614 0.06183831344042076 19.825162171574743 r
2458813.0520949 1093.0100952327416 38.5503726223839 26.1185 18.52193956702962 0.03829254618843198 20.406003538571046 r
2458820.0056134 18.123958833926913 48.131071399968 23.0173 19.871667332329388 2.8832499950907797 17.063811166157333 r
2458823.8893519 54.81779941101816 131.729634098705 23.5641 19.21679600657878 2.608985863672189 16.517466275411223 r
2458829.0432986 951.7692030079681 60.9469718674154 26.2924 18.846070880120962 0.0695232910954978 20.08259465742168 g
2458829.0656481 1382.9466231809233 41.7120777809129 26.2515 18.399486454472452 0.03274660213752336 20.45342043001468 r
2458831.9573032 1319.2490863269172 74.1663990657531 26.246 18.44518299482577 0.06103658535772087 19.823057005120994 r
2458837.9490046 1249.0542600266506 75.7540717728887 26.2503 18.50884673769493 0.06584677572139293 19.804360036456043 r
2458838.0013079 715.6939700850631 60.1684208041638 26.2426 19.105781604547282 0.09127484259692242 20.04675345656833 g
2458846.9614352 1308.9169378480265 31.9912925411619 26.2781 18.485819780832465 0.026535638211729058 20.768095521166458 r
2458849.9998958 688.0367419476574 23.6198795769928 26.3025 19.208470923309992 0.03727141545399034 21.121880791442592 g
2458850.0459028 61.88300509631401 55.119547438245 23.9035 19.424571511791004 0.967039214733725 17.80281088136494 r
2458852.9585301 1200.8226860847878 24.1456152114323 26.2696 18.57090278986089 0.02183077879759599 21.06507930075542 r
2458852.9810417 663.7130788122604 21.8923000521357 26.3274 19.272449060686103 0.03581136326127293 21.229246509466314 g
2458853.9786227 629.8213040042051 21.9043963296582 26.3439 19.345856633085674 0.03775928655304923 21.245146767117326 g
2458853.9790741 655.9474862723871 21.1845085701806 26.3439 19.301727319758328 0.035063814460741985 21.281429004502737 g
2458853.9903588 675.2330247133528 23.7393652770481 26.31 19.236365812801253 0.0381702729842524 21.123902231716368 g
2458855.9811574 656.7131631178412 31.3422737235208 26.3181 19.274660696633877 0.05181608728546296 20.83034874129823 g
2458856.0386574 1097.8780897250406 33.460490192621 26.246 18.644614705040734 0.03308933345343183 20.68724424155763 r
2458859.8372917 1039.5420777819745 90.2701515070633 26.2182 18.67609481734962 0.09427834196027005 19.581914560737793 r
2458859.8377431 842.0577780519603 106.429149095991 26.2374 18.924045270573174 0.13722351385534884 19.422323514238812 r
2458859.8654051 1153.9497127682635 85.3571804624035 26.2477 18.59223279151898 0.08030877758591026 19.672174836809276 r
2458859.878831 5295.054539712482 340.78163685164 28.8018 19.492123905617305 0.06987399664251912 20.723184527656187 g
2458859.918588 11628.902172197531 209.744105291361 28.9391 18.77525320738809 0.019582173084168118 21.38745057882179 r
2458859.9592824 11515.17498346198 187.096318312651 28.9539 18.80072364538386 0.01764024194888744 21.52631188535156 r
2458860.8961574 1317.790027036602 79.4754608900294 26.259 18.45938445873278 0.06547819160715829 19.76099235132878 r
2458864.8393171 1205.7102673331801 38.0534345924214 26.2152 18.512092601998027 0.0342657892665811 20.51679033657617 r
2458867.8554282 1259.2884999752864 36.3394183143488 26.2388 18.488486906672502 0.031330157040791506 20.590430060987646 r
2458867.9166551 849.081486362179 29.1462481045726 26.2959 18.973526571271023 0.03726860386829418 20.887018345483398 g
2458871.9859144 1339.8078004136016 42.6217204804917 26.2544 18.436793745145096 0.034538089650907274 20.432897547693447 r
2458873.8168634 1143.8925382535724 30.3512618188795 26.0664 18.42043693237935 0.02880722083130921 20.61353311145671 r
2458873.8979861 860.3192184605876 23.7882653603546 26.2605 18.92385093848181 0.03002015896837734 21.072168053034037 g
2458876.8392708 1369.5877923127073 29.0051932417151 26.2446 18.403125309228006 0.02299300452244394 20.84098558111092 r
2458876.881794 955.7355575980881 25.7747794991673 26.2785 18.82765564002841 0.029279728979188832 21.003087592603222 g
2458879.8624884 1381.3647302566947 58.0344157683396 26.2437 18.39292909206842 0.0456128376666876 20.087060947253967 r
2458879.9688542 901.510127837138 40.4998240129672 26.2479 18.86047347479689 0.04877444808786663 20.48184214904694 g
2458883.7856597 1240.275173322816 58.1393812816026 26.1532 18.41940487379285 0.050893485264504865 19.994598974900367 r
2458883.9392245 902.5253139244608 36.8017020476465 26.2609 18.872251520526586 0.04427089999214582 20.5988052269322 g
2458886.7952431 1351.6691737544745 63.9237571880172 26.2497 18.42252397659634 0.05134542129584505 19.988119256199045 r
2458886.9204398 966.0756262149787 65.6196436048444 26.2912 18.828672187164496 0.07374500000678617 20.001190320898253 g
2458891.8179514 1404.3430693120683 61.930048751487 26.2576 18.388916961803332 0.04787822534163706 20.03042143444147 r
2458891.9199537 1105.1144068494245 87.8759063907882 26.2808 18.672281898405487 0.0863321217940454 19.67370044527126 g
2458893.8521065 1212.1362689855137 27.7582956810207 25.7111 18.002221384537847 0.02486286599286994 20.355192995280223 i
2458894.7745602 1397.1991213962895 27.5089297476252 26.2167 18.353554240331583 0.021375940314899197 20.870590753620338 r
2458898.8557986 1444.153491244463 24.154674107183 26.246 18.34696661376865 0.018159239884930845 21.04107203316569 r
2458898.8782523 1033.194445268018 21.1624989537095 26.3055 18.77004484344176 0.02223794874166424 21.24415761504712 g
2458899.8183681 1494.6053248709602 25.1186606852426 26.2462 18.30988368701089 0.01824650926379004 20.998783790879543 r
2458900.8348032 937.1650041161088 26.1345353263667 26.2253 18.795759843302907 0.03027670141246646 20.934838032359906 g
2458900.9008333 1475.8367011754262 30.9399483264015 26.2415 18.318904234503727 0.02276098830664683 20.76777602906585 r
2458903.8343866 978.4665030895992 23.2343818170649 26.2552 18.778835093569768 0.025780717335887618 21.09244718425519 g
2458904.7333449 1397.338736949222 31.1922743668324 26.1966 18.333345753226823 0.024235678425410016 20.714057383546844 r
2458904.7948495 963.2386465266134 26.6600553872415 26.2366 18.77726525303604 0.03004948175439344 20.924522370806276 g
2458904.8337616 1183.6230962419015 23.6345851861012 25.6713 17.988266422413723 0.02167925686649987 20.490005028302853 i
2458905.7327546 1408.0002494049013 43.7090825596751 26.2103 18.33879317066381 0.03370379440990607 20.361445761968774 r
2458905.8110301 982.0109066262032 38.7046234403983 26.2535 18.773209221822665 0.04279138794253303 20.536667872819443 g
2458906.7494676 1475.1192732553473 42.3335556315082 26.2251 18.303032156634202 0.031157847492358257 20.410963122233557 r
2458906.8111111 1028.9486606150097 27.9466027916331 26.27 18.739015734541525 0.02948798886889134 20.90675243342662 g
2458908.8150116 1061.4421241227183 28.5831122635831 26.2742 18.709459202660128 0.029236342028747617 20.886501201525785 g
2458909.7555093 897.7080874351515 46.6589441949642 26.248 18.865162155620432 0.056429942451790636 20.32823772092651 g
2458909.8171065 1449.2467122076234 29.8346093818832 26.2455 18.342644190514775 0.022350532268290632 20.81127409892696 r
2458911.7134722 1310.5434679210744 62.3571590814164 26.1752 18.38157142465078 0.0516588493795545 19.94055918660147 r
2458911.880463 969.1051576834974 37.6872714338498 26.2293 18.76337273765227 0.04222149709071505 20.541388250213487 g
2458912.7919097 1060.8215607662996 39.6164634211623 26.2594 18.695294154977702 0.040545550662908734 20.517285730968624 g
2458912.9166667 1424.1764048509697 45.7506913774674 26.2171 18.33319053428226 0.03487736874401745 20.318680835549948 r
2458913.7328819 1460.365428568507 44.2946199656088 26.192 18.28084614178394 0.03293057200333848 20.328697539355094 r
2458913.7764699 978.4359021799485 42.8649593794021 26.1689 18.69256904980123 0.04756416469850446 20.34121894789085 g
2458914.7319907 716.7860016298174 74.9087917235166 25.7794 18.640926211888434 0.11346270014941488 19.34564300923244 g
2458915.7338194 979.8960937822743 74.2369840768693 26.2231 18.745149933956107 0.08225269405979033 19.799124188937988 g
2458915.8730787 1389.4397978943798 69.996165883416 26.2442 18.387100664333616 0.05469458800215078 19.88408935988429 r
2458939.7230556 1205.340531198085 38.688223921896 25.9725 18.26972559864121 0.034848081205940636 20.256128007104508 r
2458939.8101157 491.4991537927001 35.4333779572569 25.562 18.833193063875022 0.07827077249540768 19.94104359730057 g
2458941.7481019 1027.7539669051894 46.5978653807334 26.2643 18.734577095657016 0.04922511036002581 20.34595993319686 g
2458954.7327199 1356.6565356523613 24.7805506369963 26.2006 18.369425221586297 0.01983128604739277 20.967897608156683 r
2458962.6675926 1371.2534752943357 26.3529230276883 26.2155 18.372705646858048 0.020865120159509417 20.91600300533694 r
2458962.7101505 905.8981926838605 22.1934404865746 26.2343 18.84160151695584 0.026598373339158255 21.12131340679848 g
2458964.7014005 826.3871110230659 25.435064806864 26.18 18.887041162576402 0.0334163607980588 20.91899286785391 g
2458964.703206 921.1394336244643 24.0069278765097 26.237 18.826186563296375 0.028295739650369415 21.038733519842445 g
2458964.7036574 900.3739737511438 21.7656036036665 26.2316 18.84554266806269 0.02624566737979936 21.1397482003751 g
2458965.7111343 905.5934103845877 23.5878304335534 26.2511 18.858766865798145 0.028279034727994718 21.071954996427408 g
2458968.7078704 1355.9365280824268 26.9104945189531 26.2506 18.420001598717967 0.02154726515152287 20.928370792606458 r
2458968.7101042 1056.2395399587504 31.7979394350297 26.3058 18.746393947201934 0.032684842347371304 20.802377544622686 g
2458974.7304861 1320.004981067947 66.9474787926572 26.2209 18.4194610749281 0.05506409352060353 19.909139423282568 r
2458977.668044 788.3587305208508 56.9815514075986 25.9963 18.75449029626872 0.07847299454952072 19.859539315713743 g
2458977.7029745 547.0306312968596 87.0978434557735 25.287 18.441970886036906 0.1728644123926889 18.689556484156647 r
2458980.6707176 898.2220161585518 20.2475514627401 26.2315 18.84804076057195 0.024473644853542073 21.21814371047037 g
2458980.7330671 1363.820543140746 23.8281333101183 26.213 18.37610693023097 0.018968921142087272 21.022849936259504 r
2458986.6708565 1009.2301144691974 24.5211199193399 26.2646 18.754624497564443 0.02637909780410132 21.04332423607719 g
2458986.7327083 1368.9517287619315 27.1094462363544 26.1924 18.351429663634953 0.02150019256371347 20.86217337327512 r
2458992.7356829 1353.5805882933323 28.336225514046 26.1878 18.359089706199867 0.02272834015696802 20.809519988671504 r
2458995.6705903 959.9026115757978 27.2374861878166 26.1934 18.737832066882135 0.030807019792942175 20.858057431603022 g
2458995.7284491 1332.720175407756 34.0222668048362 26.2162 18.40435256913893 0.02771622712075264 20.639366874108255 r
2459005.6707176 964.088659261299 73.7103082922976 26.2246 18.76430756447155 0.08300821811789152 19.808354420075133 g
2459005.7381944 1394.5665538268865 70.7803562876496 26.1971 18.33600188694758 0.0551040268466387 19.824893128113377 r
2459011.73875 1194.4603409439926 42.2949823507329 26.0532 18.360270663330912 0.03844385683152946 20.240052868987377 r
2459021.7006481 13574.103059408617 117.958739209262 28.8676 18.535822144535434 0.00943471569347841 21.940849684186446 r
2459021.7214468 11189.132969852455 122.366788429963 28.7397 18.617708912588277 0.01187345101326137 21.773116084317063 r
2459138.0224769 1067.7580652243962 41.7042403383621 25.9346 18.36341784870105 0.04240501215586155 20.136724452329425 r
2459138.0271875 1101.8928257559085 40.4556441184019 25.9835 18.37815161136557 0.03986112967857612 20.21862718859822 r
2459138.0318866 1103.422504314898 43.1826474858154 26.0104 18.403545407117274 0.042489073942224086 20.17470182670069 r
2459138.0365972 1034.7813310466645 66.2285068644838 26.0128 18.475678537965063 0.06948742477798672 19.71276257941625 r
2459140.0185301 900.9466748096798 37.6933358243007 25.78 18.39325228315515 0.04542294882556527 20.09191355466443 r
2459140.0232755 873.0609793675848 38.0530879202284 25.7804 18.427788554315768 0.0473211362451665 20.082000227832236 r
2459140.028044 966.5820052147285 46.0679156026682 25.8409 18.377803235874836 0.05174515529978826 19.93497858283574 r
2459140.0327894 381.6007339237601 50.6376082633795 24.9004 18.446376996746817 0.14407008793262702 18.891792027370645 r
2459142.0233565 1263.171222695494 42.9191159221379 26.1616 18.407944442234424 0.03688912739575455 20.332548070445874 r
2459142.0280903 1259.5237890852009 42.324071437417 26.1782 18.427684063525298 0.036483030140286817 20.364306392291965 r
2459142.0328125 1357.1060063525388 43.8695968452248 26.1866 18.355065568441212 0.035096168664725376 20.33376588084868 r
2459142.0375347 1310.3575460988504 54.9898971498796 26.185 18.391525464847565 0.045562015888998025 20.08686772065545 r
2459142.0422569 1421.2614649302056 84.177143557804 26.1953 18.31361504738613 0.06430282324244666 19.63488952805485 r
2459144.0239815 1210.0381661838433 36.1687445603205 26.1765 18.469502328131124 0.03245220445647815 20.53324140318262 r
2459144.0286458 1354.468703248472 33.5756295259103 26.1907 18.361277563626718 0.02691318070978983 20.62821457861775 r
2459144.0333218 1289.0058917949714 41.9789876641584 26.2043 18.428662743916345 0.03535793528725482 20.399295086081572 r
2459144.0379977 1289.698973300714 44.9843296925783 26.2078 18.43157911473726 0.037868904107318815 20.32772185545823 r
2459144.0426736 1412.71562893633 73.6107963077935 26.1966 18.32146312547929 0.056571357967876865 19.78182119947662 r
2459146.0242593 1277.4379926913732 37.1753898709575 26.1294 18.363550428737618 0.03159552245495942 20.45633615963041 r
2459146.0290162 1303.1266648778746 35.2346804083828 26.1475 18.360033421225204 0.02935577450022197 20.53264914756207 r
2459146.0337731 1309.0287419180947 36.0869096355043 26.154 18.36162704420487 0.029930250220371758 20.51320075891515 r
2459146.0385417 1298.2888333294663 46.7981005559098 26.1615 18.37807169571351 0.03913512653671386 20.23850442350604 r
2459146.043287 1392.8243953444444 87.0162230238688 26.1996 18.339859087871034 0.06782873250410806 19.603174417586725 r
2459151.0178935 911.7759091759931 33.7894216998143 26.2169 18.817179717136383 0.040234858993633854 20.647523091753545 g
2459151.0468056 1234.066889322459 93.9841208929365 26.2718 18.543453249710858 0.08268478875523798 19.591738780456385 r
2459151.999213 845.5205566276444 62.9220385296786 26.1583 18.840489572999942 0.08079573784006391 19.913868028350123 g
2459152.9935648 1187.4108497149405 80.4529959488363 26.2236 18.537097467795153 0.07356157956837013 19.712319436132574 r
2459153.0440046 1017.5294258654299 61.9469062413144 26.2796 18.760732556470135 0.06609711168695946 20.052125934973617 g
2459155.9847685 1267.904983719355 55.7700289727909 26.2048 18.447083227714046 0.04775556625555582 20.091372813885865 r
2459156.9978241 816.2095306224948 77.6862968128726 26.1871 18.907595846031985 0.10333622591420799 19.71381393969289 g
2459157.0262384 1424.32991916022 47.5577871671162 26.2679 18.383873507304116 0.03625107415968696 20.32742089171701 r
2459158.9962037 826.6420674623776 70.341760496502 26.1552 18.861906243577277 0.09238587337503001 19.78974190532549 g
2459159.0293634 1120.2273494599071 71.201088857993 25.9902 18.366934571458575 0.06900654783191372 19.611558401086 r
2459165.9939699 1287.0914294164402 30.2312404117532 26.2519 18.477876503988657 0.025500952741113178 20.803335071684494 r
2459166.0188079 932.9329417623129 25.4272684481611 26.292 18.867373929404476 0.02959096427876153 21.031325718843377 g
2459169.0035648 911.4672108942968 33.1209321170376 26.2914 18.892047375075467 0.03945221020533008 20.743718612749408 g
2459169.0405093 1375.019989494912 33.5681281643699 26.2892 18.443427470467512 0.02650500867368755 20.72695717748691 r
2459170.9986111 913.9263207337242 31.2292329348989 26.3006 18.898322037439417 0.03709880920181776 20.816771696550507 g
2459171.042037 1398.3097535423537 33.8316123125091 26.2922 18.42819153257529 0.026268129357347417 20.7214682505472 r
2459173.9827431 785.5751075215769 32.1743230200395 26.153 18.91503071617553 0.04446635613628763 20.636801444955044 g
2459174.0325694 626.5014521226817 36.8020611156346 25.4566 18.46429479512176 0.0637763849036064 19.794494633639196 r
2459175.0315046 322.3595566678439 19.3331776556156 25.2059 18.93504862543157 0.06511372331464577 20.242716884755986 g
2459177.0052315 880.3286091589351 30.8480845526179 26.266 18.90438796023502 0.03804461771471366 20.795504482665848 g
2459177.050787 1362.1292119581149 36.7537464501738 26.2741 18.438554232932663 0.029294975961634925 20.613420951717718 r
2459181.0203241 891.4025882086673 49.8918176303263 26.297 18.921815273159076 0.06076664698730407 20.30450167366751 g
2459181.0446296 1387.9636463300542 71.8380339489094 26.2962 18.440254772031828 0.05619351318354633 19.907888893848956 r
2459181.9160417 980.6976807428703 84.9214508900811 26.2091 18.730262129410175 0.09401390565288269 19.639131475372846 r
2459181.9165046 1226.2731864096404 81.7831019615895 26.2043 18.482831919703663 0.07240793877232875 19.675216041807708 r
2459182.9462037 1092.323447430434 49.8068604954675 26.2366 18.640721859584836 0.04950485002142455 20.245952070507855 r
2459182.9466782 1104.8265340921857 51.1468816010291 26.2398 18.631564760151587 0.05026143710412001 20.22032708879758 r
2459182.985787 1271.4438457339656 75.0398265278752 26.2783 18.517557040011308 0.0640773400529408 19.842645435662927 r
2459183.0632755 909.8947839257615 51.8237545004885 26.3538 18.956322061511315 0.061836875268614616 20.320052805832518 g
2459183.0646875 855.151153414651 68.5434005375413 26.3686 19.038492785425277 0.08702270898712632 20.03126087264086 g
2459183.0651505 884.8538839055761 67.4116112223347 26.3743 19.007121096285395 0.08271284969790431 20.05503822054133 g
2459184.9442593 851.0624481140949 73.904045295831 26.2658 18.940896429176565 0.09427935888310623 19.84670446145524 g
2459185.0015278 1346.6374070141574 60.0494265178363 26.2813 18.458173314574026 0.04841367247845171 20.08760282872723 r
2459186.0095833 973.1668392407321 61.3821395347643 26.3574 18.886931745294604 0.06848012715362185 20.139869933859025 g
2459186.0260764 1439.8563038281602 46.4896756210187 26.3029 18.407102119707098 0.03505477642980393 20.387083699336408 r
2459187.0000463 1378.387368928809 115.190587293724 26.293 18.444571788170332 0.09073096826328751 19.39203250787882 r
2459187.9841782 1375.8397858287653 82.6854424646639 26.2843 18.437880339999772 0.0652485745858918 19.7433023523336 r
2459187.9888542 1311.280434393238 70.6292779832797 26.3008 18.50656104711864 0.05847887690166714 19.930913072550872 r
2459188.0306944 799.0328598963101 78.212262546563 26.3197 19.063288400343943 0.10627229205294862 19.839087865500115 g
2459188.0316319 844.7123000955291 75.5850687521716 26.317 19.000227954715275 0.09714870866086853 19.873484958045328 g
2459188.8834722 1254.864378857666 74.8031813188833 26.1955 18.449008021506067 0.06471919621452842 19.763274818033025 r
2459192.9911806 278.7326164169058 95.9282830261811 24.872 18.759030521335955 0.3736532100920211 18.169708310876928 r
2459195.0193866 1427.8755969802878 28.8970632027069 26.3097 18.422974071558027 0.0219721813199473 20.910140719610077 r
2459195.0293287 930.6367339120601 27.7722466976002 26.3375 18.915549522692864 0.03239967555636351 20.98104745318885 g
2459198.9768634 1363.7344738285706 36.6840845994027 26.2868 18.449975452088676 0.02920503324797384 20.628180773340365 r
2459199.0047917 950.7853172728252 31.6303417291133 26.3517 18.906493833968362 0.03611862887596974 20.854015279188346 g
2459199.9838542 1155.3800799685837 38.2245540476756 25.7264 18.06958781111907 0.035919260725604564 20.02311892077466 i
2459200.963912 433.3172793516205 29.1823925910086 25.4367 18.844684980752206 0.07311807108977121 20.02647274983498 g
2459201.0231366 709.0308899143267 35.3212765091581 25.6896 18.56293710940797 0.05408552779784621 20.07208401273519 r
2459202.9420833 1253.108468892711 43.4628925998081 25.7356 17.99062833727381 0.037656486782272146 19.892878422444745 i
2459203.9828819 1388.826144897701 36.983413806949 26.3078 18.451180291050576 0.028911388598003494 20.640357497041798 r
2459206.0337384 584.3011718795391 26.5508682865947 25.8401 18.923508106660123 0.049334622427727674 20.53247816846833 g
2459206.9741319 53.507263145172175 41.0794545279881 21.8368 17.515768155705224 0.8335310228824668 16.055313318659024 i
2459215.982662 955.0306391920029 85.4610031083656 26.3258 18.875756738007738 0.09715396267626833 19.74895502392848 g
2459219.8957523 1166.0609932536372 43.263018696077 25.722 18.055196830759208 0.04028147727270208 19.88428294103994 i
2459219.940544 1017.5540299835938 54.4383140385321 26.3228 18.803906303412255 0.05808406807900633 20.23561332269855 g
2459219.9774074 1373.550215336642 50.4698585366206 26.3014 18.456788646678874 0.039893063101285535 20.29639477056188 r
2459221.9457176 1272.0568442439371 35.3776411504522 26.221 18.459733702477923 0.030194802355609448 20.6017528081648 r
2459221.9614699 504.5583992079611 45.3296974875137 25.5917 18.834421399702748 0.09753965574539801 19.703317937263392 g
2459222.9891319 1125.981878328831 32.7032338961162 25.671 18.04217149752412 0.03153327928661765 20.13709823795304 i
2459223.8791898 866.9328593055102 29.7272112316156 26.3132 18.968236339245514 0.03722875755340506 20.882889566427536 g
2459223.9623611 1372.595263751363 39.467557733963 26.3006 18.456743760025645 0.03121818103513843 20.562574356822015 r
2459225.9139931 1245.2743536429064 35.6677745674587 26.2216 18.483437390201946 0.031097165644346447 20.59348495643807 r
2459225.9368519 1101.4804514455063 53.4726310666635 25.6946 18.089658015245092 0.05270655096319587 19.626846105044255 i
2459225.941331 807.3816394495076 34.7953642904227 26.2482 18.98050282760541 0.04678992580989261 20.646971519896553 g
2459227.9406366 868.7664994692498 23.7414233202012 26.2863 18.939042335686864 0.029669725195998763 21.100108109776542 g
2459228.9583796 910.7203919342359 24.8362042321648 26.3658 18.967337347576084 0.029608063214212596 21.130661933002195 g
2459229.0295023 1156.3647777495846 21.6765429012078 25.7406 18.08286286294179 0.020351901995529078 20.65319994009467 i
2459229.9371644 1293.0065212652069 47.0466456854756 26.2829 18.50389821188573 0.039503701165204116 20.35415332741484 r
2459231.8477315 1127.8191377556595 29.1830601150178 25.6725 18.041901350554745 0.02809319979258867 20.26224791476729 i
2459231.9199653 952.2611715334144 23.2706809275151 26.3579 18.91100980918564 0.02653156406904554 21.19345226055897 g
2459231.9662963 1484.7718997389516 25.0838866416455 26.3376 18.408450650873032 0.018341925605961866 21.091687915517348 r
2459248.8164583 1159.5833219995907 53.0774075459508 25.6451 17.98434509905587 0.04969555898171078 19.585400732879386 i
2459248.9141204 1012.9737743600567 36.2528273864699 26.3347 18.820704495676665 0.03885559102293221 20.688920281171203 g
2459250.8700231 916.4967268804336 31.1709296961401 26.3301 18.92477270427843 0.03692569474447712 20.848300600095847 g
2459250.8773611 1387.0794349957202 39.2142917823114 26.2948 18.439546667806198 0.030693957039444428 20.563764049223312 r
2459251.8782407 1203.7856199301452 34.4143023506327 25.7407 18.03932712233678 0.03103842365574205 20.151427564339798 i
2459252.8187731 1390.227263122056 25.9108769503436 26.2897 18.431985497472418 0.020235136981713926 21.00856970946941 r
2459252.8790046 1017.9867869122627 23.6656317491203 26.3374 18.818044647356533 0.025239793600812608 21.154679733260757 g
2459254.8000231 958.62996943502 22.8416897964744 26.3134 18.859272494701074 0.025869442227690814 21.16915441599837 g
2459254.8585995 1232.1671194028982 24.2050963102737 25.7594 18.03272596153225 0.021327848025030124 20.55220795164567 i
2459256.8488773 1203.6737241504431 27.3009030631508 26.2731 18.571828049731103 0.02462510384745937 20.935232456827606 r
2459256.8493519 1187.8590084903312 25.8402326479762 26.2613 18.57438776090478 0.023617904469624706 20.983133940573943 r
2459256.8693519 906.3467036289918 22.6293919577592 26.3279 18.9346641010886 0.02710743113001517 21.19379277715621 g
2459256.8703588 910.7849192646638 25.3620142854937 26.3505 18.95196042256418 0.030232756743482043 21.092615632072686 g
2459256.8708333 904.7137887934705 22.8560673987146 26.3453 18.954021976315914 0.027428378656500406 21.2003712190643 g
2459256.8991204 1428.6564578903572 24.7820919403246 26.3075 18.420180478371762 0.0188330211024569 21.074730079520616 r
2459257.9202199 831.8834911541913 31.4073922672596 25.3529 18.052743735631292 0.04099012199082507 19.86289529230206 i
2459258.8410764 1377.4040883143612 29.3462395993339 26.2853 18.43764658076579 0.023131347295467893 20.868993841545667 r
2459258.8664468 787.784853029955 24.9069241404151 26.1737 18.932680934384432 0.03432592977034612 20.935474744116856 g
2459260.8545833 1006.0170324230323 31.3411139066412 25.5945 18.087986665932043 0.03382353009122008 20.106788919572725 i
2459262.849213 1365.0989526375954 25.9875576458193 26.2969 18.458989666380628 0.02066860521836208 21.01256132491927 r
2459262.9106944 768.1831086909025 27.6262583547248 26.157 18.943338116537443 0.03904515519332186 20.806269816855377 g
2459264.8600231 1495.9069215282977 26.0781402679235 26.3715 18.434238570865116 0.018927004402091042 21.083383446757278 r
2459264.882037 1143.2972173575417 22.7201193285072 25.7533 18.10790213381336 0.02157552137839772 20.614848469144352 i
2459266.7829398 855.8453322472983 55.6376715625857 26.3036 18.97261178404526 0.0705802996633566 20.192752622986106 g
2459266.8231597 1313.092038515459 48.059440934348 26.289 18.493262079638292 0.039736845165410185 20.33712820306411 r
2459266.8325347 1299.2106738143962 55.3860089011384 26.2898 18.50560105023021 0.046283940761832475 20.18387481129332 r
2459266.9160764 848.0829756237983 41.8685780284966 26.2941 18.9730041367738 0.05359937231625663 20.491954460878866 g
2459266.9170139 847.6013148291374 45.3689999806646 26.3071 18.9866209456694 0.05811355222937212 20.41777697242898 g
2459267.7597801 975.04685466097 51.2844194931736 26.3074 18.83483628580036 0.05710442936929293 20.285011379299092 g
2459267.7869676 881.750633898617 49.7906196304068 26.3166 18.953235548605186 0.06130721504981439 20.326306161702274 g
2459267.8179282 1425.9226059320795 40.3765519456012 26.302 18.41676011455677 0.030742778230017972 20.539251917780636 r
2459267.8524421 1137.9272471460354 38.4383196094447 25.7537 18.11341375867715 0.03667412280059271 20.044364005267617 i
2459268.7752199 1418.6715203195145 42.1063391134284 26.3226 18.4428953739828 0.0322237048680256 20.514306279574562 r
2459268.8260417 925.3617428610692 60.4621511043973 26.355 18.939221148646872 0.07093848212384948 20.153866003369096 g
2459268.8543981 1424.1541188207534 35.9308619489563 26.3146 18.430707524410103 0.027391794400934314 20.678505900004065 r
2459268.8564699 1512.9937344022005 44.4914487773442 26.3086 18.359007176174988 0.03192634895917012 20.44048361933009 r
2459268.9318171 892.7477034324075 39.6616552303207 26.3262 18.949378145859278 0.048233850300595515 20.582847901678242 g
2459268.9327546 861.0525112111786 41.8421979451753 26.3104 18.97282590582043 0.052758773382097834 20.5089387649523 g
2459269.7296296 852.2370148913526 57.4811203370848 26.2303 18.90389901794053 0.07322757784456119 20.084061928732034 g
2459269.7684259 1137.8074625330737 45.0428259665843 26.27 18.629828055383733 0.042980027607701754 20.388510913815015 r
2459269.7689005 1155.925155909451 41.8807937402272 26.2855 18.628175711994185 0.03933643759832366 20.48303772917553 r
2459269.8425463 1460.0272115880273 52.4754009194994 26.3046 18.39369762469577 0.03902156228741326 20.257285575813704 r
2459269.8582292 1359.26812757781 45.4972739733446 26.3028 18.469537166039068 0.03634043155332691 20.4104115488249 r
2459269.9416204 851.3857533979542 52.5665924477012 26.2924 18.967084053333608 0.06703371437998781 20.243200425590715 g
2459270.7109491 832.9424892682579 98.4682418318594 26.2204 18.918862458835022 0.1283485613163615 19.48973453020311 g
2459270.8095949 1315.1126403212998 68.8059295034809 26.2963 18.49889261988433 0.05680319340834437 19.954810323815384 r
2459270.8105324 1503.979944717174 65.3745658581545 26.3091 18.36599488734754 0.047192894028614006 20.02315294464501 r
2459270.8573843 1383.6273411857742 74.1621896182992 26.2891 18.43655216172805 0.058193334918911974 19.86621862978209 r
2459270.8824653 835.1125377327556 78.8176905101037 26.3201 19.015737490263785 0.1024680659437107 19.83111572625304 g
2459274.7060301 827.6911919020403 142.74014340006 26.2401 18.945429166094623 0.18723525779381092 19.106309667351347 g
2459274.7396065 760.9813745155649 133.778136345114 26.2732 19.069764931805835 0.1908626511685005 19.209812135336513 g
2459274.8328241 1151.8960336456967 67.5971541719587 25.7551 18.101566792845283 0.06371254708831574 19.43285395764279 i
2459274.8589815 1313.7790536565951 85.1927194078978 26.2955 18.499194166556318 0.0704028087551861 19.722068785578898 r
2459274.859919 1467.0049898945501 89.3930624519679 26.293 18.37692102234479 0.06615795349890248 19.66731544988096 r
2459275.7056713 827.906694930612 51.7329134294058 26.2428 18.94784651359363 0.06784149041700074 20.2109576462841 g
2459275.8403009 1393.5332286305204 61.9164833906864 26.2974 18.43710667782014 0.048239054969166854 20.070459283707915 r
2459276.7560764 837.418040483248 41.552247501763 26.2796 18.97224421836259 0.05387186916421172 20.485688691349644 g
2459276.7570139 834.5697015860658 41.7183939891185 26.2766 18.97294346516679 0.05427187240072004 20.478356035979903 g
2459276.8370833 1346.7051370143686 50.4401509976919 26.2966 18.473418708141914 0.040664337302226995 20.292234044141374 r
2459276.8389583 1337.5123723645788 43.1120252971047 26.2826 18.46685547985597 0.03499535916988737 20.44867892560582 r
2459278.7914583 1330.2679942347252 34.1019663188521 26.2917 18.48185214440033 0.02783236535257479 20.712326436340952 r
2459278.7968634 900.817012089708 28.9426929742889 26.3255 18.93890855171661 0.03488286892949596 20.924227645123818 g
2459278.8594444 1146.156899442022 36.5063203655647 25.7442 18.096089817401218 0.034580703601914245 20.090854837452916 i
2459280.7864931 1441.5847531816319 22.0258870285341 26.3162 18.419099549063368 0.016588345218067454 21.211441470701665 r
2459280.8598264 838.8758107729841 28.3838021948986 26.2998 18.990555821075212 0.03673522784571135 20.9196985601883 g
2459290.755706 1448.4801360172203 27.8543114200789 26.2808 18.378518640479616 0.02087803978584912 20.921143922070453 r
2459290.7956366 979.7332794469183 24.1565506552879 26.3498 18.872030349111512 0.02676929282350364 21.14478768687853 g
2459291.7278125 1129.5983241675103 24.1561495849688 26.2503 18.61798990148967 0.023217395992269085 21.04530571346632 r
2459291.728287 1097.1081591352543 24.1865199495212 26.252 18.651376387763076 0.023935019068578322 21.04564152696186 r
2459291.770787 1172.253931815967 25.524409815994 25.7126 18.040045754836793 0.02363980276380527 20.447785716730788 i
2459292.7546065 1299.1663835410682 30.049809423758 26.2471 18.462938063759978 0.025112317024744465 20.805070684042903 r
2459292.7696412 901.4252350567328 25.7034737371981 26.2915 18.904175720464895 0.03095793234002335 21.019095437354153 g
2459292.7701157 891.4034148955128 26.5577427211147 26.2973 18.922114266247682 0.03234645592612411 20.98939709079201 g
2459292.7947569 881.8856921986392 25.5133174618346 26.2816 18.918069258441843 0.03140974960060314 21.01725765665989 g
2459293.7077546 1141.2440295323104 38.2650138374541 26.2632 18.61975370370535 0.0364026662556553 20.558770302370583 r
2459293.7082292 1162.6484326755535 33.5837039194982 26.2733 18.609678973779324 0.031361008470540956 20.710553508084665 r
2459294.7538889 842.3278536528171 37.7748325996801 26.2314 18.91769709512586 0.04868904141733 20.54096861809466 g
2459294.7921065 1105.792786175964 33.0075014709193 26.2027 18.593515618951677 0.03240773931154448 20.65874336088948 r
2459294.7946759 1115.1097550666404 32.0165256256631 25.6771 18.05880596231544 0.03117212607444646 20.166239485900626 i
2459294.8192824 1357.959108391492 40.8803938554382 26.1994 18.36718326892987 0.0326842268920911 20.42318731094584 r
2459297.7059838 815.9914865482768 68.7746951534049 26.2305 18.951285930824884 0.0915066979974356 19.889503304064263 g
2459297.7567014 1372.7192508291 60.2572175889693 26.1955 18.351545689470452 0.04765815085410261 19.99805230414118 r
2459297.8575463 1171.6655954121534 49.146173380092 25.6946 18.022590806098318 0.04554029805748141 19.71845071805327 i
2459301.8564352 1227.225166678319 144.693999341534 26.263 18.540689368092014 0.12800770335431128 19.11444868739721 r
2459302.7400347 1437.4409776843122 72.6349556148143 26.2579 18.36392494675628 0.054861223893898844 19.857610800457262 r
2459302.7750579 1262.0133750162554 44.9841184250225 25.7275 17.974840105865656 0.03869947683669982 19.847426954597736 i
2459302.8296528 966.2246339530545 77.198867860521 26.2736 18.810904735863396 0.08674464290282205 19.807147660779606 g
2459303.7786574 947.5003101826486 58.8955595516474 26.3094 18.86795159796281 0.06748589770160326 20.136768608512803 g
2459303.7795949 946.9048427671117 59.694751082361 26.2662 18.825434155811738 0.06844467186451944 20.07893462516335 g
2459303.8028588 1215.6871722225894 47.6916896733144 25.7362 18.024145414747196 0.0425922627641553 19.79266821574475 i
2459303.8515625 1449.436640627509 65.5219078837707 26.2628 18.3598019106332 0.04907916178979182 19.974408652072615 r
2459303.8525 1392.4717855429233 68.8315654173056 26.2453 18.385833989500767 0.0536674648272542 19.903405872395815 r
2459304.7761458 1400.1509640868842 69.178229099797 26.2415 18.376062840562827 0.05364193237736396 19.894151388474867 r
2459304.8257755 965.0234758305037 69.9640006644778 26.2442 18.782855303947166 0.07871302348997479 19.884588401064526 g
2459305.7901505 964.9425955975738 39.9240398624368 26.2606 18.79934630512951 0.04492031989924171 20.510088787807387 g
2459305.791088 1026.841318719265 39.2251563728991 26.2672 18.738441660551885 0.041473547565434137 20.535863280166318 g
2459305.8741319 1122.101097956787 37.7977731078017 25.6883 18.06322003170412 0.03657160868825803 19.997209454876582 i
2459307.7473148 1406.6185625579433 27.9843682660427 26.2645 18.394059139204565 0.021599763742056407 20.89978622076082 r
2459307.7791551 962.5267419122126 23.4245800143278 26.2989 18.840367989084825 0.026422192147130215 21.1272954565459 g
2459308.8110301 1067.6307485053992 24.8022429200751 25.6794 18.108347316805933 0.02522201161405512 20.445747597198626 i
2459309.6927778 1019.8712115555138 26.4918039172836 26.3228 18.801436667757347 0.028201748600322388 21.017596159418368 g
2459309.7330093 1448.2529945871856 25.6536952016306 26.2123 18.31018891206735 0.01923159626426281 20.942000162997218 r
2459311.670463 914.150368232803 34.3555182142893 25.8178 18.415255903656274 0.040802681289031556 20.230383729736594 r
2459311.711875 592.0897217248971 28.9701246797518 25.6828 18.751831194773906 0.05312178747703459 20.28049907841913 g
2459311.752581 1119.582540557954 27.2436945221401 25.5986 17.97595970700464 0.026419203650627502 20.263009984198703 i
2459313.7126852 1341.7338499728187 26.9513811046565 26.1781 18.358934058687932 0.02180843426281475 20.854222426135745 r
2459315.686088 1258.9384172387172 23.6150895078474 25.7446 17.99458878376039 0.02036549391741084 20.564200999124022 i
2459315.711956 917.8779624279089 20.5279454425453 26.2418 18.834837642768527 0.024281213058017934 21.21351127715777 g
2459317.692662 1485.8379566750561 25.3455252141283 26.2938 18.363871378792552 0.018519944655712578 21.036621751224672 r
2459317.7337616 973.4982964387814 21.3683361049612 26.332 18.861162010328762 0.02383116908783958 21.26014822382551 g
2459320.6737153 996.8793736940465 25.8422786552592 26.2369 18.74029347460315 0.028144791312159214 20.95864797632308 g
2459321.8216782 1182.1109212224474 26.7691924293642 25.6596 17.97795442578015 0.024585943415957694 20.343086815092615 i
2459322.7704167 1361.8247463043358 31.517205638762 26.2189 18.383596945834466 0.025126750159933528 20.725105725798205 r
2459324.671412 954.727038369454 40.4823862595641 26.2532 18.803501944534705 0.04603590868974698 20.487609728294984 g
2459324.7120949 1442.3872984948546 38.3007522639075 26.2448 18.347095276546575 0.02882937667041077 20.53935672911728 r
2459324.7987847 1153.0082680078679 31.2090332574234 25.6929 18.038318946122928 0.029387167766045347 20.209774199142657 i
2459329.7329051 1453.648016773124 74.3857146347371 26.259 18.35285184971513 0.055557170268914324 19.832851139912016 r
2459329.8123727 954.5382643395288 109.206587850814 26.1953 18.745816643664455 0.12421250866424674 19.352252894589853 g
2459335.6911227 1282.622449027364 30.3301349735797 26.1176 18.347352907843714 0.025673515667674826 20.665489131686094 r
2459335.7119213 903.9858872395162 24.0153849441912 26.1325 18.742095873872003 0.028842821333780477 20.933851108245694 g
2459336.6795833 1293.3237712549808 27.3036600022703 25.7214 17.942131850081452 0.02292046610702912 20.383422820985807 i
2459338.6922454 1062.7096478210367 27.2663066428808 26.2691 18.703063441640438 0.027856178009556302 20.93260920272602 g
2459338.7371759 1469.628594027908 29.741953534655 26.2362 18.3181810167765 0.02197210852033935 20.805351262163732 r
2459339.6716088 1209.0113677267445 25.0341703448881 25.6963 17.990224039167785 0.022480846308790065 20.45254198150902 i
2459340.6922106 1015.499973516258 25.8327242883083 26.245 18.728300208963404 0.027618502699416663 20.967149467242848 g
2459340.7334722 1333.2356639703505 25.6319749496167 26.217 18.40473269376496 0.020873005391954268 20.947619814249833 r
2459342.7355208 999.6813943520822 23.9444103982455 26.2224 18.722745976804994 0.026004731623743053 21.02696462030736 g
2459342.7906366 1235.7207571151725 41.5062740065526 26.1376 18.40779914541859 0.03646726934822714 20.34489061723034 r
2459343.6865509 1162.3818460237158 24.6445253952576 25.6949 18.031527953574148 0.023018736324177995 20.468173841860406 i
2459344.70875 1422.6709022626062 26.4435936600439 26.193 18.31023887744407 0.020180218482749437 20.88977380154796 r
2459344.7691435 897.5659522678661 23.9958171383355 26.1422 18.75953407510904 0.029025453339963498 20.94443612988731 g
2459346.8319907 671.2505791522734 37.1384074773898 25.8524 18.785188316461777 0.06006872880336873 20.18041679683057 g
2459348.675706 1475.2844668887508 35.8755016245911 26.2305 18.308310575505267 0.02640170962821893 20.59608003353174 r
2459349.7548148 1189.1026428649768 30.5832981088712 25.6605 17.972451639092743 0.027923818819206702 20.199364194150018 i
2459350.6779977 970.5666578443004 33.3632916653714 26.2468 18.77923658051947 0.03732100775184943 20.69120275882723 g
2459350.7296065 1288.8118495223875 41.6943820694685 26.182 18.406526199010642 0.03512350590941368 20.384381134734838 r
2459353.6927778 1458.1915635968949 44.9592743938623 26.2307 18.32116354678699 0.03347453477855264 20.3512267555157 r
2459353.7218287 861.7927863911382 53.8921727231661 26.1808 18.842292863701154 0.06789420014823078 20.104560756619126 g
2459356.7358218 1370.4410851322875 92.5271881302603 26.1969 18.35474907479482 0.07330250766914698 19.533801578393494 r
2459358.6933218 1206.400693775648 39.1562330634354 25.6632 17.95947105430153 0.03523864206669437 19.93377272709657 i
2459358.7571181 888.6636639895197 88.7231320784003 26.1058 18.733956442657586 0.10839500747119016 19.488282827284525 g
2459361.6945833 1459.9331115672549 45.2633204067642 26.2683 18.35746760359147 0.03366071128619652 20.381508965232378 r
2459361.7555903 953.6344836025751 87.8156015637189 26.1525 18.70404513287405 0.09997687820343432 19.546145787347314 g
2459363.7140046 975.9402569279631 30.2220793043494 26.2345 18.760941918130037 0.033621024717247726 20.786264137023068 g
2459364.6933796 1217.6883782283544 27.5815432416172 25.6861 17.97225959726162 0.02459190876157654 20.337128583783713 i
2459365.6816204 1432.032636637276 33.8514372835292 26.2109 18.321017710395196 0.025664572523312407 20.639532206824615 r
2459365.7045949 947.759655745816 30.3445152139359 26.1677 18.725954455750877 0.03476096494300016 20.715074480251534 g
2459367.7082292 1243.145695792294 36.1327837772221 26.1485 18.41219492342686 0.03155652911779419 20.50632143366824 r
2459367.7335648 788.2676288578648 28.9184770886907 26.0627 18.8210157697182 0.03983011533872433 20.66233644338112 g
2459369.7240046 959.4532718105187 25.6448272944202 26.1092 18.654140429572493 0.029019223563657423 20.839275542542133 g
2459371.7256134 1275.6801446889096 35.1261050488715 26.1877 18.42334550998151 0.029894964196420747 20.576199999647354 r
2459373.7172454 1338.0900093467187 37.6990201829382 26.1937 18.37748667970932 0.030588245877867914 20.505449832125116 r
2459375.7269676 1401.4696375453163 56.5527778609781 26.1896 18.32314076668104 0.04381068934979234 20.061040133554254 r
2459377.6944329 1214.935162027883 29.0611529622421 25.7195 18.00811724657338 0.025969858110322874 20.313792888273642 i
2459498.0261921 1456.2213471153718 71.0481970292865 26.1373 18.229231517014004 0.05297067486855419 19.76099233558311 r
2459498.028588 1294.4051794145448 96.7660789952197 26.126 18.34582439487135 0.08116386865249399 19.41426713015985 r
2459498.0309722 1194.3932143710679 95.6575778722498 26.1573 18.464431681512945 0.08695246343189317 19.458076539196682 r
2459498.0333681 1285.8491025048638 117.897711709037 26.1561 18.3831249848176 0.09954631951225965 19.229911549403198 r
2459498.0357523 1297.467278708387 136.417700670755 26.1771 18.394358964923384 0.11415216402657886 19.092498176172473 r
2459499.0272569 1367.803857904895 66.5973891891516 26.1334 18.293340439172987 0.05286195460320842 19.827331979408743 r
2459499.0296528 1362.288173985011 90.6971153218629 26.1357 18.300027533676616 0.07228269318150154 19.49429130347553 r
2459499.032037 1318.398048057165 99.4926770799022 26.1501 18.34998362159356 0.08193215976376064 19.40819719736665 r
2459499.0344329 1409.0306482917254 113.009924642279 26.1544 18.28209890076242 0.0870775063217217 19.274183525847256 r
2459499.0368287 1594.8934045014391 120.22257650015 26.1858 18.17897084481453 0.08183973357580908 19.238409911325185 r
2459501.0278241 1439.351105734659 53.9976732392066 26.1483 18.25288313558285 0.040730349670925974 20.069937372988836 r
2459501.0302662 1451.0996181923022 65.3307942734037 26.1512 18.246956930404362 0.04887992695566589 19.865980143530077 r
2459501.0326968 1286.7357892618356 70.0059620215204 26.1722 18.39847654852263 0.05906843782620434 19.811937419024773 r
2459501.0351389 1443.9288524301726 89.2696861870194 26.1649 18.266035513727267 0.06712248884709779 19.54071496894663 r
2459501.0375694 1413.8080798737722 105.5421190221 26.178 18.30202385171692 0.08104853852053566 19.37201046546759 r
2459502.0280324 1510.0219543543162 51.1381517263529 26.1828 18.235341846029293 0.03676813517128097 20.163512420721784 r
2459502.0303935 1502.9071863834895 51.5942761097065 26.1761 18.233769597245498 0.037271699862652094 20.147171180433748 r
2459502.0327662 1463.4324655978444 63.1922195086305 26.1889 18.275468286414966 0.04688142045044241 19.93981596562486 r
2459502.0351273 1453.2257459269817 71.525733792343 26.1794 18.27356729151723 0.05343663184883366 19.795819184192474 r
2459502.0375 1607.1300521411245 103.111346113069 26.1879 18.17277244461635 0.0696570811589358 19.407208847697543 r
2459503.0280556 1386.9921393826967 79.0101143627708 26.1561 18.300915000583537 0.06184698436851893 19.664468263124654 r
2459503.0304282 1499.3023014190048 84.4437538084391 26.151 18.21127698091866 0.061148831308437165 19.587156161877648 r
2459503.0328009 1420.3870175359493 96.9449347384887 26.168 18.28698326460647 0.07410171618448581 19.454262182611068 r
2459503.035162 1561.7233222364466 110.198293042597 26.1797 18.195689760124385 0.07660914391994564 19.326837820654625 r
2459503.0375347 1299.9942175948272 130.972863439874 26.1847 18.399846448602606 0.10938297717951098 19.14432168282862 r
2459504.0308333 1376.3682622059655 65.5065194001516 26.1381 18.291263375923567 0.051672528396402274 19.849963678164663 r
2459504.0331944 1345.9704089492138 74.4609723584884 26.1508 18.328211219840533 0.06006244799447238 19.72355323113114 r
2459504.0355671 1380.1160015373027 76.994113149336 26.1541 18.304311021840636 0.060569190236995245 19.690531186764286 r
2459504.0379398 1357.0025957120606 98.2193246051641 26.185 18.353548304022457 0.07858254734425997 19.457082630595924 r
2459504.0403009 1419.687868940934 118.366728189919 26.1947 18.314217821607812 0.09052043030533337 19.26420088087385 r
2459505.0311458 238.61053745948743 51.9392617994337 23.9389 17.994675952591926 0.2363284418871042 17.902735557131535 r
2459505.0335301 1474.8394322653542 39.9690445777784 26.1867 18.26483814832809 0.029423129561595866 20.434965571696956 r
2459505.0359259 1511.5321910480825 49.5372712862188 26.1643 18.215756498083294 0.035581521686385904 20.179544788641202 r
2459505.0383218 1544.3981756735575 52.4433834301978 26.2039 18.232001800149394 0.03686729386696764 20.15724823214574 r
2459505.040706 1521.0479574832686 68.280630490317 26.2128 18.25744273189248 0.048737635232748815 19.879631182525923 r
2459510.0202431 1472.818680283829 66.2353675705216 26.2191 18.298726790393832 0.048825927817168296 19.918950112270412 r
2459510.0227315 1562.6454137215435 66.6107992045571 26.2284 18.24374889585826 0.04628007356074104 19.922113378143205 r
2459510.0252315 1448.5871737870307 64.3549898619153 26.2316 18.32923841122045 0.04823335023077712 19.962719423588872 r
2459510.0277199 1647.2653666125761 68.7706835320312 26.2353 18.193391081049302 0.04532623135534346 19.894366636800093 r
2459510.0302199 1584.6753316723675 62.6676708377291 26.2284 18.22854925649628 0.04293516082989638 19.988366105095498 r
2459513.0224306 1503.766676354478 54.3818043175068 26.2213 18.278348858550746 0.039262956066197126 20.135240957119095 r
2459513.0249769 1538.4033669256191 63.3444685471416 26.2358 18.268124445696017 0.044704198508788616 19.98410324712306 r
2459513.0275347 1543.3513393060507 50.0234669186214 26.2282 18.257037992112306 0.03518996397668422 20.232840520201453 r
2459513.030081 1561.8051515920781 51.9300140601131 26.2495 18.265432872476467 0.03609951997378901 20.213528888707906 r
2459513.0326389 1580.172006786616 48.3729260052896 26.2391 18.24233909031588 0.03323592972055158 20.280169094158026 r
2459522.9996181 1614.608750297176 31.925427143962 26.2512 18.231031745518596 0.021467390315963515 20.743433197694486 r
2459524.9763773 1494.2318124075616 33.5683293915818 26.2246 18.28855505409308 0.024390549657565257 20.662350668961516 r
2459525.0516898 1233.0347806761322 60.7530969077861 26.309 18.581561682308966 0.05349373622422438 20.10265393633668 g
2459526.9761111 1039.7948252986796 31.5211264428959 26.1836 18.64123087057842 0.032912730614159114 20.689670666418778 g
2459527.0222454 1593.5271260130353 34.6138841463997 26.2625 18.25660134823918 0.02358309024319599 20.666949149787655 r
2459530.0227199 1131.0000839993897 42.8833376669195 26.2766 18.642943407048715 0.04116572612473796 20.44845353987385 g
2459531.9500231 1448.3126363280985 34.0466517661763 26.2066 18.30444420035998 0.02552242443748433 20.6289889673318 r
2459531.9835764 1142.947358329227 29.163061039128 26.2583 18.613234429509635 0.027702356665372255 20.848792222055458 g
2459532.0289005 1463.9735417087 28.5236055169507 25.7786 17.86476693045115 0.021153441389117247 20.39316393540865 i
2459536.9474653 983.2034730128287 76.663227277606 26.1548 18.67319149010353 0.08465517885147954 19.69590724486718 g
2459537.0179282 1504.9218670929106 50.9974107529374 26.2084 18.264615118233902 0.03679120495565624 20.19210467265323 r
2459538.9838889 1458.4767514700238 55.245890246364 26.2061 18.296351223158418 0.041125415938253425 20.102925048412416 r
2459540.9975116 1347.8641350358887 38.8405715565971 25.7445 17.92038470640452 0.03128594896389513 20.023860958852612 i
2459550.9788773 1114.083115545197 26.9900754250901 26.2793 18.66200601914423 0.02630245847921347 20.953864743621324 g
2459551.0061806 1659.6943611446718 27.8892982058389 26.2943 18.244229703829987 0.018243968149169308 20.93328102414437 r
2459622.9022454 1344.4896394390114 54.2864706075858 26.2991 18.47770635019114 0.04383731894226284 20.21494597101613 r
2459622.9208218 1184.5059053450325 53.1029675653775 25.736 18.05215692441009 0.048673368047866726 19.675778010314268 i
2459623.7916088 1109.6908490632477 42.6771195338733 26.2938 18.680794988273 0.04175446586501082 20.470887240908205 r
2459624.7975 889.1838370722296 64.424000759204 26.2907 18.918221100464947 0.0786621784023567 20.02065576115418 g
2459624.8583449 1342.0805945152902 53.1861331468442 26.304 18.484553507917045 0.043025869678403196 20.242078948028286 r
2459624.8717014 1105.0936100534218 51.2070731718497 26.2885 18.680002330721535 0.050308425310675406 20.267750104916697 r
2459625.8169444 1162.6302456255405 38.2483577695556 25.7461 18.082495957841356 0.035717496759310415 20.04214300657514 i
2459629.8363542 1288.1776722097632 65.3883982789525 26.3145 18.539560581689845 0.055110553103810175 20.028323241070833 r
2459629.8649884 1067.142625016459 63.2106985236959 26.291 18.72044383166802 0.06430991863540093 20.041598515108053 r
2459629.9025579 881.6255120379719 92.0008924763864 26.3251 18.961889627285053 0.11329682228763659 19.66819488830449 g
2459630.8842824 925.2038881868483 49.0088260429489 26.3856 18.970006376917013 0.05751043971410969 20.412489240283787 g
2459636.8382176 1366.478572784236 34.8653083524223 26.2899 18.450892934799374 0.027701323703230762 20.686491212900947 r
2459636.8576968 1185.7938636851068 27.1285904125108 25.7427 18.057677003493815 0.02483864313425432 20.41170691758053 i
2459636.9415046 831.4440773538618 35.110490471629 26.2517 18.95211738990363 0.04584729213101846 20.640682748333788 g
2459639.7477083 1115.4106643457706 38.49972605644 26.2712 18.652613018930715 0.03747422713050144 20.560130890882192 r
2459639.7706597 1257.2651447122448 38.649607760446 26.2767 18.52813281067275 0.033375520924920105 20.561412262174695 r
2459639.7768519 820.8413470232647 33.88360966747 26.2926 19.006951939024287 0.044816742174818264 20.72020081388294 g
2459641.7245949 769.0040373858587 25.3500819823742 26.2535 19.038678450204493 0.03578990833627291 20.996126568701044 g
2459641.7592708 757.1402145228521 36.1807680681899 25.9292 18.731259215534152 0.051881354520825256 20.285580533912103 r
2459641.7961111 1164.0574917448916 26.3271853620519 26.2146 18.54966392436359 0.02455499436263577 20.916163911188693 r
2459671.8008333 1088.0788678841495 23.5623900390948 25.7334 18.14174906066283 0.02351087556289989 20.55542663718457 i
2459671.8371065 1154.7465771763907 22.4614470257451 26.2534 18.597183290966385 0.021118393869139284 21.127380661099124 r
2459671.9018403 639.8649858447476 24.5368769903609 26.1638 19.14857913569801 0.04163329442580016 20.941826774943248 g
2459674.8189352 1127.6267411315257 31.917267796211 26.2487 18.618286583978396 0.03073053908917936 20.741210720418643 r
2459674.8413889 1082.5539234865028 26.8348468744124 25.6976 18.11147615408923 0.026912833272746243 20.378427185536218 i
2459674.8591204 571.1915713570172 26.8591182230834 26.2157 19.323745524351345 0.05105282731242355 20.89554561214198 g
2459676.8539005 1019.2510986404432 46.2586760777684 26.1543 18.633597029384816 0.04927445718196878 20.24389199137368 r
2459677.7712616 1012.3433633225542 29.9592125682183 25.6765 18.1631803998071 0.032130123299826396 20.23774900312107 i
2459678.7341435 1154.6020039895184 26.8893275512032 26.2635 18.60741923262951 0.02528468062714911 20.942125135373125 r
2459678.8180787 587.9682742677119 29.9619500772181 26.2089 19.285515267642083 0.055325585788365814 20.770049799016785 g
2459679.704919 904.1024794535333 36.4375378153207 26.2331 18.842555849312962 0.043756361369570715 20.581802432111385 r
2459680.7478125 1165.330518000981 69.5551201848943 26.2659 18.599777199929818 0.06480221089058974 19.912652225726628 r
2459680.7684722 939.647192137555 39.6972823170242 25.7114 18.27898794916389 0.045867576439566335 19.967073049400778 i
2459684.819375 1112.0616758032409 92.4939102960026 26.2384 18.623077814442837 0.09030132104483891 19.57569213871517 r
2459685.7776736 1075.825947625559 44.6135439829914 25.7363 18.156944963170613 0.045023012141730046 19.865208179591935 i
2459687.7609028 689.6909743176617 53.4428929209541 26.2569 19.1602636434867 0.08412890846032058 20.189750091838455 g
2459687.8535301 941.2892576355306 76.0548552472952 26.1664 18.73209224405926 0.08772304121413947 19.716157628926997 r
2459689.7571065 1144.8834889008976 48.4694618951193 26.232 18.585096769559225 0.045963886534908495 20.27090449356038 r
2459689.775 517.5026406586745 60.8711462608142 26.2331 19.448318574481647 0.1277052488297447 20.024646289153182 g
2459693.7088426 1111.005753438259 35.4341851028314 26.2338 18.61950923005553 0.03462708869606405 20.612818865331953 r
2459693.7137153 627.1230300202916 29.6896339951855 26.2379 19.244518125525033 0.05139985949412496 20.80896287971439 g
2459694.6910069 955.9465622484769 26.6553465420292 25.6325 18.181415960651957 0.030273355105344138 20.320614156427617 i
2459695.7115741 1066.0341254384962 26.8240465978142 26.1981 18.628672231584087 0.02731888848236228 20.87936425200269 r
2459695.7549884 264.4585982494809 28.6958387446088 25.2891 19.233205770878904 0.11780699259258413 19.897127681234544 g
2459697.6851505 1131.2026865339872 27.8100842336125 26.2092 18.575348930310874 0.026691422157903377 20.85126922842191 r
2459697.7133449 653.074302066979 21.3458823129439 26.2417 19.20429351257821 0.03548635178847743 21.170989712448076 g
2459699.6695833 1142.5633351640715 28.5833228014014 26.2259 18.581199291384042 0.027160781910637095 20.838193204226965 r
2459699.7128125 580.6623880356854 23.7271478045836 26.2085 19.29869076037552 0.04436410021076355 21.022961150061835 g
2459701.7159954 1173.067631474926 32.1062960374531 26.2294 18.556092371395643 0.029715086046688783 20.715499474642705 r
2459701.7454051 1047.1483983672395 30.1259049636875 25.6715 18.12147941799707 0.031235014129873877 20.22672473486383 i
2459701.7588079 604.9283114423974 26.4656543174699 26.1922 19.2379402236569 0.047499448032055226 20.88806840006252 g
2459703.7588542 624.2784627611692 31.9262132851244 26.2148 19.226354119284473 0.05552376356273619 20.707006462534157 g
2459703.7767477 1109.207114076598 40.587260316951 26.2005 18.58796838417093 0.03972710593620543 20.43210064673683 r
2459708.7065509 1236.5094736326607 79.0538008847324 26.2706 18.540106379755645 0.06941209384219547 19.77836810034004 r
2459708.7366898 1140.9539212162786 92.9347065630895 26.2355 18.592329736819487 0.08843408049992572 19.567630159127518 r
2459712.6722569 737.3416344759855 61.1910627850939 26.2918 19.122628106708845 0.09010088913938873 20.077654998606086 g
2459714.6718519 1105.5185094332717 57.2588924998603 26.2655 18.656584954338136 0.0562324185951141 20.123467630026816 r
2459714.743831 767.9737738279227 76.0501666761616 26.2126 18.999234026992486 0.10751365316650685 19.76242456361943 g
2459717.6813542 734.2643701164546 28.7673379285937 26.2634 19.098768863115353 0.04253604023319375 20.868725801623327 g
2459717.7292361 1140.5998893940684 41.0784793789193 26.1944 18.551566687162985 0.039101270722887216 20.412939092302512 r
2459719.6804861 1204.980136821809 31.0626476666797 26.2579 18.555450280108218 0.02798777800658578 20.779878812544162 r
2459719.7374537 1165.164391075227 30.4026000073459 26.2297 18.56373199110098 0.02832913800044575 20.774998174828937 r
2459722.6847106 680.5885343868486 30.1501240932093 26.2297 19.14748842892651 0.0480965929840235 20.784052229239418 g
2459724.6970718 575.7664455096514 24.2661840442833 26.1472 19.246584121285615 0.04575778290372213 20.937271271322356 g
2459724.7361227 1089.6788766797904 34.1191159970333 26.1574 18.56415366944517 0.033994532729539575 20.57748056323952 r
2459725.698669 928.8535413141386 29.6727897055952 25.6609 18.241031896968117 0.03468334495208576 20.232579042411338 i
2459726.6956944 1166.5233840182643 24.8281001742456 26.2909 18.623666377391373 0.023107867984887648 21.056116266734303 r
2459726.7150116 651.6067651430762 24.9476833774466 26.2272 19.192236038467694 0.041567554684528864 20.987199430203596 g
2459731.6928935 680.1669036223057 38.7798352164378 26.1994 19.117861260778536 0.061901375780357475 20.480460090811736 g
2459731.7380787 1057.3532768784771 39.6901201501276 26.1587 18.598149711094948 0.04075417780347609 20.41456895514107 r
2459733.7242014 1099.725521941728 34.8989110472949 26.2081 18.60488923978817 0.03445382231117828 20.603645299521972 r
2459735.7383796 1019.2313975171222 34.2901320461678 26.1576 18.636918015802806 0.03652634372647352 20.572252095356873 r
2459739.7142477 957.5872267768004 42.9542676311548 25.6593 18.20635413900555 0.048700992518580045 19.829359192339737 i
2459739.7377431 935.4272201147082 56.5388345689613 26.1381 18.71057499163428 0.06562158056935093 20.009807858749923 r
2459742.6873032 971.6887933134626 47.198182405706 25.6697 18.200882015121962 0.052736088952035715 19.737461803293552 i
2459742.7373032 1075.6388995117888 113.31747177578 26.0905 18.5113337507401 0.11437739855150711 19.207332798111057 r
2459863.0254514 1133.4889119822328 96.3634799831674 26.146 18.50995680968284 0.09230070899834684 19.43879380084531 r
2459863.0278356 1074.8460880392213 100.550672185971 26.1253 18.546934299605397 0.1015660437406971 19.371912543606214 r
2459863.0302199 1304.1654135031524 109.302957686746 26.1527 18.364368303688792 0.09099322826062148 19.308695204375958 r
2459863.0326157 1226.16105381462 98.1052281885777 26.1441 18.422731205887356 0.08686692984822385 19.417444608504496 r
2459863.035 1260.1635727647617 119.371921177885 26.1423 18.391232696455276 0.10284545405362464 19.202619530459472 r
2459864.0253588 1229.2667882014464 72.5456804157122 26.1154 18.391284629501232 0.0640730279084311 19.716446093244507 r
2459864.0277431 1234.7913864521852 78.2834948597086 26.1215 18.39251602173039 0.06883137613503007 19.63989947440308 r
2459864.0301389 1145.1641552948433 79.8915649646604 26.1415 18.494330635649163 0.0757430903517928 19.637822667992708 r
2459864.0325231 1165.6757723314024 91.6139436055186 26.1329 18.46645557477532 0.08532840857932278 19.480571043798218 r
2459864.034919 1360.523959029953 105.648288416963 26.1968 18.36253451456561 0.0843074801976137 19.389718825303166 r
2459866.0280324 1154.4379605437978 69.3220904727482 26.1757 18.51977350272549 0.06519448961190615 19.82609586216655 r
2459866.030463 1168.7599325559809 64.9762055300875 26.1836 18.514286713269847 0.06035855985389633 19.904289124433063 r
2459866.0328935 1270.6022827439576 67.8765006719369 26.1843 18.424275921883655 0.057998885867240384 19.857576378014407 r
2459866.0353356 1252.2089519111269 84.9643355564847 26.2061 18.46190798953468 0.07366644278727566 19.635583325502203 r
2459866.0377778 1194.577566674879 99.3446083986984 26.171 18.477964113141944 0.09029002749372912 19.430714233701696 r
2459867.0278356 1171.8643813083168 59.4402534577186 26.1688 18.496606614688673 0.055069753982108754 19.986173357607818 r
2459867.0301968 1151.4670093820496 61.786573113875 26.1797 18.526571251172037 0.05825758088000662 19.955039717946853 r
2459867.0325694 1149.1860709501364 66.2346392899116 26.1815 18.530524116607452 0.06257554776799698 19.881362050378428 r
2459867.0349421 1085.9308505374004 74.9818646493338 26.1549 18.565394571734807 0.0749659247727376 19.720084398517773 r
2459867.0373148 1165.6693488633896 87.5476882298533 26.1938 18.52736155775203 0.08154158398677357 19.590763282508025 r
2459870.032419 1160.0603071442672 58.4008035215823 26.1701 18.508898582149996 0.0546572897916562 20.00662793291198 r
2459870.0348032 1170.4457560983483 55.1596140189632 26.1747 18.50382177181939 0.051165799549754 20.07322194284517 r
2459870.0371991 1125.007878134625 67.9518815911277 26.1729 18.54501109072951 0.06557763663470006 19.84497127198057 r
2459870.0395949 1229.8328373238971 92.7226652822187 26.2124 18.487784787989813 0.08185583816086704 19.547010222195933 r
2459875.0205903 1154.025323957021 42.4829652108887 26.1907 18.53516165227021 0.03996771506825238 20.37273793450233 r
2459875.0230903 1104.5341243348093 44.7874639779904 26.198 18.59005215538591 0.044023764019231526 20.322683809468536 r
2459875.0255903 1187.998329743883 42.7079391279017 26.2067 18.519660424867546 0.03903036591066523 20.383003451542002 r
2459875.0280903 1237.241200384786 40.8697491395838 26.2101 18.47896406583267 0.03586389349711779 20.43417005915971 r
2459875.0305903 1223.8513135555686 43.5451916736416 26.2144 18.495078354219487 0.038629704504481124 20.36962447282676 r
2459877.0227199 1181.553838100392 55.40637822787 26.2201 18.53896621183059 0.050911522524196104 20.113775583217798 r
2459877.0252083 1158.927670767855 51.8866595329862 26.2112 18.551059169294216 0.048608163974235855 20.176135709950564 r
2459877.0276736 1290.3574352325109 52.7125355722639 26.2209 18.444124928424156 0.04435205184871477 20.168690221409616 r
2459877.0301505 1292.1587502893638 49.9351853879198 26.2171 18.438810317749855 0.04195663324148353 20.22365832274888 r
2459877.0326273 1083.8258216953227 53.2272580042783 26.226 18.63860126579153 0.05331929988976599 20.163239753855983 r
2459878.0243171 1162.4822982496746 40.3370615557694 26.2448 18.581334129064956 0.037672786757302436 20.483114344490126 r
2459878.026875 1219.0335266601844 37.0155675636242 26.2253 18.51026087491367 0.032966937188290704 20.556913957028364 r
2459878.0294213 1238.074313119779 42.0561070227345 26.2206 18.48873321702714 0.036880108819578906 20.413602316191533 r
2459878.0319792 1160.0644707547044 41.7939172930188 26.2455 18.584294685305622 0.039114770901922745 20.445292291797948 r
2459878.034537 1231.5865715900427 45.3408450141152 26.2334 18.507237637511047 0.03997003261270608 20.344750964706446 r
2459879.0220718 1251.7957800033607 40.7346259219254 26.2218 18.477966292134838 0.03532971117965878 20.44946565813306 r
2459879.0246296 1218.3385003993353 40.5127652448957 26.2236 18.509180078865086 0.036102207401281644 20.457195270511466 r
2459879.0271759 1183.7498613637995 44.439291110573 26.2295 18.54635014712889 0.040758389870612394 20.36265718286355 r
2459879.0297338 1207.063624699919 42.42484102207 26.2297 18.52537459375449 0.03815925602853973 20.413224430240007 r
2459879.0322801 1306.7110979288732 48.4403295583478 26.2281 18.437651051026194 0.04024735527604808 20.267657266272828 r
2459888.9762153 649.3834959277226 48.5110730369739 25.5095 18.478246882894542 0.08110534426348379 19.54747278647015 r
2459894.0208449 1189.5535030200822 86.21796191643 26.2491 18.5606400493803 0.07869073649484078 19.66268060799256 r
2459897.9858333 688.5741173804004 63.291397713197 26.2074 19.1125232647454 0.0997938620734656 19.956613272551163 g
2459898.0296065 1044.4174101760054 50.0643348565194 25.6963 18.149114743021943 0.052043223163584784 19.700053862657402 i
2459903.9853472 1167.5724918427163 46.8384060773565 26.2353 18.567090363992616 0.043554004426678714 20.311369720404386 r
2459904.0162963 766.2741250725114 33.6464854848289 26.2787 19.067739597755004 0.0476722208092593 20.713925721493887 g
2459905.9513657 284.4100739650328 50.1094488252376 24.3905 18.255637561786585 0.19128657375283137 18.3932759247042 r
2459908.9782407 797.1861474311488 67.8179416502265 26.2649 19.01100064141935 0.09236229140071726 19.939113478353157 g
2459914.0065394 1324.3779607290103 31.5909453886219 26.2862 18.48117013762954 0.025897659448777855 20.78986843223831 r
2459914.9552431 1146.7906074294292 27.7016915300175 25.7225 18.073789681793553 0.02622599653266762 20.36880926688482 i
2459923.9575579 1157.3381695233902 50.3253260675753 26.2746 18.615949308542916 0.04721023461454431 20.272708495539398 r
2459931.0071412 1177.9500321071548 38.1848048929182 26.2781 18.600282829136287 0.03519439835498052 20.575948549420154 r
2459931.0237847 744.150283567327 43.3007510203591 26.3115 19.132348371037544 0.06317490757033421 20.472836416800256 g
2459933.9586227 383.62788820408986 33.5747434393552 25.5766 19.116824572230364 0.09501941874652098 20.014143232405093 g
2459934.9467245 1112.1886553674226 35.5298074344012 25.7279 18.112453847901563 0.03468360493102301 20.103992854928865 i
2459935.8939815 724.6020077841765 28.2493547037094 26.2791 19.12885116730635 0.04232713140777342 20.90415365981724 g
2459937.8804514 1192.9383281476519 48.1891827757165 26.2532 18.561655019150795 0.04385725104568843 20.298401085889097 r
2459938.0451505 1112.2208090288052 28.0467000049919 25.7407 18.125222459441083 0.027377928868287417 20.37357056617174 i
2459951.9240856 985.6085901561419 136.453340673963 25.8991 18.41483880008094 0.15031057303006243 18.814214557640803 r
2459951.9640972 652.836261306281 91.6882348465677 26.2388 19.201789327547797 0.15248221104283322 19.585590959391137 g
2459957.9573843 612.6232074775586 63.4770619924739 26.0909 19.12291638803462 0.1124949975189333 19.836932945606385 g
2459957.963206 1090.264816396903 50.9925130797731 26.1537 18.559870006681756 0.05077901315175094 20.137508949249934 r
2459965.9166319 644.5881527498943 36.0452912280441 26.2931 19.269894202235403 0.06071221216110677 20.653553642266473 g
2459967.9187153 1018.0150316951047 53.9177665607681 26.2739 18.75451452323479 0.05750260785202061 20.197145253933385 r
2459967.9409375 1097.3366801338796 44.3025516906237 25.7357 18.134850259023622 0.04383274635879469 19.872203136737564 i
2459968.9163889 686.5054080619115 35.6248319265084 26.3195 19.227890092964664 0.05634024083190044 20.692692928973777 g
2459968.9471759 1350.1736605806173 48.6310727373712 26.306 18.480025921389533 0.03910515899729431 20.341290365065625 r
2459970.8665278 1212.6701495647455 60.1313571844874 26.2814 18.57204328164368 0.053835426326466505 20.086222473846803 r
2459970.8953704 763.2806628714112 54.2214080229147 26.331 19.124289349989343 0.07712521167380332 20.24814801125708 g
2459970.9093519 1055.9145522832912 43.8511460472255 25.7367 18.177628061923414 0.04508810789710536 19.884322618879605 i
2459972.880463 1250.3723656655825 34.0074616823516 26.3051 18.56250158293676 0.02952872453229189 20.728739445676847 r
2459972.9221759 685.4606688432054 28.0804973161557 26.337 19.247043649029383 0.04447665244980518 20.96856300154922 g
2459979.815 743.848160454264 85.3782775786603 26.2442 19.065489266668816 0.12461574941657859 19.66840651641098 g
2459979.9192824 1283.199013226949 61.8087787811704 26.2787 18.507964957574686 0.05229570037928969 20.05364958196159 r
2459985.8654398 1141.8959989505618 44.7965386079536 25.7404 18.096333621877516 0.04259197160805613 19.86486384487564 i
2459985.8914699 1332.5598406795436 52.6532593115292 26.3136 18.501883197979772 0.04289911934114376 20.26261183966292 r
2459985.9206944 817.8477382923 65.1336850145054 26.3301 19.04841885749216 0.08646553448678077 20.048160865189786 g
2459992.8396644 355.3891266630641 52.3571838703402 24.6491 18.272339659549008 0.15994916631740672 18.604234291257583 g
2459992.86 300.6842201467286 69.3900062035584 24.6532 18.45792340749249 0.2505509923282318 18.30253267336799 r
2459994.8788079 988.1449684915926 24.6437901565476 25.595 18.107948340966566 0.027076758801703474 20.368306233930518 i
2459996.8231481 1159.4667341770635 25.3297078985276 26.1792 18.518554267566245 0.02371819997487896 20.92269953529048 r
2459996.8802315 36.130256641619766 30.140939777144 22.5215 18.62682238381566 0.9057233841607769 17.07618301605607 g
2460016.7531829 868.9689159346235 24.3813681207379 25.8827 18.535189396276245 0.03046236854193374 20.667629809926936 r
2460020.7276273 764.8177025777902 25.7757657386765 26.2711 19.062205170936608 0.03659009038122353 20.995646049068156 g
2460020.8000116 1303.7485470795423 24.7957104675875 26.2784 18.490415406376503 0.020648692506667322 21.045033597717932 r
2460021.7668287 67.999752474919 53.2869334320429 23.503 18.921731670402515 0.8507916796977707 17.439023168941546 g
2460031.7754167 764.0956650390355 34.1844645096569 26.1583 18.950430660505738 0.0485725476746926 20.57630303619908 g
2460031.7981019 1213.7494595121625 28.3644604808035 26.2299 18.51957737619273 0.02537203580414841 20.85053867095392 r
2460032.6857407 890.8581233846627 30.2672651434408 25.4621 18.087578638721904 0.03688709672577638 20.012242036105388 i
2460032.7223495 869.3683269707349 57.3834154129392 26.0041 18.656090465436577 0.07166257635692003 19.85970900535007 r
