jd flux fluxerr zpdiff mag mag_error limitingmag filter
2458202.8743981 1202.0513084712861 29.5620933055304 26.1823 18.482492486177662 0.026700661174465196 20.7580370306469 g
2458205.8452199 898.6847175093635 68.0378406563188 25.8606 18.4765816089919 0.08219643904181077 19.531298684698346 g
2458205.8663773 1023.1482204001861 66.2321084514891 26.0447 18.519853616992712 0.07028131282646038 19.744603537362156 g
2458208.8385532 556.3173588753289 193.056821086785 25.7867 18.92339347118807 0.37676658351567704 18.325062112332592 g
2458208.8580671 595.754258170619 221.52271080692 25.6411 18.70343211209542 0.40370203624158374 18.0301293459167 g
2458211.862963 1036.2833038981682 83.1061394185692 26.1989 18.660203747336304 0.08706917811695922 19.65239221859504 g
2458211.8920949 1048.104941562137 98.8876664027665 26.2144 18.66338807854377 0.10243472304735682 19.479119668337923 g
2458214.7983102 92.14664337830153 36.2499198641506 23.5048 18.5936012004566 0.4271076683166073 17.859107362071434 g
2458214.8902894 294.97776553288355 62.9622440995456 23.7705 17.596026796243557 0.2317398679028784 17.525374492296052 i
2458229.7929282 1114.984123920114 28.2689021756862 26.2218 18.603628291052953 0.027526443142737958 20.846102631740482 g
2458232.8156829 1032.2664929625932 22.6235621608913 25.428 17.893520423723555 0.02379463210860005 20.29417252117223 i
2458235.7406713 1084.20875757274 88.9117182425952 26.2748 18.68701772269262 0.08903400919956993 19.6549774812025 g
2458235.7411227 1049.6261674765199 77.9947644326122 26.2568 18.70421337687369 0.0806753093323403 19.779211362380565 g
2458235.7509838 1043.7450186055971 76.6846374309644 26.1988 18.652313960560704 0.07976709768639234 19.73960406778876 g
2458235.8150579 991.1009210406987 73.2722719523541 26.2068 18.71650530067003 0.08026599912261016 19.797025844382553 g
2458248.7131481 1031.2706532946327 24.1098753897509 26.1949 18.66146835180911 0.025382368466538803 20.991987574755456 g
2458249.7964352 1030.3158256979423 36.103619262321 25.4067 17.87427407334999 0.03804435344526437 19.765398137659872 i
2458254.6568519 975.5261067149985 32.6312589548934 25.4272 17.95410275916276 0.036316565598257265 19.895690414817775 i
2458258.7758218 900.4193816719003 22.1589875042189 26.1198 18.733687913280963 0.026718674900866195 21.008500207703143 g
2458261.6681829 973.8094361078481 30.902398694703 25.3774 17.90621505375824 0.03445307985198384 19.90499451070778 i
2458262.7633102 984.7555655875518 52.9624055448725 26.1409 18.657578889975312 0.05839142799437756 20.083555732978013 g
2458267.7059491 893.6227527214268 81.657495258308 26.1426 18.76471445521577 0.09920913756051376 19.615184853283942 g
2458267.7331019 1020.4193592279777 36.3441235672717 25.4074 17.885453276551807 0.038669214377548056 19.758889488216262 i
2458270.7379051 1002.4139870067514 37.1148587389057 26.1375 18.63488220530045 0.04019856332327746 20.466205459299132 g
2458272.8381944 883.2972470077505 38.4123689056795 25.3745 18.009232807840732 0.04721435401522349 19.665897261409683 i
2458273.7374537 1053.1081368215755 22.0488294747728 26.2089 18.652717579126396 0.022731202355923522 21.103011142534726 g
2458276.7341204 1094.6187387812154 16.9533256035137 26.1814 18.5832428036036 0.016815193231781256 21.360837731398043 g
2458279.7138542 1049.7389310017231 16.0007692527571 26.1753 18.62259674023712 0.016548910081043634 21.41752283342689 g
2458281.6847338 1028.8413745860917 23.9643456504522 25.4149 17.8840289475749 0.025288728384551186 20.218561051602755 i
2458282.754213 1068.507987071813 22.3721116458945 26.1374 18.565455567867115 0.022732073047494403 21.01570754424268 g
2458286.6724421 1060.9979845497664 34.5592269777676 25.4283 17.864013602687145 0.035363830352311436 19.83446494016398 i
2458286.6877894 1150.1529715861343 21.2812641661032 26.2609 18.609010985425524 0.020088691744433684 21.19348143244549 g
2458288.692581 1088.3238484009999 24.6607280085097 26.1814 18.589504635110757 0.02460127326822473 20.95396025605612 g
2458292.6730093 1077.6611351984895 62.8613813695501 25.4641 17.882894448172223 0.0633302988516424 19.22071518830152 i
2458292.690081 939.7309376207234 56.6579002174999 26.1743 18.741791187898365 0.06545861139985855 20.043723801117324 g
2458295.6722685 1000.6176146511116 61.9992924149213 26.1813 18.68062964040335 0.06727108416770193 19.95290815662596 g
2458298.6739699 907.73296853429 71.926794811329 26.1905 18.795604727122683 0.08602851701283117 19.800848219708133 g
2458299.7978009 868.4885188838026 44.5031583715347 25.3444 17.99748979600239 0.055633526515783106 19.475997904704535 i
2458301.7554051 911.3208952417933 41.6521696786733 26.0994 18.70022167970369 0.049622214146793256 20.302880916883787 g
2458304.6932523 939.3980852380197 23.3249443771385 26.118 18.68587582342059 0.026957572628906135 20.951023447259438 g
2458307.7293056 814.3755163036355 21.4802004789441 25.9469 18.669838229015298 0.028636732309735204 20.86937916315391 g
2458333.6842361 862.6225972555818 26.556957316654 25.9506 18.611047923164534 0.0334246849670094 20.642729200247878 g
2458336.6736343 892.058499031568 26.1849264950459 26.0601 18.684116661779527 0.031868957839126306 20.767546591383717 g
2458348.6536111 923.9345913973835 71.9441779366911 25.9267 18.51259693234114 0.08454039356588022 19.53678585283469 g
2458467.9915394 249.9488015524862 25.2805271863769 24.5408 18.546172353123545 0.109810762027142 19.286409673545165 g
2458470.0249074 359.5838184494739 25.6634120189797 25.0064 18.616899650218425 0.07748615204418977 19.7356889979457 g
2458472.0179514 867.8066960877411 23.9328130960448 25.9809 18.634842507829944 0.029941985116635584 20.785990616186155 g
2458472.9859722 995.9486290231525 56.2522227406896 26.0623 18.566707654711692 0.06132147427068445 19.93952576975949 g
2458472.9868866 987.5842247131658 61.5474166303622 26.0826 18.59616463984019 0.06766210776097811 19.862150417345152 g
2458477.0490162 1030.0834157994377 50.3076920331984 26.1604 18.628219012133833 0.05302392059001764 20.15888900504048 g
2458481.040463 1035.3260067407227 54.7679250075225 26.1731 18.635407191616263 0.057432669317229054 20.07935927134839 g
2458487.0567477 1108.6266678697457 27.5123866429693 26.1974 18.58543669680212 0.026943423826948087 20.85115432371708 g
2458488.0027894 1011.6933402370328 21.9435877106982 26.147 18.634377772162946 0.02354878917352881 21.04630590194087 g
2458488.0036921 1035.1824631948266 21.3679273214675 26.147 18.60945773475796 0.022410695232721566 21.075168994524837 g
2458492.0041088 995.280875501872 25.9374163852759 26.0922 18.59733585223934 0.028293774815369776 20.8099582041132 g
2458492.0198958 1003.9878973990334 30.1295291731368 26.1606 18.6562788059369 0.03258169735712804 20.715694126380995 g
2458493.0438542 1004.5912255622827 21.2451156268601 26.0642 18.559226548585023 0.022960405634811085 20.998627241444478 g
2458494.0440972 1075.7359665419776 18.9510378937378 26.1803 18.601035776936744 0.01912657239431275 21.23879248912799 g
2458495.0243403 1105.4491162050917 18.4983718223287 26.1621 18.553253107973088 0.01816789392934499 21.246841227570822 g
2458495.026169 1088.5765541653277 17.8552357348465 26.1639 18.571752559454573 0.017808053428255886 21.287061018244394 g
2458502.9961921 903.7885870932951 62.1000985914503 25.9951 18.604932867939404 0.07459938972849393 19.764944264979018 g
2458502.9971065 898.6557917256299 59.3423828218292 25.9983 18.614316555926543 0.07169377377064809 19.817462536904433 g
2458505.9988657 1089.6396627229274 114.735019015534 26.1958 18.6025927422213 0.11432018712854093 19.299135009271218 g
2458505.9997801 1170.5612923207764 121.311593702511 26.1985 18.527514602676227 0.11251695929709883 19.24131921864197 g
2458507.0224769 1069.3097952062965 102.476931907359 26.1848 18.612041137218334 0.10404768147696151 19.410809703067066 g
2458508.0221875 1092.609116654908 89.0342391203605 26.1926 18.59643795020799 0.0884712308725007 19.57128236014641 g
2458508.0410764 1191.2994542688573 71.1670772348952 26.274 18.58394764291392 0.0648586679671961 19.895877163844496 g
2458508.0415394 1245.1137312560154 63.4830346452849 26.2059 18.467877443506925 0.055355208913212155 19.951830791849858 g
2458512.0183218 753.5871562668534 42.4500958867117 25.792 18.599166280082688 0.061158246555734305 19.97487830023519 g
2458513.8835995 163.06256404155656 20.1102411817231 23.7112 18.18031433247471 0.13389761763731647 18.705231791377276 g
2458522.970463 1251.709004451342 24.5702180750965 26.2383 18.494541558904157 0.021311571355057107 21.014852461371355 g
2458522.9709259 1118.4386083583315 22.3585694734229 26.1644 18.542869623873553 0.02170409595652834 21.043364955532866 g
2458522.9910995 1142.0477832383644 24.0045142909175 26.1814 18.537189312111128 0.022820149514015228 20.98324268203982 g
2458522.9929282 1144.2983398494707 21.0587281094528 26.1637 18.51735183033786 0.019980332324383634 21.1076946456031 g
2458526.9749653 937.0695459927272 30.0092727821907 25.9089 18.479470440283073 0.0347691028899122 20.46833631103671 g
2458526.9779051 862.7677974447809 30.6264927755732 25.8822 18.542465182953148 0.03854013015427593 20.419531824226905 g
2458539.8945486 1246.0558867860873 39.0967210584131 25.9832 18.24435619680347 0.0340653340698884 20.255424149759207 g
2458539.895463 893.5445390318838 45.1362418777603 25.7076 18.32980948765609 0.05484272542225874 19.823861498832855 g
2458539.9208912 96.72214502654367 72.0586464796125 23.0303 18.066485201510126 0.8088537786403037 16.638659738530528 i
2458540.8763889 1460.8787945346892 30.3265945441652 26.1943 18.282764537249058 0.022538203593466102 20.742315876811674 g
2458543.9834259 917.8614733936879 25.6210418780161 25.79 18.383057147433608 0.03030606030789458 20.521083023347785 g
2458543.9843403 962.4901111498544 23.5547901305361 25.8461 18.387609309600897 0.026570076251662814 20.668476891419516 g
2458547.8560069 1310.990806031046 26.3327450300626 26.1227 18.328700885008168 0.021807522331672196 20.824034654035366 g
2458547.9397801 1134.0075011017245 21.8678691798241 25.4022 17.765660181781694 0.020936321448904855 20.305258821292522 i
2458556.8986111 1151.6299519040963 37.0120047461615 25.3924 17.73911762099602 0.034893095205163545 19.724118466194135 i
2458556.9398611 1341.543814488696 24.8759240204824 26.1605 18.341487847025512 0.020131873754217454 20.923626935008162 g
2458556.9407639 1347.4299965883754 28.7497129548887 26.1615 18.337734471447888 0.023165257886609197 20.767491206833242 g
2458557.9432292 1312.260192065631 29.3351142098837 26.1279 18.33285011366823 0.024270440946270698 20.712005530693197 g
2458560.7898264 1246.268265275265 61.3108981500612 26.126 18.386971159062547 0.053411648178989045 19.909730793656806 g
2458560.7907292 1265.16495415912 52.9866911490595 26.1294 18.374032117029323 0.045470474337292344 20.071557989042393 g
2458560.7956134 1143.1642674253696 37.2726672856676 25.3931 17.74782839752338 0.035399055083473525 19.717198807651116 i
2458561.8178704 1324.1774343671273 89.2340705598355 26.1151 18.310234543276422 0.0731634808843549 19.491348227911114 g
2458562.8151157 1040.9055432342316 127.092366577314 26.0288 18.485271696668818 0.13256167506251784 19.021076322312815 g
2458567.7941898 1214.9320622586838 41.815776048527 26.0875 18.376120016709635 0.03736784094040916 20.286724586264334 g
2458567.8098032 1277.6637195837493 44.0758384569169 26.0936 18.327558593039726 0.037453624986913445 20.23567353252005 g
2458567.9490278 1258.3675841189004 55.3554464938142 26.1531 18.40358119445289 0.04775981916318612 20.047774093881053 g
2458568.7534259 1227.604941054459 28.1232511178616 26.0695 18.346853430552542 0.0248723450986076 20.69941117722611 g
2458568.8576389 126.59357890089784 45.2086447629154 23.1005 17.84447080527987 0.3877212892252716 17.215021268621847 i
2458572.8359838 855.9572138374182 21.0594021034442 25.6476 18.31646985892254 0.02671184084214311 20.591559896687393 g
2458572.8368866 851.1597439827583 22.2206985617618 25.6809 18.355872311834204 0.02834369529228286 20.56658071935017 g
2458573.849919 1343.7205841834543 32.1136737120052 25.889 18.06822757478873 0.025947221438384935 20.37485001303646 i
2458574.8571759 740.7840351340575 22.4427253303033 25.4537 18.27947096460005 0.032892267834444947 20.32858600341664 g
2458575.8538194 364.9609978427715 20.6363389112933 24.7452 18.339583861644503 0.06138977394412802 19.71119335992787 g
2458580.9005671 1103.4695936574806 27.3284351029028 25.9565 18.349599073538794 0.026888354841639032 20.61753808022031 g
2458580.9014699 1169.075804729012 25.8264853119125 25.9691 18.299493318955655 0.023984599621102366 20.691511719903655 g
2458581.815081 1215.5380937558837 25.7373613133634 26.0476 18.335678565624757 0.02298821675886568 20.773764940605005 g
2458581.8784954 1020.2018605061779 24.8497244932369 25.2414 17.71968472199142 0.026445105548936535 20.00567104388398 i
2458582.8521875 929.779696585937 21.8790475360139 25.7129 18.29194985412874 0.025548075524850708 20.615403959501098 g
2458583.8574421 1241.3191816915992 28.5988246567923 26.0118 18.277091333875546 0.02501350529971395 20.623504526578458 g
2458583.8583449 1208.5839022621003 32.4312553715546 26.0129 18.307207986590118 0.02913377705179864 20.488065589233088 g
2458584.7552662 1292.221929338685 31.3224062756064 26.0773 18.29895723286048 0.026316483044696012 20.590237193173188 g
2458586.7728819 1416.620432113533 37.1547518978689 26.0953 18.217166246506842 0.02847545695450153 20.42283907507273 g
2458587.8330787 1405.286521056702 32.5265858435435 26.1259 18.256487798244834 0.025129476246438923 20.597878789387934 g
2458587.8386806 1114.41791183255 24.8785944874886 25.3285 17.710879790483197 0.024237487344985296 20.091510385886515 i
2458588.8125694 661.0524533936684 57.0750794736126 25.6131 18.56251019653697 0.09373902701121829 19.474558676930908 g
2458589.8946991 898.5457398786739 90.9164424257707 25.6842 18.30034952629485 0.10985304048627208 19.040168905719355 g
2458589.8956019 282.26266339318545 109.578197085151 24.5892 18.4625664120955 0.42148347622450966 17.742464612629497 g
2458594.7918403 1519.0038516220943 84.9023013841275 26.1421 18.18820281232114 0.060683472602332714 19.57237633289986 g
2458594.7979977 1197.9827148690758 52.3910002913914 25.3664 17.67027362033241 0.047480575729825954 19.320833263087597 i
2458596.7329051 1336.6446770651423 29.6514769348338 26.1217 18.306660066921687 0.0240846419849096 20.69415916323357 g
2458597.7948148 1361.5841004373988 25.4350318169138 26.1176 18.282488821491512 0.02028138697767715 20.856594276083328 g
2458599.8191088 4269.020514353193 34.2246093567936 27.315 18.23917939558033 0.008704024319803634 21.731728739778717 g
2458600.6836227 1173.7499092732676 23.4216399013551 25.3638 17.68986107073816 0.021664644435751765 20.192331740203816 i
2458600.7340625 1393.3975546842905 24.5205382552757 26.1147 18.254512389893407 0.01910578089810464 20.893449991068234 g
2458600.7363542 1414.218969114676 23.5554057366391 26.1278 18.251508354502498 0.018083553230995676 20.950148515997952 g
2458601.7380208 1450.7053431266738 21.1598732358756 26.1252 18.221251973470128 0.015835934210234822 21.063992335138263 g
2458606.8985995 1298.725491346291 18.3041492516575 26.01 18.22620658766006 0.015301782381990437 21.106201118270796 g
2458607.773669 1114.5496024853417 20.6982480648668 25.3526 17.734851496724936 0.02016248345871303 20.315341020198836 i
2458612.7738889 1397.4808558330137 18.2509318196243 26.0849 18.221535332061865 0.014179111358741805 21.184262382412967 g
2458612.8176736 1099.4483204501855 19.4130544361141 25.3283 17.72536294957061 0.019170299148448276 20.3606403082899 i
2458616.7311458 1235.9740831774466 47.272547276334 26.0332 18.303176589402455 0.04152498444463529 20.099252477042945 g
2458616.8313426 1131.2454444770099 26.5737503802268 25.3127 17.678807891715426 0.02550385588615608 20.0041428612734 i
2458628.7097801 1287.7930832085494 21.0921958360266 26.0617 18.28708477962943 0.017782202216926814 21.003970501661907 g
2458628.7129745 1280.224397138295 19.9238449343997 26.0554 18.28718475186171 0.016896505404545147 21.059542106669273 g
2458633.7499537 1303.0020494256287 23.028065531294 26.0863 18.29893725301796 0.019187668015063174 20.93323134750284 g
2458634.7358102 1244.970268404005 20.0089408441804 26.0501 18.312202549979364 0.017449177402746704 21.04961473854671 g
2458634.7377315 1240.829600430028 19.2544796173523 26.0552 18.3209196370551 0.016847267758050417 21.096445525098098 g
2458635.6875347 1108.1390548572508 26.1643776295241 25.3246 17.71311434683495 0.025634566950655514 20.03289896750534 i
2458635.6901389 1248.5072556122905 21.7512731977749 26.0873 18.346322323583497 0.018914873906153484 20.99616328115347 g
2458637.7316319 1210.0347574231662 18.0378059016202 26.0602 18.353205386728938 0.01618436639712191 21.172315715841744 g
2458637.7325231 1285.3435469751234 18.6896460596591 26.0606 18.288051946172942 0.015786712256598435 21.13417229694782 g
2458638.7084954 1284.2116289674718 21.4120362089923 26.0763 18.30470850429843 0.018102193741068962 21.002230066337162 g
2458639.666412 1087.2548511148939 30.4948162941429 25.3425 17.751671614806764 0.030451206556219166 19.88450993556185 i
2458639.7335764 1260.164344757466 20.7650752586183 26.0926 18.341532031319264 0.01789023971521816 21.051841215517108 g
2458640.6919213 1251.6670135251654 20.7798444091425 26.063 18.319277982572434 0.018024503986460945 21.021469260619064 g
2458640.6928819 1263.1085107048903 19.0951741004858 26.0734 18.31979834654105 0.016413182513771475 21.12366593312822 g
2458641.6824306 997.7103562402159 21.5006918709065 25.8353 18.337788799446592 0.023396871665450455 20.75674390089625 g
2458641.7554514 985.2882743403875 21.6859252640493 25.234 17.750091714013116 0.02389595986508659 20.146130097319887 i
2458642.6928819 1293.9778254403586 24.7220850643451 26.1397 18.359882914986315 0.020742834403074253 20.90956224810263 g
2458643.6929167 1332.0263586750145 30.3485493222038 26.1276 18.316317952715636 0.024736312299324107 20.674830148195138 g
2458643.6938889 1307.8140470170688 35.5465109340935 26.1274 18.33603500565527 0.02950942988352963 20.502982541645558 g
2458645.7670718 1110.9319006830906 40.5209313270609 25.3515 17.73728140544712 0.03960060478481105 19.584876442753067 i
2458649.8250116 1015.4268404236649 51.2643171858188 25.2503 17.733678403062655 0.05481209177553502 19.228337046233285 i
2458651.6924653 1224.7795384601475 80.7826083886132 26.0859 18.36575519426256 0.07160935921397349 19.570180309186547 g
2458653.737338 1120.068829089307 31.4088800260898 25.3094 17.686288221951298 0.03044511208480987 19.819343862519066 i
2458654.7410532 1272.359138614771 37.9333276765163 26.0443 18.28277571640437 0.032368387673335206 20.34932263272215 g
2458657.6701389 1073.8073747920334 35.1225739542907 25.3283 17.750984044188407 0.03551156328159753 19.716909150090792 i
2458657.6922222 1327.5734430101234 26.4121796752311 26.0734 18.265753609680726 0.02160008820934191 20.771464381649647 g
2458665.6928819 1357.313946148292 21.5541637738598 26.1127 18.28099922147276 0.01724093064518096 21.031447043134044 g
2458668.7067708 1285.0875029662236 20.4165246534764 26.0883 18.31596824938901 0.017248802719749063 21.065920445501487 g
2458677.686088 1274.1194827095753 52.1854797716612 26.0637 18.300674608478307 0.044468180698094883 20.02240078779745 g
2458678.7596644 1231.1761811636252 69.1444386969179 25.9661 18.240299487833553 0.06097430915394459 19.61928185054726 g
2458679.6703241 1294.6914261633399 60.3460605540329 26.1207 18.340284320044276 0.05060489057046381 19.921652678614556 g
2458679.6721528 1373.3873966901976 54.6162307590455 26.1069 18.262417355899416 0.04317561226934108 20.016170677196993 g
2458680.6713773 1370.4770698426514 78.955096642526 26.0877 18.245520566170594 0.0625486922117073 19.596824565513117 g
2458682.6678935 1273.5636606858961 46.3081262657312 26.0775 18.31494835350084 0.039477204193803 20.165931967193274 g
2458682.6687963 1351.3970049752018 48.8856193379114 26.0847 18.25774261978073 0.039274259688139794 20.11432218494552 g
2458683.6923611 1311.1326367830623 32.4161772914426 26.0522 18.258083429986755 0.026842626518450714 20.527870491805132 g
2458685.6865162 1288.5119650053437 26.4060850286468 26.0533 18.27807886068787 0.022249763521197057 20.75161494567398 g
2458685.6874074 1322.0528979055812 22.8572549891113 26.0576 18.25447791884136 0.018770899243889763 20.912614806192817 g
2458686.6700926 1341.264501245296 35.5856966631803 26.0598 18.241013923931675 0.028805198997918648 20.43418630802593 g
2458690.6970718 1089.865262928583 22.439567274252 25.8598 18.266367973459303 0.02235380740935849 20.734838794889544 g
2458693.7497222 911.1646771149933 40.1710541925578 25.7263 18.32730781196075 0.04786589584986266 19.96909191692541 g
2458716.6508102 1088.2014684009491 44.3168474721429 25.9177 18.32592673099993 0.0442149755331681 20.053852842155294 g
2458720.6541435 1046.689098980079 38.5011640585943 25.7711 18.221555747207997 0.039936131807570684 20.059990338337947 g
2458831.0676505 1149.2176672658757 73.7411989583182 26.2394 18.5883942652255 0.06966549678923768 19.822699502853823 g
2458836.0479282 1353.0510923839104 55.690947408782 26.1923 18.364014509390174 0.044686902026134914 20.080413473843603 g
2458851.0448148 1299.063998522102 33.9052888965404 26.2247 18.440623632093516 0.028336534764147433 20.651606366113644 g
2458851.067419 1384.3476839209438 41.1670518597899 26.3083 18.45518705387991 0.03228601363898862 20.524500572872817 g
2458851.0678588 1383.0809522099416 36.4716635016389 26.3137 18.4615809993486 0.028629766754042302 20.66138605845252 g
2458851.0746528 1339.6330993391998 43.590246010212 26.2339 18.416435326384505 0.035327531184942806 20.38800168903051 g
2458854.0238079 1363.2305023611118 21.6974134683416 26.237 18.40057676276145 0.01728018978579046 21.148555076586863 g
2458863.9195949 1115.2086588978873 66.4721672467957 26.1021 18.483709668019728 0.06471329952832994 19.798075392496138 g
2458871.9597106 1200.4985324664265 31.3022188948371 26.1941 18.495695916260452 0.028308921781272627 20.70773717886987 g
2458872.9412037 1000.6562064963592 25.2072200964644 25.9299 18.429187766509678 0.027349531918214286 20.678662605565314 g
2458875.9598843 1250.093558252968 27.0627526539034 26.1861 18.44374370685486 0.023503865260616916 20.857745068594514 g
2458879.0017245 1269.5346427352436 32.7632837326153 26.2163 18.45718860928073 0.028019004721180064 20.680406431997152 g
2458880.9805324 1327.9181896423627 26.7155891031388 26.2176 18.409671700374297 0.021842546713732047 20.903263101123766 g
2458882.0018634 1378.3997675567944 25.4669868409406 26.2132 18.36476202199063 0.02005913542935211 20.95083107941717 g
2458882.0027662 1391.1227304204667 25.2928347623721 26.2134 18.35498638279652 0.019739761346008255 20.958481222178687 g
2458883.999213 1317.6739476219557 36.8448270756737 26.1827 18.383180101567895 0.030358366596116192 20.519333682701415 g
2458884.9622222 1381.8999165026923 39.2520567914445 26.2179 18.366708523527137 0.030838671852823917 20.485818942840766 g
2458891.9598032 1562.1001450602068 68.7310498417812 26.2204 18.23612781818765 0.04776985716901382 19.88009254503512 g
2458895.0444213 1373.1256096109896 43.439635418921 26.2145 18.370224332316454 0.034346757386371794 20.372359560059223 g
2458895.0453241 1369.7854982057681 47.7407920848805 26.1885 18.346868589844707 0.037839631120673886 20.24385093848861 g
2458898.9409028 1498.7080544140576 19.7062118786799 26.2259 18.28660739670761 0.014275651734618505 21.241967119265553 g
2458898.9418056 1464.8832662667494 20.1632973281071 26.2114 18.29689245505986 0.01494405213933242 21.202571103468017 g
2458900.0268981 1414.1245389012042 26.6073773551951 26.1939 18.31768085368892 0.020427924698189198 20.883969816714174 g
2458901.0265278 63.808667396669975 36.7211711288321 22.9641 18.45190081311555 0.6248081510107456 17.304383680475908 g
2458904.941875 1406.6627331436198 39.5956715994446 26.2017 18.331225045490484 0.030561000617002797 20.460155705104892 g
2458904.9427778 1366.3822406937084 34.5303533081436 26.1941 18.355169478206115 0.02743712811110466 20.60117243417886 g
2458907.0418403 1302.2289958767185 39.5432346043087 26.1072 18.32048159682955 0.032968156864756466 20.367094510748046 g
2458909.0282639 531.0042064686826 28.1338044277343 25.0123 18.19955509635988 0.057522842747937064 19.64180382882751 g
2458909.0291667 246.42821199690516 26.8917397381357 23.9381 17.958873935128526 0.11847816285767071 18.616627740553014 g
2458911.9326042 1335.6122290520366 26.7865677991764 26.1843 18.370099032846383 0.021774416276651772 20.867082313143335 g
2458911.9344097 1395.054801326426 29.6547811068179 26.193 18.33152182963868 0.02307880365492443 20.765338182437546 g
2458913.0052199 1366.2732814155443 24.1279769007493 26.1784 18.33955606140861 0.019173136792957773 20.974672718129753 g
2458914.0047569 1117.2258021772607 21.2912640810181 25.952 18.331647607208716 0.020690468630166624 20.884071372539992 g
2458914.976412 1185.523082839553 33.482639694099 26.0434 18.35862496407899 0.03066334383706229 20.483925765544022 g
2458914.9773148 1146.1730633079094 34.8918314629765 25.9828 18.334674505736068 0.033050908830490375 20.378565574038593 g
2458915.9778009 1327.4983601269055 52.6920132249232 26.1879 18.38031501683709 0.04309437998313626 20.136113008776007 g
2458936.7931366 1212.3671556290644 21.1856616605658 26.1132 18.404114594160642 0.018972200589632067 21.050669908588226 g
2458936.8079051 1218.818510027395 20.5914093290252 26.1444 18.42955239707329 0.01834242992258148 21.112759809492882 g
2458937.8870023 1256.8161287189355 23.0618379989428 26.1686 18.4204206365802 0.01992195751097936 21.013940196530307 g
2458937.8883796 1221.544748910209 17.60940671799 26.1687 18.451426547168843 0.015651111341420925 21.306913178379116 g
2458939.8535532 526.1737832529404 28.8154671574172 25.3099 18.507076986369928 0.059457452439755365 19.913410827228404 g
2458939.854456 533.9168411972995 31.9120168755763 25.2052 18.38651595022598 0.06489189710539596 19.697889356750967 g
2458940.880081 927.2156303891089 27.6778101297419 25.8889 18.470948139832558 0.032408640960086374 20.53614567482385 g
2458940.8809722 1021.7065810799288 23.400073317006 25.9102 18.38688452301342 0.024865710048985124 20.739731943805403 g
2458941.9579861 1175.8613237500226 31.3005194566358 26.1305 18.454609735363604 0.028900494716240843 20.64419612650162 g
2458943.9102315 1258.7537176505637 46.3511061706973 26.162 18.412148084436943 0.03997874664748048 20.249424731518673 g
2458943.9111343 1242.298905239738 54.9125313365218 26.1471 18.411534743735828 0.04799049167684535 20.05049632888741 g
2458944.9408565 1326.6760804957917 62.7935209639847 26.1522 18.34528775241983 0.05138777031777084 19.90998790030856 g
2458944.9417824 1218.5902728439462 67.8853396759604 26.1548 18.440155732168993 0.06048227606000979 19.827935000633676 g
2458954.8160764 1152.1249795473464 22.4656947422734 25.4246 17.770851018029212 0.021170450441295972 20.29837535537726 i
2458954.8321296 1208.6123726246208 19.4404688370354 25.4386 17.7328824104268 0.017463429544854366 20.46940815315729 i
2458954.8789468 1213.2199317863096 29.6756304034504 26.1686 18.45875115837932 0.026556464400966467 20.74017510540662 g
2458954.8798495 1264.042696591369 27.5847984704951 26.1787 18.424295640725745 0.023692882985817516 20.829600450587204 g
2458955.8335417 1264.5075021557086 24.4607607711747 26.1909 18.43609647425058 0.021001890399219004 20.972300088645476 g
2458955.8721181 1136.3915996618246 27.0260768361759 25.4308 17.791979963230727 0.02582051084306505 20.103917471292966 i
2458956.8606829 513.8610240729935 24.3251740129245 25.2353 18.45818580484311 0.05139491066378414 20.022735099842627 g
2458956.8615856 671.3047226093942 24.9675696819948 25.4566 18.389300743887894 0.04038000849804005 20.215734312603434 g
2458962.8381597 1086.0433793680884 29.7045584892821 26.1755 18.585882068903068 0.02969516666137065 20.746017234989154 g
2458962.8390509 1128.1043808615914 25.9453846851404 26.1802 18.549326785600424 0.02497012211861361 20.897624703548743 g
2458963.7919676 1272.9838056090514 19.4046526038007 26.2601 18.49804280307985 0.01654980309970773 21.292910308934815 g
2458963.8065278 1107.6853894736494 25.0850871345954 26.1655 18.55445893163946 0.024587197195921954 20.919535954372392 g
2458963.8132639 1118.2909715263631 24.2244619270051 26.159 18.53761295336255 0.023518475051490136 20.950939640923924 g
2458963.8567014 1091.8820966945748 22.0880165814476 26.1534 18.55796063741024 0.021962957058344095 21.045583190020764 g
2458964.7936574 1082.859878396198 20.1089486944581 25.4293 17.842869343146766 0.020161690384086002 20.423401573997097 i
2458964.8413542 1163.8859839233053 21.0663674839886 26.1701 18.505323904409135 0.019651199080745668 21.113700849672707 g
2458965.7543981 1127.1658718331362 21.4334978401979 26.1847 18.554730423014423 0.020645008145303186 21.109542360349643 g
2458965.7561921 1211.517270210078 24.0307236989907 26.1963 18.487975976508142 0.021535109206879198 20.99695786409095 g
2458966.7677546 616.8463300342152 23.1043140913268 25.471 18.495557536960806 0.04066548277520291 20.314342289307667 g
2458966.7905208 244.19185896123432 26.4871955577084 23.6877 17.71837204740647 0.11776456569573532 18.382685044180157 i
2458967.7731134 1152.1678676856848 24.5973013514344 26.1646 18.51081060198174 0.02317829790800729 20.939956334457467 g
2458967.8109259 1103.1101328268887 21.2260673378513 25.4309 17.8243528152475 0.020891061212218634 20.36630114501667 i
2458968.7929051 1258.155121975414 25.2917223285507 26.2299 18.480564525079167 0.02182498998135787 20.9750289762659 g
2458968.7943171 1268.8970165965752 22.9456837594646 26.2213 18.462734059299734 0.01963290048901669 21.072122479699086 g
2458968.8296181 1176.754749352146 21.6912412655622 25.5046 17.827885100540943 0.02001281971029755 20.41646397687921 i
2458968.830081 1149.4518804769925 18.3098012998512 25.5007 17.84947301222802 0.017294287485091767 20.596565910880642 i
2458971.7936458 1216.0393405758355 39.6412393074896 26.222 18.509630937003134 0.035392352928122615 20.47920693063148 g
2458972.8273264 1119.4135556944982 31.2789262593631 25.463 17.840523595619693 0.030336893873615458 19.977445398621803 i
2458976.7058681 1204.0660205795107 111.212118076189 26.1448 18.443174248668726 0.10027938213654217 19.281994708839775 g
2458979.7496759 993.09525075278 28.4682324108026 26.0957 18.60322273754187 0.031122855441086568 20.712373732432887 g
2458979.7858796 1138.1820625376463 44.4917916906244 26.1693 18.52877065761326 0.04244025611404608 20.30117525116185 g
2458979.7900926 1208.217600253041 35.5286400259576 26.2432 18.53783710534956 0.03192590843578475 20.61932852971936 g
2458979.7905671 1213.0844922586698 34.856525701935 26.2565 18.546772372846398 0.03119628533386716 20.653364746774162 g
2458981.8369213 1035.5999550999275 40.5783602299109 25.4341 17.896119942666722 0.04254145192326047 19.66593875609147 i
2458985.794919 1068.232877970582 20.6692375058607 26.1837 18.61203514871663 0.021007208842649904 21.14796384997504 g
2458991.797419 1133.4915750132213 25.7230281759823 26.2062 18.57015425884557 0.024638464287075296 20.932969755560325 g
2458994.7534028 1174.1644094180886 22.3037747461601 26.1864 18.512077719595233 0.02062335397638819 21.068029063300074 g
2458997.7128009 1138.6738233493081 20.8848014322944 26.2049 18.56390165777105 0.0199131906346513 21.157899113028634 g
2459000.7580903 1249.6997071692908 43.098228115021 26.2151 18.47308582985382 0.037442391957078096 20.381526450398916 g
2459004.6893866 1160.8101561132491 75.6611165987957 26.2163 18.554397002104974 0.07076546828842387 19.771693123469266 g
2459009.7562153 1152.1195547777788 37.3152469184878 26.2397 18.5859561302199 0.03516402738882112 20.562559189826874 g
2459011.7112963 1101.7599768727953 21.5395802333367 25.4546 17.849382520229398 0.0212256051682967 20.37408190054357 i
2459012.6974306 1230.1801464309212 20.5691031115445 26.2674 18.542478215563786 0.018153337389645377 21.236936600977966 g
2459018.7031829 1171.0094953681544 22.2710435698472 26.2463 18.57489895837103 0.02064857039966294 21.12952357028303 g
2459020.7936227 1090.8285630709177 24.3002399775551 25.4044 17.810008746725 0.024185991673483856 20.192948582899426 i
2459024.7025231 1148.6649783302191 18.6481314464383 26.2433 18.592816549860125 0.017625919387591574 21.31928668474405 g
2459024.8085417 530.2493231810711 34.5208444745326 24.6247 17.81349969287911 0.07068237375797935 19.032071461141847 i
2459027.7132407 916.8557496338949 38.530393628266 26.0631 18.657347467983996 0.04562598683480177 20.351166374639995 g
2459028.7729282 1005.9112594940983 41.0290875306172 25.3895 17.883100826559932 0.0442835090188713 19.60934534278364 i
2459031.6727546 1020.587349829206 66.9957524507644 26.1938 18.671674547616316 0.07127002744837804 19.881256816201553 g
2459033.7518403 1063.7513196014652 37.4065779630842 25.4729 17.905799720393468 0.03817839841527618 19.793105039683315 i
2459035.7068519 1064.9111450452954 78.6234021825134 26.2352 18.666916569357458 0.08015826310647169 19.74889540758526 g
2459036.6928588 1154.540692411304 46.7841340095184 26.2497 18.593676888832704 0.04399458124602765 20.327028501794096 g
2459037.7254861 1041.4998060461826 69.5397051339559 26.1997 18.655552016482332 0.07249089959080426 19.846692877079867 g
2459037.7746991 1109.0959605624955 35.1297400535206 25.4602 17.84777719111983 0.03438869144989387 19.848587648677846 i
2459038.7334375 1073.912984585892 40.8851574518341 26.1883 18.610877266435562 0.0413339032887967 20.41196080267934 g
2459040.7129745 1014.9225300675722 25.571468123728 26.193 18.676917766416828 0.027354740996914387 20.926185832397753 g
2459041.6922569 1000.7234534735358 24.7767438285748 26.135 18.634214804363346 0.026880663865039553 20.902464412651582 g
2459043.6864583 890.4066216929066 22.774515673425 25.3374 17.963429047351617 0.02776966283070321 20.196352114245553 i
2459045.7329398 1030.295011076674 25.9534819342939 26.1463 18.613896007805053 0.027349152459368673 20.86338591092344 g
2459049.7420486 1014.9676800165073 23.4010020425562 25.4186 17.902469467317726 0.025031799945777644 20.248088852874414 i
2459059.6901852 1158.1683253227063 28.781699891548 25.4706 17.81117079183607 0.026980785857312062 20.07538388801138 i
2459063.6901042 1055.049009936533 36.8502564425821 25.4264 17.86821841430288 0.037920819831979286 19.762873702959197 i
2459065.6941667 960.7821829546456 93.4198416366102 26.0955 18.638937648058015 0.10556598973656821 19.421977172296618 g
2459069.6623264 1118.513337949757 27.9778757672487 26.2538 18.632197081749307 0.027157101028567592 20.88933814564887 g
2459069.7327315 760.172739915099 47.3322116112577 25.9004 18.698119271049336 0.06760119042427369 19.96508299546697 g
2459070.6577778 1114.828158513891 34.8745313385049 26.2679 18.64988017584598 0.03396333182388216 20.664204039027062 g
2459070.6582523 989.3536462292496 37.5950844913922 26.1709 18.68252110328022 0.041256211454692056 20.485647326163793 g
2459070.6626042 1102.2499366695642 29.904947934448 25.4711 17.865399793635728 0.02945593453199126 20.034317362592397 i
2459070.7320486 757.6427155029494 43.7654458433821 25.8877 18.689038870042772 0.06271576770934449 20.03744659658141 g
2459070.7325116 620.7594901995208 51.6160385895381 25.8032 18.82089158052178 0.09027575732857443 19.773813313161906 g
2459070.7372338 973.9250700934289 48.0123526334809 25.3484 17.877086136799186 0.0535226095465123 19.39759252122176 i
2459071.6564583 1105.8077808556204 39.1059877249568 26.2199 18.610700896341434 0.03839489250123936 20.49186684011949 g
2459071.6569213 1107.6284587835976 44.340101257004 26.1255 18.514514735661457 0.043462270721715525 20.26108328777603 g
2459071.66125 1050.6643518220815 31.4595792115667 25.4318 17.878140006868314 0.03250863616983349 19.939992715637967 i
2459071.7318634 717.4696308722454 51.4622752620506 25.8112 18.671691192665186 0.07787450485406981 19.785052530592022 g
2459071.7323264 702.0478118966354 53.6925460593623 25.6996 18.583683274747436 0.08303422682732106 19.627389993252855 g
2459071.7370255 896.4486833807522 47.3130917747781 25.3142 17.932886415735382 0.05730146598704851 19.3793216669749 i
2459075.6499306 93.40111996622758 56.850634314897 23.3446 18.418719790360623 0.6608350488516805 17.210336702355946 i
2459081.6487153 797.089062600995 40.8846448470275 25.1762 17.92243287519492 0.055688204735331606 19.399874415372082 i
2459085.6487731 947.931972477052 57.0334926857077 25.3657 17.923757070784337 0.06532247545893582 19.227950068540014 i
2459091.645463 1061.5001617318874 46.3116048217971 25.447 17.88219983832041 0.047367406212157424 19.535350412340577 i
2459187.0264815 1161.7674158916257 136.538329224151 26.1378 18.475002020882282 0.12759840051538263 19.05223852859607 g
2459189.0372801 1100.1383729237666 57.0274319399412 26.1862 18.582581717063988 0.056278995789091076 20.04856545198328 g
2459193.0429398 342.3720520821091 68.7866121110965 24.709 18.372754235293183 0.21813002642840432 18.367815189067308 g
2459195.0435069 1185.144100034621 38.0434490440715 26.2004 18.51597210294249 0.03485126629406656 20.502275280476944 g
2459199.0443403 1254.0725369564884 29.1663553659315 26.2284 18.482593356751988 0.025250462862094012 20.818769581710153 g
2459202.0442477 1324.6056324959263 33.4126417992014 25.5082 17.702983506439082 0.027386343762587414 19.950997952005853 i
2459204.0515625 1319.7098522658105 29.1962810187826 26.2332 18.432003852687906 0.024019220776195064 20.822456151282346 g
2459205.0386227 1213.0496620183667 25.6250885384648 25.4952 17.78550354709359 0.02293488840343125 20.226111552615034 i
2459207.0023148 2694.4550605820727 95.4564116935925 27.1119 18.5357226384497 0.03846307466465783 20.414962227277414 g
2459207.0218287 1152.6024483928663 140.931863201574 25.6022 17.948001155530633 0.1327515173087636 18.482252005176708 r
2459207.0429514 297.56119012398364 32.0267993398896 24.3716 18.187659282396325 0.11685494344484253 18.860391142225634 g
2459218.0154167 1144.1326942870417 33.4256290467101 25.4048 17.758609009979214 0.031718528486441994 19.847176016344765 i
2459218.040463 1238.5692123297597 58.6245602294613 26.071 18.33869929911234 0.05138888033669302 19.903375994442065 g
2459219.9448611 1383.605680727612 67.3188331001613 26.1409 18.28836915888257 0.05282434013888227 19.823133540811103 g
2459222.0000116 1589.0610885357619 38.4113486854861 26.2136 18.210748517044443 0.026243925780260354 20.50502609859787 g
2459224.0450926 1667.0956306241028 33.045772218613 26.2662 18.21129871689502 0.021521137863169094 20.720985226699216 g
2459226.0004167 1025.240604866942 43.3683721033823 25.6565 18.129435504560202 0.04592584547385632 19.81614218775317 g
2459226.9699653 1248.846794326189 39.8442696884476 25.4761 17.7348270915343 0.03463909568193893 19.727760311694972 i
2459229.9991204 1361.2775190431446 38.9551909266677 25.5013 17.666433319058683 0.03106908782186585 19.777461646038493 i
2459230.0465972 1685.7746633974507 36.1670360806478 26.2647 18.197701194360306 0.02329288245062534 20.62149269061519 g
2459231.9444907 1649.9120609544505 24.1756155344058 26.2195 18.175848006828865 0.01590840288210306 21.013631138033194 g
2459232.9636806 1322.1750860009952 22.3831424091033 25.4731 17.66987757648065 0.018379848456428382 20.3508723445448 i
2459249.9439699 1401.9165803748047 48.490800097341 26.1696 18.30279456963374 0.03755320566335553 20.208026614095235 g
2459249.9651968 1335.1071360250958 42.5696327934507 25.5127 17.698909707063844 0.03461733450204604 19.69252522926009 i
2459251.9236806 1479.2604057670521 28.4826607855848 26.2449 18.31978841755544 0.02090478775363041 20.861023594995782 g
2459252.9169676 1295.2247184327132 22.6273428823362 25.4996 17.718737189943973 0.01896698373474459 20.365591094252324 i
2459254.0245023 1538.9018923124895 25.0398608375042 26.263 18.29497266579727 0.01766569853938289 21.01899521192659 g
2459256.0045949 1245.444026522331 20.8686113889212 25.4814 17.743089465017064 0.018191946729406473 20.435241109691432 i
2459258.8803241 966.1485220471315 28.5230200754479 25.8915 18.428890265360288 0.03205246625052862 20.506086220163578 g
2459262.8951852 1023.1723690775742 27.5539026349939 25.2719 17.747027991395747 0.029237763836197556 19.924017190554522 i
2459264.9115394 1487.9125967394118 23.5946150817909 26.2779 18.346456448636374 0.01721651772451981 21.098442747318725 g
2459265.8388079 1198.6795298816103 36.7948419235456 25.4831 17.786342277880962 0.03332680577296503 19.821207635489046 i
2459266.9859144 1492.4317082734299 38.3389004885011 26.2668 18.332063831231107 0.027890418053714776 20.560275854908646 g
2459268.8934259 1358.0658813391265 27.2000411753526 25.5087 17.676397903548157 0.02174495737641319 20.17485108548853 i
2459268.9836574 1446.2002650596978 29.7243957305624 26.279 18.378428908011518 0.02231487382789233 20.848792402720328 g
2459270.9221181 1425.4365349399825 61.9895871887712 26.2664 18.381530285309204 0.04721507633707637 20.0381781285696 g
2459271.8438889 1289.2066037979969 53.3498968137863 25.4828 17.706993696338436 0.044928394564602674 19.417541029723424 i
2459272.9145949 1471.8789717265972 120.345068476096 26.3615 18.441819748216815 0.08876996230962352 19.413004243232674 g
2459272.9150579 1553.9487651003722 117.325031531515 26.3618 18.383208260814918 0.081971677313015 19.440898290153157 g
2459272.9194792 1480.838091058443 110.585479621489 26.2722 18.345931057282048 0.08107750330708653 19.415529724501717 g
2459274.9445139 1311.0222056559965 145.400751100831 26.2614 18.467374880782046 0.12041107678354158 19.10755836421926 g
2459276.939537 1378.7340157922486 60.0581135640501 26.2544 18.405698773674875 0.04729345410327099 20.060545772132837 g
2459278.8922454 1276.3235606898063 31.1708071224541 25.4992 17.734298034239036 0.0265153338347511 20.017404869553047 i
2459280.8986806 1258.502474491341 27.8161064466841 26.1294 18.37976481549191 0.023996732133062422 20.77123414006838 g
2459290.901088 1393.7087856508992 21.7600537266647 26.2477 18.387269905618588 0.016951095217503716 21.156125080854107 g
2459291.7992245 1268.8188830726765 27.6588362614801 26.1927 18.43420091658328 0.02366704888279071 20.840690230841133 g
2459295.8162731 1204.5900135258298 38.6924461358641 26.1344 18.432301854010646 0.034873598733189966 20.41790952246046 g
2459295.8567477 1166.7674422217465 25.4139843506168 25.4371 17.769639245114867 0.02364821112673862 20.1769930937677 i
2459297.8177662 1281.2569272818057 52.3481772551605 26.2008 18.431709433810905 0.04435832879085565 20.156121078411594 g
2459300.8420255 1265.0405653421474 95.3735907287575 26.2112 18.45593886997182 0.0818527961008162 19.5152046548259 g
2459301.8459375 1747.468259792949 128.263931020312 26.3181 18.212076759587983 0.07969023135519078 19.300413624160825 g
2459301.8464005 1372.762386127779 124.57657974639 26.3398 18.495811572647487 0.09852600420686794 19.353783981324444 g
2459303.8570255 1216.0256967558273 101.290350152332 26.2104 18.49804311890545 0.09043471158033312 19.4490548080203 g
2459304.7666319 1162.6871294309237 77.5979940229869 26.1552 18.491542837516672 0.07245985611967001 19.68314875289618 g
2459305.8328241 1426.4456301946104 50.3155416545905 26.2422 18.35656194269595 0.03829629564425533 20.240519608414196 g
2459305.8771065 1217.1940518728736 30.735617868847 25.4807 17.767300446496762 0.027415234463939356 20.01417011907123 i
2459307.8207292 1311.60733410757 22.1286544328129 26.2124 18.417890408884496 0.01831728101311042 21.102587472210182 g
2459308.8303588 1174.3160383186719 20.5519553952662 25.4553 17.780837519162702 0.019001067212355838 20.42574211742854 i
2459309.8297801 1316.255204276453 25.2872603762858 26.2343 18.435949746668893 0.02085794494968413 20.979620538170526 g
2459309.8307176 1334.6246236392192 24.2511455493238 26.2313 18.41790216684592 0.019727995615056428 21.022044343773054 g
2459310.756169 1239.0840335310122 27.9937500546899 26.1806 18.447848097939485 0.02452845296357065 20.8155222875669 g
2459310.8766435 171.9220779638011 28.7041390302586 24.0025 18.41417087078725 0.18126865446399207 18.6102136769073 g
2459311.7377546 964.6651753603406 27.8022203635915 25.9086 18.447658498314162 0.031290515527811036 20.550976285952075 g
2459311.7899884 849.480009163293 24.0977007991496 25.7588 18.43591709234704 0.030798692700733717 20.55643596963941 g
2459311.8533681 1161.149059097342 23.2030974331166 25.4747 17.81248006351283 0.021695408255954864 20.313410079915474 i
2459311.8586574 1277.6682235005023 24.3911429694661 26.2434 18.477354765697065 0.020726400981779552 21.027894609562424 g
2459312.8157523 1332.3643892931696 26.5312344933326 26.251 18.439442458527935 0.021619431981886338 20.944181343928122 g
2459312.8366435 1326.8618122309895 22.6082719222182 26.2532 18.446135762376528 0.018499138794778425 21.12010656906905 g
2459313.761331 1082.4012206399861 25.0812134587982 26.0381 18.452129316624493 0.02515765220231058 20.792303628289623 g
2459313.7773727 1093.923416231056 22.1094919937162 26.0377 18.44023270294172 0.021943286980985105 20.928828079214803 g
2459313.9757407 974.5187573671598 32.3339949137364 25.9113 18.439324493103577 0.03602292722685628 20.389726575001312 g
2459314.7497569 1264.0092305846774 22.6043463568454 26.2178 18.46342438638141 0.019415632612330824 21.08489510619087 g
2459314.7980093 1145.672870187672 23.5567299968286 25.4829 17.835248427460648 0.022323599015980276 20.305187478763692 i
2459314.8807986 1261.7046757448222 21.1631658283634 26.2545 18.502105718719633 0.018210956637923385 21.193123401764964 g
2459315.6963194 1186.669895383205 25.0510020585628 26.1425 18.45667518776893 0.022919493484073575 20.898012232533993 g
2459316.8181134 1224.1571075623676 20.3942377188398 26.2084 18.488807103824072 0.01808756715503226 21.187206296136317 g
2459316.8456366 1246.9495223840174 16.1887219645877 26.2094 18.469777816972826 0.014095274204323433 21.438943578461803 g
2459316.8509375 1331.843153843673 16.4838978462166 26.2894 18.478267293452976 0.013437444071389505 21.499325203017097 g
2459316.8514005 1360.0519206110412 17.5010674576068 26.2885 18.454611279801547 0.013970723213410132 21.433413642185656 g
2459316.8563194 1207.026777620704 19.0165494422122 26.2159 18.51160773767313 0.017105061886123013 21.270645696898764 g
2459317.7498843 1243.7978226836728 19.6271371088221 26.2228 18.48592551942791 0.01713235251776734 21.243232598350907 g
2459317.7756366 1277.9226367912884 20.6065098272997 26.232 18.46573859203172 0.01750691870962857 21.199563887817394 g
2459317.7976157 1183.0466066011065 20.7264872519945 25.4812 17.798695364569284 0.019021014965877662 20.44246073010779 i
2459319.757338 1234.3432800082744 27.861876838169 26.2285 18.499910107481718 0.0245066669646367 20.868549068864166 g
2459319.9123958 1193.0178959849388 32.5486593514097 26.1943 18.502682604006846 0.029620745486513333 20.665542226429046 g
2459319.9176505 1194.5848676365754 28.3492648595099 26.2114 18.518357477411925 0.02576526598638753 20.832620485549526 g
2459320.8653009 1296.2151477598936 23.2485307695232 26.2011 18.419407269060866 0.019472793463409584 21.037686208874646 g
2459321.8608333 1167.1379752233365 21.5701039375649 26.1931 18.525294500126268 0.02006503287713945 21.111044394669452 g
2459321.8807407 1224.5659064553433 20.7745394748011 26.182 18.462044590170912 0.018418704447749602 21.14074647610255 g
2459322.8165162 1193.778110745127 25.5914061177797 26.2161 18.52379097161421 0.023274500823885075 20.948439617113372 g
2459322.8174537 1197.482590995291 25.267066639759 26.2254 18.529726979104247 0.022908436796551496 20.971587924735303 g
2459322.8373148 1214.4470347291049 25.8687626246652 26.2271 18.516153552963257 0.023126340448320848 20.94773584992871 g
2459324.6738079 1063.8080194619176 40.6413050435651 26.0919 18.524741850241334 0.04147765769627966 20.322055876051557 g
2459324.8121644 1165.421093343191 29.1801396707572 25.4759 17.80969281433689 0.02718406061251182 20.065756573376895 i
2459324.8637269 1203.5867233110841 29.4890084632113 26.2213 18.520106528951146 0.026600672696381566 20.79972456390079 g
2459324.8646528 1149.859916268066 28.9457898560504 26.2093 18.557687662806092 0.027330671851498387 20.807911477054137 g
2459325.8164005 1229.4454480806057 38.9238485692863 26.2139 18.489626841618108 0.03437291378617027 20.490935553426382 g
2459325.8633565 1249.5065454908463 34.0632456781873 26.2133 18.471453661242567 0.02959765674399093 20.63515992200707 g
2459328.8170949 1358.5738846395375 74.2929702386357 26.2256 18.39289184486586 0.05937099093398797 19.800805684603908 g
2459328.8354861 1230.7453637750623 82.3533892514377 26.217 18.491579478854906 0.07264790698543486 19.680371296032796 g
2459334.7163426 1181.507175157088 23.7590608383101 26.2161 18.535009091508 0.021832463563942094 21.029101815137984 g
2459334.7172801 1177.9710141852486 23.912347287976 26.2083 18.530463489776956 0.022039282068847917 21.014319465413823 g
2459334.9770139 903.525813013968 76.7680263206885 25.9996 18.609748588694565 0.09224644716938821 19.53922405118499 g
2459335.8728588 791.2410858413896 57.6356425779064 25.0949 17.849127924321788 0.07908464090978289 18.945747140515014 i
2459336.7745139 1217.1234879938968 20.6442623334279 26.2117 18.498363391249796 0.01841512043477635 21.177276566270635 g
2459338.8171065 1182.6315029487503 20.9664802366695 26.2046 18.522476391106153 0.019248013887837836 21.153361166465054 g
2459338.8401968 1132.745157505256 35.5446979732746 25.4503 17.81496946439311 0.034068456028164634 19.82593791831532 i
2459340.8740741 1159.5087180186101 24.4399237320099 26.1706 18.50991495419038 0.0228841963699813 20.95292537341072 g
2459341.7529051 1182.1073631919844 24.1931522880781 25.4617 17.780057693737696 0.022220067531125334 20.25504384118577 i
2459342.8323148 1122.5613155183541 18.7452631165033 26.1734 18.547874820101107 0.018129728758905266 21.243746137302907 g
2459342.8332407 1140.8901961982306 21.7696637906589 26.1736 18.530490379488928 0.020716563308439295 21.081545684470527 g
2459343.7688426 1129.4203704380195 18.8466674907535 26.1505 18.518360958779052 0.01811710451687305 21.2149885681006 g
2459344.7962847 1145.61541356528 17.7564832322893 26.1993 18.55170287956568 0.01682782338385322 21.32848260019978 g
2459344.8121065 1088.4772319198464 17.0832685771738 26.1717 18.579651627064774 0.017039680895781374 21.34284756724393 g
2459345.7503588 5948.889542700824 41.4311747535608 28.1529 18.71681023714332 0.007561382020470162 22.362156870145697 g
2459345.8031944 9571.478362646181 59.2515744115406 28.1789 18.226452445225227 0.006720950714328814 21.99972525227907 r
2459346.7680787 11931.508893294484 78.4875485121363 28.4075 18.215761576785166 0.007141924142345204 21.923073077914257 r
2459346.8365046 1118.3105501989544 21.4576035175114 26.1743 18.552893944814564 0.020831888007152875 21.097921948258243 g
2459346.8374306 1125.5074095569723 23.3298582322202 26.1708 18.54242910390407 0.02250471819878262 21.003594739812897 g
2459348.8402315 1117.431165321826 21.901234260817 26.1575 18.536948050672702 0.021279315249920366 21.058903512840764 g
2459348.841169 1103.6569748571803 19.3703937245196 26.1427 18.535614719314623 0.019055229066470038 21.177428868357474 g
2459352.7137847 1086.6790695316633 30.2479736538803 26.1536 18.563346744455025 0.0302207210176334 20.704434273954412 g
2459352.7147222 993.6456437862627 30.7459224200513 26.1499 18.656821167744592 0.03359431823628068 20.68300617163698 g
2459353.7733565 1088.2569936060631 30.587997558465 25.4288 17.836971332997596 0.030516127297452386 19.967497372031218 i
2459354.8167245 1171.2219675570939 62.7136083957899 26.1779 18.506301976345707 0.05813429607824529 19.93707051467751 g
2459354.8249769 1178.789555781491 57.3214006477952 26.1996 18.521009301767194 0.05279470315806512 20.056383004570314 g
2459356.7135301 1194.2869723123754 60.8077838718533 26.2064 18.513628262755013 0.055279017924682955 19.999077049357236 g
2459356.8315162 1127.1405888396773 47.0916228608596 25.4683 17.83835477698922 0.045360246491227676 19.53851584601281 i
2459358.8781134 921.7351723578724 121.536385925492 26.0586 18.647084600035427 0.14315614523178358 19.099409194715726 g
2459358.8898958 748.3535868370994 117.38857850802 26.0178 18.832532888598145 0.17030556401128094 19.096310380020732 g
2459361.8115046 1161.2621596976073 73.208824972403 26.227 18.564674313578802 0.06844520043022435 19.818166398337564 g
2459361.8124421 1133.1157872940635 64.389607831469 26.2095 18.57381427385524 0.06169519303015729 19.940035539146976 g
2459363.7579861 1128.8024660914311 36.3381250438477 26.2574 18.625855126126986 0.034950581297640324 20.609068701550903 g
2459363.7594097 1106.4201540215238 36.6305228893488 26.2549 18.64509980481416 0.035944535677892527 20.59786719384052 g
2459366.7532407 1000.8761761399562 19.1540942865634 26.1695 18.66854912035133 0.020777395508726704 21.21642093687009 g
2459366.7541667 1036.6613006809853 20.6967253765754 26.1726 18.633507784225635 0.02167577272016138 21.135420896457706 g
2459367.8186458 988.080848501241 28.6440922646967 25.406 17.919018795865394 0.03147403476036723 20.015987329283384 i
2459368.6903241 1027.0245273650594 21.1091550778991 26.1949 18.66594796118182 0.022315153199772318 21.13629786306155 g
2459370.7086111 1077.0138598142703 23.4388178459738 25.4527 17.87214676960526 0.023627852421288387 20.2804357293184 i
2459370.7139468 1092.0222167316138 21.386316934703 26.2136 18.618021315008157 0.02126250175156795 21.140834992745134 g
2459373.6903588 1061.4911399224545 21.8854637204212 25.4666 17.90180906615392 0.022384593773431893 20.368785606408267 i
2459374.7202199 1125.3780877206905 21.6596445873003 26.2392 18.610953863159963 0.020895978324991505 21.152646674115445 g
2459376.6907523 1100.3011871231106 25.3248755909154 25.4729 17.869121046192216 0.02498881011020891 20.216606687772313 i
2459376.7134722 1123.3270622670007 26.3846220085222 26.2307 18.604434445816146 0.025500840384671347 20.929897797244056 g
2459376.7144097 1081.1918703038912 24.9817396999802 26.2295 18.64474307126845 0.025085903378689964 20.988018291995665 g
2459377.7964005 1010.0152631323845 34.3850388883119 26.1847 18.67388015800853 0.036961656010288516 20.596351189533358 g
2459378.6916319 1136.4769746641944 24.5747435004469 26.2457 18.606798396938558 0.023476761617910322 21.02205250524152 g
2459378.6925694 1084.15962289529 22.6238397930778 26.2533 18.66556692770659 0.022655983809606303 21.11945919729932 g
2459379.6914468 1115.6695049023876 23.0862538656313 26.2623 18.643461093815056 0.02246610283043353 21.1064913216002 g
2459379.7711458 869.6902404984921 27.721439941671 25.2624 17.91398850867397 0.03460676680403014 19.907935526179205 i
2459380.7541551 280.17056416534166 36.2237574517815 24.9046 18.786043738400934 0.14037211076246334 19.259691246113164 g
2459380.755081 389.3934351506967 37.0545120072794 25.0134 18.537428436494643 0.10331474558818399 19.343872243759204 g
2459382.7139468 548.6158544272145 39.0055731879088 25.5836 18.735429114729016 0.0771912631914851 19.8583583285276 g
2459384.7275 670.8112125065187 96.8687044687363 25.8249 18.75839921709909 0.1567808505298128 19.112016260460024 g
2459386.7479398 1207.1725347482459 61.4961321255388 25.4813 17.776876635166513 0.05530804315608581 19.261755486280784 i
2459387.774919 766.9018462494331 84.5309481971276 26.0282 18.816350541757377 0.11967013889254838 19.463235637776346 g
2459390.7115972 1091.0737454355612 65.2251324483525 26.2351 18.64046473637665 0.06490388628213824 19.951637564994535 g
2459390.7125463 1048.8101702444053 60.4729300137323 26.2212 18.66945777493011 0.06259994608996727 20.019872460651207 g
2459392.7122106 990.1870393531514 24.2113139620779 26.1764 18.687106906216766 0.02654672554167109 20.968929090421902 g
2459392.7131944 959.2785232707032 23.4015397686563 26.1824 18.72753819646979 0.026485583811679283 21.01186390428519 g
2459393.7942593 919.5788683110783 61.9805737463134 26.0248 18.615827543162556 0.0731773110880236 19.796736008832873 g
2459394.693831 869.62569545409 20.4897970572531 26.0139 18.66556909080414 0.025580859421873086 20.987630846860185 g
2459394.737338 871.1946737177391 24.2566601378981 25.3287 17.97841197104986 0.030229128696726247 20.1191974808853 i
2459395.7496991 664.6628915885735 28.2218745643061 25.7382 18.681696418485842 0.046099292742573635 20.364310346027324 g
2459396.734919 848.8371986701005 23.5327263340706 26.054 18.73193899140731 0.03009938892985559 20.87739437826906 g
2459396.7358565 834.0530293144592 20.9859181446033 26.0483 18.745315839813042 0.02731770106790836 20.99605505274031 g
2459397.7335648 894.0392095831365 26.032429690073 26.1144 18.736008585190906 0.03161316484954908 20.82818822891882 g
2459397.7345139 885.4366737052114 24.547815843412 26.1132 18.74530623509454 0.030099909403645868 20.89074284774285 g
2459399.7367593 890.3302455638564 24.8611861486085 26.0961 18.722222182199403 0.030316604356678954 20.85987037575044 g
2459399.7410185 950.9166853052348 28.6105898455261 26.0925 18.647143830414734 0.0326658663953477 20.70375796051393 g
2459400.7544444 893.4617706559218 29.3045830137968 26.0512 18.67351006326343 0.03560978972242087 20.636436124114752 g
2459401.7041898 1031.1812736551237 33.0880867640173 25.4473 17.913962456024944 0.034837459443341476 19.900695849429855 i
2459401.7258333 943.6611203834049 33.6450887064526 26.1605 18.72345984468442 0.03870931208202607 20.595770794978094 g
2459401.7267708 999.3584989043493 31.1167685682066 26.1656 18.666296724463596 0.03380516168276004 20.68568876465954 g
2459402.6913657 1110.7686762423837 24.0260939514129 26.2214 18.60734093971284 0.023483854704376708 21.022267061654393 g
2459402.7084838 1008.5726141350561 24.9026858725469 26.1754 18.666132071136985 0.026807039644845758 20.93735951331621 g
2459405.7227083 907.0946717653773 29.6352933914691 26.0239 18.629768460189755 0.035470429974524396 20.59695191130509 g
2459407.736956 757.461352508278 34.7596800577953 25.8381 18.639698802511592 0.04982245564579604 20.237985563229135 g
2459409.7253588 766.2513510896325 30.1012265909936 25.8352 18.624271866762108 0.04265036748498848 20.391314506749563 g
2459409.7617593 755.8972447445517 27.1744082748518 25.1566 17.96044309416193 0.039030774710624785 19.82377474900879 i
2459414.7439468 936.8392689632424 76.7005164038956 25.7975 18.368337283693272 0.08888798048769322 19.33807926929378 g
2459417.6823958 489.37386633734315 83.7660509801713 25.3046 18.580498066662294 0.18583910544679647 18.749504884687482 g
2459418.6935648 794.2356607701037 76.6848419515525 25.7802 18.530326543092244 0.10482623359680614 19.321001172096505 g
2459419.6939468 938.1747533399829 81.9488362186702 25.9103 18.479590645677064 0.09483505196218807 19.379018013167254 g
2459424.7348958 833.260686760928 40.8501164434545 25.8844 18.582447769261474 0.05322580571400863 20.10899174208815 g
2459428.7279167 880.3225620342355 42.7767422426528 25.8178 18.45619541836452 0.05275646797638479 19.992355722063024 g
2459600.937338 1361.3095328509412 58.4674578775206 26.2279 18.393007785586647 0.046630187687501316 20.06318946055982 g
2459622.9349306 1190.860813848591 32.7959519096441 25.5089 17.81924748821141 0.029899854436580452 19.97192438687775 i
2459623.9353935 1375.37862866124 43.790289382725 26.2775 18.4314443205801 0.03456729382882868 20.42663045120217 g
2459625.8315856 1156.879435861895 42.4941863893521 25.4785 17.82027974667457 0.03987964236614468 19.66025119295924 i
2459625.8785532 1392.383962274175 64.0842495656916 26.2569 18.397502469099834 0.04996916916497137 19.992596731557775 g
2459627.975544 1517.0793740979973 97.7315250797011 26.3475 18.394979240467315 0.06994170416568948 19.62498829941904 g
2459628.8815162 1354.108326342341 85.4754066776278 26.2459 18.41676647861963 0.06853266258288923 19.66887204972559 g
2459636.9231829 1190.2824230358215 25.2206971922518 25.5123 17.823174949011367 0.02300471754576495 20.26048226943539 i
2459636.9839236 1405.2448987022462 31.0867208790485 26.2903 18.420919956502765 0.02401777290887312 20.811437704737198 g
2459639.9201157 1319.4547742009117 31.4559396949038 26.26 18.459013727803832 0.02588320145147834 20.76831833027429 g
2459670.9278704 1162.4207289438232 24.9110262299216 25.475 17.811591635140434 0.0232668779077949 20.236595941614173 i
2459670.9857986 1262.5892192999668 23.9038582752592 26.1792 18.426044808111172 0.020554918838795445 20.985604976076477 g
2459671.970162 1243.3037524566664 20.8020860169973 26.1821 18.44565688897515 0.01816517061420285 21.139407769511966 g
2459672.8172222 1308.1017154007186 18.0470575040757 26.2088 18.417196212048196 0.014978720768799494 21.320358983793454 g
2459672.8324306 830.3094594865112 18.5038604122699 25.6976 18.39950003562849 0.024195365980806103 20.78201913020015 g
2459673.8177778 1172.4294864866433 23.9940355988059 26.0714 18.39868316908152 0.022219096969052853 20.873716742010835 g
2459673.8992477 1118.671896190748 30.9840122963843 26.0945 18.47274318083805 0.030070785066409228 20.619230848327106 g
2459674.8764699 1378.727537256432 25.5070360637147 26.2263 18.377603875454717 0.02008590407172261 20.96222499864866 g
2459674.8986343 1364.5797704125384 26.798051145022 26.2191 18.38160267831544 0.021321321595845235 20.9014169600337 g
2459675.8042245 1207.2346457575077 20.9278604509334 25.4272 17.722720773692913 0.01882101227911773 20.377962912322985 i
2459675.8208449 1297.7326851254534 22.7552121278268 26.1869 18.403936892357876 0.019037305671925235 21.04677276809543 g
2459675.8586343 1287.2553017189916 23.37253408109 26.1958 18.421638277004757 0.019712919587865026 21.02661048484059 g
2459675.8788889 1316.5571431722858 24.4964590733648 26.189 18.390400715633632 0.02020102640730712 20.968816708456462 g
2459676.8164005 1311.0954941173882 36.1873388397144 26.1719 18.377814187903194 0.029966233546341703 20.52808337179576 g
2459676.8778241 1195.8007727922413 44.9272697224362 26.1603 18.466152925626982 0.04079068842191124 20.281599922006833 g
2459677.7335648 1263.465895314716 40.4994905371716 26.1201 18.366191191199356 0.03480133261947263 20.35405108904222 g
2459677.8165856 1327.5267745751314 32.4377257891414 26.1922 18.38459177743738 0.02652875976873767 20.667148993672885 g
2459677.8522917 1345.0371399849505 27.0943637614162 26.2081 18.38626430873046 0.021870288827934303 20.878477596097138 g
2459678.8334954 1359.4764660270666 27.6671835846911 26.1985 18.36507076526852 0.022095462458193875 20.84616260954768 g
2459678.8365162 1368.7039941142584 28.6707697388833 26.22 18.379226163490387 0.02274257607149722 20.82897660708481 g
2459678.8617245 1196.5262230210458 21.9398791612799 25.469 17.774194447414196 0.019907734863728613 20.368489410978203 i
2459679.7593634 1344.99608487455 35.7564625886789 26.2116 18.389797449599758 0.02886312597419164 20.580788621163382 g
2459679.8102199 1424.6696585435166 31.0202556417282 26.2298 18.34551456212683 0.023639649618603563 20.753261557744 g
2459679.8111806 1283.61017839938 29.2051078039865 26.2239 18.452817119551415 0.024702192360555267 20.812827954966004 g
2459682.6926273 1252.0671594069215 68.6594688092793 26.1135 18.36943093864149 0.0595364112269699 19.774323891307866 g
2459682.760544 1182.2246138137266 41.8130427975294 25.4701 17.788350007299073 0.03839915024170729 19.669395556764858 i
2459682.8825694 1362.19887314228 62.1408961467487 26.2086 18.372998708291455 0.04952754863971928 19.97773120912272 g
2459682.8988079 1306.409574780892 58.4925395402554 26.1917 18.401501613201305 0.048610597629389136 20.026523795882568 g
2459683.754456 1446.5080072811354 62.6794172190645 26.19 18.289197894828476 0.04704505120759577 19.94976261458406 g
2459683.943125 1302.9482698912957 68.4380734088886 26.2008 18.413482066142045 0.05702698872782527 19.86513055097274 g
2459684.7553704 1295.5343226995885 107.017460568581 26.2172 18.436077691813917 0.08968412098661978 19.396138385836117 g
2459684.7982407 1337.6294803046403 93.8365985079382 26.2303 18.414460420724552 0.07616338941398487 19.551944347636123 g
2459684.9762731 1223.1064051876756 108.93980220892 26.1269 18.408239398750855 0.09670127043450157 19.286508533077786 g
2459686.8785532 1179.8037860726608 171.747525448269 26.1434 18.463875536208356 0.15804855907429824 18.80874876809014 g
2459687.8159606 1289.924487328091 58.4556275691527 25.4537 17.677289281803453 0.049200767545152256 19.289209170706933 i
2459688.7836806 1441.1896061607026 56.9991300488243 26.2567 18.35989719665977 0.04293949611450921 20.1196044209383 g
2459689.7920833 1332.7945943544983 59.5860025843524 26.2137 18.40179194344236 0.04853900464472053 20.02841436138374 g
2459689.8127315 1463.5904826632714 80.2058527469222 26.2178 18.30425105819223 0.05949717175591107 19.709859837684274 g
2459690.7915394 1392.9444051327082 24.5553829886581 26.2042 18.34436554172169 0.019139155311978285 20.98140820870422 g
2459690.8592014 1162.64316044057 25.9310620395981 25.4371 17.77348389725337 0.024214956931173343 20.155124228619954 i
2459690.934294 1241.477478686394 42.3464783539811 26.1096 18.374752886147363 0.037032948513543704 20.295131741455787 g
2459693.8516898 1351.815194931839 30.528170757713 26.1596 18.33230669056287 0.024518466071333227 20.700423033574772 g
2459693.8526389 1342.7880610759858 31.1311524868509 26.1652 18.345181321955707 0.02517083167085249 20.68478699235127 g
2459693.9670718 1070.6947378122907 45.4991951669002 25.9788 18.40463582941121 0.04613684409586019 20.08636570288341 g
2459694.7254051 1126.1580675387645 26.1628133529519 25.3906 17.761601619089298 0.025222894792539526 20.098963881813837 i
2459694.8370718 1306.689813499775 25.8482682105777 26.1097 18.319268736238723 0.02147676097746594 20.83119636060287 g
2459694.8953472 1127.9575000310128 39.7485935050544 26.0141 18.3833681592366 0.0382594627610092 20.26837057452783 g
2459695.7888657 27.846117716267663 37.0770824625912 22.0028 18.390888363158382 1.4456086424614443 16.332611106994985 g
2459695.8521065 316.7518585197473 34.5057257913221 24.6436 18.391802070610098 0.11827197057883357 19.051447072255918 g
2459695.8530556 415.0574335808089 30.0012649143972 24.9932 18.44792950905476 0.07847678581865328 19.552926074547308 g
2459697.7556713 1332.4774003146988 21.0149367183394 26.1812 18.369550370391096 0.01712292965697769 21.12745477274688 g
2459697.787963 1366.0302928124133 18.5432287268489 26.1963 18.357649174302033 0.014737874800192648 21.278411600969584 g
2459697.7889005 1293.1056553311928 18.6677356187406 26.1894 18.410314972306566 0.015673553415923854 21.2642458852255 g
2459697.8361458 948.7937327858588 21.5951427592785 25.1935 17.7505704817073 0.024711215603107656 20.11018479068762 i
2459699.7484375 1324.9775107322457 24.958873666078 26.1853 18.379778732709966 0.020451554022441726 20.944812532191307 g
2459699.8948495 1199.9599350441908 25.5601329140206 26.1022 18.40428313546365 0.023126302382529294 20.83586721954463 g
2459699.9461806 1123.626597467431 28.378592483249 25.9927 18.366144972811465 0.027420708915673834 20.612797860186202 g
2459700.7525579 1364.233564194451 26.4029204082962 26.207 18.369778174350685 0.021012274906323396 20.905445072831824 g
2459700.8174306 1172.3228495033497 29.6514697776953 25.4404 17.76778192546771 0.027460524847128985 20.012859425303663 i
2459700.8398264 1318.6838136996435 25.9540217738416 26.1877 18.38734831141239 0.02136848966152397 20.904763327547244 g
2459701.8125463 1303.345650895307 26.8143917963628 26.1634 18.37575098226617 0.022336657319808394 20.84505511228545 g
2459701.8298611 1243.1425938445527 25.3967446614016 26.1555 18.419197632603414 0.02218027587133868 20.89612985766863 g
2459701.8809722 1223.7729918954365 26.0453377735599 26.1179 18.398647839280457 0.023106755426066886 20.831150004085252 g
2459701.8819213 1235.1689814282922 24.2727942589265 26.1122 18.382884058072335 0.021335520178334746 20.901975552308294 g
2459702.8203356 1327.3250338799232 21.2462652512447 26.1764 18.368956786404347 0.017378614577808937 21.11076849123252 g
2459710.8163079 1331.7088936015089 55.5842792507162 26.2116 18.40057674970035 0.04531609894058471 20.101795042581905 g
2459711.7113194 1329.2526805042526 61.9348747012493 26.1956 18.386581138091103 0.05058684059801018 19.968336830854987 g
2459713.8467708 1281.3470021557032 92.0568351457035 26.1512 18.382033107110047 0.07800081145040626 19.493634889030098 g
2459713.8589699 1268.8175758795326 65.5772150294582 25.4877 17.729202035157154 0.05611301711999816 19.19839256701144 i
2459715.7531019 1313.3326716981899 80.3216039500993 26.2687 18.47276312921091 0.06639990558969584 19.759194058266836 g
2459715.7904745 1449.5853145321119 83.5156991651737 26.3194 18.416290548495514 0.06255098866871175 19.767554686081475 g
2459722.7395255 1230.5897097924592 24.6517013427085 26.1776 18.452316802022622 0.021749208476879323 20.95055774521279 g
2459722.7752315 1178.4696655365963 24.0879577886426 26.1747 18.4964039799421 0.022191742847467583 20.972775035523533 g
2459723.7123727 1111.11489791216 20.4675295580116 25.4057 17.79130257328432 0.019999368996751532 20.380611423547972 i
2459724.8188542 1149.3453321548782 26.615083880719 26.14 18.488873659097024 0.025141265867518036 20.829755391051087 g
2459726.795706 1315.127905203327 20.5774235601223 26.2304 18.4329800175122 0.01698763190320316 21.19949749648412 g
2459730.7993171 1190.042021179498 22.0231951751136 26.1824 18.49349425777041 0.02009221739743451 21.07777417007128 g
2459731.7585301 1131.7888617667206 23.6493049928254 25.4622 17.82778646096606 0.022686254740685703 20.280229033686368 i
2459732.7566204 1201.6401406940029 23.3496991136427 26.216 18.516563931311797 0.021096805498724964 21.04787176771047 g
2459734.6878472 1248.8963955824966 25.5500495061054 26.2142 18.47288396950318 0.022211361043956407 20.948295624244615 g
2459734.6926968 972.0860667262988 27.746275790309 25.9763 18.507038204326403 0.030989160997840177 20.620863242338476 g
2459736.7497222 1172.968172037324 30.4202918374195 26.2093 18.536084430274038 0.028157039240477726 20.753966548794775 g
2459737.7498958 1235.3550683731312 27.3459553583943 25.5267 17.797220496552953 0.024033174342100293 20.187042237936776 i
2459738.712581 1244.7144894752637 47.3388248092758 26.2013 18.463625637214363 0.041291205758436804 20.265831308344897 g
2459741.7135301 1175.6065149008034 80.578258933488 26.1783 18.50264503961861 0.07441589904039425 19.66533029094044 g
2459742.7106597 1181.0775251776045 44.2051906217118 25.4654 17.78470398659318 0.04063541506369404 19.604291819971998 i
2459743.778588 1284.8820893595198 85.0398538037109 26.2273 18.455141811746238 0.07185699764926438 19.655818726913957 g
2459747.7533102 1172.0500519789416 29.2516902590747 26.2223 18.549934603827854 0.027096590338147108 20.809497573885377 g
2459749.7501273 1202.1454569542252 35.2223735602291 26.1871 18.487207451193775 0.031810568973265986 20.572628442181703 g
2459751.7080324 1213.8533105047927 30.7555623711335 26.2533 18.542884482261265 0.027508524940673053 20.786065807692164 g
2459751.8075116 1064.068644645964 28.2991340243868 25.4095 17.842075885390663 0.028874424563557488 20.03264212421712 i
2459755.6892593 1189.5488728385951 24.7408297658683 25.4832 17.794744275474752 0.022580929199407417 20.252239336548175 i
2459755.7577778 1193.3977680425066 30.5885536923762 26.1852 18.493236946830876 0.027828100263909628 20.723877631960562 g
2459757.6913889 1250.267668404282 24.1471945968117 26.2164 18.47389249854689 0.02096879719141962 21.011808284142596 g
2459757.7118519 1209.6667187534586 26.2853427848908 26.1999 18.49323566954727 0.023591619261017514 20.90319087668921 g
2459759.7149074 1274.6902825349853 23.5966333810505 26.1879 18.424388312439323 0.020098109488100997 21.008349876684832 g
2459761.7375347 1126.9403557466026 22.7710613908279 25.4334 17.803647671853653 0.021937754936145727 20.29251680376871 i
2459761.7552199 1135.315380989269 26.0318347530007 26.0925 18.4547086959629 0.024894195449643084 20.806313042280767 g
2459763.6938194 1245.2657200111644 31.0877487820858 26.2271 18.488944917763266 0.027104230294244313 20.74820180474324 g
2459764.7031366 1393.3249738937423 29.4394781065828 25.719 17.858868946361646 0.022939688858799188 20.299249722401214 i
2459765.7466435 1212.9292789854612 35.8642310212152 26.2284 18.51881130088746 0.032102280235416815 20.59432118066971 g
2459768.6906019 1260.0971131135134 43.8108394970951 26.2077 18.456689958507518 0.037747430691646475 20.356321051291957 g
2459768.7118866 1285.8886742248521 52.1122141505111 26.1735 18.400491572041645 0.04399932283198301 20.133726174362383 g
2459768.7756713 1122.0886205669296 59.7485204496323 26.0306 18.40553210479562 0.0578109139181815 19.842357100821488 g
2459770.6933912 1356.3033801423826 52.2372907024335 26.2087 18.377807889769507 0.04181514795729427 20.166323378958317 g
2459770.752963 1207.1482446924047 68.7048709580785 26.0685 18.364098481967705 0.061792641232886 19.728606168518915 g
2459786.6872685 725.5850015624885 28.527128729157 24.9407 17.788979257696425 0.042685424305285075 19.5551298344508 i
2459794.6937384 1111.2441554772895 31.2855472304139 25.3158 17.701276275404464 0.030566386748258182 19.830015599580708 i
2459924.0182407 1382.1681163687615 78.8944841539047 26.1106 18.259197823716455 0.06197201370187116 19.62055838687975 g
2459931.0290278 1382.5270954409098 51.4639721856874 26.1674 18.31571587106149 0.04041471215013083 20.14121672997799 g
2459935.9893056 1339.1842784368337 29.3494611550992 26.1216 18.30449914447211 0.02379411891938081 20.705174658720054 g
2459938.0295486 1452.467924237675 29.6912152202172 26.2122 18.306933624074535 0.02219377917175602 20.78320505658495 g
2459957.053287 1471.6002914644714 61.6845764421147 26.2515 18.332025337061847 0.04550892319853879 20.02863352167968 g
2459969.0382407 1496.2699275847865 35.6290401006395 26.2524 18.31487513134273 0.025852587239859743 20.625464684237443 g
2459969.0442708 1286.0136649212538 35.1949593438275 25.4862 17.71308604165475 0.02971287817686859 19.872573819521303 i
2459972.9851389 1261.8070981187914 30.3376723568858 25.4766 17.724117584651225 0.026103523214425637 20.0242193474184 i
2459978.0369676 1358.9857157617366 31.8165807514684 26.1953 18.362262770233627 0.02541841413138556 20.691241225974622 g
2459985.9624537 1331.3194252457383 48.6907783719253 25.4801 17.669394327920973 0.039707659240862954 19.514058196052044 i
2459994.9967824 1452.0675584788678 29.5725883771757 26.2238 18.318832943263317 0.022111202067439426 20.799151643288678 g
2460016.9147106 1409.5070800375945 51.5986330822035 26.1398 18.26713184574995 0.03974484181793124 20.110779497336082 g
2460021.8573495 1496.891799106105 30.4866871232012 26.1883 18.25032397734788 0.022112083337904202 20.730599404819372 g
2460021.9233681 1264.117568464272 31.5817213779853 25.4776 17.72313133222104 0.027124276851665116 19.98158549475553 i
2460032.7989468 1551.9090638543198 35.5261480347839 26.1765 18.19933432596669 0.024853736484772272 20.552704686305404 g
