jd flux fluxerr zpdiff mag mag_error limitingmag filter
2458203.8055903 651.3521418705312 52.4102817213836 26.2327 19.19816038601635 0.08735956974286961 20.186733753721754 g
2458206.8430208 650.1023478886791 62.4669010670568 26.2627 19.230245663684347 0.10432251892146197 20.026150085462646 g
2458206.8703588 686.1229792258393 65.8059616655007 26.2827 19.191695088238916 0.10412933940916387 19.989611888820114 g
2458210.8084954 460.90775517769083 140.078102824191 26.0233 19.364264961070006 0.32996363052644384 18.909949361257397 g
2458210.8244213 506.6895740177725 243.457906126485 24.9465 18.184645079874933 0.5216650632567653 17.233015282853167 g
2458214.8484838 554.8635859785279 66.9933879882445 25.4815 18.621034439214828 0.13108577166866336 19.16899513546466 r
2458217.7816551 1005.0663500010444 26.4189844463276 26.2001 18.694613167777455 0.02853850535673398 20.897884691186327 r
2458217.803912 991.1137009678893 25.109315470938 26.1905 18.700191300541597 0.027505606854364952 20.943487806267193 r
2458224.7661111 987.6754650376195 36.0833816610849 26.1424 18.655864336144248 0.03966457490968222 20.501706909229657 r
2458224.7772454 1011.5193708396248 33.9816520269167 26.157 18.64456448992398 0.03647372523869634 20.58146376819424 r
2458229.7714583 699.6311506365006 27.9963905245692 26.2687 19.156527155186232 0.04344529423092701 20.903519881903403 g
2458233.7075231 1055.542540523953 44.7655981449322 26.2186 18.659910647618634 0.04604457711560133 20.343814009698598 r
2458243.6683449 1038.5307219957492 31.5355967870402 26.2034 18.66235162891061 0.032967919683583216 20.708972353915247 r
2458243.7299306 725.66391262622 21.024138582261 26.2195 19.06766118477579 0.031455205173635384 21.165279462721664 g
2458246.7306019 115.827411003495 45.6331598367318 23.4663 18.306771627453376 0.42773917853732196 17.570673633569346 r
2458249.7292824 676.7936310874994 32.7394262562955 26.1228 19.04665934210849 0.05251999051667282 20.587697328341577 g
2458249.7311458 1063.6430894243151 29.3285634948516 26.1605 18.59351019301799 0.029936753881976072 20.74484800947343 r
2458256.7419792 1177.1699676418689 35.387701157324 26.225 18.547902065746797 0.0326379607045797 20.605444111466724 r
2458259.7528588 151.98929231771825 43.0895548472866 23.9863 18.531767517821162 0.30780016792173315 18.1529449704838 r
2458267.6653588 843.5289803583219 75.5831994174855 26.2087 18.893449980394617 0.0972825848528708 19.76521181029907 g
2458267.7926157 1000.2359140896397 70.2580033784411 26.199 18.69874388974049 0.07626112319452018 19.834835479990705 r
2458270.6667593 1238.142171758633 42.549319823316 26.2477 18.51577370964442 0.03731057513900732 20.428043434121456 r
2458270.7388426 775.86499271105 49.7628703335264 26.1432 18.918734608006694 0.06963524431270574 20.153511432638947 g
2458275.710787 787.2811256335733 24.5360069660889 26.2073 18.966975400645065 0.03383637927512221 20.98536527346932 g
2458278.7096181 867.5220236532253 29.4308168854637 26.1737 18.827998727568495 0.03683253798905344 20.754269197661717 g
2458278.7324653 1097.7995293966137 30.8934859460403 26.1753 18.573992399318005 0.03055298967931897 20.7032076996533 r
2458281.6897338 1267.6218632498933 29.7015462085617 26.2039 18.446425697357505 0.025438949621744117 20.774527342940395 r
2458284.7114583 838.725920948853 23.4336345900371 26.1515 18.842449837099558 0.030333982101829877 20.979475855377924 g
2458287.7528819 1236.3144194657139 37.7902879071928 26.1878 18.4574776635838 0.033186473388032066 20.49692448760049 r
2458293.6737384 811.4766475925303 53.6091945329051 26.2334 18.960209934103403 0.07172541893479233 20.16287678393676 g
2458293.7355671 1230.217093289898 73.0392719826001 26.2116 18.4866456073802 0.06445914141823939 19.80528389984309 r
2458296.734537 1288.3259001121985 72.3054385471148 26.1996 18.424535655489755 0.06093335127685155 19.804247577798748 r
2458438.0442245 1068.0077040003296 62.3129998445253 26.1483 18.576864036356753 0.06334525835141377 19.914428340738837 r
2458438.0446759 1168.1578967492562 65.9446357827233 26.1422 18.473446127108183 0.061289737687464964 19.84682630426492 r
2458438.0451389 1081.4989938756582 66.7730113010401 26.1384 18.553334700627996 0.06703238632681906 19.82947258339969 r
2458438.0456019 988.8078385108992 64.8420215578861 26.1406 18.652820248719316 0.07119581789664481 19.863533623558794 r
2458439.0410417 1058.7665513015177 53.4267687706482 26.1057 18.5436994686124 0.054785866424461545 20.03887771660331 r
2458439.0414931 1023.145690675265 49.1380308781058 26.0797 18.554856301469187 0.05214229079062006 20.103730616935103 r
2458439.041956 1054.639276913635 48.0162590076074 26.0685 18.510740146731894 0.04943041051639917 20.117604187302348 r
2458439.0439005 956.8627594161529 49.9758411565373 26.0691 18.61697586899154 0.0567048620188328 20.07477470771892 r
2458440.0409606 651.5805571210205 47.9698444878378 25.7594 18.72447970831917 0.07993004025559394 19.809554212808813 r
2458440.0443171 621.7384104935782 37.8276630844179 25.5556 18.57158075360746 0.06605590569536916 19.86365120841625 r
2458440.0476852 688.9727169375478 46.0024345530803 25.5754 18.479894939128158 0.0724917576072995 19.671022948815228 r
2458440.0510417 836.6575342405968 41.2229228960807 25.8616 18.555230684243654 0.05349348515566521 20.0763280340991 r
2458442.0404051 741.8954324669198 52.2767798729239 25.5728 18.396943256690776 0.07650256009705816 19.529602918633664 r
2458442.0437731 564.4674343137672 47.3924229272822 25.4142 18.535102771662856 0.0911548664179427 19.4775027079659 r
2458442.0471296 517.1252456357217 53.7473984139849 25.3773 18.59331064951368 0.112842200125672 19.303981370332465 r
2458442.0504861 539.3895655189291 56.3135403160087 25.3818 18.552043648051267 0.11334963564278486 19.257842910668252 r
2458443.0411343 968.253259774295 41.688591350933 26.021 18.556027580549753 0.046745315001840135 20.22353193753109 r
2458443.0460301 964.7297583561273 39.3171815193137 26.0078 18.546785812213937 0.04424727609548997 20.27391904525779 r
2458443.0509259 924.1685120661275 43.1408433887665 26.0386 18.62422208172271 0.05068124812267178 20.203953411263857 r
2458443.0558218 1134.1484855625583 46.7392123834241 26.0657 18.42902520699642 0.04474260957066237 20.14407151493379 r
2458444.0430787 1091.9060598348055 41.9605836131517 26.1468 18.55133680941314 0.041722092499139586 20.34227118917594 r
2458444.0478819 1110.772574494557 44.6970164096385 26.1774 18.563337129319027 0.04368810666578293 20.30427865337016 r
2458444.0526852 1172.507157701735 39.9897820245119 26.185 18.512211243513267 0.03702911838006627 20.432702396918774 r
2458444.0575 1187.4978147241527 64.2666496197158 26.2114 18.524817952266403 0.058757414646976446 19.944010840037322 r
2458448.047963 1239.272226858271 117.589293598546 26.2086 18.475683207755978 0.10301747533194897 19.285255535633272 r
2458448.0530671 993.7989821981715 103.402948642053 26.1996 18.706353630935222 0.1129650798115735 19.4158426809326 r
2458448.0581713 1231.3851474561825 130.126387836233 26.2266 18.500615222558768 0.11473113799175932 19.19326155310548 r
2458450.0397454 1224.2166614286011 48.9875516664315 26.2027 18.48305428526382 0.04344474840113634 20.23006065283436 r
2458470.0226273 98.45012662797323 33.6586701257172 23.6051 18.62205930232419 0.37118508027503055 18.039932607302887 g
2458470.0436574 1220.871503533955 36.9757499052674 25.9723 18.25562510762918 0.03288189752643556 20.30508251244591 r
2458472.9832292 1054.9296477780713 66.9928332484028 26.1547 18.596641255182412 0.06894689063956634 19.842204125958226 g
2458475.9894213 1348.0417758843414 58.5616034041658 26.2226 18.398341621959247 0.04716495731313141 20.056142591402264 r
2458476.9933912 1409.9092563740671 46.7494018461686 26.2366 18.363622095532126 0.03599935623865362 20.31473484293381 r
2458488.0209028 1195.8925817433878 23.1347196370011 26.2558 18.561569570206824 0.021003027774681632 21.09771438721455 g
2458488.0432176 1521.3946013565364 27.4163751593947 26.2576 18.301995322912546 0.019564916612701468 20.915149903538367 r
2458491.998831 1172.8185157167186 30.287389798968 26.2192 18.546122965705777 0.028037602292324392 20.768620371753098 g
2458495.0223148 1199.1003673510738 24.4917844907515 26.1954 18.4982611599292 0.02217556690467066 20.97542391586916 g
2458502.9614931 1127.9436628370952 69.195875236172 26.1509 18.5201814785634 0.06660435642233145 19.803274471788292 g
2458503.022338 1566.3981537395307 47.5699655465071 26.246 18.258744593572093 0.03297163717318251 20.305242896975933 r
2458505.9617824 1292.325668316289 105.175109761166 26.2596 18.48117007395964 0.08835901001368252 19.457392554358123 g
2458506.043287 1607.3966970122533 75.2180988389447 26.2609 18.245592321062464 0.05080531150850047 19.822669108420534 r
2458508.0474769 1289.8069047615174 61.2140010206467 26.2644 18.488088256177342 0.05152712445775319 20.04984807307 g
2458511.9806366 1165.950797411432 37.191455857569 26.0754 18.40869944054537 0.03463161885922542 20.40186704134444 g
2458512.0421065 1378.1291061106845 41.5029848905709 26.1447 18.296475237194013 0.03269634934484422 20.35207665853109 r
2458524.960625 1607.423803007443 32.2152585402697 26.2098 18.19447401213334 0.021759106796683955 20.69222093645397 r
2458539.8153356 576.1143632802678 41.0799690253177 25.0701 18.168828242780748 0.07741609168853546 19.288599720501836 r
2458539.897419 763.0225665675418 44.8752475634453 25.6563 18.449956543740484 0.06385270687183514 19.77885784549253 g
2458543.856713 1592.9756077065763 27.4193527331741 26.201 18.195477185606308 0.018687788512509705 20.858431992833722 r
2458543.8778241 424.63664732996705 25.7321680797271 25.0073 18.437256319311206 0.06579134198573007 19.733684040405 g
2458547.812581 1623.5836076104324 29.2175855911559 26.2017 18.175513355385327 0.019537972992351944 20.790164176776265 r
2458547.8359375 1238.4334507377598 32.4368793231614 26.1698 18.43761831495192 0.02843650570014644 20.644777326446828 g
2458573.7920602 1593.167735938723 39.3761759415444 26.1719 18.166246243237836 0.02683378106106654 20.436391146940554 r
2458573.8144444 1449.8353280369229 26.4429998023441 26.1485 18.2452033050783 0.019801672872930477 20.845298184771114 g
2458580.776956 1790.3704455184816 27.1617912085548 26.218 18.08564274964624 0.016471203928183662 20.885678972935125 r
2458580.7961806 1537.807423887912 29.0226447473794 26.2065 18.23924511708956 0.020490137394814995 20.802232524483095 g
2458583.7721412 1640.241396516968 33.5219640480469 26.1749 18.13763057887408 0.022188682985473 20.614151349240444 r
2458587.7731944 1489.5396481086068 43.4873036383251 26.089 18.156369830945067 0.03169715262032893 20.24566878727066 r
2458593.7511574 1614.3161727641768 76.6572890077528 26.2171 18.197128505758435 0.05155546359497149 19.758291348348337 r
2458596.7301852 1338.2550152431297 33.1848836234729 26.1863 18.369952800949807 0.0269222440712908 20.636524241791427 g
2458600.7304398 1397.1640781049002 28.470980075089 26.19 18.326881472131802 0.022124060840049246 20.80656894564479 g
2458600.7747917 1655.5001108870342 29.5324100677847 26.1819 18.134576964556093 0.01936776530532153 20.75872776385441 r
2458606.6472222 1145.1389097822594 47.605017762029 26.0642 18.417054571317273 0.0451340595823981 20.122643160325676 g
2458606.7089931 1534.6579599345605 24.9690827686055 26.1567 18.191671009205656 0.017664478906446977 20.915768516726697 r
2458609.7093981 1283.368451832669 26.8090198329369 26.1686 18.39772160219324 0.02267981014419905 20.8504726491793 g
2458617.6904398 1298.3376642241717 59.9075204354158 26.1314 18.347930860059748 0.050096054923891374 19.940271627736273 g
2458634.713044 1072.8137201830289 22.2095890671034 26.0837 18.50738920235405 0.022476363227383354 20.969923681435823 g
2458634.7532639 1295.6315032212974 24.5131188167562 26.0876 18.306396251707067 0.020541251917063397 20.86667856346369 r
2458637.685 1355.819996364638 22.7159767744955 26.1206 18.29009491292516 0.018190273082118565 20.9823464492205 r
2458637.712662 1023.5472334218011 20.7241030297063 26.1002 18.574930278104244 0.021982530873667923 21.061585632380293 g
2458640.695162 968.2868165623617 22.5589881163383 26.0923 18.627289952803068 0.02529446128871371 20.961575950498975 g
2458640.7119213 1312.964977006039 26.6274992386697 26.1279 18.332267146116514 0.022018466927690737 20.817149036810676 r
2458643.6681366 1069.769625996309 54.6688884379292 26.1788 18.60557434300815 0.05548298506024747 20.087024380074986 g
2458643.7366782 1378.5945334285962 35.1531297926995 26.1705 18.32190861988984 0.027684538194863394 20.558164994988847 r
2458648.6895949 1323.6381485726565 74.7830412747735 26.1642 18.359776811328352 0.06133998782036829 19.73226718152491 r
2458651.6892477 898.5153940009197 77.4324067416105 26.1158 18.731986194627964 0.09356363236585848 19.646068093798597 g
2458651.731956 1285.7131417113826 70.2161439955554 26.1419 18.36903979250416 0.05929290528562355 19.778382549215934 r
2458654.6721296 1305.1157954497073 41.555693343335 26.1368 18.34767738538546 0.03456935884169015 20.34279865723462 r
2458654.7532176 858.5827734485497 50.8379687714759 25.9982 18.663744573566706 0.06428591907743293 19.9853045141247 g
2458658.6749769 1263.0680300231365 23.9359064596692 26.1378 18.38423314327126 0.02057467454289602 20.942750291693777 r
2458658.6910185 902.851326396465 19.6129801103051 26.1066 18.71755939897145 0.02358507085629245 21.12781601938004 g
2458662.6947338 833.9969458002847 28.2628340607204 26.1206 18.817688849498314 0.03679265145303325 20.745135717528285 g
2458668.6913657 864.441095735027 25.9965598906654 26.1197 18.777861487087957 0.03265053595039509 20.834985284554854 g
2458676.6722222 1001.5915286711747 69.0259785780202 26.0701 18.568373393308658 0.07482242291084716 19.725143558341976 g
2458676.692419 1213.7835743141259 57.0994071481035 26.1096 18.399246859882467 0.051074036304805275 19.970595991471946 r
2458679.6876736 708.9377763829309 83.2777582195169 26.0673 18.940779703154554 0.1275353988896372 19.518552424788886 g
2458679.6907986 1146.1436884144737 69.5708071416307 26.1374 18.48930233206966 0.06590188130613678 19.783907384275857 r
2458802.0369792 256.80131359988593 122.410343340824 24.2293 18.205306897694456 0.5175242599116973 17.26232969900587 r
2458802.0421181 252.34324463840827 103.683907341845 24.6377 18.632720792666852 0.4460972131920797 17.85099660095932 r
2458802.0472569 321.93624132088826 105.285701492524 24.8911 18.621675326849733 0.3550662256645307 18.08775150147499 r
2458802.0523843 168.76504686209572 119.913940774269 25.0091 19.440893739163027 0.7714308615397564 18.064500800191123 r
2458804.0401505 917.5055463868973 78.2893670374986 25.9635 18.55697825431654 0.09264114656018616 19.481818034542393 r
2458804.0449306 912.0825303057559 75.4398648797887 26.0268 18.626714656276775 0.08980005490569994 19.585372734495266 r
2458804.0497222 1002.6880387148027 64.0854150051708 26.0357 18.5327854145542 0.06939100935151782 19.771376986482505 r
2458804.0545023 836.7370446917009 72.1729467369968 26.0422 18.735727507889948 0.09364730385664809 19.64883889567125 r
2458806.0410185 947.1055746837949 70.1780232839878 26.0314 18.590404017784827 0.08044750439238359 19.668472161142404 r
2458806.0459259 735.2390300869537 84.4089166969321 25.8567 18.69062861633222 0.124643492942725 19.29330417272232 r
2458806.0508449 873.5072119677166 68.9553011927666 26.04 18.68683376246435 0.08570595580583894 19.69615583970168 r
2458806.0557755 971.4896618984645 97.2977279978093 26.0386 18.570004541454473 0.10873625055442139 19.320918241252038 r
2458812.049294 892.7475345607588 46.8777868967733 26.0633 18.68647835123654 0.057009637398626654 20.138457238098532 r
2458812.0541551 875.8791738455047 52.6749029694163 26.0819 18.725789499851953 0.0652934147330038 20.030465628454195 r
2458812.0590278 980.1887932812979 62.2035850489815 26.0994 18.621125667953482 0.06889941279740582 19.867436450177202 r
2458831.0649306 689.2161063814856 64.2737773306895 26.2836 19.187711455051936 0.10124841744383842 20.016090429454398 g
2458835.9817708 1002.7976383679925 119.020175759529 26.2235 18.72046674373748 0.1288597019757851 19.28702352100796 r
2458836.0461111 731.806970481043 80.3364156647251 26.2654 19.104408645407773 0.11918613788258724 19.755693861415065 g
2458851.0210995 1118.57288846213 41.0278527233088 26.2736 18.651939277855522 0.039822116342313287 20.49347801948342 r
2458851.0429745 714.6820916383579 37.220845955891 26.2506 19.115317750567996 0.05654356381264888 20.576209390265483 g
2458854.0037847 721.9007266651874 22.2269449377372 26.2689 19.12270630256416 0.03342813385211266 21.154275555068974 g
2458857.0427315 721.2160842879783 27.4542026927636 26.2757 19.130536490926424 0.041328845144878425 20.93175289983877 g
2458872.9384838 524.2210468325065 22.8930415762101 25.9928 19.194013866620594 0.047413157845287164 20.846116246659896 g
2458873.0445718 1126.0846533026956 26.0302349619633 26.2332 18.604272400531578 0.025096715433708065 20.9470797684428 r
2458876.0016435 1049.943299590083 35.6120923881452 26.2557 18.702785384087164 0.03682489208789123 20.62928126067993 r
2458881.979919 657.9623779175095 21.4791452061638 26.2919 19.24639734624606 0.03544261607197201 21.21443250418345 g
2458884.9594676 678.2771900590717 46.2298738092483 26.2858 19.207281969198142 0.07399891184654116 20.376068219225893 g
2458885.0189815 1172.1981514886559 44.0165046013784 26.276 18.603497419548834 0.04076846477280852 20.41953610968922 r
2458887.939213 663.2380715901206 69.8829337392221 26.278 19.223826380273895 0.11439617900517941 19.919647167386326 g
2458887.9813657 1092.9502063923123 64.3962853376089 26.2784 18.681899058944712 0.0639691054378612 20.008822949017706 r
2458894.8342593 569.7613476082646 31.0595573551347 26.1498 19.260567541171618 0.05918506329364875 20.671886833923313 g
2458894.9931481 1159.9430754195223 37.3569725926219 26.2858 18.62470830847968 0.03496590996859102 20.607445804712917 r
2458898.917662 543.9486621637764 18.634562546294 26.257 19.418105217625357 0.03719384927987914 21.333776984221807 g
2458898.9602199 1015.5517618536054 27.7988435094785 26.2544 18.73764484013958 0.029719021257127724 20.89690816734131 r
2458901.8971991 996.096719811585 23.0982282385877 26.2561 18.76034622512277 0.025176015440928477 21.099728318186628 r
2458908.9551042 1014.2158676320971 23.8792101755782 26.2797 18.764373997753854 0.02556226865997889 21.087225094036384 r
2458911.9490856 1059.1512941306491 39.1918596268602 26.242 18.67960499700945 0.04017424350296209 20.511585311804144 r
2458914.904456 924.9934534710752 41.7618516033776 26.094 18.67865335229147 0.04901747370821245 20.29462562460891 r
2458955.7691204 1231.359033645274 31.8612419825539 26.2439 18.517938247857266 0.02809233495291338 20.73831823660697 r
2458955.7941898 721.2883742657871 28.2272970704537 26.2424 19.09712766929229 0.04248838262586321 20.86830175443625 g
2458963.7235995 693.8084336129182 22.3656758139973 26.2018 19.0987010634499 0.03499873027603501 21.080419925169117 g
2458963.7704861 688.7869613458261 21.7254093901769 26.2097 19.114487706546992 0.03424466242628592 21.11985506672418 g
2458966.7083218 152.63284717574942 45.5313845838953 24.0072 18.54807998620047 0.32387146775696923 18.11399784625778 r
2458966.7525694 247.5592866719001 24.1505921235654 25.0277 19.043501943431092 0.10591522629205881 19.82295553106384 g
2458969.7321759 414.5221250105589 33.0244326103168 25.7512 19.20733071035025 0.08649629132367216 20.20668657721533 g
2458969.7948032 112.0430169221718 55.0627873123956 23.3931 18.269638014191607 0.5335599649783968 17.293529509486447 r
2458972.6920023 1171.5863168875392 58.1267828934893 26.2777 18.60576427285963 0.053865641206117906 20.11933427166528 r
2458972.751956 614.8292603679033 54.5019222469986 26.2668 19.29491368037897 0.096242551872301 20.178345439590256 g
2458976.7533912 1129.257509873584 74.8942549411839 26.2825 18.6505175314475 0.07200544772002092 19.848953727389116 r
2458980.6890741 518.5327849914988 17.6668592053892 26.1923 19.40535944876224 0.0369907353873594 21.32697661921434 g
2458986.6891551 574.0597525398368 20.5705406161369 26.2373 19.339907251375553 0.03890437510751985 21.206760725222143 g
2458992.6908681 534.305674753693 20.7413672149491 26.2138 19.39432553309445 0.04214610371797216 21.174281537868097 g
2458992.7323958 1002.4166875496876 23.000953981272 26.2616 18.758979280288106 0.024911931383054916 21.10981036648442 r
2458995.6996065 631.1648900932726 20.9756621233834 26.2393 19.2389429192322 0.036081342173503915 21.187585792226564 g
2458995.7473148 1030.5223002814382 23.9258044061547 26.2638 18.73115651435922 0.025206874064411786 21.069208619037603 r
2458998.6917824 610.703586455897 27.8218288868451 26.2456 19.281023823829592 0.04946124485324128 20.88721080106606 g
2458998.7308333 1038.2487774296144 27.9941524396943 26.2571 18.716346429032775 0.029273572928273005 20.892006681196666 r
2459005.7541435 1140.491890784319 72.1818961100404 26.2853 18.642569495828354 0.06871410944691338 19.8918042738166 r
2459009.6704398 1165.3121453187584 47.5767774057265 26.3282 18.662094317857488 0.044326412830158785 20.387287434330354 r
2459009.7310185 668.6719725202183 39.4885837333594 26.2653 19.20226719983226 0.06411627392983332 20.526696094285338 g
2459014.6984606 662.8079475045821 22.1036712276614 26.3017 19.248230731860282 0.036206499849952514 21.19311395862361 g
2459017.7169213 613.6381738902553 25.521722241003 26.2562 19.28641907785382 0.04515516637661545 20.991500044588975 g
2459017.7343171 1054.5012139495982 25.9419093306136 26.2818 18.724182289902966 0.026709434363527813 20.99937014640952 r
2459020.6968634 578.1050415558368 20.1566666617955 26.226 19.320983107999968 0.03785487311408905 21.21752820470664 g
2459020.7354398 1006.7918337423134 25.4788829134082 26.2155 18.70815078936221 0.027475812031832025 20.952624031569343 r
2459023.7134722 591.1033455895897 25.5595246011906 26.21 19.28084145644513 0.04694606462061845 20.943693059595034 g
2459026.7163079 368.98562059442173 48.9336889203025 25.5183 19.100776395023598 0.14398204996494543 19.54685509724923 g
2459033.6722917 1197.5715026974424 100.55664109149 26.2987 18.6029463674351 0.09116311217085867 19.545248093868203 r
2459033.6974653 533.5615980238067 86.545412767936 26.2365 19.418538588501416 0.17610404307612046 19.64596485520476 g
2459037.7116551 689.1563390627294 102.18528649867 26.1733 19.077505611812093 0.16098316051549463 19.402404071885762 g
2459168.0370833 1198.3491703784414 68.9539610657701 26.2022 18.505741551123215 0.062472038517341816 19.858376940886266 r
2459168.0418287 1189.8472852499654 80.641950024138 26.2172 18.528471939857525 0.07358336336651249 19.703372436617038 r
2459168.0465741 1137.5970854831307 91.683869326138 26.2319 18.591928823181814 0.0875012587476114 19.578742655406792 r
2459168.051331 1317.7578593522815 108.308847698598 26.2478 18.4482109622311 0.0892356020583079 19.41371515069619 r
2459168.0560648 1194.460494254312 179.761394815042 26.2644 18.571470523975464 0.16339338746613935 18.880233916092244 r
2459170.0382176 1155.47243189129 78.1445522320276 26.2291 18.57220102944382 0.0734258455820039 19.749428221628833 r
2459170.0428935 1136.875409340101 74.5065880608152 26.2412 18.601917818053966 0.07115274197423331 19.81328829950535 r
2459170.0475694 1221.5626524906422 77.0325476408986 26.2512 18.533910634184043 0.06846495904504112 19.787089336156697 r
2459170.0522454 1245.663750931698 121.745009474475 26.2722 18.53369793356339 0.10611094421554305 19.311147069620247 r
2459170.0569213 1424.0834763184441 162.993386304121 26.2735 18.389661381660282 0.1242637264269564 18.995650032596348 r
2459172.0523148 1166.7897936243796 59.5618049141838 26.2678 18.600318446201783 0.055422366521100316 20.082955364663377 r
2459172.0569907 1064.3958399767575 94.5490506394954 26.252 18.684242078722022 0.09644147451904896 19.565432057955014 r
2459174.0412963 377.0183635144345 46.0247647407063 25.0682 18.627293740010984 0.13253754170802273 19.16329604603374 r
2459174.0459954 515.6208615257708 47.9731450559088 25.2529 18.47207379956189 0.10101306497389848 19.302979511233023 r
2459174.050706 540.508733021272 55.2913801137759 25.4398 18.607793211851565 0.11106176037892805 19.335731413195518 r
2459174.0554051 640.5192244068847 59.591080851139 25.5958 18.579469577255175 0.1010087348119667 19.41042183255266 r
2459174.0601042 784.658790576034 80.0487393379085 25.865 18.628297888661034 0.11076013847415851 19.359188747300575 r
2459176.039537 125.63234604824723 53.7406732047827 22.9615 17.71374632542806 0.4644205949638605 16.888317232908005 r
2459176.044213 210.33962267199612 46.9119470261144 23.9791 18.17179727374144 0.2421431599013387 18.05346634363122 r
2459176.0489005 179.1694057984259 61.9539909283767 24.4735 18.840340366529375 0.37541815608080525 18.245901769589395 r
2459176.0535648 141.2931763911724 56.0759242063622 24.2842 18.908897028627326 0.43088868454833007 18.164833888987637 r
2459178.0407755 1264.388035379071 52.1088567901746 26.2559 18.501199056111183 0.04474463869798576 20.21619612581535 r
2459178.0454398 1186.5919079550256 47.7991472015765 26.257 18.571246544223747 0.04373494692559337 20.311024618390817 r
2459178.0567593 1177.042420050961 62.5028793281382 26.2839 18.606919712768057 0.05765244729550326 20.046724927899017 r
2459181.0608796 1073.8130096481905 113.846806516977 26.3094 18.732078346750086 0.11510707797810878 19.42117285701935 r
2459185.0052894 1259.5372794698808 83.2578968417435 26.2285 18.477972434590022 0.07176691001883323 19.68001139896495 r
2459185.026713 893.9232912920758 84.3810776481513 26.1752 18.796949367433836 0.10248366598679985 19.612162320295685 g
2459186.0114583 715.336093643233 78.1894319874114 26.1456 19.00932465312142 0.11867186216814997 19.665304843713116 g
2459186.0366088 1279.201811918851 61.6658031790208 26.2919 18.52455233526798 0.05233776397723711 20.06936400808179 r
2459188.0288194 672.3848988151499 100.011519792499 26.2395 19.17045512250623 0.1614886164606849 19.49194992180569 g
2459188.9858681 1028.7045318737096 53.2722859141525 25.7217 18.190973367280865 0.05622384175915724 19.65802165725032 i
2459190.0093287 448.4796699958242 64.4563575935437 25.6817 19.05234309787495 0.15603888452727854 19.411110589062773 g
2459195.0146991 1216.6809931083983 35.5223794367509 26.2447 18.531758191018334 0.03169824101217337 20.6210198668299 r
2459197.0112616 1331.6712344032321 57.886173038386 26.2808 18.469807453507578 0.04719409449130258 20.126937892892368 r
2459200.019375 1230.2349250534821 48.2464467704746 26.2925 18.567529869953766 0.04257818258283238 20.336411653758297 r
2459200.0429398 893.9537441299387 37.8931255006653 26.2744 18.89611238083134 0.04602091173756796 20.58057391858856 g
2459202.0144213 1238.1233765739341 40.6765763575691 26.3098 18.577890191408677 0.0356689484965682 20.53901400830131 r
2459204.9682986 669.2792572293896 31.629125812216 26.1669 19.102881586865266 0.05130854052832728 20.669257017288544 g
2459216.0422222 1178.9911344059865 75.6447320508441 26.3188 18.64002365158169 0.06965912057428651 19.87442826701643 r
2459216.9820139 1030.036724376271 48.0798053109741 25.7455 18.21336822729134 0.05067804223944924 19.793168238123997 i
2459217.0146181 1193.231793642647 67.8310869182155 26.2114 18.519587958465173 0.06171827758820327 19.885403048635048 r
2459217.0433218 602.0269291550514 76.3179780844194 25.8571 18.908060204904153 0.1376324293708032 19.403107849280815 g
2459218.9789005 904.7477754779057 64.0021447066116 26.2928 18.901481190068218 0.07680276248401245 20.029888670659595 g
2459218.9981597 1339.9601177553084 49.7164889090476 26.321 18.503270319193497 0.04028268550184552 20.332323863676248 r
2459222.0011343 858.4584572365831 38.3404709430434 26.2813 18.947001791238588 0.04848953254751432 20.57473138142581 g
2459222.0255093 897.4410494597611 68.2829718753181 25.9292 18.546685173685177 0.08260689948343719 19.595993952599045 r
2459223.0029167 793.2941868160784 47.5848438888552 25.3126 18.064014320426462 0.06512447194083358 19.371503366999857 i
2459223.9820949 1264.904485874805 41.8100947777871 26.3146 18.55945566808527 0.03588667793272123 20.513972109065108 r
2459224.0417708 836.0030087379864 37.2215330158981 26.3118 19.006280398878676 0.048338843249338126 20.63738934883385 g
2459225.9216551 799.0207407188147 57.7930439035865 25.4537 18.197304868164263 0.07852850942226658 19.301586066814835 i
2459225.9823727 429.9081680331133 47.3489779515759 25.7041 19.12066075858449 0.11957620065052216 19.768398466650233 g
2459226.0216782 500.5798811265809 87.4028473074201 25.27 18.52131652291263 0.18956669035140566 18.668761037157502 r
2459228.0035764 1189.2377648592076 36.1849546976021 26.2355 18.54732827000657 0.03303460962647586 20.59175490606068 r
2459229.0258218 1002.3420674514557 20.8171253485234 25.7514 18.24886010571619 0.022548343250081593 20.707923095948573 i
2459230.004919 1252.1815672709001 49.4640438634561 26.3133 18.56913173383105 0.04288764012043313 20.330150942629228 r
2459232.0037731 1008.3823883129241 22.0268291671267 25.7284 18.21933687001701 0.023715733935773812 20.623595030251753 i
2459249.9124653 1339.1351646643245 67.5386648568282 26.2703 18.453238963920164 0.054756779128743806 19.94899381165708 r
2459249.9359144 680.1983455248924 69.4707073326829 26.1869 19.10531107188697 0.11088581359734229 19.83497068723399 g
2459249.9614352 1109.4918864811486 54.6051757404546 25.7475 18.134689673348632 0.05343422518342037 19.656990466235683 i
2459251.9614005 1341.5866567631115 32.1895769892368 26.3286 18.50955317453461 0.026049918997804494 20.811886815265687 r
2459252.8989352 1007.8312882923278 19.0838675654234 25.7448 18.2363304075638 0.020558356598441314 20.795709004001186 i
2459253.8832755 638.6004918831221 25.4859217565674 26.0198 19.006726878200944 0.0433292263360321 20.75662412550846 g
2459253.9846875 1302.6909151426519 26.3842686265812 26.2844 18.497296538944404 0.02198940678475706 20.983612339128978 r
2459255.8492824 1026.5076161967959 30.0245856627188 25.691 18.16259456005892 0.03175591894270405 20.24988243195648 i
2459255.8952199 813.8623215495352 22.8450062412872 26.2658 18.989422642717173 0.030475453426745118 21.121396786555973 g
2459255.9165046 1255.7821523481227 22.9539447718971 26.3074 18.560114233978947 0.019845080448268833 21.15783165821884 r
2459257.8818634 553.0335975927975 35.8194100073008 25.7801 18.923221209686137 0.07031965799944188 20.147378918730567 g
2459262.8752083 1337.4737365544845 29.5445490808443 26.2886 18.47288684323216 0.02398291350356244 20.864981574126833 r
2459264.8777662 1113.35530552957 24.0058856239696 25.7388 18.122215542428734 0.023409588917840368 20.54058065773065 i
2459264.9167361 1008.123684526906 23.6899904230931 26.3316 18.82281545491404 0.025512963336857035 21.147762776272277 g
2459265.0109259 1507.9191484201092 27.9368027890377 26.3435 18.39755485958792 0.020114464903398098 20.980633234046167 r
2459266.8606481 1386.266783235487 66.3113444733547 26.3068 18.452182957251345 0.051933890045817714 20.005405405677635 r
2459267.8490741 1146.1601078219483 47.4805457121326 25.7611 18.112986778158188 0.04497594020928044 19.822385734599003 i
2459268.9164583 1470.9385810923409 36.5032472205454 26.3343 18.415313652051935 0.026943052563020778 20.681046239851867 r
2459268.9379167 1158.4362106773117 42.3302206300765 26.3348 18.675119689133822 0.03967237912150855 20.520748658975695 g
2459270.8877315 1438.7035982168845 65.3937789146867 26.3179 18.422971675544098 0.049348612080813335 20.031633902429288 r
2459270.8989815 1185.9610248812494 75.5216175518203 26.2777 18.592523958199074 0.06913702765588048 19.8350967809592 g
2459271.8325347 1173.0403487467206 72.2057263162806 25.7587 18.08541762329882 0.06682954865562975 19.36484588689282 i
2459272.9062153 933.53403613583 166.162764254338 26.3129 18.887574608222696 0.19324727987173893 19.01414071807676 g
2459272.9409375 1374.0976606243867 101.108417400318 26.3185 18.473455999408387 0.07988763238389075 19.559106707543034 r
2459276.8780208 1486.8900420956122 58.196937432371 26.3259 18.395202867660853 0.04249434267598802 20.16622466203771 r
2459278.9207639 1475.631757055104 48.4019452548613 26.3214 18.398955017244518 0.035611860284218984 20.361817948867333 r
2459280.8415972 907.1851620844117 24.1687329709834 25.4851 18.090860154278168 0.02892462805091063 20.279540280614313 i
2459291.7954745 1023.9607677547159 28.2783303210388 26.2618 18.736091706725766 0.029983358929730274 20.88574058117157 g
2459291.8331134 1040.487397812899 27.3744867927873 25.7128 18.169707938783368 0.028563998346737816 20.37201002434772 i
2459291.8499421 1382.2448642287982 24.814367662006 26.2982 18.44673753755018 0.019490728211655324 21.06401695750376 r
2459293.7953009 1100.5462069945247 34.6720892176385 26.2804 18.67637929663058 0.03420436781695019 20.68302496041881 g
2459295.8529861 1093.2944930364874 29.2457609371199 25.6788 18.081957098616495 0.0290426073227933 20.26621767508317 i
2459296.8568056 1284.6521836442378 58.9326608185727 26.243 18.471036101397907 0.049805846800664785 20.069684864161097 r
2459298.8323148 730.7319573751917 73.8630283973152 25.7905 18.631104747689335 0.10974351008134474 19.372007214582254 g
2459298.8775579 1010.3063576494615 71.9971566136852 25.8943 18.383167285191515 0.07736991096179875 19.503586626254368 r
2459304.769919 1214.7947279020161 98.5658522743533 26.2088 18.497542753870007 0.08809138149543971 19.477058785413572 g
2459304.8176736 1491.1459767898496 98.619418056832 26.2605 18.32669959725103 0.0718045743682359 19.528168900472306 r
2459305.7982755 1526.666189123477 48.6398669040275 26.3099 18.35053978140914 0.034590602630704834 20.34499404445454 r
2459305.8202778 851.6099532295881 76.1551780751926 26.1802 18.854598178419458 0.09708866896480038 19.72852639420735 g
2459305.8579514 1144.0564682151698 37.4005405516392 25.736 18.089881347884983 0.03549279952961003 20.056380291352763 i
2459306.8640278 1131.5159945069363 37.6504476678739 26.26 18.62584825677643 0.036125950699285606 20.57314962822111 g
2459307.7567824 1429.6128390115648 29.5816621519347 26.2939 18.40585390047463 0.022465390434350807 20.86891855730555 r
2459307.7710417 1490.4575382894702 26.7952105588232 26.3051 18.371800980224393 0.01951854337098486 20.98753205387884 r
2459307.8150231 1025.926814624136 22.8185770763306 26.2908 18.763009047228483 0.024148047188773912 21.14765359131698 g
2459307.8164931 1097.0754348752178 25.5622867132782 26.2886 18.688008773306375 0.02529723463160288 21.0221757349142 g
2459308.7751273 1467.2049414584762 26.6866669603398 26.3096 18.39337304748439 0.019747557754296808 20.99643914958842 r
2459308.9156134 1039.6526569260923 40.243124980117 26.2562 18.713979330542763 0.042025536605750285 20.497045745612965 g
2459309.7735648 1422.805934657113 30.8239848021846 26.2982 18.415335829998572 0.023520846718844208 20.828553034471447 r
2459309.7745023 1439.104567893964 28.7300070963314 26.2964 18.401169120771083 0.021674706202993096 20.903135656002465 r
2459309.7954861 1042.0479109782361 27.5730309815437 26.2536 18.708880781777598 0.028728083825396423 20.90496371714843 g
2459309.7964236 1002.9504779785802 29.2483365121873 26.2569 18.75370127580289 0.03166150238572391 20.84422206218469 g
2459310.8378935 315.72312578973634 31.2215154504324 24.2787 18.030434015375267 0.10736368848415982 18.79514004088758 i
2459311.7491088 1015.0014908683852 26.028382491104 26.1903 18.674133299609835 0.027841353066796578 20.90425703882682 g
2459311.7952083 773.6278901063253 38.1055166432871 25.5583 18.33696970466482 0.05347681999149601 19.858405353494327 r
2459313.773125 780.006369310192 26.8187391685545 25.8698 18.639554627424516 0.037329317119614916 20.55127909797081 g
2459313.8003009 899.9770246121519 38.0409073826601 25.7126 18.327021443655923 0.045891186125726804 20.014547820324694 r
2459313.8175347 917.7576742230322 25.9819581497397 25.4715 18.06467993817467 0.030736449016406896 20.18739529191136 i
2459315.7710648 343.95971122721636 31.7670618341026 24.6654 18.324131060841562 0.10027191530726044 19.163032368227192 r
2459315.7918403 247.86677925301407 24.8289599708584 24.847 18.861454190884984 0.10875520278110513 19.612178668362247 g
2459316.7516551 1109.0016543096224 26.9340361788935 25.6775 18.065169515021587 0.02636811493092734 20.354321391290675 i
2459317.773287 1001.2868897063536 19.6182850887899 26.2481 18.746703675519505 0.021272197149356166 21.269022385860332 g
2459319.7726042 1085.8086650485373 59.6802225919207 25.69 18.100616742195992 0.05967424994269307 19.502998903473348 i
2459321.7937384 1441.8476217609798 25.033876777504 26.2642 18.366901586429 0.018850313727425003 21.020454713650807 r
2459323.7502431 1173.4818880242908 25.8883979712283 25.7011 18.02740902270887 0.023951825728375245 20.42091204864464 i
2459323.7764931 1114.4759747921787 41.9729547088166 26.2445 18.62682322336009 0.04088920529297174 20.43965113245435 g
2459323.8334954 1483.2358493413417 31.3523645009246 26.2678 18.339774465781154 0.0229493253913527 20.77969924020001 r
2459325.7766898 1598.1588011987878 32.9334159971343 26.2986 18.28955017291519 0.02237312695163214 20.75708303925819 r
2459325.8261343 1246.4114004342784 39.3325499219263 26.2724 18.53324646833183 0.034261038879583865 20.53809473277681 g
2459334.7125463 1180.61336831125 25.773168575483 26.2478 18.567530758718497 0.02370117929667971 20.972455453235238 g
2459334.773912 1549.7149049004959 41.6875640261562 26.2744 18.298770474923852 0.029205493294332006 20.47695869347106 r
2459336.6856597 1119.4136955253325 34.2393173470195 25.7094 18.08692345999565 0.033208122244934454 20.12566224600595 i
2459336.8144792 1483.1162280419167 22.3989865868486 26.2457 18.317762032713418 0.016396948045972175 21.122704064942372 r
2459339.6929861 1134.299289540502 26.6782034301722 25.6766 18.03978084983668 0.025535170242301144 20.36378353948885 i
2459339.7109028 1040.8086685790392 24.5185698427937 26.2336 18.690172748311685 0.025576085290165515 21.01243715320399 g
2459339.7527315 1461.480582867986 22.2024620013717 26.2592 18.3472173756882 0.016493693640175208 21.145772150519278 r
2459341.7490394 1466.8014859714885 23.0092381079703 26.2765 18.36057164685206 0.017031022979416957 21.124319393268706 r
2459341.7958333 998.9911725323362 22.3248721945632 26.2367 18.737795873372562 0.024262590509379806 21.117302535863736 g
2459342.7031597 1121.4035819020303 27.4083006446355 25.7067 18.082295152612268 0.02653566698922891 20.364569715482343 i
2459343.7350463 1027.2764600726143 22.4453175084606 26.1787 18.649481658955615 0.0237218335726423 21.053460606027947 g
2459345.6736806 1046.6846642375936 22.2371325034686 26.1962 18.64666034739986 0.023066025120948484 21.081078029435567 g
2459345.6945139 1410.0438972513775 26.4724293265537 26.2245 18.351418416876996 0.020383135997301148 20.920090495303462 r
2459348.6910532 1437.7369379332733 25.2939394918495 26.2752 18.381001423365362 0.019100594400653512 21.0202338008988 r
2459348.7312037 1033.9894676688828 22.9183652189539 26.2331 18.69680971247797 0.024064528601355575 21.08521589938889 g
2459348.7729514 1119.8621139553725 33.6902908236224 25.6947 18.07178861929508 0.032662546836247815 20.128513089300707 i
2459350.6911458 977.2134035662209 33.3385480568045 26.1956 18.720626462067504 0.03703966962915265 20.640808284821766 g
2459350.7497338 1460.8472069291847 35.8018669621654 26.2214 18.309888013650955 0.026607907231127166 20.589210803121127 r
2459353.7530324 1127.6902461897207 39.2400832142652 25.6765 18.04602543980995 0.03777895436240235 19.944750189927262 i
2459354.6780787 1042.9654537477215 49.3390077297369 26.2724 18.72672519129036 0.05136062800516549 20.291998961593514 g
2459354.7108681 1407.4692349564293 46.95503893568 26.2891 18.418002723402346 0.03622039083081338 20.362469476646417 r
2459359.7100926 1520.2773025007368 87.5493267456539 26.2762 18.32139297099043 0.06252300411997394 19.67314296239089 r
2459359.7742708 925.2538892966496 121.142830842523 26.1667 18.75104770168987 0.14214992551472377 19.211030694269134 g
2459362.689375 1001.0862124774885 24.6683266954626 26.3036 18.80242129983072 0.0267533424788487 21.075825760710604 g
2459362.7349306 1525.2590657634003 40.7230976570428 26.3058 18.347440962471758 0.028987250834088634 20.533772974716307 r
2459364.821713 1251.2637307456034 44.9288815802914 26.1704 18.427027859387298 0.03898401714453576 20.291660969694608 r
2459366.6825 1051.5191235470836 22.2539753292285 25.6881 18.133557061425485 0.022977367195606238 20.57215598352651 i
2459366.733206 916.6980302039185 23.8223857473218 26.2016 18.796034254646734 0.028214268334485097 21.011711857311823 g
2459368.7126042 1285.316982467999 27.7638993768171 26.242 18.469474385578547 0.023452009087696638 20.885873834801398 r
2459370.6841204 1161.5423013417599 31.244093244374 25.7081 18.045512423323217 0.02920402640199334 20.223755176067222 i
2459370.7176968 958.081118973652 30.7283774646328 26.2238 18.770294296115793 0.0348214767545892 20.75752591659908 g
2459370.767581 1274.4495743531706 27.0161682964762 26.2231 18.45979335853583 0.02301499761916511 20.896615606506717 r
2459372.6927083 545.8124003502137 29.4563907410388 25.5889 18.746291504468093 0.058593031977701035 20.16852615879953 g
2459374.7225579 950.8375862836918 27.1875062830988 26.2506 18.80533414773152 0.031043656663729675 20.917251552496865 g
2459375.6910995 1192.4585105149565 28.8145959443358 25.7283 18.03719180633361 0.026234880745037877 20.33184365410846 i
2459376.7153472 987.369564760697 29.7987187515206 26.2634 18.77720065962381 0.032766321854742396 20.830481011109157 g
2459376.7546065 1368.7148669281262 35.832880721681 26.2577 18.416917538571614 0.028423566909039775 20.624570679375477 r
2459378.7495023 1349.5695909649003 36.6267447777503 26.2698 18.44431179000874 0.029465436292745967 20.612879183617984 r
2459379.7552894 1093.3348707609966 30.6683504344331 25.7018 18.104917000776325 0.030454190163612442 20.237648946374378 i
2459380.7496759 100.18588980630243 51.7292782294636 24.4483 19.44628360063236 0.560582707627912 18.41653394213918 g
2459382.689919 1022.1709307549005 55.1996318438096 25.9021 18.3782911849738 0.058630350844123505 19.7998345361746 r
2459382.7163194 473.1462707802186 58.2961046689852 25.4085 18.721011446397824 0.13376852941215947 19.246976148458124 g
2459386.6939583 1243.6245020416272 89.7788336487582 26.2469 18.51017682505425 0.07837806309898043 19.616540091619463 r
2459390.6913889 913.0995122374794 66.6485693880523 26.2571 18.85580472303024 0.07924695043073121 19.950197909869384 g
2459392.6946065 1273.3009326169292 33.8095510571853 26.2287 18.466372357068394 0.02882824369518415 20.658676479184425 r
2459392.7384259 779.2836121111542 55.960893074752 26.069 18.83976114157364 0.07796486499525172 19.95186339730786 g
2459394.6952431 627.1696220177167 27.5666336067942 25.8701 18.876637463937172 0.047720892492543285 20.521715654169228 g
2459395.6925347 126.64741221359446 43.9316335277305 23.3175 18.061009199303363 0.3766091520339585 17.46313160887682 i
2459396.69125 1218.0972707122482 29.2938567682179 26.1925 18.478295074728216 0.026109852684143592 20.778133604775995 r
2459396.7502083 604.2707864008925 40.6233325715221 25.8297 18.876621003256773 0.07298839057832765 20.060336118491 g
2459401.692338 1087.2381151417408 41.0106698570416 25.6865 18.095688327532216 0.040952652085771854 19.906832831678805 i
2459530.04375 1277.6799513149783 115.3972407266 26.1922 18.426144799687027 0.0980580341171711 19.28928642793256 r
2459530.0461343 1239.3000876444612 133.194420468182 26.2115 18.478558798975097 0.11668617128653964 19.15285990775429 r
2459530.0485301 1052.3923687148622 133.270162290561 26.2162 18.660755774510882 0.13748808856867067 19.156942672697124 r
2459530.0509144 1218.3808967354632 177.368700741843 26.2517 18.537242297545546 0.15805336320635854 18.882082527286286 r
2459530.0532986 1069.9994936267701 207.859567645869 26.2491 18.675641069607423 0.21090956952530834 18.70724994014585 r
2459531.0445833 1309.4632279599982 118.42320455265 26.2156 18.42286673205886 0.09818685277868663 19.284582966685672 r
2459531.0493056 1272.7723600826193 163.190831767471 26.2443 18.482423161330182 0.1392050075933785 18.96513559920362 r
2459532.0456944 1124.6614238981151 47.2345172231872 26.2047 18.577145502467722 0.04559818115879478 20.27162628701721 r
2459532.0481366 1186.1281562789134 46.6092313287224 26.2117 18.526370961750935 0.04266287937413625 20.29309513745212 r
2459532.0505787 1226.5264408306507 70.6110733321429 26.2528 18.53110771264506 0.06250370131832526 19.88319295643334 r
2459532.0530208 1303.6194210153828 81.1799722827578 26.2585 18.47062294535425 0.06760952965762093 19.737452742409157 r
2459532.0554745 1155.6154092671452 94.8287256915749 26.2278 18.570766689492856 0.0890915322327123 19.53802520278704 r
2459533.046956 1293.291721787089 81.5002734928838 26.2303 18.451058755717582 0.06841832004379825 19.70497732386673 r
2459533.0494097 1261.7871598126067 105.14501369065 26.2298 18.477334740928086 0.09047163023983577 19.427903284430613 r
2459533.0518519 1057.7691368444873 118.542901542234 26.2475 18.686522771997623 0.12167307942860237 19.315386106308576 r
2459533.054294 1356.9021256965625 155.103532280604 26.2478 18.41642869294143 0.12410320671478509 19.023820768118743 r
2459533.0567361 1179.0313443511031 212.893428782784 26.2797 18.600886622763174 0.19604092523653727 18.711869347628724 r
2459537.0473611 1199.6514518161953 76.2625491822739 26.2194 18.52176229017418 0.06901858829232738 19.766196693959422 r
2459537.0497222 1062.0428548477794 76.3254580768881 26.1948 18.629444896346342 0.07802561775716153 19.740701440530525 r
2459537.0520833 1282.5395970336888 83.5669816907292 26.2802 18.51002304408274 0.07074141978264512 19.72768819813514 r
2459537.0544444 1192.0554206583645 82.0880662239587 26.2725 18.58175888261655 0.07476415270200266 19.739374926744865 r
2459537.056794 1163.306952179497 98.0208648340061 26.2506 18.58636419114787 0.09148166161209338 19.524878664270872 r
2459551.0663657 1288.1409706068573 56.0855146797785 26.3165 18.541591515952703 0.047271257321431684 20.19694821511723 r
2459623.8779051 1130.024204517892 44.1012597326736 26.311 18.678280635149907 0.04237142664761887 20.452447501480435 r
2459624.9557639 919.9814134343567 33.4006625776108 25.7741 18.364652366756864 0.03941720868592258 20.217287283886577 i
2459625.8412384 541.2031607924732 104.217721461559 26.2563 19.422899189135034 0.20906969579618212 19.464021054549253 g
2459625.9211111 1303.3029416265804 54.5149873392353 26.3545 18.56688656128474 0.04541301938622178 20.26578520026075 r
2459628.8358333 1001.5145234450891 65.4602812100923 25.772 18.27035687102754 0.07096275255732111 19.484630322517912 i
2459628.8767014 646.9643574703637 118.237498937177 26.3098 19.282599112008032 0.19841966734925348 19.38048690273045 g
2459628.9345023 1058.277021603573 136.749303044874 26.2828 18.721301584046056 0.14029286782665834 19.195562185184432 r
2459636.9193287 895.4266515584162 37.5577528195633 25.7661 18.38602495845163 0.045538573332870785 20.081925990721857 i
2459636.9583565 551.8762142345355 30.4081599376065 26.2961 19.441495808863372 0.059821638245545185 20.841199637017468 g
2459639.8405208 563.765964651844 47.5805423571623 26.2684 19.39065286661187 0.09163056671765002 20.327401518835988 g
2459639.8583102 884.8465586579365 43.6826736379474 25.7539 18.386730084571074 0.05359830843513912 19.905701959408184 i
2459641.880706 475.4430940252711 22.3442485299747 26.3052 19.612453641242098 0.0510242990882608 21.18486060596451 g
2459671.8776505 877.006285362477 24.7333124328226 25.7256 18.3680932352609 0.030618888092936367 20.494969280246075 i
2459672.8148264 546.4428479327428 20.667602705971 26.2477 19.403838134722065 0.041063427479674015 21.212049727919243 g
2459674.8361111 890.3738174902103 29.1587667679412 25.7134 18.339469048589002 0.03555548518844653 20.3040521088726 i
2459676.8144444 736.4150723644727 58.9091692978202 26.2222 19.054393328197992 0.08685004898295852 20.04931774262028 g
2459678.7685648 1094.5695734999777 28.816750252554 26.2469 18.648791571017135 0.028583240852527243 20.850362482642442 r
2459678.8147222 690.7919658418673 30.7503243296998 26.2452 19.14683180518919 0.04832949538442888 20.778150737348348 g
2459679.6772338 921.057330725776 41.8683891601828 25.6712 18.260483341329437 0.049352530613259 19.869059358624103 i
2459680.8370949 1181.8729456478982 63.7600801408037 26.2821 18.60067302177112 0.05857170964423936 20.023302853514195 r
2459682.7534491 966.6124225313936 62.2312547853731 25.7477 18.284569069438717 0.06989820505672761 19.51525359448965 i
2459683.7984375 618.2707831520013 101.164776759424 26.2967 19.318753189816483 0.17764804859087757 19.53670167039517 g
2459687.8702315 1172.1535417552566 100.684711992064 26.2623 18.589838739631297 0.09325859447226609 19.50746615889141 r
2459688.7935069 546.3748716793486 115.718410730939 24.7696 17.92587320624981 0.22994373468242563 17.8636688380475 i
2459689.7946065 705.414781696403 78.6652205772378 26.2765 19.15538861024688 0.12107320713540783 19.789618077255188 g
2459693.789838 1039.8491214214237 36.6272152554063 26.192 18.64957417696378 0.038242247633422224 20.535065237214965 r
2459693.837581 656.9127916376804 30.7152045449217 26.1787 19.134930703286262 0.05076396440886216 20.71289145964211 g
2459695.7907523 47.3409166854717 29.0744587568308 23.6372 19.449108342169243 0.6667834525050175 18.230995892276077 g
2459695.8200347 61.651108485177474 34.3444720960898 22.7275 18.252647775989033 0.6048195121047929 17.140432875944636 i
2459697.7537616 584.1324773531512 19.5091141426987 26.2272 19.310921616556445 0.036260687508259316 21.254181114965327 g
2459699.7498843 631.7806420086547 24.1054842569898 26.2297 19.22828421292435 0.041424701102911146 21.02698533795236 g
2459700.7116435 865.2871221580956 29.2903129666795 25.705 18.362099399320112 0.03675137647791516 20.290764958814286 i
2459702.745463 928.308132052688 26.6978271705852 26.2278 18.808569612689997 0.03122436393507668 20.914185195881828 r
2459702.774294 540.3344657520298 21.7140101643973 26.2011 19.369443324218235 0.04363020005150873 21.11182489719365 g
2459707.7476852 1075.9215022613698 42.1159020089991 26.3053 18.72584853259024 0.04249867180371906 20.496759722801677 r
2459707.7520949 1068.7280700290917 49.7445377459291 26.2956 18.72343195940345 0.05053450559157214 20.306311490377173 r
2459709.7217824 1018.887196986972 54.5593669125109 26.2452 18.724884737329063 0.058137058579283044 20.15560168346257 r
2459709.7523032 987.0595368896312 43.9232704904732 26.2447 18.758841627538622 0.04831268326708744 20.390538314523155 r
2459715.7310532 565.2003214591041 52.0956818683262 26.2914 19.410893999543326 0.10007121308499514 20.251970672200873 g
2459719.7102199 979.6198559226194 20.4570046939344 26.295 18.817356051849544 0.02267223337902511 21.270469877123052 r
2459722.715706 470.9693937546091 26.0902193595374 26.2357 19.55321828714259 0.060144356585108874 20.947080662793443 g
2459722.7703125 419.60887319164493 22.1745629639373 26.2167 19.659588341607165 0.057374675675533594 21.10463731634708 g
2459724.6778588 803.6070207462997 27.9644194052501 25.6384 18.37579069418834 0.03778086722050311 20.2744604717223 i
2459724.7123264 440.3877893540709 24.637581064976 26.191 19.58141182807488 0.060739698985473656 20.964579823540003 g
2459724.7526968 926.6921956136669 26.04115007882 26.2438 18.826461236226734 0.030509458021120196 20.957224588012522 r
2459726.6918866 987.143470017272 22.8750556781227 26.3249 18.838949307513584 0.025158904155343574 21.17906958961734 r
2459726.7327431 470.3193041559567 22.1124950590515 26.285 19.604017988408273 0.05104518499128281 21.175980616968886 g
2459727.6916782 496.4627900612524 32.125452845871 25.1395 18.399783240915735 0.0702542161326107 19.624951843480698 i
2459730.6942708 515.0865507008406 24.5990125862027 26.3053 19.52559947432139 0.051849825875868456 21.080580802394397 g
2459730.7342824 996.3047451984316 28.0579338895881 26.3014 18.805419503050143 0.030575483024381924 20.933835770164976 r
2459732.6918056 965.8250987334692 25.9781532647138 26.2855 18.82325378212947 0.029202472617957026 21.001554302403157 r
2459732.7349769 796.3266320362792 30.5000054117138 25.7134 18.46067189914038 0.04158325810455762 20.255225198147315 i
2459734.6831366 344.2737465091163 31.7127546906639 25.9836 19.64134023572267 0.10000918779539318 20.483090068813645 g
2459734.7183796 684.5648071318926 36.8682058847446 25.9297 18.84116357829365 0.0584719090319161 20.26564497897389 r
2459736.6833102 985.6834911124032 31.2534973156064 26.3114 18.827056293099048 0.03442476448221695 20.82672843256896 r
2459736.7487731 512.5693956095145 36.9366130921707 26.2699 19.495518320363338 0.07823736878883088 20.60383231356621 g
2459737.7329745 859.2452775235294 24.9754277866119 25.7384 18.403107115248034 0.03155772007973824 20.49719264994054 i
2459741.6892708 524.1753884135879 69.6524274706996 26.2475 19.44880843580614 0.14426781984901424 19.89273434739069 g
2459741.7904514 772.4664739751204 98.0674577787123 26.1617 18.942000901063857 0.13783360507860334 19.435462696290404 r
2459742.6918171 830.3324825916717 48.0377012616954 25.7329 18.434769930380405 0.06281162468441027 19.78151944660251 i
2459743.6894097 1065.0957645808785 73.8901695399264 26.3336 18.7651283557761 0.07531957194578288 19.914708331554145 r
2459743.7534375 418.71024419759937 93.4898704325973 26.2589 19.704116033740018 0.24241573674220807 19.584563594426374 g
2459747.7804051 363.74556853820644 54.3374653755135 26.1088 19.706805722308058 0.1621853055015253 20.023626548006668 g
2459748.6932755 822.8565243670787 40.2533950920762 25.7293 18.44098970755767 0.053111459601152836 19.969868699290178 i
2459749.691875 1073.9366772888172 43.1850624940594 26.293 18.715553313152597 0.04365808835970232 20.457241108131523 r
2459749.7339815 550.5860935058058 42.3177003013443 26.2186 19.366536905122622 0.08344621805578721 20.404869842866553 g
2459751.6885532 513.5638611852211 33.8275869234729 26.2056 19.429113861491516 0.07151323116477773 20.63499744245811 g
2459751.7527778 966.8655667695017 41.3054281641429 26.205 18.741584765332405 0.04638214959670909 20.417557168322418 r
2459752.7340741 717.8678130777876 33.9130575605164 25.5562 18.416088796553307 0.05128995327927168 19.982857621630217 i
2459753.7349074 484.19913455780767 34.1021645451123 26.1142 19.401639977844475 0.07646589472003303 20.53482012524441 g
2459755.6931019 831.2124426287936 28.8229561181465 25.7368 18.437519910846337 0.03764751566820163 20.340028687801837 i
2459756.695544 981.7711639526351 30.8770442867327 26.3068 18.826774319773918 0.03414564229727468 20.835285687413187 r
2459756.7456597 495.9276766504944 39.4716090947621 26.1601 19.421554134993233 0.08641245087110727 20.421962911280374 g
2459758.7165972 464.39408380982985 28.6324189911966 26.0953 19.42808330407952 0.06693930517743635 20.705729887517634 g
2459760.6929282 804.194384460151 29.9086847886411 25.6559 18.392497409550327 0.04037812213377458 20.218981699944607 i
2459763.732581 963.2572867206245 41.3031901354709 25.7048 18.245444242523483 0.0465533706812089 19.917415997747412 i
2459896.0431019 916.2464737670064 88.8820116681188 26.1852 18.780169209394032 0.10532013255269075 19.56574030056339 r
2459896.0454514 1019.6839567694227 94.3864523425739 26.1872 18.666036034074573 0.10049718898490512 19.502500832204397 r
2459896.0478125 798.6751702234164 110.481850871996 26.2015 18.945574542526487 0.1501863961266906 19.345847636041775 r
2459896.0501736 977.8563726621544 132.881801413897 26.2218 18.746112324025326 0.14753677107232255 19.165711221654632 r
2459896.0525231 986.9157000787595 152.049893767901 26.2304 18.74469985529193 0.16726916964704897 19.02800968652634 r
2459897.0450347 926.343604646231 71.336765816081 26.204 18.787069731128355 0.08360863750562329 19.82329144939272 r
2459897.0474769 1008.0846249316312 79.1282339936684 26.2064 18.697657522409283 0.08522054748404899 19.713146306338825 r
2459897.0499306 994.8209555876297 91.0639985796275 26.2088 18.714437687575874 0.09938289166767827 19.563008198989536 r
2459897.0523727 958.4819481288599 122.082966145111 26.2346 18.78064015532643 0.1382868781227452 19.27053730811121 r
2459897.0548148 754.5526625172781 139.559301922851 26.23 19.035776110256037 0.20080710283647007 19.120678018070514 r
2459898.0459722 913.72015518941 105.011441717412 26.2045 18.80246698787106 0.1247766305964437 19.403983436627527 r
2459898.0484259 855.2609767610808 103.957959171377 26.2093 18.879053357995588 0.13196808850065625 19.41973062627829 r
2459898.0508681 997.1358191547538 107.936629858175 26.2145 18.7176142067984 0.11752340732916085 19.384152854615717 r
2459898.0533102 1081.5831129363332 130.37349170745 26.2274 18.64225025528083 0.1308697392311362 19.192001746396507 r
2459898.0557639 950.2409822165582 166.625903054629 26.2292 18.784615607895862 0.19037880530518164 18.92741869877539 r
2459899.0482986 887.2812581284636 66.8129570826359 26.2136 18.84344672975768 0.08175404004094876 19.904023254984086 r
2459899.0507523 955.3259829433081 62.6205959919121 26.225 18.774621025395255 0.07116647331097822 19.98578199740745 r
2459899.0531944 909.5732047264502 73.5797016964087 26.2361 18.83900585521937 0.08782743567717138 19.82177993215724 r
2459899.0556366 995.8572637017322 81.9416411291075 26.2555 18.760007261443214 0.08933412750656755 19.724313344749252 r
2459900.0526736 705.7129879227241 188.435468556809 26.264 19.14242972437107 0.28989743948786395 18.828668359409654 r
2459901.0472917 1112.1265605753185 109.077582547967 26.2447 18.62931446751469 0.10648566050887645 19.402936228548135 r
2459901.0497106 1183.0680756970894 114.799747071646 26.2554 18.572875661572663 0.10535157524409287 19.35812266111111 r
2459901.0521296 671.5137418370477 142.500470792879 26.2557 19.188062738787735 0.23039403589356772 19.12373424123878 r
2459901.0545486 741.1272150513262 175.870156878451 26.255 19.080268096607732 0.25763758966766687 18.894594611701486 r
2459901.0569676 999.7458087767416 232.5395104187 26.2902 18.7904760196964 0.25253233796548236 18.62653310470799 r
2459902.0460995 994.8123360800366 54.4865788654333 26.2307 18.73634709484856 0.05946456083094007 20.142551139087153 r
2459902.0482986 1070.1186805981076 57.1660103502096 26.2481 18.67452013646307 0.057998368370257125 20.10783028015435 r
2459902.0506597 1016.0891266064457 58.4886171352719 26.2433 18.72597049022938 0.06249559212964604 20.078196605849968 r
2459902.0530093 948.3926708465556 64.8689688866118 26.2757 18.833229527242842 0.07426063242067094 19.998182502327825 r
2459902.0553588 942.6594069754171 64.0164086623971 26.2801 18.84421298552163 0.07373035729603347 20.016946723021917 r
2459907.0396412 1011.3673860552939 63.2442670410588 26.2589 18.746627638338165 0.06789254001386545 20.008922079768652 r
2459907.0421528 1047.6518871011208 58.1272079575535 26.2656 18.715057500980556 0.06023824369193782 20.107226332024837 r
2459907.0446644 1079.2091015956137 60.2310597122884 26.2651 18.682336001659312 0.06059331915654528 20.068123728496055 r
2459907.0471759 1070.3289866413036 67.8664506063414 26.266 18.692206782135926 0.06884108189438198 19.939437148352674 r
2459907.0496875 1137.8392298962592 72.5161112978284 26.2658 18.62559774226311 0.06919320407262673 19.867288722029034 r
2459910.0415046 970.3465141200434 67.5239552006614 26.2733 18.805982874909297 0.07555111199408987 19.952230306496528 r
2459910.0440162 1067.745577241942 60.0525761279777 26.2832 18.712030547021396 0.06106237599275191 20.089445883036287 r
2459910.0465394 912.5919469620858 51.9465038940991 26.2857 18.88500841979093 0.06180015007317011 20.249384179234152 r
2459910.0490509 986.9046184005886 58.6259392615975 26.2911 18.80541204665412 0.0644947658259722 20.123450454847365 r
2459910.0515625 1009.4976286886332 64.0513586016769 26.2921 18.78183674219375 0.06888630350145135 20.02835412402245 r
2459924.0210764 559.9104398194943 70.6348811227315 26.2464 19.376103586961197 0.13696528048248682 19.876426942687434 g
2459932.9853819 450.8794586769252 35.0681248039945 26.2024 19.5672488749542 0.08444266503384473 20.59269363041935 g
2459933.0472222 962.7362910338273 41.7048065814654 26.3137 18.854931642087024 0.04703147572932413 20.515809710747774 r
2459934.971088 981.8599467041392 72.5590408152382 26.255 18.774876139777476 0.08023277747253077 19.85584615668292 r
2459935.0359722 535.6095854321297 38.0940937455242 26.2743 19.452179148310684 0.07721810569567641 20.57473087363004 g
2459936.9610648 839.3503042648509 49.6623448031154 25.708 18.398141869507953 0.06423826557133032 19.720506936966714 i
2459936.9964583 942.1282818655393 34.756697082049 26.2916 18.8563248971759 0.040053299267547304 20.691578741985015 r
2459937.005 481.91024489619923 39.3658161145775 26.2491 19.54168460241157 0.08868760730497156 20.513876840481807 g
2459951.9404745 943.1912271743356 89.5745092534815 26.2946 18.858100618402794 0.10310851277513991 19.666713895406442 r
2459951.9833565 487.66378957046294 90.0016957843473 26.2983 19.57799872704308 0.20037337855068893 19.665248258260355 g
2459966.9181829 384.41530008622084 42.8617054531176 26.2506 19.7885983383387 0.12105385399595807 20.42300137045058 g
2459968.9575926 914.3882140210101 44.922805084059 26.3178 18.914973451005434 0.05333914931524063 20.439207822184805 r
2459969.0254167 396.6986786435026 41.0642578972235 26.3088 19.81264811526781 0.11238621956460045 20.527715042221608 g
2459971.8962153 424.77883792300946 38.3145212800673 26.2259 19.655492818812416 0.09792878561739617 20.520066480050268 g
2459972.9808333 837.9212359111561 26.4794772386935 25.7304 18.42239200717376 0.03430963103207201 20.425701471775522 i
2459979.8537963 338.35678244261874 88.6671200541586 26.1434 19.819962783891278 0.2845100120288724 19.52656848259998 g
2459979.9650694 946.497955545887 59.0939149990501 26.2874 18.847100799459387 0.06778489392242354 20.111118081304998 r
2459987.9740509 811.2399389952226 40.5951210935855 25.7503 18.47742669070529 0.05432933075989166 19.981690386094854 i
2459987.9825231 971.4576348221508 56.9790278997123 26.3165 18.84794033548383 0.06367969983790701 20.17978740012841 r
2459994.9199769 597.753120752317 26.7015895643209 25.5568 18.615495369598964 0.04849814209835864 20.243032199188157 i
2459994.9943634 402.7685418136832 32.5532055041371 26.2997 19.787061143274286 0.08775018787885122 20.77079058952502 g
2460016.8232986 129.37603864247535 41.324080481647 24.8319 19.552265376574617 0.34678410816788124 19.04396699242539 g
2460016.8961574 904.9877458760335 45.7939041375988 26.274 18.882393253463373 0.054938248555026874 20.374555812469055 r
2460020.8468519 952.1740644518857 22.2261377256955 26.3225 18.8757091302971 0.025342968927302652 21.207914986275373 r
2460030.8553125 997.2255635157061 34.0138780342135 26.3135 18.81651649261002 0.037031609229463934 20.736934613911743 r
2460030.9666898 818.4185614281438 36.8236333523366 25.7123 18.429861323867772 0.04884959923302277 20.04955839491182 i
