jd flux fluxerr zpdiff mag mag_error limitingmag filter
2458312.943588 1185.61116313591 25.0405116313303 25.6945 18.009644300601682 0.022930353832219145 20.450466993669256 r
2458315.9832292 998.5816770972716 25.7593010277532 25.3975 17.899041017614334 0.02800659552168751 20.12273980322354 r
2458321.9783449 1574.4233844841522 22.3349374493826 25.9694 17.97659617101626 0.015401855579488682 20.84951313781929 r
2458324.9841204 1607.7828978165999 20.7126968001097 25.956 17.940431488231678 0.013986823063249358 20.91798336950268 r
2458335.9743866 1540.0158188848623 27.1583922994878 25.9623 17.993487045280396 0.01914646989853965 20.63011484576902 r
2458337.9750463 1096.054290318281 17.6898035863304 25.2861 17.68651983405955 0.017522690183623825 20.419367461979828 i
2458338.9770255 1606.1863433475407 21.5280709343928 25.954 17.939510177542275 0.014551877315030127 20.874062199794327 r
2458342.8932292 961.6032746449023 23.1197490855688 25.1688 17.711310165979718 0.026103396529583683 20.011417198022315 i
2458342.9771528 1465.9223662184056 22.0017293304488 25.8869 17.97162257221765 0.01629504950912887 20.783332945155028 r
2458345.9794907 1541.828783816149 19.8259195614198 25.9253 17.955209627276133 0.013960694659336548 20.934791639641244 r
2458346.934537 1436.4535723155557 17.5857678236363 25.8902 17.996971015744663 0.01329167088591964 21.029871651458674 r
2458347.8925231 980.2324775234334 21.0154543477803 25.1807 17.702377280839983 0.02327659948896115 20.12692802976351 i
2458347.9294792 1466.047608062809 17.6543380803753 25.9329 18.017529815739177 0.013074142168677983 21.068346391496483 r
2458348.9246065 1530.855802172988 16.1485433299849 25.9517 17.98936428855465 0.01145272694428696 21.183941606281834 r
2458348.9359722 1592.3932264590362 17.4593759108727 25.9663 17.96117419609105 0.011903871550989747 21.113803199915388 r
2458350.9089583 1527.961684377027 17.6860391188006 25.9616 18.001318840304396 0.01256689409663479 21.09509853597788 r
2458351.8391898 989.7616831394462 18.6996237399217 25.2305 17.741673407841777 0.020512191813726384 20.303492818984445 i
2458351.9962616 1632.5447453432625 17.9465965136285 25.9909 17.958737266496144 0.011935121466302956 21.108519742041278 r
2458351.9994907 1628.1483090860502 15.5487271964838 26.0016 17.972365093696848 0.0103683755484773 21.274937879413212 r
2458353.0002315 1609.7518072978994 17.2419395519614 25.9984 17.981502696612946 0.011628857123625061 21.159509693713296 r
2458353.8847338 1617.0559363350976 30.7736078175012 25.9851 17.963287392377623 0.020661564796072347 20.517228952198934 r
2458353.8856481 2111.7407245585237 31.2930507282128 26.2505 17.9388985117539 0.016088558969626045 20.764455228798127 r
2458353.9203588 1631.0227442992873 26.5607475756628 25.9937 17.96254995691065 0.017680319752552517 20.685674252987013 r
2458353.986169 1661.1064533975796 16.5422261763288 26.0421 17.99110633632831 0.010812007215374743 21.248190102926735 r
2458354.9592477 1633.3228265508828 26.7231959875421 25.9994 17.966719920991622 0.017763404399938818 20.684753997170752 r
2458354.9638542 1628.4924578389591 29.1258014357548 26.0062 17.97673562118883 0.01941788705657368 20.59808027816599 r
2458354.9943519 1662.3900239713118 16.7180559833684 26.0074 17.955567689967744 0.010918492723977215 21.202010551136482 r
2458354.9952662 1724.5505684323477 15.5452537368084 26.0525 17.96081016608703 0.009786597326278963 21.326080451179696 r
2458355.9165856 1657.5628412068386 43.0223658307761 25.9791 17.930424994303415 0.028179554597438636 20.14743926697648 r
2458355.9972569 1548.9866263763258 28.5433929008196 25.9941 18.018980829578805 0.02000634553244422 20.607911000068768 r
2458356.8832407 2196.5295914651665 59.562820384209 26.2642 17.909857353949683 0.029440693329335115 20.07933685408979 r
2458356.9042477 1578.0985117699527 55.3080488534548 25.9901 17.994764724326778 0.038050823945615236 19.88570414470122 r
2458356.9973727 1636.5368731420494 47.1136701476723 26.0039 17.969085512673146 0.03125582595711423 20.073607646586183 r
2458357.8835648 2139.5110908167026 61.669120980321 26.2429 17.917113644686495 0.03129414235603542 20.020305593856992 r
2458357.901794 1716.445230486386 47.7742352979026 26.0238 17.937225124459587 0.030218550724298368 20.078390628626167 r
2458357.9027662 1756.5434015694796 50.1655294653721 26.0089 17.897252787425032 0.03100675752838787 20.01046148838586 r
2458357.9642593 1663.5983845503051 51.1542388362385 25.9939 17.94127877507954 0.03338435383220026 19.974270922049584 r
2458357.966088 1554.8762252902245 41.0183696566912 26.004 18.024760442337147 0.028641279101143398 20.224129002612344 r
2458358.9312384 1461.619129383998 107.10814992964 25.8671 17.95501445414368 0.07956061605982105 19.045118694554475 r
2458362.8989931 1670.073997051777 34.0882801209161 25.9932 17.93636071464705 0.02216048258497088 20.41426226408994 r
2458362.9040972 1659.9533273376878 35.1132659610127 26.0103 17.960060306955064 0.022965990805906653 20.399196924120886 r
2458362.9147685 2227.455332104455 33.4349562605251 26.2842 17.914677490635192 0.016296772145709553 20.726273090674947 r
2458363.89625 1737.0711384692386 42.5466478440292 26.2433 18.14375598869514 0.026592402890862107 20.423711617485033 g
2458363.9669444 1648.4126834820402 31.2889660466278 25.9687 17.92603513129032 0.02060796472705248 20.482796959183837 r
2458364.8803009 1565.5546218541024 25.0419946338173 25.9216 17.934929438361046 0.017366429247761606 20.677502693792412 r
2458364.9462616 1723.4795844330258 26.9995458043619 26.2008 18.109784641708544 0.017008270445767405 20.874983843236418 g
2458365.8861227 1704.6582792914448 22.7478726600223 25.996 17.916906669673097 0.014488162024621071 20.85622301801915 r
2458365.887037 1651.797119155679 23.2491937429297 25.9863 17.941408239152253 0.015281325626479556 20.822855247607713 r
2458366.7938889 1061.0151548026374 25.8673452855035 25.2682 17.703896032234972 0.02646915706090473 19.98889533861098 i
2458366.8775347 1628.3221543987818 21.5921392464706 25.987 17.957649170551 0.014396773707564483 20.90383580841556 r
2458367.8793287 1642.7289256205033 22.9552759758302 25.9795 17.94058523903854 0.015171427700735794 20.829868693250887 r
2458368.9336343 1728.806558078799 22.1425283841094 25.9809 17.886533996657434 0.013905629264469638 20.870406963998732 r
2458368.9359491 1679.7014388134844 20.0435779814575 26.0067 17.943619764433485 0.012955464650813342 21.004336863973595 r
2458369.9359954 1689.4189801905811 21.6467123508434 25.9717 17.90235657734607 0.013911194247775927 20.885795123846147 r
2458370.8184606 1045.396898320567 28.5692450532243 25.294 17.745796981956538 0.029670672836427516 19.906828078573305 i
2458370.9335301 1705.7173711701016 19.3894964596845 26.0027 17.922932319072668 0.012341538324041697 21.036358662391507 r
2458371.9210069 1675.637698433742 17.4388990536883 26.0263 17.965849693650078 0.011299228180582769 21.175077329813142 r
2458371.9228356 1767.1088502403088 18.0150268918453 26.0111 17.89294174507473 0.011068313473624802 21.124587702284742 r
2458372.8939699 1732.0122777472786 22.3378861594699 25.9997 17.903322584291203 0.014002350511556341 20.879669805876283 r
2458373.9463426 1746.3400915773361 22.8850666618775 25.9885 17.883177938929336 0.014227650727733458 20.842194534607632 r
2458374.7971759 1167.6079105890822 35.2987003552466 25.3141 17.645857428280053 0.03282249000553285 19.69727820011925 i
2458374.8931944 1684.4964087650771 20.8411654341848 26.0231 17.956924776422458 0.013432651559336197 20.97836998672229 r
2458374.8941088 1701.3124139356562 21.396503845792 26.0072 17.93023982268513 0.01365427303950475 20.93391794883867 r
2458375.9159838 1757.5818625376692 25.8146359816468 25.9943 17.88201109447531 0.015946312876037233 20.71720997581968 r
2458377.9246759 1744.6176381559685 21.8066568280486 25.9909 17.886649352757367 0.013570588076386158 20.897002266343605 r
2458377.9265625 1705.6652638460903 21.726253392688 26.0065 17.926765487329803 0.01382932150195317 20.916612888173365 r
2458378.8717014 1142.3828518620971 18.4370942875994 25.2961 17.651570811620996 0.01752228093709432 20.38444379746052 i
2458378.9118403 1763.4522740727525 22.56179986559 26.0062 17.89029072386892 0.01389056368250797 20.87534063291691 r
2458379.8994792 1794.7317401820967 23.2787027893375 26.0154 17.880401141342496 0.014082153367287867 20.850578050410483 r
2458380.9359028 1728.2645232612765 23.7052629132709 26.0033 17.909274462222992 0.014891704133561832 20.818763048137935 r
2458380.9368171 1674.1960424395722 23.931496352089 26.0276 17.9680842225404 0.015519344766579705 20.83275035324711 r
2458382.780787 1130.8915739732183 26.7967262094694 25.2559 17.622347579380467 0.025725901859367743 19.938270641775453 i
2458382.8570833 1717.7639159008859 32.0571129018226 25.9704 17.8829913111963 0.020261461517111643 20.458163972285806 r
2458383.8559491 2151.9053574651857 40.2072047123806 26.2033 17.871242083018856 0.0202857258590834 20.44511528639438 r
2458383.8825926 1762.2670761125978 39.9932154196395 25.963 17.847820681222757 0.0246390768854881 20.21060918307292 r
2458383.8923032 1726.2233235540389 41.5922055056557 25.937 17.84425754948773 0.026159221058674787 20.14204511349768 r
2458384.8382407 1881.535610249174 72.7359601754254 26.1603 17.974018894345722 0.04197073471918044 19.758502048512597 g
2458385.0292593 1564.3283345799657 51.3514237075792 25.8756 17.889780220692284 0.03563973079493485 19.851793767098172 r
2458385.8323032 1672.45013870922 71.9229945177036 25.9526 17.894217052818494 0.04669005869923117 19.563005586721292 r
2458386.9025926 1680.6654277581608 91.3668648581658 25.9832 17.919496833802103 0.05902245832998985 19.333803181946706 r
2458386.9071528 1868.4255654946846 81.0146064941081 25.9911 17.81241049733065 0.04707576255378711 19.472266671966242 r
2458390.7814468 1146.1809781673621 32.7124260674801 25.2679 17.61976700824719 0.030986276738120162 19.733693103882047 i
2458390.8818056 2128.508400329949 43.1002224239705 26.2723 17.952111578763223 0.02198436777531677 20.438676210669158 g
2458397.8231134 1121.444544175181 20.1919845321938 25.2487 17.62425549391003 0.019548392045303228 20.238327476963583 i
2458397.9024421 1753.629944555505 22.4549878412476 25.9639 17.85405511806546 0.013902237684143786 20.838192928558964 r
2458422.8118634 1170.7829382237144 50.6639139973908 25.3105 17.639309037873723 0.04698207467083589 19.301328144660626 i
2458422.8175116 1822.2381888635987 37.3008885887797 25.9707 17.819187140103338 0.022224084089738895 20.29397704471819 r
2458425.7714699 1853.6099311757202 26.6786293440071 26.0084 17.83835413092816 0.01562625846551027 20.69556620599859 r
2458425.7810995 2388.2129057495713 26.679281974053 26.2692 17.824017397719135 0.012128607281827786 20.956339646335675 r
2458426.7949074 769.4270518707929 28.7681289604277 24.7966 17.58118137158822 0.04059326681638599 19.401895946928555 i
2458427.831331 1558.3614917277202 41.1596891320243 25.9314 17.94972948018185 0.02867567937725106 20.147794774174265 g
2458428.7533565 1811.3272273232747 24.8155174170771 25.996 17.85100771162062 0.014874290439246034 20.761766651898355 r
2458430.7490162 1139.191604429555 26.4539376225411 25.2886 17.64710806085546 0.02521177294944586 19.98494917625998 i
2458430.796794 2142.4287534042323 19.3772755088202 26.2869 17.959634029133706 0.009819653506095692 21.321243203743578 g
2458431.6945949 1847.8652939496642 53.6845700870196 25.9662 17.799524228118024 0.03154198411232506 19.894151290226873 r
2458431.8499537 2127.7866253615416 79.4712393441679 26.1839 17.86407981321016 0.04055008313688529 19.6859500245636 r
2458432.8265278 2346.9145021781032 40.8789845752939 26.2445 17.818256828526522 0.0189109204925048 20.468324740449457 r
2458434.7464005 1207.274283583555 41.818841358949 25.3058 17.601285125679937 0.037607622957594976 19.50494499916013 i
2458434.8094329 1793.4562306222488 46.291415353124 25.9732 17.838973044586268 0.02802331542345433 20.062023840472815 r
2458436.6989236 2108.291094027551 46.876962611366 26.2923 17.982473564528746 0.024140081249375608 20.36747632953687 g
2458436.8035185 1500.8654912049499 53.9875066222176 25.778 17.83714556960009 0.03905362358134039 19.699841813342438 r
2458437.7985995 1771.5640942222144 31.8783607248126 25.9924 17.871507826272982 0.019536598394496323 20.486235037531117 r
2458438.7985069 435.4636088366746 65.5228586946151 24.2428 17.645420331501786 0.16336191185937826 17.954392896697037 r
2458439.8085648 2211.3667953657855 41.0410226151024 26.1855 17.823848039537555 0.020149637023850777 20.40502955538185 r
2458447.8378704 1437.601609003741 64.7076957267731 25.9579 18.06380362456084 0.04886829898531001 19.68308515252227 r
2458456.6909954 1635.7576879467558 39.3809385261609 26.0076 17.973302574677763 0.0261382754138366 20.27195983409123 r
2458456.7613773 1624.9304826884986 29.4671845456101 25.9797 17.952613035375204 0.019688548280684757 20.55892838169642 r
2458457.7168287 1674.8651946546245 37.7657890603644 26.0109 17.950950356006103 0.024480965580810674 20.32072858148615 r
2458457.7172917 2037.0550004737554 45.4351673385433 26.2746 18.002093112232302 0.02421582194294415 20.38369465939516 r
2458462.7758796 666.0948296766247 44.9394395118213 25.0696 18.010759843464918 0.07324895390896712 19.190605860253978 r
2458466.7464005 1072.1623171172819 55.0381027477767 25.4967 17.921048652065203 0.05573304265526121 19.397616352525404 r
2458472.6203588 1605.067384744223 47.6981744888929 25.9859 17.972166825268854 0.03226400868574338 20.042220594210168 r
2458475.6479745 1819.6345808827 45.0437290740958 26.0399 17.889939545751847 0.026875712942332975 20.15838914505004 r
2458483.6776389 1795.4097346320364 36.7525679602447 26.2518 18.116391061051875 0.02222459991430063 20.59115576584745 g
2458486.6074306 1683.4658042615245 28.7926736917001 25.9901 17.92458925220125 0.01856895800790651 20.5944700006677 r
2458487.6236458 1683.7461050415088 26.2442630476217 26.0024 17.936708489769927 0.016922620521875206 20.707389034001473 r
2458487.6245602 1673.823058688205 25.1022520964175 26.0057 17.946426133922678 0.01628219599414492 20.758993272193347 r
2458490.6606944 1592.027647871346 29.2165553127388 25.9765 17.971623485946726 0.01992453720602966 20.565002462975443 r
2458490.6616088 1596.7048487915386 30.8894630580672 25.9759 17.96783838965961 0.021003687730719745 20.503949091257187 r
2458491.6097338 1598.9787948264564 37.3185292409505 25.9761 17.96649323924436 0.025339127277980822 20.29886369053636 r
2458492.6405556 234.94331286485343 57.9397628011436 23.8898 17.962392279211898 0.2677462903972356 17.734933206863108 r
2458493.6089931 1621.245763873388 28.5875421563653 25.9912 17.96657786416837 0.019144225515206774 20.603332944050504 r
2458493.6099074 1590.599092222022 29.4290376114702 25.9945 17.990598174353384 0.02008746659734252 20.575134839080985 r
2458503.6092824 1563.4040027094347 70.7700401321438 25.9379 17.952721951184564 0.04914598685836207 19.56585138444935 r
2458503.6101968 1578.498034999442 53.305913992145 25.9597 17.964089886012292 0.036664113314079795 19.895336503569425 r
2458505.6133333 1689.7298290743454 59.2908342438116 25.9711 17.90155682296571 0.03809606579163609 19.791206086482944 r
2458511.6128125 1651.9789334819488 40.513274405716 25.9562 17.911188738076135 0.02662580080823197 20.189781625161427 r
2458667.984537 1693.9169327340674 49.6188124117644 25.8862 17.813969726659906 0.031802707437667485 19.899659075272197 r
2458670.9771181 1667.504569238979 24.5826563976397 25.8904 17.83523241842725 0.016005587356859845 20.66640296197606 r
2458676.9873495 1723.8967166183793 31.0961542763297 25.8798 17.788521893764326 0.019584174836203304 20.400608283461164 r
2458680.935081 1741.6015566650938 59.9715560973676 25.8888 17.78642798947247 0.03738577185219681 19.69651169482387 r
2458681.9435648 1645.5674401938602 51.7152771745278 25.9005 17.85971078584901 0.034120313186173805 19.869027847454586 r
2458682.9215278 1601.0578765721934 44.5355288258142 25.8802 17.86918242126106 0.030200172244682886 20.01100845515557 r
2458683.9412731 1726.4530439529517 47.0858039140658 25.8907 17.797813072723677 0.02961045334453612 19.96105001491999 r
2458683.9557407 1778.433055573167 43.9855019412353 25.8833 17.7582061951052 0.02685232334607518 20.027601108426772 r
2458684.9624884 1798.606456874926 45.9309377874939 25.911 17.773659629580226 0.027725475445321317 20.008311707545474 r
2458685.9418634 1698.3184938205948 40.6778195033847 25.8983 17.8232521528125 0.026004491381043698 20.12748082685105 r
2458686.9202662 1417.7371917068017 67.4055220965849 25.7166 17.837610668950237 0.05161899946502697 19.397436296863287 r
2458686.921169 362.5998535011866 138.394207023233 24.3757 17.97713093926398 0.41438127763786425 17.275480210218255 r
2458690.9251157 1640.5630784753632 30.5577247513999 25.8123 17.77481766661282 0.020222643187500635 20.352072452481465 r
2458693.9824306 1802.8536396903767 21.4392199347923 25.9221 17.782198822482535 0.012910954372980345 20.846652540360264 r
2458696.9655556 1787.3241938917745 17.439273098255 25.9438 17.813291664555166 0.010593388075583746 21.092554042255152 r
2458697.943669 1101.2794661440992 16.555051640945 25.1984 17.59365614579688 0.016320852353222906 20.403648639646853 i
2458701.9186227 1039.8840516112953 19.4381388515182 25.1281 17.585637705966175 0.02029455814654796 20.159038288971608 i
2458703.9389815 1709.3333449059908 22.8196595485352 25.8754 17.793333088171522 0.014494132724712774 20.73220208716825 r
2458705.9260185 1209.4706858564396 26.4804145438682 25.224 17.517511633106576 0.02377055219814581 19.91926304019536 i
2458709.8978935 1806.0460606961797 44.0615034923186 25.9176 17.77577794450936 0.026487460858650683 20.060026708367005 r
2458709.9356366 1208.8057586623704 25.4867225771528 25.2426 17.536708699292255 0.022891134083142237 19.979390009958266 i
2458712.9214931 1791.248776485349 51.695065890782 25.9161 17.783210233099677 0.03133307543564487 19.88505225611887 r
2458713.9201157 1163.5607310655098 38.5976709636391 25.2472 17.582727360383814 0.036014872491312744 19.533372240314527 i
2458718.8917014 1119.1535166748458 23.8218790125051 25.2465 17.624275840712585 0.02310980009312792 20.056634952655596 i
2458718.9612037 1867.2017090313307 40.4847791275758 25.9203 17.742321909482655 0.023540212332823825 20.15464555355398 r
2458722.982338 1848.8048048403089 21.1751045587094 25.9077 17.74047234710974 0.012434958498161492 20.84571108047736 r
2458725.8024421 1109.9225617790287 24.7439620203446 25.1809 17.567668301153244 0.024203958447721434 19.949801888173866 i
2458725.9827894 1844.9601890419026 21.8736690878592 25.9586 17.793632501764957 0.012871953915179772 20.86137089496783 r
2458726.9543519 2076.1952813964895 19.7370507315936 26.2002 17.907029500801357 0.010321050322818352 21.2145693456166 g
2458726.9595255 2125.8282242110954 20.5205473278867 26.1915 17.872679578002185 0.01048022506247159 21.163602638714632 g
2458730.9208912 1752.60987213321 23.6342832467062 25.8733 17.764086865834877 0.014640874577362083 20.692018899019192 r
2458733.90375 1667.6362110826446 22.4687809729822 25.9074 17.85214670791293 0.014628103743639471 20.78102621232535 r
2458733.9206481 1120.188855341421 18.4344189362887 25.2259 17.602671881006707 0.017866852132740176 20.31440135680808 i
2458736.93625 1693.3685663149718 22.634804672999 25.937 17.865121265542626 0.014512261490097877 20.80263311139973 r
2458738.9005903 1092.2209885872005 29.7454090124842 25.2148 17.61902370532791 0.02956781722957686 19.783825126553495 i
2458739.8784838 1601.0063000653229 56.9155692684267 25.8969 17.88591739774981 0.03859649618631085 19.761397279127657 r
2458745.8978009 1704.1363928445282 54.7639431532351 25.9038 17.825039122090516 0.034889937995057976 19.810138211723213 r
2458746.9580556 1729.3477579134262 43.4278183829472 26.1442 18.049494162048816 0.02726437305776769 20.302354956857616 g
2458746.9585185 1767.133331647103 39.8083227537787 26.1414 18.02322670346279 0.024457631600153962 20.39404028961843 g
2458747.8796991 1087.5238177341535 26.1324632783068 25.1981 17.607003057089074 0.026088638169204006 19.907724117180457 i
2458748.8347222 1673.75181353716 30.7116570421202 25.8935 17.83427234853646 0.01992149958013451 20.427816865763564 r
2458748.8655208 2093.36932257009 33.2412580512176 26.1222 17.82008536130261 0.017240165639715296 20.570581359745987 r
2458748.8659722 2102.6312948887467 29.9547972361311 26.1401 17.833192189936454 0.015467249744795757 20.701509028661924 r
2458749.9236227 1778.5198945606146 23.5778558446123 26.1501 18.024953181059754 0.014393135645423698 20.97141421894093 g
2458749.9240741 1818.7542456781446 26.3039777267487 26.1436 17.99416494964248 0.01570208217289015 20.846121418871586 g
2458751.8158796 1562.8773081764348 30.6111199199134 25.8465 17.86168778603554 0.021264940455132712 20.384376942352066 r
2458751.8520023 1053.7972416010657 21.7318569099001 25.1505 17.593607356406093 0.022389769222807082 20.060332897096785 i
2458757.8577431 1081.212631013488 21.8225556913306 25.2338 17.64902222350011 0.02191312609053498 20.139110962937146 i
2458758.8724653 1824.667649392256 23.0537601991948 26.1899 18.03694056936026 0.013717274735814158 21.035620560661904 g
2458758.8729167 1831.2588447419773 23.425684299381 26.1993 18.04242566177726 0.013888405517801869 21.027644273813834 g
2458759.8562847 1573.316483214358 29.1796221203602 25.898 17.905959768317025 0.02013600955311339 20.487875830590653 r
2458760.9122338 1714.599954203448 27.8006969418155 26.1733 18.087892980522966 0.017603649525204445 20.815735780462724 g
2458760.9126968 1766.1118165984947 23.9005665150149 26.1607 18.0431545092653 0.014692639968475368 20.967254501284483 g
2458761.8294329 1082.5533831870393 22.813898801502 25.2236 17.637476695977096 0.022880211094875143 20.080676212258638 i
2458761.8937963 2044.733725564437 27.1530195230028 26.1575 17.88090809939513 0.01441754147620681 20.825529659480285 r
2458761.8942477 2014.6662582687331 33.4686371129242 26.1462 17.88569221772391 0.0180361879613387 20.58717991997657 r
2458763.8220602 2133.1365616489384 29.052540152473 26.1639 17.841353351212213 0.014786837097366778 20.758514713955623 r
2458763.8225116 2065.130115900479 31.5457995674277 26.1577 17.870331449804233 0.016584560133356154 20.662921140125043 r
2458763.8610532 1645.825306449462 26.2828977107375 25.9157 17.874740660463306 0.017338013902646193 20.6190918770464 r
2458764.8185069 1874.0716478566956 31.5980105000721 26.1868 18.004834523916774 0.018305575477417152 20.690225641477927 g
2458764.8189583 1918.677870147582 32.1382796248763 26.1902 17.982694833823977 0.018185715659525648 20.675218426434846 g
2458765.8286111 1108.7585734575762 24.9545321130552 25.2195 17.6074075224306 0.02443555897895448 19.97920141055935 i
2458766.8168403 1748.1532618648696 67.3903100272257 26.1756 18.06915123780038 0.04185311505154207 19.856681353320337 g
2458766.8172917 1917.3513435249524 69.4071233814805 26.174 17.967245744704968 0.0393017764374559 19.82306487618885 g
2458767.8818287 1862.4808721810182 83.4593142841817 26.1783 18.0030704469846 0.048651118447314366 19.627187958776066 g
2458767.8822801 1841.3586568859928 79.4624265401476 26.1685 18.005654030184978 0.0468525543201548 19.670670431783137 g
2458772.8588426 1522.7314961287525 119.452755677372 25.7664 17.809841673094514 0.08516922199917315 18.825984556610088 r
2458773.8150347 2049.7074183811173 46.9815258704173 26.1451 17.865870317666825 0.02488542617355537 20.217857194840736 r
2458773.8154861 2221.4911388274995 45.0639140042756 26.2093 17.842688536877034 0.02202389673283372 20.327302715506338 r
2458774.7531829 2055.1049832117783 68.5591108537391 26.1287 17.846614969183896 0.036219379185960576 19.79111204774355 r
2458774.7536343 2086.9880041470524 66.8181280469164 26.1212 17.822400118049966 0.03476035390542932 19.811539228080765 r
2458775.6938194 1489.8416691694324 30.9949940779359 25.8416 17.90874970792855 0.02258714181969092 20.365946094887335 r
2458775.8117014 2112.3192977669582 33.1377619378098 26.163 17.851101083270354 0.017032305756953484 20.614767055059186 r
2458775.8121528 2124.941309729116 33.6311810062464 26.1613 17.84293265134333 0.01718323845054167 20.59701969304924 r
2458776.795706 2150.8775380908237 42.3327756753759 26.1453 17.813760789518817 0.02136834558770443 20.331183126091 r
2458776.7961574 2098.2670068528923 45.7065014242707 26.1408 17.83614812040318 0.02364977785680341 20.243430039758735 r
2458777.8103125 2133.0578823145347 44.841247123013 26.1482 17.825693398614206 0.022823638498093223 20.271580782479788 r
2458777.8107523 2099.33027082085 48.0225430867658 26.1577 17.852498079923567 0.024835575304173248 20.206662101976065 r
2458778.6941898 1921.5019686431397 42.9900002954396 26.123 17.913897915625398 0.024290499870639005 20.292156368905946 r
2458778.6965046 1632.1891132854857 33.5039974663253 25.8689 17.836973808045286 0.022286198182003798 20.30873342126977 r
2458778.7015741 1581.5907412402148 33.5427199124133 25.8741 17.876364715204684 0.023025761380185007 20.31267929972668 r
2458778.704375 1578.6984510043244 36.3343443217469 25.8766 17.880852042888637 0.02498779776785412 20.22838167051713 r
2458778.7066782 1605.4089916473329 35.0376468713628 25.8689 17.854935772340617 0.023695129033259512 20.260137661023347 r
2458778.7860764 1566.8653592016028 44.2840429764721 25.9022 17.914620802172553 0.030684950163206458 20.039156830243357 r
2458778.7897801 1556.6061690713286 38.0460809205024 25.9085 17.92805313176886 0.026536339683166613 20.210300170970292 r
2458778.8364468 1574.8767704723027 35.5624377392204 25.8948 17.901683557063162 0.02451629192669626 20.26989618065825 r
2458778.8378356 1604.049030978385 39.4963161536986 25.8979 17.88485590191594 0.02673306714440976 20.1590835126716 r
2458778.8410995 1662.598104000907 44.8878618021807 25.8894 17.837431797740027 0.029312406552943482 20.01165269261007 r
2458778.8424769 1690.9644528217925 50.4680393314031 25.8852 17.814863804934696 0.03240349033397386 19.88023390704105 r
2458778.8474769 1627.852985633113 50.9116908316584 25.8971 17.868062049002955 0.033955660138703346 19.88263118750821 r
2458778.8483796 1641.986044241674 53.142216711716 25.896 17.857576346017375 0.03513824303577215 19.83497582391092 r
2458778.8516435 1783.1995022000262 53.9856181222887 25.9024 17.774400164414843 0.0328691128070953 19.824279793399988 r
2458778.8558565 1599.956973825573 42.961331371525 25.9053 17.895029240674848 0.029152732375383066 20.07518065994824 r
2458778.8577315 1598.4806108906514 46.2225093399589 25.8966 17.887331568068266 0.03139467444802578 19.98704119196453 r
2458778.8600579 1642.8265195176202 41.3879072538466 25.9037 17.864720737781894 0.02735215822952224 20.11409132114574 r
2458778.8618981 1538.9095671942357 39.9772624144353 25.9013 17.93326725097762 0.02820394045797377 20.149342361816466 r
2458778.8661458 1604.904124377237 49.1217051149708 25.8979 17.884277267178312 0.03323029359402912 19.92229140504612 r
2458778.8675347 1579.4256329199845 51.774584216437 25.8831 17.886852044961863 0.0355899416295173 19.850383439378632 r
2458778.8717477 1604.526082098871 48.2682405395658 25.8953 17.881933047278856 0.03266062754508556 19.93872131834506 r
2458778.9180671 1602.430292027177 53.3946416624502 25.8708 17.85885213454846 0.03617665164054388 19.80463079851704 r
2458778.9227662 1570.5109765446723 50.5144830702542 25.8684 17.87829755975853 0.03492084747477408 19.862435206451856 r
2458778.9255093 1544.2554919163078 62.4898287112834 25.8452 17.87340211370854 0.043933926339902125 19.608251653561457 r
2458778.9278125 1694.4729401380998 49.754249816293 25.8551 17.78251340557719 0.031879050851733766 19.86559953309188 r
2458778.9292245 1734.8215449779882 57.2136329586371 25.866 17.767862982323074 0.035805896856082944 19.724826175339423 r
2458778.9343403 1548.9221055463515 50.162722538108 25.8416 17.8665260553147 0.03516101143150358 19.843222240616555 r
2458778.9353125 1516.6715402393033 63.2286242766873 25.8579 17.905671156317418 0.04526182205961885 19.60819065773078 r
2458778.9383449 1647.331128768612 50.7495758511744 25.8694 17.82744773713522 0.03344732187681458 19.85839394689703 r
2458778.9406134 1546.5726250477585 54.0131067977512 25.8414 17.867974203188663 0.037917411119641156 19.762727093341038 r
2458778.9434028 1614.0228198353107 49.8523478352568 25.8532 17.833425823262733 0.03353403271600646 19.8615609477421 r
2458778.9461574 1543.8877665749533 49.3707068684828 25.8424 17.87086068507974 0.0347187001591605 19.86130162589724 r
2458778.9494097 1557.5267824675657 46.5613254572129 25.8364 17.855311191723555 0.032456347857343346 19.918911652057083 r
2458778.9535764 1512.9149006557432 51.5316931881855 25.8312 17.88166374936541 0.03698024209435934 19.803588958147717 r
2458778.9559028 1538.7675825724614 49.5588538413745 25.8269 17.858967429025537 0.03496697501621987 19.841671854672 r
2458779.6942361 1551.4001473905628 41.3297013637183 25.8325 17.855690429079356 0.028923328933584652 20.044419321138225 r
2458779.6965509 1630.8808395243586 31.5809118793229 25.8848 17.85374442392839 0.021023851158482366 20.3888133245644 r
2458779.7016204 1632.0871648833554 32.5198531434524 25.8844 17.85254162649067 0.021632916009341717 20.3566035499247 r
2458779.7044213 1632.7613695045052 31.2690210470352 25.8918 17.8594932085201 0.02079224605924414 20.40658927714039 r
2458779.7067361 1581.8559338767573 33.7960584340643 25.8862 17.88828268005317 0.02319577899356436 20.316609858299685 r
2458779.7526852 1652.490477083338 33.3964781253291 25.9061 17.86075258643194 0.021941764145392544 20.349423314000962 r
2458779.7563773 1646.2070903958404 26.8619253506826 25.9072 17.865988830222975 0.01771587093955685 20.586932144500036 r
2458779.7591319 1723.7484224746345 28.306987740156 25.9185 17.827315295674573 0.01782910788418118 20.541340847134663 r
2458779.7610301 1620.9384400096642 30.1340950948462 25.9007 17.876283696178803 0.020183731989402057 20.455629603036186 r
2458779.762419 1657.9653273750873 26.5876333846787 25.9072 17.858261389963644 0.017410613532821587 20.59807578495449 r
2458779.7674884 1669.4241374610287 27.5701309881413 25.9196 17.863183278796612 0.017930069742102175 20.57107791545411 r
2458779.768912 1663.1965184104286 24.2930168021262 25.9307 17.87834108197394 0.015857974719232698 20.719571362793346 r
2458779.7721644 1683.5958019180364 26.6022233122005 25.9332 17.867605414612996 0.017154969035413508 20.62348015210581 r
2458779.7735648 1633.8898504725928 28.6900358759043 25.9095 17.876443062508383 0.019064181065485967 20.517747260868283 r
2458779.7784259 1710.7868174398127 28.1884433839553 25.915 17.832010262204776 0.017888957683084884 20.542397254112384 r
2458779.7788773 1647.936448204125 28.5900584972045 25.9113 17.868948851631316 0.018835815267173497 20.523337379272576 r
2458779.7821065 1728.6434455536157 28.5009328473727 25.926 17.83173644046659 0.01790043104145319 20.541427301960052 r
2458779.7859028 1671.7246876737809 28.4570033513384 25.9164 17.858488109809947 0.018481373617530186 20.53350207660751 r
2458779.7895833 1668.2133709300983 25.9300472811172 25.9265 17.870871005511994 0.01687569037851129 20.64456671749211 r
2458779.7943519 1747.6364349823662 28.3765222043399 25.9427 17.83657227408155 0.017628603719035355 20.562877069849645 r
2458779.8366088 1683.2495164706772 30.7624265460138 25.9124 17.84702875403798 0.019841839355483934 20.444923514881708 r
2458779.8379861 1661.4743700369138 32.8832542198681 25.9143 17.863065884439543 0.021487751933072317 20.37443801414642 r
2458779.8412384 1663.4349317558836 29.7800084647302 25.9089 17.856385456678392 0.01943698221849201 20.476662947007647 r
2458779.8426273 1697.630241183684 32.3261573043881 25.904 17.829392242386554 0.020673824095465504 20.382689784287955 r
2458779.8476157 1668.7775954255026 31.0557390810936 25.888 17.832003849008252 0.02020473909331588 20.410220315967486 r
2458779.8485185 1642.5452583862675 28.5156197708173 25.8999 17.86110663783503 0.018848435516226007 20.51476795124028 r
2458779.8517708 1639.8949312471827 27.9942249580454 25.9066 17.869559941224246 0.018533705701398184 20.541503868620094 r
2458779.8559606 1660.2560861587922 31.4379100750481 25.9067 17.85626229762893 0.02055835798647705 20.41564082076082 r
2458779.8578356 1645.3624017009522 31.0287312773548 25.9081 17.867446077530147 0.02047445201920139 20.431264943569545 r
2458779.860162 1691.076524085303 28.9349900245113 25.9165 17.846091848486395 0.01857675759918909 20.51551664672419 r
2458779.8620139 1711.1569138001971 29.127500897509 25.9113 17.828075409120775 0.018480904626212477 20.50311692837871 r
2458779.86625 1685.9100331880963 27.8416757272736 25.9178 17.85071401190047 0.01792960878223118 20.55863656184897 r
2458779.8676389 1603.4473959081745 27.2548895400763 25.906 17.893363208362157 0.01845438375413684 20.569963923565517 r
2458779.8718519 1660.886521693986 29.5342951289148 25.9042 17.853350098109445 0.019306186065474473 20.480958463252286 r
2458779.9187037 1533.9017772780228 31.797464667914 25.8615 17.89700612337943 0.022506335086993616 20.35809375560062 r
2458779.9234028 1632.027030045324 34.3911596647741 25.8845 17.852681631568267 0.022878592915834425 20.295957938124772 r
2458779.9261343 1595.4922672042771 37.0200166374772 25.8601 17.85286324084893 0.02519136751050325 20.191583465167785 r
2458779.9284375 1533.9674568107905 36.9982454205265 25.857 17.89245963466612 0.02618634109525332 20.18912216698243 r
2458779.9298495 1638.5910552329676 43.209067707205 25.8531 17.81692355050952 0.028629525750122394 20.016737749324044 r
2458779.9349769 1545.321779056001 41.452161465239 25.8517 17.879152686523746 0.029123133002307258 20.060407036265588 r
2458779.9359375 1571.4603226181027 40.5326822701546 25.8551 17.86434144973333 0.02800346436198332 20.08816162830174 r
2458779.9391898 1501.1932485498148 37.3555665539708 25.8464 17.905308493614605 0.027016467497988673 20.168086670331633 r
2458779.9414583 1646.3363886750055 41.7783192309029 25.8564 17.815103556437606 0.02755130816582182 20.056597579047985 r
2458779.9442477 1619.7113181292816 41.6814540228954 25.8468 17.823205957648753 0.027939271724620688 20.04951783776516 r
2458779.9470139 1649.9362414793072 41.5445244316256 25.8408 17.797132094781475 0.027337353433109373 20.047090509463374 r
2458779.9502662 1581.5784422294423 45.0342853705816 25.8453 17.847573158307476 0.030914510669428654 19.964016800397758 r
2458779.9544329 1573.5853068249542 47.147211807621 25.8251 17.83287427061363 0.0325293631285973 19.89403495285882 r
2458779.9567477 1557.0515392979105 46.9660051648856 25.8287 17.847942529494553 0.03274842901507848 19.901815935339542 r
2458781.6942593 1650.231337940809 64.4773211894984 25.8904 17.846537924694474 0.042420129836335294 19.619457524828114 r
2458781.6965741 1653.6924529638331 46.960001426271 25.8929 17.846763139014293 0.030830686478084495 19.966154735585036 r
2458781.7016435 1630.6615655260318 40.3592316504553 25.8911 17.860190412353216 0.02687131329348782 20.12881776504112 r
2458781.7044444 1576.9273827651218 41.6751628034989 25.8953 17.90077076349215 0.028692966302873893 20.098181726486743 r
2458781.7067708 1590.667701139812 50.6013679746523 25.9052 17.901251343206635 0.03453763798102746 19.897369344500564 r
2458781.7521759 1570.3800962706182 38.2825338268053 25.8822 17.892188044559703 0.02646706174796044 20.17727330180928 r
2458781.7558796 1599.2556053008125 42.492183592785 25.8749 17.865105296075093 0.028847023311204294 20.056702366076635 r
2458781.7586227 1600.0989312888712 45.610290082128 25.8987 17.88833291213428 0.03094751891514546 20.003617903237128 r
2458781.7605208 1657.7718337256165 35.9313545685557 25.9105 17.86168810872973 0.023531990869581704 20.274391014436652 r
2458781.7619097 1580.972140232035 37.2951297133336 25.9155 17.91818945775977 0.025611660888485672 20.238944684217596 r
2458781.7669907 1588.6263028625515 55.5015582120738 25.8999 17.897345627799226 0.037930910272774246 19.79171204876742 r
2458781.7684144 1633.3039781643063 42.5798085453021 25.9112 17.878532450354133 0.028303915716651726 20.090765728268085 r
2458781.7716551 1675.5011890371868 43.15332898831 25.903 17.84263814906729 0.027962719208531897 20.068039228574953 r
2458781.7730556 1728.7652401650744 48.3572620420468 25.9037 17.809359945709225 0.030369351592259577 19.9451207306532 r
2458781.7781597 1533.8189155471873 57.979221056352 25.8788 17.91436477668603 0.041040073024803427 19.723194048245848 r
2458781.7786111 1604.182841403026 52.0880698959633 25.908 17.894865333136337 0.03525285025277212 19.868729326383676 r
2458781.7818287 1580.9930164347788 47.3187836497726 25.9021 17.90477512107482 0.03249476934718482 19.96709105824007 r
2458781.785625 1636.9843639536662 63.1232800499527 25.9091 17.873988672088764 0.041865363322537784 19.66120109451112 r
2458781.789294 1626.0064042661447 48.8857882042372 25.9126 17.88479437051421 0.032641507508265 19.94221843447719 r
2458781.8369329 1605.9646253084652 54.6177067108459 25.8831 17.868760062964846 0.03692387941893532 19.792341336602973 r
2458781.8383218 1557.0671311820336 57.5091337419351 25.8816 17.900831657286464 0.040099534087666436 19.734832924448845 r
2458781.8415741 1682.467274137842 62.3162540421268 25.9144 17.849533436332884 0.040212821998696455 19.680471641367802 r
2458781.842963 1601.9392406310255 58.1088395398298 25.8977 17.886084900340883 0.0393827465413368 19.73966948299637 r
2458781.847963 1621.3625929605537 61.1719578199652 25.9012 17.876499627418323 0.04096208639170944 19.687394038168808 r
2458781.8488657 1625.133275662788 63.5266551487465 25.9149 17.887677542848955 0.04244014354260592 19.660085016282387 r
2458781.8521065 1659.1785884975118 68.9422953985861 25.9123 17.86256716359386 0.04511307621322838 19.568660641844787 r
2458781.8563079 1748.8075181400116 79.2180663236131 25.9397 17.832844970885713 0.04918040076761663 19.44521439598478 r
2458781.8581713 1643.2120147534397 68.4288479778416 25.904 17.8647659957076 0.04521218174070506 19.568476917741364 r
2458781.8604977 1618.7237651252478 77.208148019941 25.9198 17.896868142967442 0.05178455281328625 19.45321715110007 r
2458781.862338 1492.321407751043 80.8192471143601 25.9397 18.005044077245405 0.05879796144202934 19.4234879882092 r
2458781.8665741 1690.0019706294809 74.1797287456417 25.9006 17.830881972440654 0.04765493348457182 19.47746188690247 r
2458781.8679745 1626.293296669399 80.289855538813 25.9253 17.897302820227623 0.05360084576196207 19.416223297875714 r
2458781.8721875 1624.4853934309 73.8081373896717 25.9107 17.883910473156497 0.04932854126482804 19.493014374961078 r
2458781.9185764 1613.1331332949646 56.3096324822818 25.886 17.866824471066707 0.037898525995271735 19.762118257090414 r
2458781.9232639 1626.9338565224618 44.926097889835 25.8682 17.8397752576874 0.02998048401503681 19.9895282415037 r
2458781.9260069 1617.3199517034811 49.3846743285034 25.8714 17.849410139606377 0.03315172168746377 19.889994503855885 r
2458781.9282986 1605.7965376772565 63.3773459902295 25.8584 17.844173707048377 0.04285025090483899 19.606139867704734 r
2458781.9297222 1606.5533696994016 62.8410304804226 25.8762 17.861462106527725 0.042467625464170246 19.633166743963702 r
2458781.934838 1546.1407813813028 75.4291605087344 25.8496 17.876477411565837 0.05296635374378417 19.408326803538827 r
2458781.9357986 1489.5551684357774 70.0355057887825 25.8392 17.906558518125472 0.05104715169074958 19.478479315597 r
2458781.9390625 1643.4166461834343 54.8742996300557 25.8575 17.818130795917554 0.036251931150088665 19.76165251338044 r
2458781.941331 1509.8540675289435 73.253072487035 25.8389 17.89156256674993 0.05267453491669938 19.4294103761106 r
2458781.9441204 1680.99991819671 66.7771079252598 25.8489 17.784980769237013 0.043129036051488163 19.539905973901178 r
2458781.9468866 1471.6492054796656 68.0863948107469 25.8321 17.91258924924987 0.050230312068108754 19.502024142157723 r
2458781.9501505 1694.2581148133322 86.4237907799764 25.8453 17.77285106396868 0.0553813547236032 19.25629170986647 r
2458781.9543056 1563.316589213454 73.0452893663351 25.8173 17.832182658877883 0.050728861455331065 19.41089445450646 r
2458781.9566319 1511.2948481055646 69.6547985056174 25.8122 17.863826995318384 0.05003935190564908 19.45739738852606 r
2458782.8281944 1631.6134369192541 33.2644048907439 25.896 17.864456816925212 0.02213463285646374 20.34362559364721 r
2458787.7282523 2131.8769078203477 51.8308541192102 26.1643 17.84239468649367 0.02639587591141008 20.13040407509684 r
2458787.7287037 2176.7333768219587 57.2837409459128 26.153 17.808486908640134 0.02857169288954422 20.01049655900072 r
2458788.7717014 1719.4780999212608 36.8605626278909 25.9055 17.817008377961884 0.0232742207341482 20.241670089494125 r
2458791.8395139 1783.9114517758226 27.9724247491711 25.9184 17.789966766378924 0.01702419787705444 20.554149703679613 r
2458794.7973843 1756.536393838373 41.9783225978993 25.8984 17.786757118979004 0.025946439256488825 20.093412287359552 r
2458801.7840741 1705.6212776856285 84.7281559180669 25.7378 17.65809348695185 0.05393305072100552 19.17030560359604 r
2458803.7893866 1731.861236215028 40.835419255569 25.868 17.771717270924206 0.02559963451960226 20.09298244208249 r
2458803.789838 2270.818360293637 39.8351315243379 26.1165 17.726044007556165 0.019045557783133823 20.368409350606193 r
2458803.7902894 2140.111858037792 45.1534665572746 26.0781 17.75200881655811 0.02290680202397502 20.1939472443466 r
2458806.7490046 1822.4082921030322 28.4825436033535 25.8937 17.7420857929649 0.016968479414937055 20.50982806189772 r
2458811.6643287 1700.3503827888267 37.490919673949 25.8351 17.75875394121273 0.02393853167089363 20.152859754042176 r
2458812.7234028 1831.28483975266 27.2511277777894 25.8894 17.73251024968846 0.01615617013044351 20.55351378890942 r
2458812.7238542 2274.0939928568214 30.9261252107764 26.143 17.750978972542605 0.014764778521383633 20.669761214450617 r
2458812.7243056 2322.1892252747302 31.0819940176159 26.1359 17.721155985886018 0.014531856636675784 20.65720280786377 r
2458814.6893171 916.7511003912872 33.3855168402563 25.2675 17.861871400190754 0.039538164304352065 19.71117972935415 r
2458819.6487269 1777.6133580069077 33.3487652607912 25.8811 17.75650673713244 0.020368183148801646 20.325975592205594 r
2458828.7292593 282.3101867879561 213.063683365797 24.1102 17.98338362657763 0.8193938860732408 16.541501412480443 r
2458830.7066204 2240.215588171253 71.2759312364115 26.3153 17.939575462816613 0.03454322831783471 19.935517738720666 g
2458830.7070718 2279.1866600649955 75.9022004425054 26.32 17.925550264148015 0.036156327370781526 19.87193907293293 g
2458831.6037616 2003.560686176354 47.6734648196041 26.0491 17.794593746539185 0.02583354779905495 20.105983197167383 r
2458835.602037 460.42743274974976 102.423701472494 24.7269 18.068997021375644 0.24151778277973857 17.95347382247143 r
2458846.6066204 2079.388874052205 29.3002971366421 26.0571 17.762260710218627 0.015298404737186102 20.6424949276817 r
2458850.6064583 1569.8198077649092 78.8425399300014 25.7586 17.768975488379077 0.05452813448944682 19.269273472344132 r
2458854.6294676 2108.856616025009 89.9495163637912 26.0531 17.742982368794983 0.04630859640910266 19.420677907674243 r
2458859.6489468 1943.919350988469 55.7609858726222 26.039 17.817304392437986 0.031143114209507678 19.925748880091156 r
2458867.5871412 792.3096046794481 58.2424778998635 25.2347 17.987462698395063 0.07980953137815981 19.0741753802594 r
2458871.6062037 1859.155209462485 31.2846345207591 26.0421 17.868810880331772 0.01826944169390153 20.556347274793694 r
2458872.6120718 1810.705661216285 47.7182207725988 26.0282 17.883580351435555 0.028611868512086237 20.084064383802072 r
2458873.6506713 1767.1081221880645 32.4862759367742 26.0175 17.899342192400226 0.0199593614797511 20.490825166999983 r
2458874.6106366 1279.625187950499 44.4222009700495 25.7022 17.93449304979069 0.03769008616533145 19.83577480773356 r
2458876.6185648 1440.9338259065223 33.0851088220341 25.8368 17.940189908658198 0.024928627534636486 20.290293570550936 r
2458877.6206481 1735.917619178017 38.2205568486442 25.9957 17.89687722207124 0.02390439391370543 20.29253246377719 r
2458882.634456 1838.2959014156725 63.2303213751471 26.0 17.83896145271103 0.037343911752254065 19.75026151623776 r
2458885.6439931 1784.864852537933 73.9609381567902 25.8961 17.76708665618909 0.04498905922353052 19.476168960844593 r
2458887.6233333 1809.6821091526556 52.5591228495935 26.0115 17.86749426775228 0.03153230028036382 19.96245471729929 r
2458891.6209722 1788.7330296318953 43.9031775695045 25.9718 17.84043618381024 0.02664773283524607 20.11813510364802 r
2458894.6183102 1781.5091956960862 36.9435744133788 25.9737 17.84672982897458 0.02251441577596426 20.307427707737606 r
2458900.6628935 883.372569794747 86.8327145163966 25.185 17.819640226107396 0.10672085751129512 18.590866544386714 r
2458906.615544 1877.8741941744388 92.7959663247691 25.935 17.750833765273214 0.05365033555035004 19.26875224260439 r
2458906.6203704 1794.8140973801394 95.6547334715247 25.9038 17.768751319891145 0.057862451761230276 19.204608824299786 r
2458906.6251968 1678.8023654302342 96.1838560533052 25.874 17.811501068849466 0.062203160221490125 19.16881952879856 r
2458912.6125579 1444.6866785527732 106.792401903262 25.8855 17.986065829552775 0.08025581772687206 19.066724102954627 r
2458912.6175579 1618.3945532792004 88.2195742493057 25.8571 17.834388979641524 0.059182102144623036 19.24576259534154 r
2458912.6253588 1715.2262845476355 79.1004675467118 25.8133 17.72749644175333 0.05006883254363979 19.320427362831794 r
2458912.6303472 1577.9952698206368 84.0853761718076 25.8062 17.810935757401218 0.05785283052217779 19.246973810608456 r
2458914.6135995 310.8708998926497 134.96267732217 24.488 18.256549824093838 0.4713499360000552 17.41504077670121 r
2458914.6184259 676.2360045155949 131.361873214777 24.5013 17.42605427504447 0.21090208861541682 17.457701657058617 r
2458914.6232523 709.1179992677504 127.553705743227 24.7439 17.61710372739198 0.19529198027468495 17.732242288078137 r
2458914.6280787 546.8025565045247 126.542855082621 24.6584 17.813823659029683 0.25125628278232964 17.65538091700055 r
2459046.9442477 1694.0391143893587 24.7190011427028 26.0312 17.958891415699007 0.015842266753271737 20.801197695182815 r
2459047.9222917 1726.8682997233325 24.3223978217652 26.0099 17.916751957014228 0.01529174362591589 20.797459020159412 r
2459048.9239931 1712.6049766685026 23.9233079417666 26.0058 17.92165699573402 0.01516609830417626 20.81132191274942 r
2459049.9247222 1695.4119592188747 24.1882905607353 26.0102 17.937011894275596 0.01548958465167936 20.8037620468903 r
2459050.9601273 1760.7267920321922 25.2886217091645 26.0465 17.932270068227595 0.015593479189324399 20.791762089426477 r
2459051.923287 1670.9743822572561 34.1327291363363 25.9822 17.92477552058309 0.02217742199809204 20.401847453237327 r
2459053.9704977 1848.243350353996 20.6301042102579 26.0817 17.914802119102 0.01211859041007077 21.048021434759594 r
2459054.9199884 1788.0009946168955 30.1686726224519 26.0222 17.89128060988422 0.018318853269549813 20.57588448347939 r
2459055.9609722 1910.661996347055 23.04839690377 26.0626 17.859640336397938 0.013096845264240953 20.908573178951883 r
2459057.9619444 1931.425240667128 27.3355763140158 26.0583 17.843605243382534 0.01536597667838072 20.719054402850347 r
2459061.9100694 1819.6124341214484 32.7365924539696 25.9901 17.840152760320912 0.01953279597390494 20.45509130967535 r
2459061.9105324 2354.3030236546333 31.5642284907645 26.2472 17.81754409902513 0.014556020413729963 20.751787042804352 r
2459062.9813773 1799.0517396516934 30.0904220240793 26.0247 17.88709086606343 0.01815910597316553 20.58120429203943 r
2459064.9107986 1826.1421731305952 63.7042021178754 25.9819 17.82806353441603 0.03787418814210318 19.724054787583174 r
2459064.9112616 2276.999781892773 66.714842692714 26.2541 17.860692527461673 0.03181041354833583 19.946118823318123 r
2459066.9803356 1910.2135015209547 54.5482670506176 26.0424 17.839695224092054 0.031003368727998637 19.95302259416385 r
2459073.9598958 1899.382291280919 29.1779508702887 26.0447 17.84816903854658 0.01667831768532962 20.634638017436927 r
2459075.9507176 2006.3612211346513 25.7462964357894 26.2245 17.968477186984373 0.013932064548440842 20.950288075928587 g
2459075.9511921 1951.2240788164147 26.0815959525728 26.22 17.99423213327259 0.014512320257386769 20.931739582458363 g
2459076.9199884 1714.9423428785324 24.8188267153715 25.9546 17.868976191371715 0.015712365069749393 20.72022187210772 r
2459076.9923032 2095.9980520623444 28.2968132837602 26.2768 17.97332281326058 0.014657384892104207 20.900031166356754 g
2459076.9932407 1987.8110843905338 26.0400234683198 26.2683 18.022362230059628 0.014222505197581663 20.981771560909852 g
2459079.9248264 1703.410665475195 22.0503690402325 25.9409 17.862601594642236 0.01405420674661676 20.834935333358317 r
2459080.9796181 1715.9131605588093 19.5832997552883 26.0587 17.9724617370872 0.012390830161470641 21.081560310230167 g
2459082.9057986 1630.678339032559 19.3983772055493 26.0133 17.982379244180716 0.012915372472881277 21.04646148909645 g
2459082.907662 1592.5212320307237 23.1240240131569 26.0232 18.01798692198339 0.01576478376936333 20.865616459918243 g
2459084.8935648 1769.1485194162285 20.2813632314624 26.1713 18.051889266714635 0.012446369436334585 21.156132131243908 g
2459084.8940394 1910.219583688323 19.1255801054013 26.1875 17.98479176708644 0.010870290775859942 21.236038447209687 g
2459085.9242477 1879.6827581437435 21.960212501557 26.2073 18.022088605582148 0.012684163117230217 21.10578364336155 g
2459085.9247106 1973.7281288210309 20.6137850218538 26.2055 17.967281673599043 0.011339143457207136 21.17268063280988 g
2459085.9602431 1752.905512424851 19.8625935952343 25.9937 17.88430373306621 0.012302327600370526 21.00118509747309 r
2459086.9199306 1774.2911333472032 21.8338230907034 25.9833 17.860737794360496 0.01336025485561504 20.88805052141426 r
2459086.9581829 1754.2876232327521 21.1242717202671 26.0063 17.89604800156654 0.013073467259850306 20.94692062626792 r
2459086.9586458 2212.0555263370957 25.0349056965159 26.2007 17.83870993926019 0.012287393689305287 20.95691008965286 r
2459087.9548032 1578.5503750906141 20.2851365307561 25.8971 17.901453885593817 0.013951770611170816 20.88173015139894 r
2459088.9179051 1574.5219789022742 23.4298905734662 25.8951 17.902228181567715 0.016155907974906143 20.72324933845828 r
2459089.8951042 1813.0965601714372 24.1888303601564 26.1463 18.000247665115715 0.01448450882259609 20.93983781726424 g
2459089.8955671 1795.1299082961316 26.4010359634001 26.1496 18.01436029332043 0.01596742643136612 20.848122567405753 g
2459089.9389815 1764.4567678213086 26.457149356244 25.9702 17.8536724453097 0.016279530096700634 20.666417366623676 r
2459090.8873843 1926.0630658586153 32.2469068678575 26.2547 18.043023741748883 0.01817721725058138 20.736054830851543 g
2459090.8878472 1940.4226671168187 31.413464543142 26.2389 18.01915915197453 0.01757637603005594 20.74868539736824 g
2459091.8663773 2128.8609217436056 53.0917006790044 26.3309 18.010531775117503 0.02707629175699496 20.270908396014384 g
2459091.8710532 2296.100507457949 55.1518750790112 26.3297 17.927222763595637 0.026078296912000087 20.2283742832292 g
2459092.8662037 1904.5710590422332 60.8675627854793 26.2627 18.06320704822139 0.03469753076549795 20.054310208163685 g
2459092.8870718 1904.5026238790097 63.6951897422705 26.25 18.05054606166171 0.03631072314425771 19.99230839997266 g
2459094.8924421 1846.8589275637114 88.8824105839534 25.9948 17.828715692260943 0.05225067910210984 19.37533542762697 r
2459094.8929051 2019.074472442922 103.535736820313 26.2269 17.96401915512415 0.05567340432461021 19.44174929281702 r
2459094.8933796 2260.4570415740245 103.635311047857 26.2404 17.854909355045386 0.0497761537314195 19.454205601110647 r
2459095.9512847 1892.1980228157386 73.3998528338844 26.0174 17.82498353913267 0.04211515880518838 19.605737016259965 r
2459102.9483565 1379.6744416779025 82.6769946108067 25.6585 17.80905845222702 0.06506057540631655 19.117613286121895 r
2459102.9488194 1197.606179395137 84.1494874909523 25.6709 17.97511492947838 0.07628642882843989 19.11084630099262 r
2459102.949294 1085.2564707345389 66.6887272440989 25.4402 17.851369040108953 0.06671598200185132 19.132643916716155 r
2459104.9256944 1011.0954437219514 29.9078475821974 25.4117 17.89971961664733 0.032114624115466936 19.97481209239 r
2459104.9261574 1353.2600290328296 38.5857711675865 25.6856 17.857146864153165 0.030956779080062793 19.97210702816926 r
2459104.9266319 1407.7153154720804 39.0753357404066 25.6713 17.80001291096126 0.03013684055794508 19.944118193604027 r
2459106.8776389 1182.6520941193398 24.3565932458365 25.5668 17.88465748717477 0.0223598752486006 20.352833630448412 r
2459109.907963 1444.142421883262 27.4933805647947 25.7124 17.813374935911938 0.020669404088463593 20.36690463005961 r
2459109.9179977 1465.665665614127 25.4915456724696 25.7373 17.822212714309607 0.018883004348064388 20.473884565191312 r
2459112.886956 1930.272109662778 22.0883976456841 26.0496 17.83555366090669 0.012423830403946944 20.94176445897411 r
2459112.887419 2411.597931544606 22.4712345123539 26.2915 17.835737743264794 0.010116536836816976 21.165007658893646 r
2459112.8878819 2370.143640693114 24.061299770182 26.2888 17.85186333279115 0.011021843871389672 21.088077279554472 r
2459113.8435532 1746.9971570174055 28.3643232232904 25.9552 17.84946950441826 0.017627473290283992 20.57584392491643 r
2459113.8515278 2328.4604638417954 25.4508564273065 26.214 17.79632782945923 0.0118670663523038 20.952318986584558 r
2459113.8520023 2327.6124202526976 27.3498158030518 26.2117 17.794423335140095 0.012757147521213881 20.87188897473382 r
2459113.9186458 1720.7171681655104 29.1086401149846 25.9298 17.840526270432346 0.018366324900757288 20.522320197338388 r
2459114.9019213 1733.0640739055427 20.3591002070306 25.973 17.875963451222702 0.012754216896875016 20.953678539251182 r
2459115.8384028 1782.4200988120506 26.5381121809189 26.0257 17.898174823287412 0.01616477979238822 20.718599925183508 r
2459115.8388657 2371.922982506663 29.9971292265789 26.2702 17.832448542079934 0.013730582081075316 20.830075754086813 r
2459115.8393403 2361.2652270038634 31.7154489342603 26.2779 17.845038071105733 0.014582632443886015 20.777297831050266 r
2459115.8978472 1897.1188884251158 25.2635008967676 26.043 17.847763629856487 0.014458020048701479 20.78934115698492 r
2459116.8788194 1824.0788770712809 25.3840364743568 26.0402 17.887590964448627 0.015108693350179189 20.7813732813321 r
2459116.8792824 2441.3278449282498 24.249653301596 26.2922 17.823134738590714 0.010784233114875462 21.083011154523536 r
2459116.8797569 2368.4565599157618 26.8568728805624 26.2897 17.853536440747163 0.012311185005421282 20.969636380258457 r
2459116.9037037 1868.6503240517416 26.1142671688108 26.0051 17.826279898696725 0.015172587134281221 20.71548038175415 r
2459117.8843403 1908.375489366605 20.1111252395086 26.0514 17.849740425081027 0.011441484547562214 21.045384062837428 r
2459118.7870486 1817.4027075205947 30.8222959561643 26.0323 17.883672073205204 0.01841296184996928 20.562712523584054 r
2459118.8545949 1905.443009365445 24.3453149153768 26.066 17.86601009044948 0.013871686675334857 20.852536497477264 r
2459119.8779745 1931.5690191063047 28.9209579383052 26.0734 17.858624422420114 0.016255947223747576 20.672943304565173 r
2459120.8184838 2207.245718518158 55.6808237892227 26.3059 17.94627329231515 0.027388282999386313 20.19421085923473 g
2459120.8189583 2059.681643455198 56.7305035011585 26.3102 18.025699753901524 0.029903799864858846 20.17823339395327 g
2459120.9971991 1829.9611058863345 40.7405312988638 25.972 17.81589535173738 0.024171002699946913 20.199508268278908 r
2459121.8330787 2070.354931459238 62.1222444016059 26.2991 18.008987987130006 0.032577081215386494 20.068557144473235 g
2459121.8335417 2236.7085667949564 67.0426408363474 26.3116 17.937576497154545 0.03254254766874822 19.998297206680157 g
2459121.9478472 1861.5756000894235 55.5609459302291 25.964 17.78929830509399 0.032404012490039116 19.854650911579625 r
2459122.8301157 1863.3576817967848 89.7797762220156 26.2673 18.091559429693696 0.052310892318994245 19.636928692712868 g
2459122.8305903 2059.573873504361 86.2103716107684 26.2967 18.012256565010695 0.045445614581696665 19.71037619633931 g
2459122.8569907 15759.09430483241 255.986296855202 28.6038 18.109971863962002 0.017635805530427557 20.835833194624996 g
2459122.8788194 19975.55259532856 249.736811991116 28.7243 17.973052994267416 0.013573554748225724 20.983168580555645 r
2459127.8857176 1564.0767383264404 92.9106708508114 25.7272 17.74155485738776 0.06449371240611891 19.059610999507154 r
2459127.8866551 1696.687955367003 79.565954381171 25.8786 17.804595057911463 0.05091375606126223 19.379356798060307 r
2459128.8329514 1651.944893020451 60.2946680813309 26.0406 17.99561111084465 0.03962718212482803 19.842477717318673 g
2459128.8334259 1730.3091944416965 62.2966989558693 26.091 17.9956907111931 0.03908869367027242 19.857412403139357 g
2459128.8865972 1672.4444219585716 61.2213169808559 25.8513 17.792920764076374 0.03974301505832745 19.63661831961306 r
2459129.7659954 1852.1806157154697 37.9011645489527 26.0214 17.85219166321744 0.022216674767920833 20.32734360346048 r
2459129.7678704 1870.3695500522363 37.3865015552653 26.0109 17.831081441289545 0.02170187422983758 20.33168791936936 r
2459130.7759722 1910.3485550071982 29.6866960942297 26.062 17.859218464464817 0.016871709544849914 20.633170322711678 r
2459131.9230208 1696.1872746850618 35.56830777046 25.882 17.808315498311124 0.022766655735911308 20.256916980920963 r
2459131.9377546 1313.735215101401 37.8623724797238 25.697 17.900730396316973 0.031290306698571115 20.00405543005548 r
2459134.8303704 1830.5721096844115 30.6436692251786 26.0144 17.857932896918964 0.018174554010610425 20.551123074614193 r
2459134.8322454 1857.9847198628333 31.2984603784803 26.019 17.846394654955162 0.0182890300817031 20.53276755308743 r
2459135.888831 1826.0646390908762 27.0945100901745 26.0153 17.86150963340131 0.016109237852361978 20.685671732368316 r
2459136.8302083 1955.4400130506237 22.791184562712 26.072 17.843888755851722 0.012654128438915105 20.930157744037018 r
2459136.8311574 1862.8411050060804 24.1233579636448 26.0478 17.872360468988642 0.014059561854602555 20.844280585840405 r
2459137.8440046 1710.5441456836297 25.3976593323879 25.9196 17.836764282680925 0.01612015615425893 20.660190755274375 r
2459138.8196528 1908.5019826716589 26.1158120812996 26.0332 17.831468461355698 0.014856645386857336 20.74351615181436 r
2459138.8205903 1845.8436407202564 27.8089740818384 26.0037 17.838212725838137 0.016356858454636396 20.64581257083045 r
2459139.8020833 1735.3420095515478 23.7011681452371 25.9378 17.83933729897924 0.014828407376557292 20.75345061078782 r
2459140.7628935 1780.5695286348573 25.5619408767316 25.9962 17.869802657736336 0.015586360860137323 20.729790424124282 r
2459140.7638426 1750.4987595515936 24.6426643234 26.0054 17.89749548162768 0.015283952936229903 20.778755836111163 r
2459141.8458912 1698.6878584100739 25.071192116177 25.955 17.879716043445868 0.016024011207103325 20.709637527103617 r
2459144.7373843 1745.385533637298 20.247018808596 25.9579 17.85317156984545 0.012594460018631456 20.94457227340535 r
2459150.7759838 1972.593461031766 63.3302127903838 26.0775 17.839906027141996 0.0348564533872864 19.826047620996984 r
2459156.7782639 2033.3991606816573 51.29422296504 26.1079 17.837343400102505 0.027387705744146614 20.08530385102391 r
2459158.7144213 1803.3279647805066 38.3507298287088 26.0728 17.932613206291983 0.023089192974444377 20.36594090628546 r
2459164.7809259 1814.3428464301198 36.4739030411294 26.0713 17.924501608179067 0.021825928109271153 20.418919390957214 r
2459166.7905324 1327.1410222958957 28.7321706595587 25.7419 17.93460731614175 0.023505051204820524 20.348553895824903 r
2459168.7882523 1914.0610110258926 35.9473708979353 26.0678 17.862910557816978 0.020390186289291904 20.43120715752768 r
2459170.7664815 1881.6813711613408 38.6033263997878 26.0877 17.901334786572804 0.022273500771484225 20.37371316693462 r
2459173.7115625 1921.504055413989 28.5965357059487 26.0789 17.86979673650538 0.016157789898215626 20.690691428620422 r
2459173.7646412 1332.4721937451434 26.2320192411676 25.3712 17.559554612843623 0.021373881889487998 20.07669568361965 i
2459175.8229051 520.1403176196246 33.0022932336612 24.7072 17.91689870366572 0.06888639190240325 19.163414692183302 r
2459178.5933565 1747.6025706428359 49.1684459447927 26.0453 17.939193312837084 0.030545950583390026 20.068658784494495 r
2459182.7793403 1323.9917703845642 50.3085340201433 25.3938 17.58908678589578 0.04125401426763005 19.39227083350402 i
2459182.7816782 1307.372340278209 40.5501847333318 25.3912 17.60020176880849 0.03367467263045334 19.623792896522975 i
2459182.8596759 1804.5557199814807 86.2697150478612 25.9843 17.843374258786906 0.051903650627326776 19.39722908028717 r
2459183.7801505 160.8403121546952 163.937445425724 23.6267 18.11071273175218 1.1066061866848522 16.342579580762095 i
2459184.6235764 1843.7850984832737 57.5118436885853 26.0582 17.893924248311322 0.03386544817184046 19.9113817635692 r
2459184.7578356 1801.5697357739077 56.6702835761511 26.0473 17.908172305993922 0.03415184306046132 19.91648652455597 r
2459184.8051505 2000.4415851286612 65.6394807024045 26.0373 17.784485314819786 0.03562452646874819 19.74696214782387 r
2459187.7683218 1262.1880797181516 43.8643129160709 25.3903 17.6374898142002 0.03773089391211219 19.537596661597156 i
2459188.7380556 1938.0038685524105 46.6393328464188 26.0724 17.85401340091529 0.02612808183359285 20.15309416561399 r
2459190.6526042 1718.9739950362402 32.9347638375626 25.9174 17.829226733380814 0.020801520675528234 20.37583860508208 r
2459190.7586111 756.0762243193666 36.3109964524249 24.8282 17.631786046522972 0.0521413682646705 19.180679571514755 i
2459193.7171875 1515.194548613615 36.5769711986503 25.7348 17.783629002120623 0.026208923247981776 20.079355638316393 r
2459195.6949421 1944.768670933496 24.8005082667953 26.0907 17.868530125835363 0.0138453031600592 20.85712353556189 r
2459197.7283449 994.2723413365445 45.0147932769336 25.3264 17.83263660404789 0.04915409896152816 19.445586839012886 r
2459199.6433912 1856.4527313527838 55.9955047249189 26.0713 17.899590260551868 0.032747571997453484 19.95349208019462 r
2459200.7745486 1135.216089379674 30.3926744918874 25.2961 17.658403655664483 0.029067000551298714 19.84175269223736 i
2459202.7695139 1933.8154416641842 54.0330268804256 26.0279 17.811862440538818 0.030335706303800055 19.94882674666559 r
2459203.7577431 1270.7295730252897 32.3791395060322 25.3696 17.609467157129643 0.02766444765899813 19.84651173178763 i
2459204.7060185 1951.4631650337265 48.2470543323182 26.0451 17.819199104645755 0.02684233442228082 20.088997981295744 r
2459210.6519676 1371.0333317236223 72.5417455772496 25.7478 17.905179966950953 0.057444681577658634 19.348904984586063 r
2459211.6871875 1310.9409043314724 37.2010747726541 25.3671 17.573142213378162 0.030809326909566108 19.693286271102373 i
2459216.7202431 948.428439574086 71.5593466395884 25.2922 17.849688579361917 0.08191654678922379 18.90810907250563 r
2459216.7211806 850.7698907256812 75.3798292062 25.2053 17.88076972112131 0.09619508337250203 18.76473711640812 r
2459217.6310995 432.2800702672614 49.1120237811895 24.3599 17.770486966523688 0.1233480974181189 18.384505412490384 r
2459217.705463 449.9987424997714 38.3541668437309 24.3523 17.719271749595936 0.09253607845861879 18.64534360632652 i
2459218.6544676 1830.8207929493265 36.3404950951527 26.006 17.84938540964741 0.021550375480086283 20.357597889790718 r
2459218.6554051 1772.7917403798645 38.4581999278989 26.0053 17.883655700924685 0.023552720102798425 20.295402607115435 r
2459219.6821296 1889.2175516650157 33.7926665227485 26.0206 17.82989507072287 0.019420049327518348 20.451118832715892 r
2459220.6247685 1872.9332321234992 30.7633041762435 26.048 17.866694261096313 0.017832840365739868 20.580492540039028 r
2459220.670162 1230.4619518650097 21.6733557612841 25.3568 17.631629527333967 0.019123518865707796 20.269559589520288 i
2459221.6940278 1804.2409014533275 28.6204577794151 25.9989 17.858163690284805 0.01722232933866054 20.609783549293436 r
2459223.6957523 1236.6183490531864 27.0670440345078 25.3705 17.63991078422284 0.02376375033636284 20.041972915452053 i
2459223.7474537 1715.1092182356354 61.886406927777 25.9047 17.818970547118965 0.039175389699442675 19.67828681751993 r
2459224.6230093 1995.2315694663857 37.878826706622 26.0585 17.80851673051314 0.020611663721007676 20.365083693395967 r
2459225.6505208 518.1622444313738 52.794132345633 24.4812 17.69503558698452 0.11061900032981875 18.4273108471966 r
2459226.6431481 1292.9855261660834 39.1458932249897 25.3538 17.574815841591327 0.03287020265446662 19.624659471213217 i
2459228.6103356 1195.8834356365119 42.2251810240253 25.5537 17.859477873876813 0.0383347387142157 19.74234618887106 r
2459229.6499769 1372.2896275317464 36.157242876634 25.367 17.523385548168783 0.028606146839256347 19.7240867228925 i
2459232.6291551 2056.7953890490194 27.815701922382 26.0664 17.78342227492798 0.014682796226557663 20.708249929836622 r
2459232.7439583 1181.0714869422657 26.2699652767002 25.2822 17.601509537412106 0.0241486663730691 19.98612624230588 i
2459250.6501042 1965.9048231362103 63.8350650935111 25.9948 17.760893779570136 0.035253858353865526 19.734726725222803 r
2459252.6512384 1999.6429615599413 39.5665879047245 25.98 17.727618852923264 0.02148255729345196 20.239253489855965 r
2459254.6521296 1917.354302514849 40.6278597409368 25.9381 17.731344069122663 0.023005485873361937 20.16861512797741 r
2459256.6506944 1936.0088521399168 39.9102538852836 25.9469 17.72963165317504 0.022381386632276037 20.19676376287034 r
2459260.6622569 1079.6147530215108 91.1024950119489 25.278 17.694827973515793 0.09161599409201683 18.631749311406825 r
2459264.6622685 1947.0462326329978 67.584205184725 25.9197 17.696259340076384 0.037685890729892466 19.59766196242044 r
2459278.6119792 1756.5212408715606 172.159620427543 25.9313 17.81966648524987 0.10641129497838554 18.59404674799076 r
2459278.614375 1962.7997183452194 154.059103183135 25.9021 17.669910032527078 0.08521601402457073 18.685456575672667 r
2459278.6167824 2042.093376402729 169.71508405032 25.9083 17.633111008304855 0.09023077440171565 18.586573880291347 r
2459278.6191898 2002.38105516274 150.976334118465 25.936 17.682133180769362 0.08186004633323679 18.741302799193 r
2459278.6215856 1868.3286227692479 122.123611372254 25.8946 17.715966831904193 0.07096696119247538 18.93017589282489 r
2459279.6129745 1815.8872433087784 126.399300889718 25.7515 17.60377780573934 0.07557282065923496 18.749713309447863 r
2459279.6154051 1600.5983884731122 130.943566355364 25.7345 17.72379406175395 0.08882017563921024 18.694364576376795 r
2459279.6178241 1783.2857582922584 118.175987334725 25.8573 17.72924764696116 0.07194790226563541 18.92855189059434 r
2459279.6202546 1833.3695580430917 106.023263757708 25.846 17.687874960287 0.06278573621818478 19.03507206625562 r
2459279.6226852 1911.8579253150417 105.948318948207 25.8168 17.61316096077775 0.060165605591803416 19.0066398134733 r
2459280.6135185 1996.284801468236 90.9413086812786 25.9228 17.672243749201435 0.049459365097928996 19.278471990202853 r
2459280.6159375 1837.64086986507 73.2133454246428 25.8895 17.728848397058297 0.04325531197691044 19.48059935905455 r
2459280.6183681 1884.233175861965 67.5611621255477 25.8694 17.681563384532005 0.038928915305905164 19.54773221090705 r
2459280.620787 1795.1867511083497 59.8069569864659 25.8597 17.724425914013494 0.036170283208761825 19.67039572462804 r
2459280.6232176 1889.7419536320904 56.14857548629 25.8495 17.658493737933057 0.032258641603579136 19.728728132915208 r
2459408.9563426 252.49623190707996 25.6137265709852 23.6946 17.688962746577886 0.11013559579911845 18.42599306646838 r
2459410.9336111 1287.908959739773 25.3753484996746 25.6834 17.908687088713933 0.02139127587998402 20.424944950482757 r
2459412.9207986 1398.725851157196 25.443511860828 25.7707 17.906368496109312 0.019749417517697994 20.509332351778294 r
2459417.902338 783.1266023300144 38.2080681408477 24.8376 17.603020057662427 0.052970361953095 19.134787290056686 i
2459419.9610764 436.113076020269 95.6542283596709 24.9566 18.357602229095427 0.23813043323027544 18.25741455762479 r
2459427.9053356 1100.6031002903592 24.7878747132925 25.2708 17.666723170396068 0.024452225847012187 20.037776758147714 i
2459427.9473727 1658.7382386261604 33.1797242873779 25.9806 17.93115535876318 0.021717246169378843 20.43099305701323 r
2459429.975706 1752.8507954916208 22.8565247256479 26.0126 17.903237624843168 0.01415712561414903 20.867649494791582 r
2459435.9441435 1120.576712183795 16.1050611757154 25.283 17.659396018197732 0.015603808939058432 20.51816904205069 i
2459435.9619213 1736.5095080719157 23.0614454514309 25.979 17.87980708603441 0.014418470621804172 20.82435867756695 r
2459439.9661111 1619.1836334429265 22.4951195303921 25.9087 17.885459736565515 0.015083496874418952 20.78105422620708 r
2459442.9275463 1604.7587926680053 22.9314091402208 25.9239 17.9103755902126 0.01551425112439834 20.77539813155245 r
2459443.928044 986.274052295705 16.8535366326732 25.1535 17.668505981251165 0.018552535859077044 20.339347365772355 i
2459444.9700694 1557.172839722484 19.177228275466 25.868 17.88715794967842 0.013370845038874465 20.913610394437278 r
2459449.8726042 1587.075187822592 106.68305595151 25.8817 17.88020624504898 0.07298065947679713 19.064036370099867 r
2459449.8735417 1609.8356051190335 97.3174858352751 25.8525 17.83554617860821 0.0656325366611243 19.134597787782695 r
2459450.8808102 1468.5484878189911 114.752628102643 25.8056 17.88837927395172 0.08483678228157743 18.90876838746229 r
2459450.9676736 1179.489879751298 63.480872388783 25.2795 17.60026445273024 0.058433043246656866 19.025467773071107 i
2459458.882338 1826.2017119624302 28.4602720726837 25.9827 17.82882813607056 0.016919991470223952 20.599677370388342 r
2459459.8802894 1908.4671729778754 21.7196123556066 26.0677 17.86598826457824 0.012355980479186087 20.978144814552472 r
2459459.88875 2016.4706247591203 23.3744504933055 26.0746 17.813120250652116 0.012585177581554552 20.90532146441946 r
2459459.9043403 1245.4899140020857 18.902588052984 25.3528 17.614449462592823 0.016477483774381144 20.41407181468167 i
2459460.8614699 1973.8595194797078 25.8360344856583 26.0313 17.79300939877814 0.014210830286682713 20.75331035025231 r
2459461.8856019 1976.636421878402 25.0881476732724 26.0606 17.82078301626178 0.013780076916212705 20.81450349579504 r
2459461.8951736 1888.0124632219975 21.2963032817596 26.0778 17.887787857866755 0.01224642152708487 21.00961443169775 r
2459462.9130556 1956.5557987980694 23.7677679941295 26.0902 17.861469404976173 0.013188821768885124 20.902803990387138 r
2459462.9510069 1267.495468602558 18.7450171362547 25.3571 17.599733961573197 0.016056440128554995 20.42746038471102 i
2459465.8608912 1891.7070613008582 25.5157187195651 25.9912 17.799065287581953 0.014644136177607694 20.72675547434754 r
2459465.8868287 1254.6253072932777 21.9429044869081 25.3372 17.59091489117778 0.018988467124764628 20.23653970736791 i
2459467.9036458 1885.647849339758 21.7901340040331 26.0157 17.82704852471305 0.012546111670035423 20.92262523650976 r
2459468.9084606 1199.5091020775385 16.8147098713149 25.3288 17.63129113045953 0.0152193347058958 20.51715154366014 i
2459469.8796065 2069.341671556787 23.2651215789006 26.078 17.78841949129004 0.012206269677645754 20.913811673130333 r
2459471.9148264 1183.490737228166 22.3311685246418 25.2668 17.58388784198498 0.020485964870318545 20.14709636659935 i
2459471.9210301 1662.926074933328 22.7114732972436 25.9003 17.848117642077685 0.014827987203102815 20.762261719428622 r
2459474.8330208 1897.7600834208843 33.5546999885676 26.0404 17.84479673086814 0.019196492800037646 20.478591588766292 r
2459476.9215972 2052.1627319331005 50.4571935634507 26.0608 17.78027050902437 0.026694459556935505 20.05606726083458 r
2459477.9412963 1347.4185129377606 32.4428792874069 25.386 17.562243724817932 0.026141272146796377 19.860776512554587 i
2459478.7793981 1833.0829974851974 100.133695453294 25.9978 17.839844677019176 0.05930727266729732 19.24892437870361 r
2459483.8183102 1069.058288240612 33.9448258475184 25.2534 17.68089653779391 0.034473234834840036 19.67904102694294 i
2459485.8998264 620.7877710988546 64.6699966500057 24.6498 17.66744211708648 0.11310180166505014 18.37561789303478 r
2459486.8298727 1116.6761465772063 40.1993763414422 25.2261 17.60628190191892 0.03908426183158042 19.46812670057634 i
2459488.8522569 1839.6060040346435 27.945134567505 26.0616 17.89978795415555 0.016492679700652258 20.698409475993852 r
2459489.7954745 915.722890133825 31.5099723897798 25.0703 17.66588982427269 0.03735887503978893 19.576754932587342 i
2459490.7997569 1490.2948325951386 27.9524877195826 25.8614 17.92821951101209 0.020363766453047438 20.497923825794466 r
2459496.8425231 1167.9896241037857 27.9937860263145 25.3681 17.699502538209916 0.026021509833266288 20.00302089241012 i
2459498.8210301 1800.2526752853544 24.1963177103896 26.08 17.94166633754618 0.014592363893588436 20.87320179319012 r
2459502.8104745 1216.8019424917436 31.9890403715206 25.3627 17.64965026412669 0.028542443859219575 19.85277195909695 i
2459502.8726389 1826.038052819448 34.6902009428612 26.0357 17.881925441104364 0.020625611336801866 20.43775795041362 r
2459504.8177894 1834.181807661254 52.5575171333987 26.0265 17.86789404605065 0.031110163732618056 19.977487887769875 r
2459505.8141435 1167.520184025303 44.9700813379476 25.3703 17.70213900659405 0.041818563804419485 19.49056580645369 i
2459509.8092593 1210.8166954415274 37.910786940497 25.4124 17.704703998426137 0.03399337119834525 19.718067990480556 i
2459512.7554398 1212.4199068770117 28.2851835067159 25.3759 17.66676735377353 0.02532886795989948 19.999577487479527 i
2459517.791412 1921.656543104598 24.1751500914942 26.1121 17.902910577521226 0.013658507576973707 20.90625204145484 r
2459517.8182986 1275.4938164518942 20.1820189930464 25.382 17.617804106232754 0.017178929241462835 20.372163462792447 i
2459521.7574769 1978.4453791319543 25.3340010067353 26.1395 17.898689838057734 0.013902392850026738 20.88281553048215 r
2459522.775787 1314.5513678027241 22.8662738620943 25.4384 17.641456096512165 0.018885464760173165 20.292986487675122 i
2459523.7131829 1833.4600528076871 25.1292669577158 26.0928 17.934621369881825 0.014880523354851497 20.844925439073492 r
2459525.6746412 1228.2272425080876 25.9670704877739 25.3902 17.667003185110318 0.022953772276705125 20.106717597061888 i
2459527.7612269 1749.091975095193 26.8430541313187 25.9969 17.88986838192642 0.016662076257474453 20.677395171211238 r
2459529.774537 1218.6654094497917 34.0230845277101 25.3936 17.678888789226658 0.030310914370181536 19.816740778825846 i
2459532.8222106 1296.3482883891727 32.6670796786062 25.3937 17.611895753485474 0.027358888598629 19.860999209610085 i
2459532.8417708 1892.4393201428345 43.8218648032806 26.0677 17.87514509244901 0.025140778946260097 20.21604785250726 r
2459537.8499074 1630.615498833305 32.8895586913953 25.8702 17.8393210851695 0.021898598349394366 20.330129873648637 r
2459540.7215278 1968.7120005502743 48.4915928279687 26.0769 17.841444528496726 0.026742013214025303 20.11530886455705 r
2459540.7836111 1158.3178441084297 59.1944435107627 25.3851 17.725530633037526 0.05548339572468766 19.206972633918127 i
2459550.658831 1951.124856279049 26.4862472780632 26.0938 17.86808734591655 0.014738225786653876 20.788823915791596 r
2459622.6842824 1670.1298096272596 115.858576438174 25.8883 17.831424430792893 0.07531609561953682 18.981054519181406 r
2459624.6648611 1597.8798209979584 68.6375891152374 25.9045 17.895639719376312 0.046636692899639835 19.565669937705806 r
2459628.6345602 1737.6180232847582 63.094168442244 26.0058 17.90591421846977 0.03942255303513183 19.758401936944654 r
2459636.6215509 1651.6202929253736 54.7142531457582 25.9012 17.856424474321127 0.03596665946452726 19.808523800555708 r
2459636.6245833 1715.3535712570801 55.6421031731316 25.9025 17.816615872406633 0.035217597367286586 19.79156614617522 r
2459636.6276157 1604.9585844199744 53.9697998345359 25.8941 17.88044042495453 0.03650873751457682 19.816297970813565 r
2459636.6306481 1725.1393911362754 61.5348097421054 25.8802 17.788139520526677 0.03872634482770696 19.659972833781076 r
2459636.633669 1668.5125531285178 61.185876596045 25.8686 17.81277630390754 0.03981360889120581 19.65454702302257 r
2459773.9290394 1564.2073152786081 56.2962361018792 25.872 17.886264218480214 0.03907463092571188 19.748376590611876 r
2459774.9286111 1557.4685791208085 61.1735496462945 25.9118 17.930751765447418 0.0426436357955124 19.697965785337733 r
2459774.9644329 1761.316206861529 47.7339943376841 25.9447 17.83010667174095 0.029423903243796123 20.00020554601445 r
2459776.9106829 1496.2933219653055 54.5623447953424 25.8878 17.9502581558446 0.03959005689238571 19.79814242494923 r
2459776.9478935 1789.5118462691985 50.0053292618702 25.9451 17.813263555769023 0.030338321644977507 19.95013426103553 r
2459782.9227894 1084.8480960814898 42.1756867852776 25.4629 17.874477672170222 0.04220880629110337 19.65281958082757 r
2459785.9638773 1641.1746502888805 20.1346515860696 25.9561 17.918212999499044 0.013319844553501924 20.948814691929407 r
2459787.9376736 1668.911788137926 23.4561097081541 25.9561 17.90001654436745 0.015259223699628075 20.783035028575398 r
2459794.9226042 927.0441027574614 19.5103382475389 25.1288 17.711049011109647 0.02284937056645604 20.15571299227972 i
2459795.9607639 1479.987809044864 24.5829644402976 25.8364 17.910754654901712 0.01803374617663627 20.612389356816173 r
2459798.9476736 1725.3142203840036 23.6272873464532 26.017 17.924829495315247 0.014868100876334769 20.836040331512855 r
2459801.9429282 1771.165534565466 30.4200349146863 26.0421 17.921452118497488 0.018647061080588216 20.586775718709806 r
2459803.9034606 1729.7654114169477 60.9023327530875 25.9977 17.902731978356158 0.03822579769118122 19.788690169630687 r
2459805.8878935 1113.39034204142 41.2943612586987 25.2946 17.677981375608244 0.040267358468698944 19.507448107078346 i
2459809.9451736 1167.1870795876175 24.9874144721378 25.3177 17.649848821495514 0.02324291997987588 20.07597168763688 i
2459809.9750347 1778.9654073102542 39.1769914953581 26.0213 17.89588124215716 0.023909660913992256 20.29129728336252 r
2459812.9061574 1670.0270683356714 21.1674214807831 26.031 17.974191224026928 0.013761135934514683 20.969405095513324 r
2459814.9127083 1676.7819101201917 21.9550288363066 25.9998 17.938608550089796 0.014215667919431138 20.898539959523795 r
2459815.9033449 1161.4880726824288 18.9130350387622 25.3286 17.666063114023984 0.01767894361081265 20.38927192130157 i
2459816.9635185 1749.7136825438727 18.7667881010524 26.045 17.937582530090708 0.011644820546690617 21.114100113327236 r
2459821.9696875 1760.4503279975354 19.8983571402408 26.0824 17.968340560652212 0.012271659133792773 21.087931935620702 r
2459823.8934259 1196.9775061478667 24.7895652125477 25.3515 17.65628502717455 0.022484993087195287 20.118402714943834 i
2459826.9363079 1714.7923582220717 21.1891189515936 26.0234 17.937871151353157 0.013415633872778165 20.960692741603836 r
2459827.8812384 1140.4715520284035 26.5782273712515 25.3133 17.670588858281295 0.025301798546088678 20.004559958154424 i
2459828.9513657 1651.1106016825152 21.87762605435 26.013 17.968559585026586 0.014385794981271079 20.915574502071216 r
2459842.8515162 1246.128168485995 22.1028228586444 25.395 17.65609321681739 0.019257276566330923 20.28645563145815 i
2459843.9168171 1893.8608739416734 25.9359246494918 26.0813 17.887929820325926 0.01486837485234434 20.799120649736206 r
2459845.8417593 1261.5061390965611 19.912732110283 25.4001 17.64787657913777 0.017137652035222814 20.40484786131431 i
2459846.9263657 1836.8330779136609 28.6301570252358 26.034 17.87382577095951 0.016922474805170937 20.64451566425035 r
2459848.8475116 1812.782168292447 22.0891653386497 26.0717 17.925835948658502 0.013229502820386884 20.963826724341835 r
2459850.8375463 1854.2750306427895 20.1370845910423 26.0884 17.917964624464858 0.011790501613407271 21.08098350306897 r
2459852.8190394 1855.6286617217493 22.2291290521241 26.0785 17.90727232015865 0.013005924035199045 20.963768871241356 r
2459854.8409375 1799.5729272650394 20.806112007756 26.0601 17.92217637243455 0.012552531472648553 21.01719765880552 r
2459856.8398843 1775.9026355972587 22.6555703143865 26.069 17.945452120579866 0.01385050745310544 20.933637491016558 r
2459857.8585185 1145.4388871815763 25.1817349661993 25.3415 17.69407019213108 0.023868414071460318 20.09136086731481 i
2459858.8210648 1757.3746692610987 38.4686062745622 26.0655 17.953339094488953 0.02376577207059252 20.355308859124108 r
2459860.8779977 1339.4363947240595 45.5705400347107 25.3179 17.50059476183264 0.03693787589359782 19.423764551086254 i
2459860.9086111 1734.2670226099817 68.2154089341233 26.0304 17.932610085030134 0.04270476720956097 19.698268771756762 r
2459864.8483102 1735.8225366577394 62.9333772354208 26.0103 17.911536693419954 0.039362761009000935 19.765672393648224 r
2459865.8450694 2439.166794181251 44.7723486897986 26.3528 17.88469625227454 0.019928665431357233 20.47785029562571 r
2459866.8587731 1811.2977334219136 39.5315045862197 26.0697 17.92472539084322 0.023695361473331747 20.32991662892499 r
2459866.8893287 2352.5986213867627 43.2167471500605 26.3091 17.880230404527197 0.01994408308934695 20.472544801206023 r
2459867.8880324 2164.041790602956 55.8146932856096 26.2079 17.86973589166204 0.028002237647777692 20.093603632817057 r
2459870.7750926 1184.3193866052866 27.0022082581866 25.3617 17.67802790379782 0.024753709039539527 20.035776782917228 i
2459870.8852315 1786.9632184809152 27.8985968892268 26.0611 17.930810966490746 0.016950268662150995 20.69971908479222 r
2459872.8670139 1744.7295251595335 28.5016378184819 26.0513 17.946979723818217 0.01773583110350376 20.666700446586773 r
2459873.8572454 1876.7764133507285 28.4787168563781 26.2938 18.11026865812677 0.016474707733441424 20.910073944826237 g
2459874.8158681 1788.656336103439 20.195749576793 26.081 17.949682736719083 0.012258657447461801 21.070425046927042 r
2459874.8527199 2282.6870481078363 25.7473499248945 26.3206 17.92448406336395 0.012246049162380578 21.046343650592892 r
2459877.816412 1238.7872318648763 23.1070540608407 25.3932 17.66070819887419 0.020251523383953647 20.23641353812701 i
2459877.8587847 1763.1886968529216 30.4709690527634 26.0128 17.89705301729953 0.018762785378350702 20.555659323936737 r
2459879.8606019 1741.2305309237133 31.4671656685531 26.0381 17.935959316204112 0.019620550616134866 20.546030922625423 r
2459880.8013194 1133.4994600311059 24.6327298496774 25.3975 17.76144670605929 0.023593972243322325 20.17129362937991 i
2459881.7874074 1767.03274699962 22.4678328381277 26.086 17.967888504969007 0.013804682541268428 20.959672029054797 r
2459882.7883565 1567.3869370138582 46.5264213511388 25.8856 17.897659442673653 0.032227993272145525 19.968925865629434 r
2459883.7759144 1191.216529064729 27.6385265293509 25.3863 17.696323222592774 0.025190339053199732 20.03508777384717 i
2459883.8115046 1713.532959547538 32.1843311415487 26.0431 17.958368843912602 0.020392095830830168 20.526563769157026 r
2459887.8298958 1158.8814966667082 35.7859348003575 25.3657 17.705602428156116 0.03352611075808912 19.733994073308356 i
2459888.8009375 1096.6914845149124 150.35946765515 25.5943 17.99408882171315 0.14885250440820455 18.4040480405772 r
2459894.8023032 1754.6730926627245 50.7440995772871 26.059 17.94850945907404 0.03139779662743727 20.04811111259839 r
2459895.7532639 1095.9075613551552 33.344834639421 25.382 17.78256519146864 0.03303425238096984 19.82700356904116 i
2459896.8075694 1704.0112835270054 38.5959789858175 26.0276 17.948918834431964 0.02459118363240461 20.313819835980233 r
2459898.7901042 1259.8632205929841 41.4735914706291 25.7316 17.98079150578975 0.03574029110752879 19.939745875651077 r
2459898.8505093 1139.6665741288816 30.1172819073907 25.3788 17.736855472966454 0.028691139767653067 19.934335553894734 i
2459900.7536806 1570.763073991315 52.9940237795412 26.051 18.060723292043498 0.03662908338636309 19.99300774845554 r
2459901.8199884 1161.8907515561546 27.6860053542517 25.394 17.73108676296843 0.025870501140363305 20.04092424278584 i
2459902.6967593 1642.3709916282514 33.1733060025696 26.0651 18.02642183573613 0.021929429167086786 20.515703102106276 r
2459903.7441551 1794.359383352667 33.7280905596771 26.3513 18.216526424723902 0.020407610794344614 20.783895600971164 g
2459904.7181481 1584.2988017222735 27.6739201244686 26.0732 18.073607265671303 0.01896458865365129 20.720598281419864 r
2459904.8602199 938.2365406672618 31.6202820745573 25.1156 17.684819142442716 0.036590069519070005 19.618260639616246 i
2459906.7500116 1666.6251543831079 26.1562255700622 26.065 18.01040516912942 0.01703911286034071 20.77363730405467 r
2459906.7639583 1773.076939835708 29.0417372008347 26.3393 18.217481046190755 0.017782992587940288 20.9343185112445 g
2459907.6917014 1155.7392090570518 41.3244481105769 25.3904 17.733250382014027 0.03882013603246941 19.602457333498702 i
2459909.7503356 1726.248125130981 29.9950460619622 26.0387 17.94594195024503 0.01886497139975252 20.59865115616166 r
2459911.7021528 766.7102579014899 40.1295186750011 25.1999 17.988321815577258 0.05682540174263141 19.443815112379845 r
2459913.6990509 2098.849090686852 42.538157557035 26.3249 18.019946966238226 0.02200428695164511 20.50552830040428 r
2459913.7472222 2112.657931889313 40.857421334208 26.3269 18.01482703862698 0.020996727237750333 20.551297606158965 r
2459914.6507639 1703.336857794211 33.3121620341805 26.0938 18.01554863990808 0.021233036879942453 20.53986793842546 r
2459922.7686574 1696.1128345556745 70.7423296309475 26.3241 18.25046314877893 0.04528292323219172 19.952476595260755 g
2459923.7003009 1634.3198337705464 32.774668377603 26.0698 18.036457371881507 0.02177264004406581 20.533529223953025 r
2459923.7665162 1601.227846121609 57.7142763346385 26.2997 18.288567164778872 0.039132713041613025 20.14906685287147 g
2459928.671956 1537.7140099088952 27.8332395550361 26.0126 18.045411072044686 0.019651604908440066 20.653765595405698 r
2459932.7142361 1534.111916112047 29.7490666867522 26.0374 18.072757391748297 0.021053588960877268 20.60629162611211 r
2459933.6804167 1838.278315348363 34.4783610572164 26.218 18.056971839461767 0.020363160620064255 20.626708455959548 r
2459934.748669 1487.7340679213994 32.2681172548364 26.0147 18.083386729696855 0.023548223878830196 20.495340923162516 r
2459936.7081713 1542.7035915264137 24.6662485918461 26.0596 18.088893773517363 0.0173592297595353 20.831917228907983 r
2459951.6790162 1551.9802345036815 54.8660543999868 26.0691 18.091884535176284 0.03838198060628998 19.973415664755304 r
2459956.6598264 75.79440311049316 69.2421976571721 23.0961 18.397007157027105 0.9918443963045626 16.747747880751625 r
2459957.6133681 10380.841456016407 227.435322944508 28.2067 18.166118604443064 0.023786754779665915 20.56713019966421 r
2459957.6761343 12217.077680398595 148.173834685235 28.585 18.36758166179972 0.01316782429695667 21.410646188133153 g
2459958.6154398 1526.8495593689797 35.9905389614015 26.3574 18.397909379779637 0.025591865230352225 20.719504113413333 g
2459958.6322338 1499.8892858920733 31.1279873136976 26.0796 18.139451992861964 0.022532100298577173 20.599297387165617 r
2459965.666875 1479.7746616129066 50.0518838573428 26.3001 18.37461103358853 0.03672270631035592 20.30412391881483 g
2459966.6330093 1414.5662698960261 58.3007603263893 26.0287 18.152141754529517 0.044746673827457624 19.867089442596804 r
2459968.6537847 1372.5212938053548 38.3336827127617 26.0266 18.18280227254909 0.030322938892886567 20.32022362945336 r
2459969.7211921 913.4224880857207 48.888906130643 25.3399 17.93822075111499 0.05810967660460962 19.36944918863384 i
2459970.6971296 1410.4696389822243 88.5555545094583 25.9944 18.12099064449893 0.06816507273442315 19.37893547209367 r
2459978.6775116 598.9832533205628 139.309513953715 24.8218 17.87826329916921 0.2525084607308772 17.714423046691095 r
2459982.6767014 1469.1047346499056 140.670406725732 25.9526 18.034968104024856 0.10395845645308774 18.834668131278484 r
2459984.6252662 1280.349742789839 44.2934062551447 26.0039 18.23557845358276 0.037559542962398336 20.140627289863133 r
2459991.6663889 1152.7773428351024 86.8006653318209 25.8111 18.156736419785975 0.08174994324488413 19.217367353959766 r
2459993.6658565 87.4910914893212 150.548652388641 24.2037 19.348790413558312 1.868197882961577 17.012082808282553 r
