jd flux fluxerr zpdiff mag mag_error limitingmag filter
2458199.804838 1501.9188131793278 43.1899799687923 25.1469 17.205283856647156 0.031220969363088345 19.311017482597872 r
2458199.8139699 1727.2658860899899 42.0908451163857 25.3799 17.286502010780826 0.02645685931209268 19.572005874736547 r
2458202.7915509 1747.1322510041996 48.264179163408 26.3054 18.199585548493644 0.02999224545685873 20.3489126779764 g
2458205.8088773 1872.0362005922639 85.6677874730371 26.3338 18.15301439331443 0.04968361019410339 19.75433111266479 g
2458205.8152778 1667.190054780547 81.4885195580936 26.3095 18.254537222629104 0.05306658675808131 19.784333919572894 g
2458210.7847106 1158.0001448332087 119.853604528593 25.6649 18.005628465726424 0.11237050273032206 18.720847239849498 g
2458210.8047801 1491.8274416176819 98.919859856397 26.1418 18.207503521057955 0.07199042519933313 19.406166258140317 g
2458215.7458681 213.48891383021083 97.8248394364397 23.1886 17.365161680840625 0.4974891963739666 16.465052129786056 r
2458215.7618171 832.0612072584636 55.4471129000195 25.5579 18.257511813489295 0.07234916127612659 19.45077764514869 g
2458218.71625 3647.9811123713494 29.0987655808698 26.1941 17.288968547305142 0.008660277785981682 20.786988574494806 r
2458218.7750463 3466.4311380067843 33.0125837144462 26.1444 17.294693557017787 0.010339672334983537 20.60027620037177 r
2458221.7192824 2671.8833751464003 43.9519794496956 25.8491 17.282056255681866 0.017859560986983526 19.994228891618324 r
2458221.7398264 3085.361475617786 60.5216226653076 26.0113 17.28803486864765 0.021296799822966485 19.809098580358175 r
2458224.6960069 2075.001658025686 35.8624160751217 25.568 17.27545387982416 0.01876423808249201 19.93397612685118 r
2458224.7204745 3313.334670458215 33.7767612012453 26.0692 17.26853673764754 0.011067831439774413 20.500229980562036 r
2458227.7403009 3836.778175258403 29.0147392332454 26.2504 17.290483272427757 0.008210352787313005 20.846428309798593 r
2458230.7275231 2000.5302793117003 63.4475562960627 25.5879 17.335037177272735 0.03443337628178053 19.33443773977239 r
2458230.8103356 1297.2974360548237 39.1905090593486 26.0287 18.246101100599347 0.03279828858301748 20.29832272736249 g
2458236.6693287 1775.0610739628028 108.980800843938 26.2731 18.15006674929866 0.06665711800671427 19.432300001692624 g
2458236.6903241 1777.710827692794 100.680886912421 26.2668 18.14214720592722 0.06148876252426427 19.512007407520546 g
2458242.7920023 3794.870004267074 44.7730217933391 26.2302 17.28220774138202 0.012809416318969962 20.35523397288609 r
2458245.6508565 3751.002912751327 34.0601772566956 26.1913 17.25593149652046 0.00985846593770586 20.61325772966745 r
2458248.6591088 3995.909762574524 34.9300802939292 26.2702 17.266160819419966 0.009490601747394104 20.664776029276375 r
2458248.6700347 1722.7695757191511 24.9398709097511 26.3236 18.23303201631289 0.015717260293161193 21.083939486123995 g
2458258.6676736 1588.497517084831 29.5311902097874 26.2618 18.25933364916039 0.020183861080000646 20.83867261191604 g
2458258.7081366 3517.0270932085264 35.7305931277309 26.1817 17.316260715271305 0.011029970463886159 20.551674425286755 r
2458267.6866088 1510.1076770067632 102.990448100478 26.237 18.289480211464742 0.07404553410676304 19.457582619863473 g
2458267.7746528 868.7614536419533 201.043727253056 24.3452 16.997948641700376 0.2512463850273459 16.83954867099017 r
2458270.7534375 1346.4899761315944 60.9190455415757 26.0544 18.231392188302806 0.04912016347459597 19.845092263304032 g
2458274.7269907 1521.5364178318239 25.9250330294839 26.2083 18.252594120959042 0.01849893832986241 20.926576693236914 g
2458278.6921065 1516.4589314007994 35.7787196967461 26.1923 18.240223366791675 0.025615567405359918 20.560812999796397 g
2458278.7522454 3413.429620416782 40.5345531468024 26.1146 17.2816226179834 0.012892711801718625 20.34761151487426 r
2458281.6916435 3706.3237848963736 35.4160972847778 26.2089 17.286541608352678 0.010374500193095874 20.588473234310896 r
2458284.6720486 3552.5680405487847 50.8066411723735 26.1858 17.30944398874268 0.015527013048376389 20.173573777544558 r
2458294.6762153 1531.8823084314613 83.376630204548 26.2433 18.28023649857672 0.059092011778480474 19.69326414300532 g
2458428.0402894 1612.1471931770561 37.9858318294876 26.2459 18.22738827129907 0.025581546022482405 20.549420886147495 g
2458431.0229398 1617.8749885024836 24.800682912642 26.2001 18.177737597262126 0.01664288132866088 20.966515889805237 g
2458440.0246644 1396.2882552974377 22.2963382586436 26.0857 18.22326228744467 0.017336774377044912 20.9676911280243 g
2458440.9823958 1436.4515690400492 24.3860733973575 26.032 18.13877252991143 0.018431501944200162 20.816720297636106 g
2458441.0454861 3941.399968437999 35.7588640106569 26.2377 17.24857372806587 0.009850154505318107 20.606815705023322 r
2458443.9784954 3916.608615884811 50.6678427262843 26.2307 17.248424562612364 0.014045334176312483 20.22144395460336 r
2458447.9983333 3902.135224079174 60.5984452320313 26.2463 17.268044211742634 0.01686044388785679 20.04272128500709 r
2458449.9850694 3177.2651176726267 72.6519623050692 25.9686 17.213466363043544 0.02482582741864255 19.56805661680905 r
2458450.9846875 1815.4761071137996 64.7574476185731 26.2551 18.107623655802144 0.03872656908234251 19.979450681846295 g
2458461.9995602 1180.2068267118682 35.2587806220937 25.9078 18.22790469396226 0.032435381032372895 20.292206767341117 g
2458462.0439352 3284.011567220904 39.8157396172708 26.0523 17.26128830460366 0.013163153544873954 20.3047380201787 r
2458465.0005903 1718.7965367115912 37.6209476170039 26.3043 18.216238825171875 0.023763756765490165 20.618300662662293 g
2458467.9619329 193.5863169478174 26.8010114690278 23.7013 17.984113356774465 0.15030947750179588 18.38349702767677 g
2458468.0432986 3382.209779233157 33.4893966015515 26.0489 17.225898647716534 0.010750201869071583 20.489206682491336 r
2458473.0224884 1848.1874910114109 31.5075248257294 26.2949 18.128034933734934 0.018508793003773887 20.80143927135107 g
2458473.0438773 4221.5932867864285 57.1036081772777 26.3147 17.25100902362291 0.014685779322257782 20.175616112504464 r
2458476.9714005 4216.175491670732 54.7064365473246 26.2813 17.2190033014871 0.01408735909517232 20.1887789222965 r
2458482.9772338 4149.588275133719 41.3884480602915 26.278 17.232987480333026 0.0108288907428076 20.488377134168438 r
2458483.0222685 1582.8167648397516 45.569997343375 26.1594 18.160823396080044 0.031257784991120724 20.26527748099973 g
2458483.0451157 1796.9010163295798 41.7326056896827 26.2934 18.157089614191747 0.025215128482613154 20.494786234346794 g
2458486.9803241 4233.237605504987 35.804380465178 26.2881 17.221418386301593 0.00918276257881031 20.65583458068745 r
2458487.0405903 1817.1015971943514 38.6181877411065 26.3199 18.171451974702723 0.023073980285558505 20.605495265351113 g
2458491.979294 1198.3581457048347 33.5537724543984 25.7826 18.086133419269355 0.030399368406106856 20.22082160159156 g
2458492.0237269 3568.7494639757415 56.145230792424 26.1218 17.240509849102175 0.017080738697590202 20.00109281066273 r
2458493.99 4188.864428005763 29.89562931037 26.2604 17.205159238224297 0.007748564151483219 20.823955739514098 r
2458494.954537 4237.595832320912 28.5864110175389 26.2627 17.1949011680031 0.007324027035571149 20.87487590481527 r
2458494.9986574 1865.69875823988 21.3048252375823 26.2932 18.11609619380431 0.012397847540116715 21.224580049022123 g
2458503.0255324 4268.8899656025005 60.1852466626648 26.253 17.1772125984361 0.01530681812559505 20.056849877221655 r
2458506.0220833 4078.519737921675 115.805791466515 26.2761 17.249843578978826 0.030827446199700088 19.369349291478997 r
2458510.0052894 1782.9189822814867 63.5194365496686 26.2785 18.15067097793866 0.03867985755231997 20.023808396612633 g
2458511.9984954 1287.7493914318288 40.3575033564551 25.8834 18.108821616718558 0.03402536369703488 20.121164260265896 g
2458512.9571991 1393.9761229776732 40.3825425687153 25.0964 17.23576166270379 0.03145199242954065 19.333490840283293 r
2458513.9289699 2278.147094718016 19.2217962522142 25.6507 17.256745594889512 0.009160560456967374 20.69379006543142 r
2458523.9205787 221.88867919153154 34.3550834911463 23.8328 17.96746213750322 0.16809922111502246 18.24539746836335 g
2458526.9187963 1169.6951505445315 35.9810416066306 25.8205 18.15031827659045 0.03339726325627065 20.182890660461563 g
2458538.7952662 694.3980024042588 42.6497648453986 25.1979 18.093878842944605 0.06668344311522356 19.375683386721576 g
2458538.8353704 2394.945158106735 55.3607355287656 25.6508 17.20256106763223 0.025096670944688967 19.54537036023283 r
2458543.7631597 2065.4421798427215 33.5949661558175 25.4779 17.190367395481168 0.017659199134854735 19.914789469385504 r
2458543.7947222 433.45790507469025 38.3894074732062 24.693 18.100632680771913 0.09615554176241888 18.98504646668767 g
2458546.772963 1803.3474622166573 30.393466086992 26.2477 18.10750146746338 0.018298296264041187 20.793324413966808 g
2458556.8370255 1885.6661864864013 48.253113149806 26.2784 18.08973796642816 0.027782438547281112 20.322161644174578 g
2458559.7527662 4089.9879763486088 50.1471779070501 26.2464 17.21709492179896 0.013311723987582626 20.24835874516475 r
2458567.7730787 1733.0130606578648 37.6768143549961 26.1948 18.097795410655678 0.023603813654867176 20.5071895510005 g
2458567.8146528 4035.2111464385634 51.7267229907823 26.2253 17.21063433864105 0.013917413764248331 20.193587574893506 r
2458572.7562384 1103.09295712407 30.2022058676296 25.673 18.066469720565486 0.029725994258883986 20.225478330347034 g
2458572.7733796 2398.18281331817 41.3232367902586 25.6426 17.19289428433866 0.01870776403451421 19.854689159540214 r
2458575.7320023 1297.79951710425 38.0616421980302 25.0064 17.223380979432605 0.03184122384835342 19.30775618337094 r
2458575.7722917 1844.2211869932248 23.5039936353224 26.2018 18.037267482433343 0.013836890102902432 21.026520837052406 g
2458580.752662 1814.4856792637354 28.5735659676861 26.2194 18.072516137742717 0.017097032468013054 20.832063880376054 g
2458580.7733333 4197.468409126098 35.0595375376956 26.2467 17.18923140938267 0.009068356493623015 20.637259531367874 r
2458583.7568981 4024.801381715385 35.2786263964241 26.2013 17.18943886647218 0.009516495609597808 20.58509582125786 r
2458586.6707176 1761.5368777877766 44.4152353140964 26.1994 18.08467065107331 0.027374743945794377 20.333145070748568 g
2458586.7112037 3961.4806571881554 34.4267736836836 26.2012 17.206556150679443 0.009435145952449368 20.611534177753093 r
2458591.709294 1777.474071626569 103.925376613702 26.2247 18.100191814233373 0.06347872140055678 19.43547097162312 g
2458591.8551389 3746.5821930861484 182.89213603072 26.0681 17.134011838358543 0.05299923553124807 18.665187408791603 r
2458594.8165278 3889.472173426766 87.4961054184146 26.1886 17.213873328126347 0.024423499492240645 19.586203183259443 r
2458597.7518056 1783.361222239952 26.7496739830352 26.2237 18.095601702442053 0.01628504684368072 20.907978755811847 g
2458597.8335995 3763.1850708268053 41.4580070261027 26.1475 17.208611057135226 0.011960867557956802 20.35605393714173 r
2458600.6894907 1775.7461222411648 26.0832940810929 26.2355 18.112047812597254 0.015947455567635813 20.9471688943149 g
2458605.7329398 1727.0597639284003 26.775512116062 26.1965 18.103231584142684 0.016832175765756355 20.8797305241021 g
2458608.7321181 3907.3271660828905 29.5707045143822 26.1707 17.191000557889055 0.008216592193750196 20.74612081015242 r
2458608.7751852 1587.6960616082658 29.4800974374033 26.1501 18.148181581283737 0.02015911140786452 20.728852702619093 g
2458612.6714352 1638.1057666985091 22.8326325695965 26.1965 18.16064515202721 0.015132960083995218 21.052685019398947 g
2458612.6906713 3795.9644994237087 28.4886932127968 26.1604 17.212094644574243 0.008148172678071466 20.776293668052098 r
2458619.6683912 1440.2335990631436 234.099711583332 25.1603 17.26421765421285 0.17647280068410656 17.48937279257158 r
2458634.6688773 3967.021728250003 38.6895180319107 26.2285 17.232338551982487 0.010588600871055847 20.51209169014667 r
2458634.6916204 1577.786069073456 24.2819550049429 26.1219 18.12677970706136 0.01670880423246984 20.911265864115833 g
2458637.6809028 3691.9623742586587 28.012823986654 26.1244 17.20625683407679 0.008237766238995662 20.758582757979326 r
2458637.7163426 1441.0353081435417 25.5334340879566 26.0632 18.16651344500866 0.019237314472889462 20.798001917567163 g
2458640.6969676 1508.9890338600842 30.1965464762028 26.1018 18.15508479080516 0.021726062796724874 20.654481798331012 g
2458640.7187847 3372.737945525615 36.0907414568362 26.0965 17.276543503114617 0.0116177771983944 20.45558547815743 r
2458646.7120833 3688.3073270969485 69.2803556083236 26.1666 17.249532246634487 0.020393550594700705 19.81764971865981 r
2458649.6728356 1509.3772230839904 85.3480825585488 26.1123 18.16530551979486 0.06139115644297765 19.53689056755404 g
2458649.7152315 3517.9801519869998 69.5567778477471 26.0868 17.221066537769758 0.021466236433041165 19.73352635037592 r
2458662.6755556 3684.1981166486025 63.0919180744764 26.1424 17.226542559479363 0.01859261996360019 19.895040662383042 r
2458662.6992593 1512.4762657493272 39.6894172054768 26.0335 18.084278579267206 0.028490232366481242 20.289388184591957 g
2458780.0257755 3700.340682097974 68.4110683132489 26.0727 17.15209572392439 0.02007217800972408 19.7374590580143 r
2458780.0307755 3628.7655204779635 67.2561471566873 26.0576 17.158202734122845 0.020122545409987685 19.74084502753994 r
2458780.0357755 3723.3198461930797 82.177710805489 26.0857 17.15837413691156 0.02396257756709863 19.55138989138144 r
2458780.040787 3529.934511575781 127.718140081859 26.1001 17.2306833792536 0.039282197511640006 19.087043525602986 r
2458782.0312269 3395.0879134540746 141.389804198892 26.1047 17.277572438706372 0.04521441398039178 18.981229756522772 r
2458782.03625 3646.0511285764546 170.170630988004 26.1454 17.24084311381661 0.05067242546755247 18.820763466128618 r
2458784.0286343 3811.414980400246 81.7414224013519 26.0877 17.134984408516747 0.023284439704812268 19.559169512410417 r
2458784.0334954 3589.8841039976387 95.5898252997697 26.0789 17.191198929951675 0.028909533099519873 19.380445819435415 r
2458784.0383565 3728.151825955563 80.8747502244293 26.1112 17.182466024169557 0.023552076314960008 19.59424260817732 r
2458784.0432292 3850.132821764201 138.799789879351 26.1482 17.184510719888312 0.039140190442302776 19.04480296749232 r
2458786.0322917 3856.237091189591 56.7669707524483 26.0927 17.127290681068548 0.015982393895526952 19.960035690032793 r
2458786.0371875 3900.631480566607 52.7203877662317 26.1038 17.12596269632798 0.014674168857777685 20.0514284994157 r
2458786.0420949 3764.063634991574 69.8350612877083 26.1074 17.168257607577885 0.02014310420664146 19.74979119260431 r
2458786.0470023 3804.2563691590826 99.3531881983485 26.1258 17.175125559016216 0.028354491905809905 19.385420469208334 r
2458787.0250694 578.7083202774899 74.3965839285235 24.9994 18.093250683996846 0.1395735439443271 18.573092502951585 g
2458787.0479861 1594.1845665478866 155.585019768854 24.9386 16.93225349907958 0.10595928445652206 17.711255540702442 r
2458788.031956 4037.9258943152918 77.5477159199976 26.1173 17.101904139177623 0.02085069349412071 19.6459524624432 r
2458788.0368634 3871.0983760561553 79.5242502499441 26.1278 17.158214479584643 0.022303612594915843 19.629126030921668 r
2458788.0417708 4023.5420916851594 98.2615601730255 26.1411 17.129578627515873 0.02651459173257275 19.41271585047211 r
2458788.0466782 3761.3971770767607 113.396382216144 26.1604 17.222027014286667 0.0327310428482185 19.27647699140593 r
2458790.0186806 1500.9496219015866 38.9919614884648 26.0192 18.078284710593223 0.02820452596829525 20.294337281916476 g
2458790.034456 3859.3812968216725 46.4532816992793 26.1218 17.155505780362667 0.013067982679618069 20.20683398862404 r
2458790.0392824 3874.1162759041385 48.3959350671882 26.0989 17.128468371777345 0.013562697389660478 20.139452775752815 r
2458790.0441088 2817.885147918403 52.5224604643237 25.7451 17.120291779878016 0.02023632345989691 19.696812332085823 r
2458790.0489352 2263.0867353847534 84.3685504049729 25.5859 17.19914700223522 0.04047522074274634 19.0230235210242 r
2458793.0193519 3807.047517083175 43.1436458944101 26.0943 17.1428292564286 0.012303775074351845 20.259582882206608 r
2458793.0446412 1740.2505424516294 53.6921260715195 26.1024 18.000870555484212 0.0334972119553119 20.03019848601067 g
2458799.9865856 3541.654734217779 89.1369801215694 26.0846 17.21158444802065 0.027325085752426443 19.462030197899733 r
2458805.017338 1660.7233527665962 83.5331183764876 26.1723 18.121556768319856 0.054609882175901896 19.6202282532491 g
2458829.0665741 4703.3970969369275 46.2972186794355 26.3172 17.136170883068772 0.010686933143067588 20.405887735613756 r
2458831.943206 4564.622328734085 86.3183439642835 26.2925 17.1439878740931 0.020530904704226204 19.70481723985212 r
2458832.0461806 2344.2854939310423 79.6924528206475 26.3716 17.946573749458327 0.03690766173802979 19.870632004162367 g
2458837.9603356 4570.431419755498 85.8975706375763 26.2931 17.143207008372435 0.02040485544496052 19.71072278603163 r
2458838.0017593 2060.7244315041207 68.2052002988975 26.3006 18.01555019992933 0.035934152491443855 19.96863126751087 g
2458850.0008333 2277.074010051274 28.2689104027897 26.364 17.97055713400834 0.013478506139384413 20.98830231575853 g
2458850.044537 3049.8473670457265 49.6446875171693 25.8456 17.134904737131798 0.01767276547009659 19.858493035602102 r
2458852.9580671 4844.478727496329 28.3779360313838 26.325 17.111882366941288 0.006359801927584527 20.945122975660155 r
2458853.0028241 2316.691424510035 28.1282290534249 26.3715 17.959329522298003 0.013182082844616293 21.001219014286978 g
2458855.980162 2284.749816888524 36.1500151074216 26.3669 17.969803372019676 0.017178279701353667 20.724203781344407 g
2458856.0409144 4707.2636964885205 39.2492259928122 26.3181 17.136178680608 0.009052580736486925 20.586097247308054 r
2458860.8760417 4402.129130342667 102.770518590297 26.2905 17.181343055426275 0.025346360529137888 19.513403619093538 r
2458864.837963 4385.344659119072 48.5966879932399 26.2529 17.147890670698487 0.012031306147065593 20.28895830958827 r
2458867.9157523 2113.699840299703 32.2408739243155 26.3526 18.039991713523385 0.016560495559608934 20.834157975855558 g
2458867.9645486 4558.190228428103 53.8301539482083 26.3242 17.177218885563143 0.01282162332257994 20.249210934532414 r
2458873.8173148 3939.3075289149424 35.6537500908107 26.1817 17.19315028477746 0.009826416493117869 20.554011949055482 r
2458873.8956134 1986.5958252602034 24.8071405046558 26.3157 18.070426203783043 0.01355741923114991 21.081833223040135 g
2458876.851794 4377.999767141438 31.5428949322016 26.2846 17.18141066466873 0.007822321345222883 20.789921115807022 r
2458876.8813426 2001.0476744203584 26.8975217582806 26.327 18.073856410729505 0.014593674976496676 21.005294320407152 g
2458879.8369329 4346.94344014271 73.7497834856398 26.2873 17.191840026388398 0.018419871579403488 19.87047311503038 r
2458879.9656944 1993.1246380713285 56.4735515295524 26.3345 18.08566385568969 0.03076241882944443 20.20746223749147 g
2458883.9383218 1995.3864389366563 45.1842637437398 26.3116 18.061532459159373 0.024584989749013526 20.426706964033293 g
2458884.0026852 4251.602780603473 67.69719703691 26.2553 17.183918293962172 0.017287326830786567 19.931448270792867 r
2458886.8125 4418.003214718623 73.4179105873855 26.298 17.184934931135402 0.01804204787791244 19.886069937448866 r
2458886.9611806 2172.000451784103 64.5183577151705 26.3419 17.99975022187082 0.03225026077403567 20.07026672892672 g
2458892.8150694 4502.083275590343 65.7239166105899 26.2797 17.14616619015634 0.015849652682126528 19.987966399282055 r
2458892.878206 2278.627525451101 53.6220692299533 26.3319 17.93771665179436 0.02554936246170157 20.261116066599538 g
2458895.9243981 4621.7667459721615 34.933136738227 26.299 17.13697994132952 0.008206148999134605 20.69348102957911 r
2458898.85625 4685.776077118717 28.4256054609208 26.299 17.12204617304126 0.006586247260005339 20.917300679504013 r
2458898.8791898 2362.3642766785224 25.2064514519808 26.332 17.898632833324825 0.011584430314825528 21.080795713455252 g
2458901.8774306 4779.049026053962 36.5002046688596 26.2924 17.094046285575242 0.008292083214241842 20.63923673991554 r
2458904.7487963 4586.268113997499 36.4494675620438 26.2332 17.079551399840533 0.00862862483144668 20.581547017371008 r
2458904.8128241 2375.5759066639384 30.9914703755486 26.3049 17.865477720080364 0.014163908335804259 20.829369535102696 g
2458908.815463 2453.4428311142574 32.6671587549702 26.335 17.86056014318961 0.014455904091379848 20.802296581399414 g
2458911.7323495 4555.40046096942 57.0444436742491 26.2088 17.062483596483478 0.013595545117882447 20.070841616578956 r
2458911.8790972 2300.763152948366 46.2213315990759 26.3142 17.909520216324715 0.021811241045306722 20.404668856672174 g
2458914.8569329 2778.7730347954835 79.99764717219 25.7354 17.125767310423694 0.03125604158644035 19.230281954028875 r
2458940.7338657 3041.407511064373 53.1019311863141 25.771 17.06331346464338 0.01895594933570905 19.710799200189392 r
2458940.8540278 237.05784165904967 48.2285543662104 24.313 18.375864185096617 0.22088171017225547 18.357314378424654 g
2458954.7562963 4868.950545288255 32.5556286916131 26.2569 17.03831159157606 0.007259397223635548 20.727909772769284 r
2458954.7743403 2426.828488638797 30.8765326100969 26.2815 17.818902288743487 0.013813358303530131 20.810003679758786 g
2458962.7092477 2634.748637438057 29.1152025134574 26.3018 17.749952028529712 0.011997491874442184 20.894075451085975 g
2458962.7522569 4963.781365115327 44.429500684495 26.276 17.03646838925431 0.009717814977137997 20.409396407902648 r
2458965.7093056 2560.699968000753 29.1419346174559 26.3012 17.780303259876362 0.012355761631408186 20.892479040462078 g
2458968.7069329 5256.08844413507 37.3883692140303 26.3273 17.025643338797323 0.007722958410444426 20.64803368230499 r
2458968.7306366 2567.403169573471 33.4622852447636 26.3317 17.80796481744057 0.014150486188063496 20.772885996719804 g
2458971.6885995 5335.149387971474 52.3356357970535 26.31 16.9921335387884 0.010650273432449347 20.265581227804233 r
2458974.688831 2852.5455759855085 84.4693937066472 26.3182 17.68011851999927 0.03214967764910227 19.754026546730525 g
2458977.6694676 2202.8894113051 73.9272816664487 26.0644 17.70691826150969 0.036435260568850665 19.644963145854913 g
2458977.7304977 799.9547363802678 147.753696064532 24.201 16.943336464696436 0.20053158075309738 17.02972910520305 r
2458980.6693056 2864.647302244607 28.4045786106538 26.3132 17.670522102756358 0.010765322130030779 20.932304112187598 g
2458980.7535764 5240.194975233873 30.7759650088638 26.279 16.98063138411852 0.006376378239367356 20.811045790354342 r
2458986.6934144 2560.800190131973 29.3606787156842 26.3015 17.780560766547048 0.01244801878899249 20.884659762355263 g
2458986.7501389 4860.894524463934 36.3384362588595 26.2648 17.048009506221415 0.008116333330765833 20.616459402888452 r
2458992.6946181 2404.0584034595904 28.5991165935011 26.291 17.838637464809555 0.012915684927155334 20.90269344344339 g
2458992.7352083 4745.985887931713 32.3616875323697 26.2596 17.068783893700882 0.007403116019210406 20.73709708853933 r
2458995.6701157 2426.979275016152 35.476002632749 26.2703 17.807634830682886 0.015870055609815317 20.648038293021024 g
2458995.7124074 4775.622827112808 32.1286590071921 26.2645 17.06692495143666 0.007304195985929039 20.74984349102427 r
2459005.6697801 2490.312956837298 86.7888814885738 26.289 17.79836517956294 0.03783728802977945 19.695414760822665 g
2459005.736331 4836.696899299296 98.0436014490836 26.2576 17.046227819096707 0.022007981957416257 19.531626849480137 r
2459011.6894792 2162.7852923066866 38.8218583421541 26.1409 17.803366481100294 0.019488245898474477 20.42078418777676 g
2459011.7373495 4495.642460999647 53.3710782788661 26.1647 17.032720588898513 0.012889143251503222 20.099010046333532 r
2459025.6711343 4786.976876481275 61.778661187423 26.2527 17.052546675937307 0.014011576446236781 20.02817875810744 r
2459025.7111343 1699.0779735793612 47.1814904743562 25.943 17.867466725402117 0.030148671811744784 20.01114584858275 g
2459150.0260301 5035.770553903401 84.3487491701838 26.2004 16.945235164958756 0.01818538712076222 19.63777837239584 r
2459150.030706 4895.241637453279 78.9396760003666 26.1766 16.952164664543588 0.017507778487965604 19.685936640292617 r
2459150.0353819 4941.74005269863 94.3303745139846 26.2212 16.986500258144112 0.02072437775311667 19.53714609242406 r
2459150.0400694 5159.93206517435 102.323668717569 26.2383 16.95669004046401 0.02152989723962789 19.465934731749282 r
2459150.0447569 5105.065633646738 133.471613188235 26.2591 16.98909667500665 0.028385556785672915 19.198202715294297 r
2459152.0295718 5222.362736004804 62.6944517536554 26.3016 17.00693241536248 0.013033825819808213 20.06110221680358 r
2459152.0343056 5412.091558499755 70.5706733840212 26.2994 16.9659871622006 0.014156926072823258 19.930414335451005 r
2459152.0390278 5625.466826085445 80.4511622209712 26.3216 16.94620358011681 0.015526858396583805 19.810344183096923 r
2459152.04375 5632.7931241890965 107.665458074165 26.3233 16.94649049705496 0.020752118044091834 19.495684007933217 r
2459154.0280324 5591.79261929035 86.2801200307769 26.3088 16.93992235869954 0.016752110225665456 19.72159813763318 r
2459154.0327546 5386.715757348682 90.7188318524089 26.3127 16.98438985103295 0.01828450584343407 19.67103136575853 r
2459154.0375 5611.664119336706 82.7251511664353 26.3246 16.951870827842285 0.016005002208153336 19.783081065576336 r
2459154.0422338 5543.222573029612 87.2733301391143 26.3154 16.955994207858577 0.01709342413798296 19.715771119386154 r
2459154.046956 5245.18341841534 125.656454477679 26.3149 17.015498300986415 0.026009617156082694 19.319512985409 r
2459156.0284144 5223.233153590814 68.5914299219851 26.2947 16.999851469459813 0.014257398296513638 19.956600347491406 r
2459156.0331481 5488.583306687522 60.9600093854068 26.307 16.958349349023194 0.012058536509611585 20.096962426171068 r
2459156.0378704 5751.310196468689 65.8947462799009 26.3305 16.931083020328575 0.012439239684900884 20.03594801385108 r
2459156.0426042 5659.272429846743 59.0308936197787 26.307 16.925098498006996 0.01132474924956552 20.13187659492192 r
2459156.0473264 5472.1351102563585 72.9964510108791 26.3087 16.963307970419052 0.014482874648685097 19.903020624607414 r
2459165.9844444 5321.493816492785 43.7516065659016 26.2575 16.942416095393078 0.008926275381807307 20.40758997662724 r
2459166.0315972 3157.607231185968 37.591244871819 26.3421 17.593704730101337 0.01292523470121551 20.65695821903546 g
2459169.0049769 3081.8731457754466 40.2194341096637 26.3112 17.589163103550447 0.014168733606935918 20.55268509978732 g
2459169.0409722 5835.207089408372 48.1405812319589 26.3436 16.92845931597396 0.008957047837840666 20.389896665447207 r
2459170.9981366 2989.2272548316614 38.8571138045487 26.2897 17.60080266659414 0.01411306831536778 20.56859864089045 g
2459171.0459028 5823.057973860058 46.0586307776755 26.3385 16.925622215180656 0.008587559261783173 20.432797431171636 r
2459173.9832176 2551.270415134984 40.7372270618402 26.1392 17.622308767649507 0.01733583674966883 20.36679632985153 g
2459175.0406134 1533.382492275449 36.2948551479396 25.6028 17.63867374925543 0.025698300608377793 19.955762320455072 g
2459177.0192245 2942.903111465665 38.3377178259193 26.3139 17.641960089610365 0.014143605367582352 20.607409347767653 g
2459179.0052778 3106.8291545282946 32.9240103860658 26.3408 17.610006570182204 0.011505492030049799 20.799593164117155 g
2459181.020787 2790.3624624448944 55.847667023155 26.3667 17.75254844771628 0.0217297261209257 20.251762400057856 g
2459181.0441667 5450.390652614671 90.4777249946941 26.388 17.046930922200744 0.01802286703607484 19.749220809175036 r
2459182.9853125 5316.509602163856 79.8820819542417 26.3223 17.008233493514172 0.016312953961828892 19.818751550921178 r
2459183.0637384 2980.0782618721637 74.4189406305399 26.3922 17.70663082617436 0.0271122557002307 19.965566280522133 g
2459186.0100579 2764.9220667241334 58.293469023367 26.3541 17.749892763491932 0.022890055412539828 20.192625237167864 g
2459186.0389468 5648.416301275007 52.5169418687508 26.3525 16.972683255685695 0.01009444784975078 20.304326417636297 r
2459187.9846412 5392.7129715438605 84.5217471504502 26.3496 17.02008173631463 0.01701652978110805 19.784753824706033 r
2459188.0302199 2726.294997942688 92.2631387479096 26.3944 17.80546788313244 0.03674220501236866 19.73440442662397 g
2459189.9661343 3603.0410727303724 113.16821240035 25.8191 16.92742696781425 0.03410084029654206 18.937363849542447 r
2459190.0065278 1994.5424705563405 93.8479449846789 25.9622 17.712591779142578 0.05108475521278089 19.283713071182778 g
2459190.0289005 4041.4164716551545 42.2682407219771 25.7789 16.76256598202138 0.011355085345375484 19.966439558884645 i
2459193.9627662 2650.80770977308 40.0300304942346 26.3068 17.748354437375433 0.01639523076206494 20.553410186800463 g
2459194.0172338 5463.362254383161 41.5005478752793 26.3579 17.014250005365692 0.008247145755718867 20.565340413786952 r
2459195.0198611 5476.5691693737945 41.3254756906281 26.3645 17.01822855699111 0.008192550403311195 20.57653033575173 r
2459195.0297917 2773.124532595501 40.8429382241256 26.4085 17.80107656784704 0.015990330585128915 20.633282545398494 g
2459196.0039352 4980.772338765444 37.2383770454177 26.2609 17.017658271385514 0.008117155976703622 20.585998126833168 r
2459196.0048843 4912.770273095877 37.0197043400799 26.2662 17.037883858775217 0.008181187144477813 20.597692624375476 r
2459196.0252315 2428.444085173973 41.3054605223071 26.2662 17.802879729221402 0.01846669592388664 20.47875631777037 g
2459196.026169 2295.9713686940995 45.0000049414923 26.2424 17.83998382998796 0.021279231105031923 20.361943585495887 g
2459197.0079745 5291.537334564118 47.7369649604556 26.3512 17.042245338379615 0.009794511420911273 20.40663797965252 r
2459198.961956 5327.232890522218 46.3558047326733 26.3465 17.030245791894778 0.00944739947221076 20.43381467718071 r
2459198.9763889 5504.256722973879 51.8014927969155 26.363 17.01125329613793 0.010217706687784166 20.329719300987918 r
2459199.0043171 2679.4833775965208 41.0564307763395 26.3972 17.827072331987104 0.016635657181741974 20.61632201049442 g
2459199.0052546 2694.5272405875476 37.7408581500306 26.4009 17.824693553757704 0.015206841881677723 20.71144556188326 g
2459199.9857292 4166.0384505019865 42.1103833994377 25.7998 16.75049181510908 0.010974272993390297 19.991402000338443 i
2459200.0061227 5372.81065547554 47.383986766119 26.358 17.032496160597205 0.00957502464367453 20.421495993313126 r
2459200.9445718 1156.8380240437966 41.2721891976826 25.3588 17.700618612535244 0.03873421765243392 19.57223122481367 g
2459201.0235995 3008.395175644238 43.0644041671409 25.7167 17.020862791104236 0.01554151661417036 19.883978882264447 r
2459202.9602431 4123.648495171259 42.9544392535953 25.8072 16.76899590400575 0.011309313767222924 19.97725485432316 i
2459204.0000463 5375.981178992063 51.2158833269215 26.3568 17.03065565098035 0.010343243898495943 20.335863320533946 r
2459206.0342014 1368.1949891732754 32.6444995706007 25.7699 17.92953001113151 0.025904299799560663 20.237949950658688 g
2459206.9746065 79.38900649334298 48.2527817052668 21.6722 16.92279908240313 0.6598904232640962 15.715969101985038 i
2459216.9071181 4203.102563390324 124.797933616278 26.0473 16.98837503071387 0.03223645259274878 19.05935650308716 r
2459216.9782292 3998.622717382983 44.9701436503809 25.8048 16.8000239274559 0.012210225473128136 19.925064302013052 i
2459217.0413194 1098.4586962329704 150.430777231291 25.3909 17.788940671472574 0.1486835102677122 18.20013324070367 g
2459220.8908796 2882.361734478365 55.3181105630664 25.4569 16.807528791083417 0.020836688164398744 19.35230664417341 i
2459220.9532639 69.47882618546157 88.6735880507116 23.6223 19.01766881844818 1.3856439412156143 17.00538928433684 g
2459222.9054514 2400.8744017105782 30.2520125572652 26.3569 17.905976397098968 0.0136802699924751 20.907589309172973 g
2459222.9660185 4883.14928394999 40.725739198353 26.2989 17.07714999647549 0.009054798957914613 20.526802549719495 r
2459223.936956 3977.067339269831 40.7118247650493 25.8116 16.81269263881257 0.011113925004732024 20.03987356779563 i
2459224.9554977 1948.0848613727417 37.9823387950016 26.156 17.931980321385844 0.02116818730405553 20.459620730963486 g
2459224.9842245 5077.983320406453 46.1249895830861 26.3558 17.09157182495514 0.009861769531442304 20.448534286445884 r
2459226.9637963 3968.883410198821 49.7974212514287 25.8127 16.81602914681814 0.013622234433429166 19.822257855416886 i
2459226.9843287 5003.6595178412035 43.6125194359934 26.342 17.09378062562083 0.00946309639631254 20.495547049159242 r
2459227.0249306 2382.7554134849775 31.9499189984037 26.3844 17.94170133771908 0.014557947013887079 20.875800585552298 g
2459228.9378588 2280.3969131175354 28.5685682596149 26.4026 18.00757388888662 0.013601533303718008 21.01545379951999 g
2459228.9763542 5018.478890234324 32.0840446375925 26.3623 17.11086974582443 0.006941076773445931 20.84915220943579 r
2459229.9830093 3896.6948838696044 60.8055736645927 25.8071 16.830358996706043 0.016941693741771912 19.59981651380574 i
2459230.9428588 4922.469197951958 37.4962812467133 26.362 17.131542481880828 0.008270181267257967 20.67960449411506 r
2459230.9638079 2293.1905281270388 28.0567045855656 26.4048 18.003699651796275 0.01328331152380422 21.037283340635724 g
2459232.9355093 2297.40822190996 27.4812494554961 26.4168 18.013704572557785 0.012986979087690175 21.071783803262896 g
2459232.9731481 3804.482984761283 25.8625968735144 25.7952 16.844460884764015 0.007380509135681267 20.516094663126374 i
2459232.9830903 4912.050580411934 30.1095598674662 26.3549 17.126742924556932 0.006655051411414134 20.91071397122892 r
2459249.8584606 2431.263662529927 72.362881176274 25.2895 16.824919851994245 0.03231421639038856 18.893285363520302 i
2459249.9167014 4594.663790478085 56.521093441826 26.2941 17.13846565535311 0.013355699992012983 20.166148601655756 r
2459249.9205787 2033.238156191407 48.9467019106271 26.3315 18.06102937206935 0.02613635500718253 20.35976640459709 g
2459251.9007292 2217.991138978595 33.3353856813877 26.4024 18.037500483046482 0.016317571156280398 20.84771127875937 g
2459251.941794 4911.116656922798 35.8204474690939 26.3608 17.13284937417205 0.007918822242264362 20.728047472274092 r
2459252.8479167 3717.0160061371653 21.6608847576308 25.8066 16.88111392187591 0.0063269091503858135 20.7199845096937 i
2459253.8520139 4903.108366441665 30.1171550020313 26.3488 17.122621270133813 0.0066688705902365085 20.904340128877102 r
2459253.8780903 1719.3927215569088 26.2200031006168 26.0974 18.008962290066236 0.016556460318479634 20.803393142382276 g
2459255.8535069 3191.380052092945 23.3868435338499 25.589 16.82905368467567 0.007956149255256846 20.41914596395904 i
2459255.8588426 2239.4883650023753 22.5449826781637 26.3688 17.993427973847957 0.010929767743471338 21.23875022424962 g
2459255.9004861 4901.220461281293 27.920058252102 26.3609 17.13513940523416 0.006184746734771989 20.998684189011726 r
2459257.8706944 1603.4398845827336 26.3179446955596 25.9798 17.96716829448915 0.017820058507154308 20.681745064251054 g
2459260.8541204 3387.007779835493 37.3761742281576 25.6763 16.851759514488407 0.011980873678855752 19.997387875273645 i
2459262.8374537 4872.023680737652 35.3369109224637 26.3355 17.116226523644904 0.00787460954678901 20.717503534832765 r
2459262.913044 1261.559747012921 32.4322338197641 25.7276 17.975330441574748 0.027911223659038677 20.202732833158482 g
2459264.8792014 3847.5148377138057 22.0083550126732 25.8093 16.846349241655567 0.006210364883597797 20.705406031756247 i
2459265.8111458 5132.288575386392 51.120458654975 26.3634 17.08762233087213 0.01081417795325896 20.344488134968014 r
2459265.9167245 2379.1471276948196 33.141213223891 26.3947 17.953646750339527 0.015123661239076555 20.84635398190905 g
2459267.8183912 5054.60095559225 50.1528673545533 26.3572 17.097982812163156 0.010772555255147432 20.359035569963183 r
2459267.8519792 3957.9455858484553 42.3456114471598 25.8383 16.844625452009375 0.011615781306484517 20.02385396861122 i
2459267.859213 2254.985509910439 62.2642623699385 26.4036 18.020740611168108 0.02997815700275924 20.17057787045954 g
2459269.8390741 4945.6546078782985 52.0445812080353 26.3205 17.084940542384388 0.011425141118337147 20.28213619363857 r
2459269.9220255 2276.9819377058143 59.9557606669783 26.3675 17.97410103609478 0.028587828598115334 20.175497695898606 g
2459271.7971528 4988.093366236129 109.416889173048 26.3662 17.121363565178175 0.023815495792296422 19.521064081137677 r
2459271.8334954 3997.607326749121 68.1344674756673 25.8142 16.809699668992348 0.018504466620158956 19.48335782436977 i
2459271.8807292 2015.2184594888188 167.534890235681 26.3578 18.096994668338407 0.09025950981761939 19.050111825520315 g
2459275.7271875 2031.9858252002714 95.9351004294241 26.302 18.032198314861507 0.05125859503766968 19.599631152834647 g
2459275.728125 1991.4232885919073 76.5705628368684 26.3063 18.058391045861832 0.041745348941243605 19.848720390621665 g
2459275.8374306 4826.982752846329 58.0465607140527 26.364 17.154810632359244 0.013056013289064543 20.20713375744711 r
2459275.8383681 4718.452509108268 62.4391148956758 26.3579 17.17340102934194 0.014367029637656938 20.121833143905032 r
2459275.8575926 3778.700948580396 50.4886899723619 25.8082 16.86484369341499 0.014506459084460428 19.80278973360144 i
2459276.8670486 4777.447031846167 51.2527860725008 26.3391 17.14111029830898 0.011647465574811606 20.317381293229452 r
2459278.7973264 2158.343703835623 34.5669126357053 26.4038 18.068498488111572 0.01738800774959586 20.80972350914638 g
2459278.8580324 3631.716537732541 38.3900941298485 25.8137 16.91342014081157 0.011476701103660327 20.105727046713298 i
2459278.9069792 4734.809643356367 54.8960238624279 26.3477 17.159443691335895 0.012587752749694254 20.251422765427357 r
2459278.9088542 4557.343788117596 58.9685207152729 26.3433 17.196520521779135 0.014048122309205038 20.16932440615991 r
2459281.753125 4578.799743637654 33.780390777269 26.3323 17.180420875421284 0.008009821857320189 20.763213316019936 r
2459281.8121412 3737.5832491444135 40.2306441509247 25.8008 16.869322813229722 0.011686270898355926 20.041982523382277 i
2459291.7703241 3618.8841640841842 24.8561971940002 25.7896 16.893163294719255 0.007457097842852715 20.55358827493564 i
2459291.7905556 1949.2025641803625 29.6546207982823 26.3724 18.147757564937493 0.01651753511530675 20.94474405175254 g
2459291.8365509 4419.5324548117105 35.5543101508982 26.3318 17.218359181285333 0.008734252983888259 20.707144347713104 r
2459293.7343866 4549.733075501528 37.8343284782927 26.3408 17.19583520464141 0.009028382489087976 20.648659913967933 r
2459293.7976968 2033.0941411685462 32.1561583689054 26.3958 18.12540627789651 0.017171827134898204 20.88021459192617 g
2459295.8371181 3426.5514015224794 32.6928879238952 25.7309 16.893756872420976 0.010358714713341844 20.197341775043462 i
2459296.8162269 1754.143452906145 78.8071291931472 26.305 18.194837232872466 0.048776455553420375 19.816161221159593 g
2459296.8373611 4054.94268845783 62.1982300181293 26.2786 17.25863819904662 0.016653408819537564 20.046729923907858 r
2459298.8076852 3153.8120406563876 136.365179650795 25.8995 17.152410482763642 0.04694372195879335 18.815316266732403 r
2459298.8160764 927.5109348468254 126.405459939228 25.617 18.198702403970586 0.14796419395172328 18.615160406147947 g
2459298.8372106 1838.5741439277108 164.804231248736 24.9983 16.837097129269694 0.09731886769848308 17.708454094780457 i
2459302.7546296 4467.69527374401 101.238953204246 26.3373 17.21209114072893 0.024602199738152468 19.576505874237625 r
2459302.7731019 3621.8418004225364 84.7279435154847 25.8021 16.90477630823547 0.025398439066010553 19.23460832540038 i
2459303.8070949 3541.4211798805204 46.6973243149422 25.7997 16.92675604922976 0.014316084541642468 19.879044996981648 i
2459304.7541782 1891.1554670342623 63.9945615805005 26.3304 18.138581918633353 0.03673885977069205 20.067617318885205 g
2459304.7551157 1829.4223020303946 71.5499936238369 26.3226 18.16681507710785 0.04246249102308642 19.938650990675622 g
2459304.8076736 4260.430441385869 68.2483184462258 26.2862 17.212566302199228 0.017391951436945507 19.953545100739575 r
2459304.8086111 4218.172046261176 75.0212336842289 26.2785 17.215689276748524 0.019309443170570043 19.843114485122804 r
2459305.7733333 1911.2145551761823 41.9570671294745 26.3375 18.134226389507116 0.02383447094367239 20.533062182515483 g
2459306.8807523 3435.684942152745 34.0788399118603 25.7451 16.905066671297288 0.010769147088651123 20.16646298317013 i
2459307.7482523 4395.207686990779 32.3642550963371 26.3156 17.20815149591069 0.007994587346144425 20.793010950059283 r
2459307.776794 1980.403822533555 28.477037859685 26.3785 18.13661561018431 0.01561172506964102 20.99483795758516 g
2459309.6923032 2026.5048563605244 32.4219189137222 26.353 18.08613087792064 0.017370043429279537 20.82847820092788 g
2459309.7339583 3097.7042436418305 34.9504551047396 26.1665 17.438900123225334 0.012249622986152073 20.56044290103079 r
2459310.7920833 3551.8704783555213 29.6213004089513 25.7618 16.885657198703946 0.009054340818443385 20.33536468759006 i
2459311.6866088 2797.373330604308 35.5039550905925 25.7949 17.178023924702394 0.013779585163031908 20.171783150300882 r
2459311.7316319 1583.1214678680226 29.2196950292163 26.0932 18.094414404567132 0.020038780053903485 20.68158579211324 g
2459313.7131597 4085.87043803987 30.0474102246708 26.2184 17.190188522144673 0.007984216282828388 20.776457373488036 r
2459313.8203704 2489.8179202625497 30.6310339503756 25.4388 16.948381028964057 0.013356845610789064 19.97597084750559 i
2459315.7110185 1949.012506172569 22.1844207748227 26.3235 18.098963435371274 0.012357860998297991 21.210954754238934 g
2459316.7568403 3538.578292703797 26.3820008072594 25.7621 16.890027977458473 0.008094476342518822 20.461405665929277 i
2459317.7352083 2078.910427002139 23.8067504454058 26.3617 18.067110556248938 0.012432949790842762 21.17252469047779 g
2459319.7806134 3600.0905077374714 54.2477448308396 25.7698 16.879016451889523 0.01635980440943333 19.686420767783865 i
2459320.6741898 1996.8506917575742 30.0832818599472 26.2993 18.04843601730493 0.016356465333217766 20.85606195724008 g
2459323.746956 3700.2996363310363 33.3418935720511 25.7829 16.86230776744314 0.009782800694234758 20.22799933692217 i
2459323.7573958 2240.279550571823 41.3413627879383 26.3245 17.948744463432885 0.020035141403405687 20.536113017338014 g
2459323.8169907 4523.032437710447 42.2257437831977 26.2849 17.146325744062057 0.010135786257731145 20.47353171873922 r
2459325.7279977 2293.9650329958927 43.3108910725775 26.3502 17.94873301588273 0.020498409418249222 20.511282191811656 g
2459325.7573495 4841.2482975828925 44.6151824890762 26.3324 17.12000660681196 0.010005416093319196 20.461268304868884 r
2459334.6891667 2286.670931969018 30.3660423777305 26.3466 17.948590822318486 0.014417646084788162 20.89320450471435 g
2459336.6819213 3792.169211617713 25.3983316668159 25.7927 16.845480730265134 0.007271555448048885 20.533262013721515 i
2459336.7498032 2257.170318435744 30.7460740195335 26.3189 17.934989173233774 0.014788876271481859 20.85200081819081 g
2459336.7965856 4524.262688802677 46.0736384784231 26.2551 17.11623046726577 0.011056420180867542 20.349043713536595 r
2459338.7063079 2251.9303944510116 32.5779273625928 26.3168 17.93541259335836 0.015706460477074236 20.78706636255761 g
2459338.734838 4795.243857388556 31.7621091077512 26.3081 17.106073255787358 0.007191317664721478 20.805901655949448 r
2459340.7904398 4473.613993927119 30.6161295722842 26.2534 17.126753729375658 0.00743021904029981 20.791099271102436 r
2459342.6891782 3769.0240607400983 28.586307379036 25.7596 16.81902772521832 0.008234533242890741 20.371779841100896 i
2459342.7350463 2307.3224846790035 28.414689911521 26.3006 17.892829254346587 0.013370401858338498 20.9193176867432 g
2459342.7915741 4517.030228715515 40.0365891851363 26.2248 17.08766750764543 0.009623075932051752 20.471232309722293 r
2459344.7264815 4582.9606277583325 32.5041259950825 26.2547 17.10183468441408 0.007700203527631518 20.72742875723874 r
2459344.770081 2172.49124778523 25.7833102716669 26.2352 17.89280491124454 0.012885179625228164 20.95942830199788 g
2459346.8333912 1771.161606891751 43.1229557716993 25.996 17.875354526190158 0.026433834664865437 20.161803686673338 g
2459349.7125116 2419.1807417038667 32.4634529397182 26.2904 17.831229208598916 0.01456921768971592 20.76448821114669 g
2459349.7656366 3807.501735464738 33.6797461797599 25.7331 16.78149972509957 0.00960369895219552 20.167252964479957 i
2459352.7372454 4558.062597946441 57.8914128320261 26.2196 17.072649286877677 0.013789347022142254 20.06563961767577 r
2459357.7045949 2147.192427816104 110.545520036737 26.2512 17.92152258267525 0.055895908326183984 19.394922121482978 g
2459358.6891088 3630.5199060516215 55.3117533725307 25.7475 16.847577944185655 0.016540873536172458 19.64303142480112 i
2459359.6921181 4482.31557489883 76.0332970453939 26.2548 17.126043926166535 0.01841667531497877 19.80486543094994 r
2459359.7545833 2110.568216067598 104.990322487064 26.1859 17.87490151592513 0.054008201325322414 19.385601814917536 g
2459362.6840741 2480.2423696897076 33.6789318648048 26.35 17.86376469443078 0.014742598051090102 20.78417921592237 g
2459362.7330671 4815.867488062888 55.0949318575793 26.2836 17.076913678749968 0.012420725376277782 20.183395863515106 r
2459365.7064699 2398.005354416934 35.9114556629406 26.2696 17.81997462879024 0.01625895761301778 20.63409246537501 g
2459367.694537 4470.778001370268 38.9139650994094 26.182 17.056042236744343 0.009450008901242637 20.459311276513297 r
2459367.7460648 2131.1353075023635 36.1048885577 26.1399 17.818372439257278 0.018393518876581902 20.49855996708997 g
2459369.7048611 4741.693860457563 36.0171552539693 26.2864 17.096566222375955 0.008246805173428266 20.64770146935958 r
2459369.7263426 2154.9864368319895 30.6458956861287 26.207 17.87338864720077 0.015439655850151392 20.743644191715724 g
2459371.6855208 2290.231489504801 29.7207359815576 26.3011 17.90140154575124 0.014089319443491758 20.87102608976536 g
2459371.7275 4716.32295535181 41.3589229915041 26.2476 17.063591159427457 0.009520845607258988 20.45875193672913 r
2459373.7148958 4592.5360412000055 40.7869672639921 26.2727 17.11756856690603 0.009642256470336914 20.498971453342023 r
2459375.7283681 4447.629821220992 60.7436752310322 26.2675 17.14717841625115 0.014827989479625084 20.061322326910382 r
2459377.6876157 2209.1229701727098 30.4606503497789 26.3001 17.939550271456515 0.01497025223642007 20.84332706041358 g
2459377.6920949 3701.1334602472725 30.4213754913356 25.7681 16.847263135678922 0.008923884460177351 20.312727872593356 i
2459377.7129051 4624.833262420918 35.5678813930539 26.2759 17.113159800293914 0.008349716981629009 20.650829996332444 r
2459379.7138079 4541.8450017826635 36.1068643125943 26.289 17.145919227260713 0.008631122939861938 20.64760055436183 r
2459510.0341204 3892.432464333275 81.9424063213144 26.2548 17.279247284807013 0.022855854625159083 19.72360320591151 r
2459510.0365162 3992.832725547677 89.98066910552 26.2529 17.249697209045397 0.0244668432571172 19.620101943409857 r
2459510.0389005 3989.2993807741213 99.3113288016283 26.2724 17.270158426059602 0.027027881186246043 19.532478007010123 r
2459510.0412847 4102.936989529575 109.042860503592 26.2715 17.23876288154673 0.028854411839827857 19.430081899778877 r
2459510.043669 4089.1840467497273 140.934538907477 26.2758 17.246708355499077 0.0374188657547633 19.15583139178859 r
2459513.034537 4003.4000627101664 70.3612992464757 26.2746 17.268527520898918 0.019081595992228757 19.908840363505185 r
2459513.0389236 4044.939305515737 82.5352601736889 26.276 17.258719976524425 0.022153245129879345 19.736976177561672 r
2459513.0413657 4236.835227551927 97.300633083234 26.3051 17.237496063951056 0.024933539225575757 19.58738582416069 r
2459513.0438079 4098.989309062661 137.629649269861 26.3282 17.296508036009882 0.03645398876301482 19.23399498131505 r
2459518.0248148 4200.9761377347095 48.6454251232786 26.2891 17.230724463305446 0.012571920507223503 20.324069981304696 r
2459518.0272685 4128.589582949849 51.2693956515126 26.2894 17.24989571889659 0.01348237254890235 20.267329493821105 r
2459518.0297222 4135.986608724334 45.6575886996874 26.2823 17.24085219011806 0.011985155838437223 20.386092560415484 r
2459518.0321759 4286.367831484645 44.6004538919141 26.3001 17.219876407588274 0.011296910273255585 20.429326792954114 r
2459518.0346296 4118.525213499842 40.2676220996636 26.3019 17.26504567733275 0.01061510007764493 20.542085028593448 r
2459519.0254398 4039.164966397097 60.002651177854 26.2943 17.278571022848176 0.016128303479990024 20.1014488895977 r
2459519.0278935 4098.747678849912 52.0954685596346 26.2896 17.257972040666438 0.013799349129748274 20.25017511781777 r
2459519.0303356 4095.564146042719 44.456420419792 26.2844 17.25361566904563 0.011785027392723135 20.417138761972563 r
2459519.0327894 4221.092271934734 52.1648138754315 26.3034 17.23983788545496 0.013417223499498917 20.262530833775273 r
2459519.0352431 4191.491704381272 45.6202310592571 26.306 17.25007847260308 0.011816767956205893 20.410681287712247 r
2459522.0276042 4231.961678902101 54.45746261034 26.2995 17.23314568390471 0.013970936327425541 20.21193148423731 r
2459522.0300926 4144.3392670324465 55.0473228997633 26.3108 17.26716174816127 0.014420846031523778 20.211534481895576 r
2459522.032581 4075.889817141162 54.269185171215 26.3061 17.28054391179551 0.01445575248197332 20.22229173695724 r
2459522.0350694 4127.916808257385 50.1727574660381 26.3087 17.269372659556055 0.01319613870897591 20.310105063510278 r
2459522.0375579 4142.335391133387 57.9894082397082 26.3108 17.26768685159434 0.015198938420248225 20.155003296766075 r
2459523.0278241 4019.2287560633654 37.9594369661935 26.2963 17.285943187637123 0.010253847993106503 20.60057558384773 r
2459523.0303125 4155.501746366253 38.1275838765595 26.2983 17.25174132709896 0.009961520976613306 20.597776776285517 r
2459523.0328009 4093.7482227836695 38.3105743235747 26.2999 17.269597178010226 0.010160319658061943 20.59417833253235 r
2459523.0353009 4250.612886054601 38.1551052910891 26.3233 17.25217111379117 0.009745652903477156 20.62199334828151 r
2459523.0377894 4169.685932099169 39.568529826573 26.311 17.260741639000265 0.010302827007184911 20.57020020340316 r
2459527.9998148 1638.1666109921066 29.8610624270212 26.2478 18.21190482518939 0.019790511697331335 20.812611850581575 g
2459531.9831019 1549.7080357926116 32.6190336415229 26.2142 18.23857528745784 0.022852359287463053 20.6830972625105 g
2459532.0108912 3499.2194442495766 28.929721322225 25.7971 16.937172052596488 0.00897600134543019 20.396314363802773 i
2459537.0033796 4098.429487142197 67.3085241061192 26.2905 17.258956331209465 0.01783045550771926 19.972899819765402 r
2459537.0327894 1765.2798118828505 60.6927557551699 26.3288 18.21176611361512 0.037327864103937826 20.12353284645155 g
2459550.9837384 1722.4365813397847 26.0029024404744 26.3071 18.216741898705003 0.01639035740733253 21.02212042273961 g
2459622.9434722 4177.640218500699 55.0237936904449 26.3636 17.311272411276946 0.01429977922587975 20.264798663882768 r
2459622.9604861 1754.900618495148 68.3054025738493 26.3834 18.272768682413137 0.04225833348786482 20.04983735092177 g
2459624.8109606 1665.7320674707175 60.0715963080523 26.3692 18.315187133638887 0.03915379513025969 20.175102057178727 g
2459624.8828704 4389.124477872748 52.2459127394893 26.3703 17.26435525540257 0.012923622409714692 20.32774418732745 r
2459624.9434606 3467.0541130677593 32.7607356940634 25.808 16.95809844977931 0.010258948831800221 20.272190874243904 i
2459630.8533796 3566.1835752649567 38.9454302418738 25.8292 16.94869076137576 0.011856667701258448 20.105633724200658 i
2459630.8789815 1889.4497534649397 58.2335371808247 26.4721 18.28126163219497 0.03346167380279825 20.311742062857004 g
2459638.9014236 1712.4550478227811 37.141759330571 26.3733 18.289252049937378 0.023547951320806924 20.701218810288246 g
2459639.0279745 3256.23795214376 46.7155306617341 25.7316 16.949809665532776 0.015575966002746692 19.810521772787858 i
2459640.8698958 1831.9678785486483 34.809762372518 26.3887 18.231405363640086 0.020629706148441725 20.78702234265969 g
2459640.8948032 4188.600824771612 36.5407343407236 26.348 17.29282756523407 0.00947148628704355 20.693631811906045 r
2459671.7984259 3270.463490746213 29.0422619500689 25.785 16.99847673669081 0.009641197306867173 20.379998893475392 i
2459671.899919 1586.3625011256333 25.3167044938458 26.25 18.248993911635438 0.017326648889812342 20.99405705819848 g
2459674.817963 4086.5099073879273 33.8915233074807 26.3189 17.29051860958674 0.009004267134752062 20.746247265859264 r
2459674.8404282 3297.1368279500507 28.9184443072655 25.7497 16.954357574217756 0.009522430103065712 20.349337674151336 i
2459674.8581713 1589.766589766729 30.7850652216862 26.2832 18.27986658576722 0.021024058202210056 20.814924794082277 g
2459676.8380208 3931.350429723125 49.1489064733908 26.2522 17.265845606608536 0.013573190360931136 20.275990340293756 r
2459677.7756597 3238.8362565356892 36.6110152886074 25.7441 16.968127519354432 0.012272488063770402 20.087645557141474 i
2459678.7543287 3923.4917936727898 33.6295833356532 26.2832 17.299018128547004 0.009305904165875687 20.71897127286174 r
2459678.8176042 1707.7466629094038 36.1091946966408 26.2829 18.20184138660703 0.02295642177707636 20.64143048179443 g
2459680.7468403 4148.360857885277 73.5877284331858 26.3279 17.283208680507514 0.01925922056853987 19.913461496729973 r
2459680.7708796 3396.8689508111233 48.9302740305164 25.7877 16.960003019075614 0.015638989694390922 19.816330869154758 i
2459685.7316551 4311.922224812836 79.5622725611163 26.3386 17.251922703063983 0.020033004960648016 19.839407040376337 r
2459685.7739005 3387.71746746146 63.7019770675879 25.7794 16.95463204148418 0.020415290580328475 19.521592710667754 i
2459685.8778472 1842.3740727444745 201.663815484581 26.2419 18.078455466787858 0.118839277924411 18.73290503967587 g
2459688.7772454 1824.0707406503338 61.9535614344989 26.3663 18.21369580745548 0.03687520453590209 20.138709296443793 g
2459688.8356713 2569.109723898274 98.0360272661306 25.7536 17.22914336772461 0.041429804968132415 19.027710729327435 r
2459690.7749884 1692.5231247205832 26.3132110859506 26.3132 18.241863472234908 0.016879091847405554 21.015340364972428 g
2459694.7326042 3865.639916034477 33.4948491662541 26.2367 17.268646507275733 0.009407331911324805 20.67682992311003 r
2459695.8242824 509.0381020608336 38.2679312943083 23.7387 16.97182427256943 0.08161961322350152 18.03418752524686 i
2459696.6916898 1806.5593880260035 24.4914675351944 26.3321 18.189969392646425 0.0147187999903039 21.112137966799203 g
2459699.7114005 1753.9960565071449 27.8860026881408 26.2862 18.17612846847271 0.017261061110254064 20.925309326917287 g
2459699.7612616 3986.8770063850443 31.9660237914278 26.2551 17.25351790486972 0.008704936714820087 20.74595344327564 r
2459700.7164468 3473.7197095735532 29.6689931284705 25.7723 16.92031306798689 0.009272949038117657 20.344117969185938 i
2459701.7573958 1731.5769657565731 29.9723107939583 26.3019 18.20579550001991 0.018792660374055338 20.86267442088679 g
2459703.7758102 3917.378750966398 41.7828518635725 26.2657 17.283211091871557 0.011580101172777761 20.465779791244564 r
2459708.7362153 4087.2478176128097 76.1145314691575 26.3206 17.292022573473083 0.020218384229104425 19.869506043212436 r
2459708.7699769 4104.921337241415 73.6525902979878 26.3154 17.282137902164834 0.01948018261910546 19.900004926137274 r
2459712.7347338 1842.149436251243 87.2038330467516 26.3034 18.140087856212602 0.05139496268637437 19.704636052216514 g
2459714.6915046 4202.574739537122 70.4535182555811 26.3257 17.26691138557196 0.018201076604412583 19.958518275502758 r
2459714.7909375 1454.8768071259783 101.286643654585 26.2062 18.299134448397066 0.07558503130791945 19.444894538877406 g
2459717.7099074 3860.8635218217255 45.3446956477086 26.2614 17.29468887509509 0.012751224120320108 20.37265876098189 r
2459717.7814583 1598.3933528150196 74.1291494886244 26.197 18.187790838000687 0.050351822008054624 19.774602445840493 g
2459719.677662 4067.493612789474 28.0735445940602 26.321 17.29768280091474 0.007493422305553039 20.95283186277034 r
2459719.7369792 4062.086143685218 34.9753977888418 26.3009 17.27902717713696 0.009348100467632074 20.6940683326787 r
2459723.6766319 3107.9779462401325 35.3214496509343 26.0186 17.28740517887681 0.012338729086675585 20.401078690565303 r
2459723.7333102 1413.7409668351847 29.7837795027906 26.0851 18.20917539250692 0.0228728247711234 20.6527254690971 g
2459725.6962963 3242.2493443481444 32.4721058834432 25.738 16.960883972245576 0.010873613227529949 20.21179885306598 i
2459726.6814931 4145.894369137551 26.9227275400739 26.3386 17.29455441810243 0.007050349740661339 21.015877348831587 r
2459726.7140625 1743.7072051431937 27.3943866942849 26.3287 18.22501609476153 0.017056811800891015 20.987121034430555 g
2459731.7352546 3908.8462269806437 41.2979403635082 26.2467 17.266578535666227 0.011470692692686189 20.45945400717803 r
2459732.7392245 3352.7820950845326 35.5884805262269 25.7217 16.908186678594344 0.011524284075595546 20.09600137438792 i
2459733.7132986 4060.1782356586596 37.9689595260058 26.2957 17.274337252840272 0.010152977767168673 20.59970324863503 r
2459735.7350694 3793.641257571314 43.1561399684412 26.2653 17.317659350476266 0.012350830767201459 20.43026850671935 r
2459740.6888426 4083.5465782427846 79.9708512550339 26.2857 17.258106215862476 0.021261996537566673 19.78094569186419 r
2459740.7485648 1399.970638447738 88.4467452129574 26.0938 18.228502681686273 0.06859188945861067 19.479670349749973 g
2459742.6974769 3380.0395398068854 54.9728682632231 25.7492 16.92689554825593 0.01765779434544464 19.651403995918226 i
2459742.7363542 3562.306054714632 115.392587187598 26.1946 17.31527192739547 0.035168716551955886 19.291730212494652 r
2459873.0335069 4045.1311547632513 67.1567712238428 26.3389 17.321568481874298 0.018024658219516605 20.023750469474095 r
2459873.0358912 2966.4854037747605 100.578891693553 25.9536 17.272994460534147 0.03681073319044106 19.19990787490737 r
2459873.0382755 3662.2042685002757 95.1873910016796 26.2395 17.330143588774796 0.028219329899051415 19.545626430726795 r
2459873.0406597 3772.371331746784 123.583995601506 26.2758 17.334263910600836 0.03556785168400316 19.298469408394325 r
2459873.043044 6061.74478681955 185.012441118518 27.6725 18.21600588091126 0.033136995103973284 20.25707265561929 r
2459874.0385185 3713.0495591830945 94.0160633146762 26.2072 17.282873135192006 0.02749040601634227 19.5267698335404 r
2459874.0409028 2308.078592525029 174.0574071001 25.2854 16.87727351769153 0.0818750832404895 17.936243715078277 r
2459874.043287 1471.4176929564762 231.510447718025 25.1241 17.20476006529821 0.17082225821440805 17.465248502028775 r
2459875.0329861 3738.9185274864362 72.1885062926046 26.2351 17.30323499547803 0.02096196017797961 19.84150485018938 r
2459875.0353819 3789.29002180329 69.4121917713385 26.2384 17.292005384378786 0.01988784605362 19.88738559421912 r
2459875.0377662 3714.9166841238834 84.0402373326685 26.2498 17.324927304712084 0.024561112248361657 19.69115681366254 r
2459875.040162 3956.1023919393797 85.9416579374517 26.265 17.271831191272337 0.02358555183324008 19.68206567018455 r
2459875.0425463 4055.960371385224 112.765996655471 26.2578 17.237565742281475 0.030185216658571937 19.37992958248745 r
2459877.0340509 3841.89809812805 72.9160940024702 26.2444 17.28303539619205 0.020605700941692014 19.839916498781875 r
2459877.0364815 3960.8132311966388 88.0364370123908 26.2658 17.271339089756157 0.02413170076072377 19.656718845198668 r
2459877.0389236 4069.1813173882797 94.0578369411873 26.2556 17.231832395306093 0.025095611525266168 19.574687521647135 r
2459877.0411458 4155.106650521619 147.55145507805 26.2772 17.230744561385237 0.03855415233640954 19.107416247534225 r
2459877.043588 3913.64546074104 199.677219768559 26.2904 17.30894629967019 0.05539325410985898 18.79215368643652 r
2459878.0364468 3825.551745218798 73.4137331132936 26.2645 17.307764798254105 0.02083497893884696 19.85263171752233 r
2459878.0388889 3539.7157372589786 99.109992227462 26.259 17.386579033280718 0.030398971710841317 19.521281383963803 r
2459878.041331 4037.8093201111255 118.037326872373 26.2783 17.262935484641698 0.03173828074224378 19.350826574893503 r
2459878.0437731 3619.967672966609 152.186827671989 26.2608 17.36403826946467 0.045643843738546706 19.05743232845685 r
2459879.0341898 3924.9225100118574 56.7680122959363 26.2678 17.28322228284234 0.0157029930635527 20.135115769450724 r
2459879.0365741 3838.5736556740426 57.0273449245963 26.263 17.302575304019093 0.016129581958943078 20.125367108655855 r
2459879.0389583 3934.892819978664 66.522082007948 26.2752 17.287867731531527 0.01835450868428502 19.97036040589058 r
2459879.0413426 3952.854424823612 89.4839770069405 26.2722 17.27992294874918 0.024577872948298763 19.645411795295985 r
2459879.0437269 3847.715068838363 112.352895811356 26.2592 17.296192739592875 0.03170233159162064 19.385314312877668 r
2459880.0362037 3815.3270592348886 61.5469607470144 26.2612 17.30737056830107 0.017513973047551444 20.04075845945181 r
2459880.038588 4167.497187923231 77.4793539679729 26.279 17.22931171136527 0.020184617003892204 19.808610012001555 r
2459880.0409838 4062.274701077899 87.354191323656 26.2987 17.27677677967386 0.02334663519799092 19.698065620125142 r
2459880.0433681 4181.783040750597 111.005464823652 26.2913 17.237896257495677 0.02881991532908576 19.430514089843406 r
2459880.0457523 3872.2269346694998 146.46548458456 26.2821 17.31219799618631 0.04106618214694826 19.120336757136837 r
2459884.0269444 3940.940248170153 46.056756776299 26.2683 17.27930037444898 0.012688297127886033 20.36264160774618 r
2459884.0293981 3820.6875633382206 52.6938783965882 26.2613 17.305946188208974 0.014973677597754257 20.209474576982647 r
2459884.0318519 3762.347261106862 50.1299199831946 26.2665 17.32785280491047 0.014465983692781867 20.268832460665656 r
2459884.0367593 4009.2123537487646 52.8173477750478 26.2764 17.268752350257415 0.014303007528586206 20.22203351589508 r
2459885.0278935 3795.5587481124076 39.1708968736321 26.2448 17.29661070531064 0.011204632982390841 20.514966200524512 r
2459885.0303472 3719.213436507718 42.4631932934826 26.2568 17.3306722445854 0.012395709400862827 20.43934336258362 r
2459885.0328009 3961.7770499977296 43.9889247831524 26.2694 17.274674920353174 0.012054887247402257 20.413616622433906 r
2459885.0352546 3915.0383208057315 40.1968484760664 26.2695 17.287659956663227 0.01114720082266874 20.51159497728875 r
2459885.0377199 3914.3609089201623 38.6561159055821 26.2678 17.28614783585803 0.01072178728922272 20.552329452196812 r
2459888.0269329 3881.010499815289 52.4009628721852 26.277 17.304637955759038 0.014658998060695571 20.231226821021494 r
2459888.0294213 3901.7561040529977 44.5027807783504 26.2687 17.290549703816108 0.012383313513847133 20.40030711682217 r
2459888.0319213 3359.9316182766415 60.1465823496397 26.2649 17.449073903331435 0.019435259962373205 20.06944760194292 r
2459888.0344213 3923.64857747256 59.5564921332498 26.2852 17.300974743099644 0.016479682681143866 20.100452214244925 r
2459888.0369097 4005.3544343756607 52.8543724790526 26.2831 17.276497617749143 0.014326820045690216 20.227972686731768 r
2459896.0298611 4064.823803445017 56.7109206350511 26.2996 17.27699568719816 0.015147285469370735 20.168008245152453 r
2459897.990544 1414.822187098791 84.1199204096048 26.2168 18.34004534560409 0.06455157292662024 19.65712785639736 g
2459900.0191088 3809.444296202291 107.829611209769 26.3136 17.36144593134558 0.030731676272876908 19.484329890857456 r
2459903.9848727 3890.75362820107 56.8161867180932 26.2732 17.29811567221988 0.015854340781879483 20.139594783646896 r
2459904.0167708 1626.436316347918 41.5181208853189 26.3015 18.273407342483367 0.027714717995480545 20.508480766486016 g
2459904.0262847 3413.97618435839 44.4764722527984 25.7918 16.958648782041063 0.014144242173129956 19.92404915681565 i
2459906.9684954 3952.2494241105273 52.7829630137655 26.2882 17.296089137882667 0.014499708088879616 20.23454057407051 r
2459909.958044 3964.76040092778 39.8968991560136 26.2918 17.2962576322777 0.010925266354947383 20.54202713163256 r
2459909.9823727 1652.1283811236838 33.0304736259461 26.3115 18.26639052049419 0.021706052402113537 20.766787986383115 g
2459913.9850694 4000.22575760506 51.1005888981794 26.3208 17.315588745107952 0.013869194572650638 20.302310226408494 r
2459914.9428241 3382.460287709018 45.1516590029381 25.7674 16.94431823400255 0.014492751432328727 19.88329070870531 i
2459923.9638657 1902.0890950735252 80.8685523735426 26.3174 18.119322860724996 0.04615924014251359 19.800525816953137 g
2459932.0062037 1882.699791851829 55.4518536782898 25.5118 17.324847313522426 0.0319775238724079 19.40458481769017 r
2459933.9369329 969.7304111269875 40.8141373508545 25.7539 18.28727246132642 0.04569508021340173 19.979448434990193 g
2459934.947662 3409.0339940962244 49.8554192134042 25.7858 16.954221670164202 0.015877820148972415 19.794094058139557 i
2459936.9837731 4125.687169243741 35.4787646605485 26.3462 17.307459263872452 0.00933645553136262 20.72385376498446 r
2459951.9236111 1186.7103976085718 222.468244815208 25.1797 17.493838131143335 0.20353219613024712 17.56410491812323 r
2459951.9645718 1687.1601061023443 109.576104129124 26.319 18.25110925574203 0.07051303300895696 19.47228535051254 g
2459965.9152199 1738.175793314968 41.0869077403906 26.3586 18.258365756418865 0.025663719346055137 20.57691634699456 g
2459967.9428241 3446.895546424784 68.1618381555544 25.806 16.962429692770144 0.02146955330927963 19.474721754758576 i
2459968.9135648 1760.1609177084151 39.0497990054539 26.3886 18.27471906558088 0.024086642507332733 20.66212798204195 g
2459968.9431019 4103.515914487305 50.0422469466934 26.3639 17.33100969483017 0.013240077202628117 20.368132984875796 r
2459970.8958449 1802.3040675723596 67.3947172108389 26.3875 18.247929842869837 0.040598279609037245 20.068510350792685 g
2459970.9084028 3497.1515586926243 56.4804903480955 25.8021 16.942813864839124 0.017534518404987712 19.674928842946315 i
2459972.9202778 1736.946541395505 36.6458262045799 26.3928 18.293333869446755 0.022905928629413697 20.735313695164724 g
2459972.9641667 4072.1151103710777 44.1486881843512 26.3518 17.327249884701097 0.011770843766099286 20.492080480008013 r
2459979.8073958 1428.9091991870912 115.607942458995 26.2546 18.367088419528713 0.0878401113234745 19.349705809493166 g
2459979.9335764 3990.7895463339164 73.0678404683539 26.3317 17.329052935160206 0.019878210433162784 19.924959309428935 r
2459985.8668634 3468.582428213684 52.2646465908927 25.8129 16.962519950912423 0.01635934217453646 19.769954943961583 i
2459985.892419 4056.067676042009 77.3969606340356 26.3662 17.345937018379107 0.02071708040196471 19.896965223298462 r
2459985.9373264 1570.9306810879252 85.7029883454843 26.3748 18.384407445556015 0.05923096134468101 19.79488507556179 g
2459992.860463 1359.7250749038546 80.46753131212 25.0893 17.25567223371061 0.06425092863110296 18.577823294963043 r
2459996.8788194 133.77634625139012 36.1357187911073 23.5921 18.276151674578752 0.293269707170654 17.94983324446478 g
2460016.7055671 1129.899541529293 28.9166390834984 25.8782 18.24560041894393 0.027785474636499174 20.477905452969566 g
2460016.8521991 2380.008246168591 54.6131798244835 25.7848 17.343353845531713 0.024913161301392234 19.69413132954503 r
2460020.8223264 4032.7342450698966 35.1334439858871 26.3391 17.325100992031857 0.00945868927071253 20.727373179243273 r
2460031.7130903 1735.5653904652343 38.6622724636073 26.3518 18.253197547198035 0.024185564798850073 20.636156546421102 g
2460031.8157986 3375.0989544026165 38.065915796418 26.1603 17.339583723955712 0.012245023135176787 20.4615342826921 r
