jd flux fluxerr zpdiff mag mag_error limitingmag filter
2458202.8351273 1166.13315139371 29.5960758662086 26.2599 18.593029645353262 0.02755470893657333 20.83438965936974 g
2458205.8438079 869.6544250957917 76.1399407950169 26.1383 18.78993322215736 0.09505515217960785 19.686843652211767 g
2458205.8672917 880.4660125586968 71.4390757065906 26.0987 18.736918509642383 0.08809131004301515 19.716435421845492 g
2458210.8098843 1265.099449469988 136.913831518541 26.075 18.31968833314056 0.1174985468074906 18.98645667838037 g
2458210.820706 981.3339267144762 152.606656804318 25.8668 18.387257966125453 0.16883656294974392 18.660441293541247 g
2458214.7987731 69.27243106881184 42.7979065319305 22.9227 18.32129892706628 0.6707673803963977 17.096718674329516 g
2458214.8252315 1171.9576143612599 55.14081689893 25.4716 17.799320237394408 0.05108238060281444 19.37049199967619 r
2458217.8200463 2252.739283501868 27.9592043435049 26.2097 17.827922669035217 0.01347484299583756 20.84596296866308 r
2458217.8463079 2089.0533273495025 27.8910564017387 26.1429 17.843026184063085 0.014495235492043325 20.781812579368157 r
2458218.8262731 2211.1199313955376 25.3051963150372 26.2136 17.852069251501316 0.012425310472370398 20.958150711988594 r
2458219.8185995 1783.9862499484314 36.455504151903 25.9323 17.803821243165626 0.02218612439354014 20.280467217721565 r
2458222.8073495 2252.072041839014 35.96435409422 26.2357 17.854244302232992 0.01733803293797376 20.59859432679184 r
2458222.8197917 2271.3306113820563 35.1358414095783 26.227 17.836299114859585 0.016794993572145596 20.615199093682676 r
2458226.7403472 2280.9595095954073 30.1192111954389 26.2612 17.865906060060638 0.014336259568539367 20.81666600476343 r
2458226.7923727 2277.6047764625987 24.7856722356252 26.254 17.860304087706435 0.011814957811957407 21.02107323338067 r
2458226.8129977 2347.621153822446 25.153089985977 26.2465 17.819929964556827 0.011632502865000437 20.997596627864247 r
2458230.7724306 677.0139677597952 49.3242929954242 25.0831 18.006605927775965 0.079099379710482 19.103022816964007 r
2458230.8146759 1202.4253368897275 22.6703650840487 26.2719 18.571754702735618 0.020469641329596264 21.13582870398359 g
2458231.7729514 2241.873607526508 30.6361896940355 26.261 17.884472189322622 0.014836568412753867 20.79798811431697 r
2458232.8171181 2082.048246651178 24.0621444136793 25.7261 17.42987302734756 0.01254738944304033 20.525339166736874 i
2458233.7065625 2372.6905444950057 48.6552117399948 26.2585 17.82039725115069 0.022263739158346677 20.293251571960845 r
2458237.937419 1076.3671780802877 157.715544269828 26.1276 18.547698884377603 0.1590830433153359 18.88548874160299 g
2458242.7255787 1160.846023960116 19.808326896578 26.2665 18.60456345448473 0.018526057778317055 21.276955502770655 g
2458242.7734491 2262.9115211355956 32.5866192205147 26.2581 17.871431066100563 0.015634412639323362 20.72807672454482 r
2458243.8376852 1989.8513180208513 28.8028462125454 25.7392 17.492148432311723 0.0157153702137221 20.343186475202224 i
2458247.6556597 1936.4014136708304 34.2192974940393 25.7155 17.498011522435313 0.019186048423115817 20.132397265568194 i
2458248.7122338 1091.6634111469148 20.2991276537454 26.2737 18.678478113818674 0.020188239954398758 21.257581552419424 g
2458248.751713 2243.1502406220256 29.924442380781 26.2597 17.882554093697554 0.014483634000282007 20.82220982314354 r
2458254.6540509 1933.234880031635 39.4985968548208 25.7205 17.504788444462143 0.022182315790090244 19.981620819019895 i
2458255.7098843 1085.0825014764373 19.4504849246146 26.2746 18.68594310022109 0.019461553802517604 21.304848905923507 g
2458255.7315162 2161.3297450753716 29.9907330285414 26.2912 17.954397423904915 0.015065234225956535 20.851307287051895 r
2458258.6862963 997.0460065417097 20.5803892433899 26.2271 18.73031200410498 0.022410328565529124 21.196041028028596 g
2458258.7306713 2130.9864476520074 32.0354708335265 26.183 17.861548280605 0.01632150721666133 20.67149721087968 r
2458259.7104745 11.823336077875354 55.6184129071777 22.0318 19.34994991358815 5.107265030410432 15.921328509298121 i
2458262.7642361 1016.2765994650848 64.7077418348211 26.1963 18.678770185660177 0.0691280261171446 19.921484378871494 g
2458266.7116898 1905.0528777038173 52.2204156111249 25.6812 17.481432413256634 0.02976069897720336 19.639174179265893 i
2458267.7073495 1174.2326352496848 94.3095280090179 26.2182 18.543814633793236 0.08719895145617247 19.534386060797395 g
2458267.8116204 2119.2165961740816 68.4635837406306 26.243 17.92756163404183 0.03507471251470738 19.90692591757874 r
2458271.6884144 2158.691926730018 32.0901310095965 26.2384 17.902923331714014 0.016139521719477065 20.725046263838713 r
2458274.6923958 2195.2086406365383 24.6413683157054 26.2801 17.926410491321178 0.012187057341667452 21.053512938681735 r
2458274.8652894 1746.0314977812473 41.333732330045 25.5678 17.462669815108192 0.025701731754413166 19.779613432333733 i
2458277.7137037 978.5115410311257 21.1748541830045 26.1689 18.692485119249557 0.023494397584991493 21.106923918363194 g
2458277.7548727 2118.724703480273 26.6311394011875 26.2058 17.890613674205277 0.013646618647706004 20.89490061933911 r
2458278.6699421 1826.7949947354664 46.5741295115995 25.7408 17.586575467484337 0.027679916222928917 19.82301312287703 i
2458280.7084144 2199.9328032475014 24.1853872652156 26.2798 17.92377646115415 0.011935853183825833 21.073492374506657 r
2458280.7326042 1026.035370004701 21.8852212890456 26.2524 18.724494169373624 0.02315786126691514 21.154597633477145 g
2458283.6812384 2048.343807774333 26.0511198836258 25.7274 17.448892866692162 0.01380808277902562 20.44040899551974 i
2458283.6860069 2287.568256976384 34.2375629351333 26.3043 17.90586484622927 0.016249448279985455 20.72061788021404 r
2458283.6864699 2063.5007157607884 32.2217430452775 26.2157 17.92918844036003 0.016953299873879574 20.697902414123398 r
2458283.689919 2210.708965893286 26.0790931924035 26.275 17.91367106850344 0.01280768835510266 20.986843773464052 r
2458283.7327662 1102.6752370650916 21.0503338521899 26.3048 18.698680945823067 0.02072627251896242 21.249227519132862 g
2458286.7363542 1093.4299785301735 22.0002902644756 26.2628 18.665822558112822 0.021844759709486992 21.159303962169385 g
2458286.7800231 2191.8108783505054 30.2728865639442 26.275 17.922992304794207 0.014995487643171658 20.824940405299778 r
2458288.6863889 2036.271259428934 31.4881889487038 25.7164 17.44431092115981 0.016788886344737432 20.223605782170267 i
2458289.6757755 1104.7931764848834 45.7728723006316 26.2596 18.65139754186672 0.044981819687655994 20.36065457475244 g
2458292.6748611 2007.0272100858867 44.5365931026959 25.7595 17.503116848913265 0.024092039653776175 19.890282509350815 i
2458292.7324537 2282.773166100781 53.1190197135427 26.2287 17.832543103014523 0.025263710192240454 20.16814985982478 r
2458295.6925116 1123.9366055065823 60.0000990722416 26.2011 18.574245460029303 0.057958880637553195 20.00829507043033 g
2458298.6744329 1109.9180087791617 61.4220259231274 26.2638 18.65057275494768 0.060081819573402195 20.04556464674952 g
2458298.7529514 2053.2121858008773 55.4888202490372 26.2001 17.9190154171718 0.029341444864297253 20.09216126077834 r
2458301.67375 2146.6811996501447 42.4802719068872 26.2385 17.909081117965037 0.021484713806979805 20.420606769395278 r
2458304.6773032 2049.9250499373898 31.8566944928482 26.2136 17.93425504369435 0.016872233066248774 20.708173212568077 r
2458304.6937153 1044.2940345529298 21.7849287853476 26.1724 18.625343007154598 0.022648695098959795 21.07958462773243 g
2458307.6734028 2006.4356418867374 37.4456256344733 26.1195 17.86343691517013 0.020262157879690722 20.438572261425715 r
2458307.7288426 952.5675322817299 21.0117777061331 25.9488 18.50156056312654 0.023948419699866195 20.89521799530553 g
2458333.6837731 948.7720085412037 30.2026157491444 25.9397 18.49679534176714 0.034561495937537476 20.492163595655718 g
2458336.674537 1078.4034680783325 31.7586704021958 26.0753 18.493346810356314 0.031973551158089766 20.573219208887288 g
2458336.696412 2043.9782322678325 40.7190976551943 26.1308 17.854609334034485 0.02162876474236912 20.358879625741928 r
2458438.0401852 2337.3177513353075 51.3743245849986 26.189 17.76720560640611 0.023863723351293407 20.164709675961134 r
2458438.0406366 2121.757593708426 52.4002589607337 26.1579 17.84116058705317 0.026813129512233334 20.11214140600695 r
2458438.0410995 2075.868838126228 48.6655207209096 26.1604 17.86740022614078 0.02545255021718223 20.194921552445532 r
2458438.0420139 2127.007431147221 50.9002858977525 26.1637 17.844277481989067 0.025981310450515722 20.149474434915913 r
2458439.0381713 2169.6814767612104 40.2711715123999 26.1598 17.81881004675949 0.020151534397703 20.399889329968147 r
2458439.0395718 2061.076580650675 46.1671009767264 26.1377 17.852464678562484 0.024319145635339757 20.229443478509825 r
2458439.0424421 2127.0189896872635 40.0300593507683 26.1563 17.836871581919745 0.02043265041254718 20.40290940412377 r
2458439.0443866 2090.225502193887 41.7208558297453 26.176 17.87551714467991 0.02167054852541591 20.377691967582706 r
2458440.0419329 1385.0437970090823 40.0725217200256 25.72 17.86634123346881 0.03141181305990608 19.965458306734778 r
2458440.0452894 1218.5671665675097 42.8877869104077 25.6495 17.93487631953071 0.03821149258418821 19.82124089812485 r
2458440.0486458 1926.0278984292015 41.5687624160619 25.9967 17.785043566073746 0.0234322697983377 20.202357251918713 r
2458440.0520139 2034.3683694284257 41.4486151719174 26.0782 17.80712601308938 0.02212026207662386 20.28699992656675 r
2458442.0413773 1647.4992196279861 42.1446572828022 25.8289 17.786836956116126 0.02777327835230805 20.019618672817675 r
2458442.0447338 1196.3790870343455 51.5764289043377 25.5599 17.86522796784002 0.04680500475835542 19.53134681724292 r
2458442.0481019 968.8158698446559 46.4900960969808 25.3576 17.89199688943978 0.05209895802035666 19.44177387943759 r
2458442.0514583 1097.9815294851721 61.6016959323425 25.4132 17.811712414082162 0.06091264695964766 19.19179331735606 r
2458443.0416204 2044.6826975617173 36.9471795523719 26.0986 17.822035195168358 0.01961847326621659 20.432221761331025 r
2458443.0465046 1814.374326498139 34.3979856740391 26.0045 17.85768277008949 0.020583345179042666 20.415742460947936 r
2458443.0514005 509.2476318926108 44.3127119434163 24.3159 17.548577454706894 0.09447331385354876 18.4521541648584 r
2458443.0562963 2172.5016411533634 47.9179005708485 26.1218 17.77939971701 0.023946801081425585 20.17313053407436 r
2458444.0435648 2109.2748603154923 35.1333033842582 26.1784 17.86806705878265 0.018084047841248983 20.566677524293663 r
2458444.0483681 2226.4095768436846 36.2677638819993 26.1994 17.830387346408557 0.017685834473685977 20.5531730400797 r
2458444.0531713 2315.937253748803 42.5370130787662 26.2107 17.79888302807804 0.019941142630207728 20.39135751225264 r
2458444.0579861 2382.1171071866956 60.1156833340559 26.2442 17.8017922299765 0.02739898773191138 20.049305518933057 r
2458449.0125231 2097.2465469266212 66.1239634324959 26.1628 17.858676279969394 0.03423097165369782 19.86447779655471 r
2458449.0634259 2444.6102893205302 75.6282872205315 26.24 17.76947591158347 0.033588024968246824 19.79586432692728 r
2458463.0190046 109.80179075599791 32.044711667369 23.5651 18.46357644231258 0.3168522409126745 18.053284068577554 g
2458473.0404398 1313.1318295177487 26.9126737145699 26.2387 18.442929178763134 0.02225145198303459 20.916382873903142 g
2458476.9873958 2347.3714305741455 54.697090917523 26.183 17.75654546359851 0.02529835322850027 20.090664417022158 r
2458476.9896991 2456.8812844452464 50.9553270707375 26.2314 17.755439569886434 0.0225172453186688 20.216001005227803 r
2458481.0418634 1259.6777240778638 54.814458292555 26.2467 18.496051376406747 0.04724387534263357 20.15203717285406 g
2458488.0190509 1331.319301235617 25.0241714866527 26.2534 18.442694429055443 0.02040738308071034 21.010075720308173 g
2458488.0450694 2490.5037238438363 27.2335651491808 26.2802 17.789482011416407 0.01187208892698672 20.94501374265302 r
2458491.9969792 1314.830920524502 26.7916422717913 26.2275 18.430325228210005 0.02212275780895112 20.910076649734748 g
2458492.0488773 2357.091683116225 36.0326520410088 26.2222 17.791258811299432 0.016596999854160646 20.58303441958839 r
2458493.9941204 2377.88018283657 24.1903619777048 26.2818 17.841325081236015 0.011044911425210854 21.075269071485558 r
2458493.9964468 2274.6016842658005 24.9182183760021 26.207 17.81473660902348 0.011893822939622909 20.968282520308854 r
2458495.0494213 2399.083556260775 22.277942725161 26.2676 17.81748656495845 0.010081834104355059 21.15048728147427 r
2458502.9648264 1255.736814610363 65.938039632737 26.1878 18.44055343322369 0.05700950135118527 19.892534911082844 g
2458503.9796296 1423.5958852722035 83.6061354623602 25.6125 17.72903318985213 0.0637619019628792 19.059479615548256 r
2458505.9645949 1306.2052112430347 94.3237348130034 26.2585 18.468471469770765 0.07840060505425724 19.57452251762119 g
2458506.0451157 2527.118668157979 69.5476778329828 26.2915 17.78493591012291 0.029879053474883822 19.93836840499896 r
2458507.0209028 1452.409388519562 96.4150103215014 26.31 18.404777381067753 0.07207181221318869 19.602213358958696 g
2458507.9860764 1372.5992338423555 101.734348022047 26.2768 18.4329406196496 0.08046994266370258 19.51070597366833 g
2458507.9897569 1412.4508801558336 78.1596269976328 26.282 18.407066616024764 0.06007848359439423 19.80211879384607 g
2458511.9816667 1329.2163299919816 32.4158125481512 26.194 18.38501082966703 0.026477140619947145 20.66968270845922 g
2458511.9953009 1304.649417085827 29.9155640492867 26.1784 18.389665438592495 0.024895061817341774 20.741231999780446 g
2458511.9957523 1292.4872952085925 35.0243682637857 26.1117 18.333134293018162 0.02942075853662855 20.503349212564935 g
2458512.0398032 2169.7276297339054 41.1214736178058 26.1061 17.765086951470625 0.020576584496150366 20.32350331535106 r
2458513.9584838 287.36082561028115 25.587711058785 24.1987 18.052631093121875 0.09667489588229018 18.931196394313037 r
2458522.9356134 1498.878923321336 26.4059239716687 26.2427 18.303283618108036 0.01912690292056001 20.9410215678569 g
2458522.9700116 1421.2550533068263 26.2505771372831 26.2313 18.34961994539224 0.020052876175628637 20.936027848873394 g
2458522.9920139 1422.9305571747018 21.7356933875365 26.2359 18.352940735333448 0.016584394924868465 21.145541241360455 g
2458523.023287 2659.077528301471 37.3462567833071 26.3393 17.777472500388015 0.015248457616629353 20.66125729170788 r
2458524.9553356 2282.3933309727004 30.4605424390384 26.1681 17.77212377583406 0.014489619504789709 20.71133090677943 r
2458524.9557986 2454.7669639002993 27.2950471953133 26.2257 17.75067432514163 0.012072116488347545 20.888065365228897 r
2458526.9549537 1128.1710858494305 31.2694603926827 25.9359 18.304962587747436 0.03009229147436827 20.450674022101733 g
2458538.9003935 749.6200830709578 73.2012406067884 25.3733 18.186196966953375 0.1060198208687363 18.96457888541709 g
2458538.9613542 1239.5618158378163 96.0888878447701 25.4351 17.701929526197947 0.08416176119668127 18.73099207219293 r
2458540.8099537 1362.333507025934 35.5959473595253 25.5881 17.75239140409272 0.02836788484532292 19.962173599535546 r
2458543.9847917 740.050243062483 26.3307850828759 25.4671 18.29394698599665 0.03862890882405226 20.168515468428794 g
2458547.8761458 1523.774781799728 26.5430020814544 26.2141 18.256798045498947 0.01891207132710154 20.906799886350942 g
2458547.9196065 2228.889620834864 29.4582601154613 25.7507 17.3804785953419 0.01434922245964638 20.330257257517353 i
2458556.8785764 1488.5546130099278 39.8256436015864 26.2325 18.300588067652725 0.029047440302382765 20.484667981815136 g
2458556.9008796 2219.31644867222 38.8408799087533 25.7015 17.33595192004685 0.01900114034758892 19.98085233931491 i
2458556.9204167 2564.5016056813797 34.315550905963 26.2465 17.723992561696054 0.014527732615205414 20.66034755041428 r
2458559.7723843 2508.140491941566 49.6040047486115 26.1977 17.699320351056567 0.02147210976761433 20.211483138155565 r
2458559.8559954 1637.5323015171098 52.8807623517784 26.2651 18.229625311191935 0.035060464842211196 20.209430720413796 g
2458560.7978704 2233.842496357411 39.6920513004704 25.699 17.32636862838034 0.019291270609808384 19.95481612917761 i
2458562.814213 1207.26653775192 147.012337345631 25.9651 18.26059209174965 0.13220882851053556 18.79929053296472 g
2458562.8976736 739.8769426118523 230.893025909027 25.3922 18.21930126685078 0.33881385375316453 17.73624795087922 r
2458567.8102546 1322.227924181923 49.268090355148 26.1515 18.348234187991217 0.04045472397028618 20.172660666093662 g
2458567.8376968 2160.003435160436 36.2169966147017 25.678 17.34186389542124 0.018204041986470756 20.033293907880232 i
2458567.8613773 2356.694216855079 37.7875760587099 26.2154 17.784641909776994 0.017408270887891847 20.524602403326774 r
2458567.9494792 1288.6787494483947 53.5220015825637 26.1722 18.396838332548104 0.045091794322721854 20.10344412281323 g
2458572.8345949 905.03654631021 24.5012370028027 25.778 18.386334707952756 0.029392175512020866 20.55760496090887 g
2458572.8571644 1746.4743819664584 29.7435473510245 25.92 17.814594450992267 0.018490147747055527 20.489093081124295 r
2458573.8508218 2068.903436546821 27.9468011077921 25.6601 17.37074944751828 0.01466566366836968 20.29684472879535 i
2458575.8147222 904.6095858195006 20.8122697869054 25.6487 18.25754703626174 0.024978600339695956 20.60547637174323 g
2458575.8749653 524.1059017058261 34.2483341081681 24.7693 17.9707523747187 0.07094637976831768 19.185276360189246 r
2458580.7979861 1461.219844125661 22.9457733780548 26.2487 18.33691109618768 0.01704892405937769 21.09951823916483 g
2458580.8155556 2435.8536258163845 29.5994125427931 26.2289 17.76227203169293 0.013192944706166389 20.80326725981962 r
2458580.8268287 2270.0821888243586 32.4029617169814 26.1662 17.776096046987757 0.015497190238008895 20.642313219927644 r
2458581.8798843 1854.816630888967 25.6064498292937 25.5459 17.375147546833123 0.014988501891068278 20.277601562944398 i
2458582.7695602 1764.7995295944056 27.3798509665122 25.9209 17.8041615516616 0.016844011852821684 20.57989728950775 r
2458583.8148264 2390.638531487299 31.4196200228947 26.1795 17.733215212416496 0.014269108863410792 20.689072667807288 r
2458586.7945833 2063.071033824159 29.7374183419322 25.6628 17.37651454632165 0.01564944423362381 20.232116832941934 i
2458586.8324769 2456.9450549034227 35.387128203787 26.2147 17.73871138903898 0.01563722599908192 20.595161690496 r
2458588.7374306 28.54756916899153 89.4986550886578 22.8679 19.228977165256236 3.4037465415899844 16.240933716288136 g
2458589.7497685 1992.9322242107567 71.7247112405299 26.0604 17.8116686764196 0.03907384207442483 19.673802967966186 r
2458589.7728704 1679.339305029608 128.686880926519 25.7783 17.715453868031286 0.08319661559964404 18.757039302389092 r
2458593.7783333 2338.630000246853 87.4573302702789 26.2202 17.79779620858303 0.04060172984372011 19.61828444940548 r
2458593.8218171 2116.222035640887 64.6610978224715 26.1634 17.84949691933935 0.03317352939508393 19.88936730457867 r
2458594.7970949 2047.9223661290316 48.3176577984316 25.6684 17.390116277200505 0.025615463720391824 19.71071030498399 i
2458596.7320023 1230.119865588908 28.6378358041152 26.2134 18.48853141971964 0.025275665569097067 20.82362450236827 g
2458596.7740046 2325.4029379025183 33.3440946462766 26.2206 17.804354457961324 0.01556791856043492 20.665627664115313 r
2458597.7496528 2098.045740090196 23.5528361018698 26.14 17.835462619655207 0.012188158564503327 20.96246696429472 r
2458600.6831597 2001.846852684834 26.8590516750684 25.6477 17.394122876055306 0.014566984664442152 20.32754830224067 i
2458600.7335995 1261.597093921914 24.0136613597139 26.2038 18.45149830017904 0.02066557719881295 21.005229034343078 g
2458600.7765972 2359.562053507982 21.958364042865 26.2387 17.806621491933406 0.01010365283926104 21.137275036966905 r
2458606.7459144 2077.198331230574 27.1838056750659 26.1332 17.839505087445538 0.01420830037155609 20.799999346764924 r
2458607.7727662 2018.4918699249833 21.8811859592425 25.6507 17.38813248875013 0.011769382849598737 20.553097846560796 i
2458608.7712384 2065.1609993999664 24.0037439267821 26.0971 17.809715213014826 0.01261928962869206 20.89897752655465 r
2458633.6647454 2013.1564695858438 27.0626580022074 26.0889 17.82920617227061 0.01459495485665909 20.76054886595224 r
2458633.6651968 2118.8399583225355 25.1884608066405 26.1134 17.798154613699992 0.0129066434632562 20.862970914559778 r
2458835.983125 2120.810777641581 101.191631609335 26.2458 17.929545195625195 0.051802714130125056 19.485513492884728 r
2458836.0474653 1099.2913546232153 63.9993526822732 26.2974 18.69461796881502 0.06320808120151172 20.034536035760333 g
2458847.0470833 1164.1572560730067 23.2273572494845 26.3206 18.65557087646657 0.021661971897878936 21.158175489977538 g
2458847.0688657 2314.656040868554 35.387241197972 26.3238 17.912583840612022 0.01659854729613367 20.704258223651188 r
2458851.0201736 2377.1776028540467 43.0653797494474 26.3025 17.862345925509075 0.019668737724030192 20.469754286242427 r
2458851.0443634 1132.6577248275205 27.313179580492 26.304 18.668753271846946 0.026180829760425486 20.965644338784603 g
2458851.0633333 1129.7013049161412 36.7552844200982 26.2735 18.64109092397839 0.035323684341378024 20.61277551975897 g
2458851.0637847 1151.0010957222046 39.5647130214361 26.3342 18.68151065733325 0.0373200417332535 20.593504939248113 g
2458851.0642361 1155.984130626341 40.7405985094483 26.3402 18.68282031969512 0.038263559706258235 20.56770647711658 g
2458857.0622569 1205.5603753332114 24.0732316169061 26.3257 18.6227275874024 0.021679799785432562 21.124439003274638 g
2458861.9979745 1154.4000681315974 78.5405845702176 26.3099 18.65400914070728 0.07386651735554525 19.82473966576096 g
2458874.0450347 1179.82260665807 22.6037458701908 26.3142 18.63465821635549 0.020800488779224132 21.181323949261625 g
2458877.044213 2287.4315047000778 26.7588232734544 26.3245 17.926129754165988 0.012700731964342984 21.00840746091619 r
2458879.9828819 1093.6306605643672 36.9519984970801 26.292 18.69482330643513 0.03668403439564926 20.625480160223034 g
2458880.0247454 2255.5387053349914 38.5952011536302 26.3028 17.919674289882558 0.018577739230714256 20.58904171725127 r
2458883.9809606 1111.7129782374695 37.7062564884635 26.2921 18.67711831079132 0.0368239675805784 20.60364144567609 g
2458884.0403356 2310.921976467749 40.6783516476689 26.2867 17.87723679333548 0.019111197536569223 20.515866623421676 r
2458894.0026042 2132.9475880622335 43.3270216083544 26.2912 17.968749540343865 0.022054056847653717 20.45187789982549 r
2458895.9601736 2025.3209337678488 29.723025488774 26.2438 17.97756537097422 0.015933419852194593 20.81364245438241 r
2458901.940625 2161.137899076684 28.180949612192 26.2842 17.94749380132809 0.014157383018931182 20.9118859306061 r
2458903.9393056 2246.6870928023372 29.1535526538658 26.3058 17.926943524261656 0.014088304605347565 20.896646275474055 r
2458904.9409722 1030.1638828552327 29.4148373163517 26.2883 18.756034200960077 0.03100059068839527 20.86945886217928 g
2458904.9760532 2205.6164872894387 34.4065185874118 26.2892 17.930375001196516 0.016936379214439086 20.70017316192085 r
2458908.9560069 2160.972296689924 23.938282182495 26.3098 17.973177001662577 0.012026897802135072 21.11464253390781 r
2458911.9335069 1035.8162432745244 30.3621096280552 26.2729 18.734693207061525 0.03182431501457251 20.819645129072963 g
2458911.9540741 2192.1831698312076 35.4488442028282 26.2715 17.919307902016353 0.017556384284244806 20.650069789834518 r
2458912.9397106 2181.2299503863815 28.3945637488157 26.3023 17.95554636915771 0.014133300277042484 20.921786987623538 r
2458914.902581 1693.3677900915839 49.5144688149217 26.0376 17.965721763233468 0.03174612101807668 20.053344678275796 r
2458914.9750116 856.1007890272699 37.1534965754385 26.1503 18.8189877567019 0.04711775967148266 20.477875758726007 g
2458936.8083681 1002.798158591946 20.9739327169009 26.2428 18.73976618048741 0.022707858561201586 21.191175312959196 g
2458936.9160764 2167.367780789835 26.946437763673 26.2772 17.937368467414668 0.01349828475781732 20.95352158685898 r
2458937.8915741 991.2114159069625 17.630732377228 26.2601 18.76968426194709 0.019311406058052427 21.396999106201996 g
2458939.884537 361.76779109731353 50.2004524347122 24.3873 17.99122525463152 0.15065639492960314 18.388105910987967 r
2458940.8814352 748.9437556203645 24.0160341268815 25.9957 18.809576989599428 0.03481464136109591 20.797021759075335 g
2458940.9032523 1080.5536646933997 35.730623540797 25.5378 17.953684148533377 0.03590079719849037 19.90777350113325 r
2458941.8802778 2142.608209706315 32.1673347560371 26.2902 17.962843088399175 0.01629979535522105 20.77423729250787 r
2458954.761956 2107.5528505273287 26.3045273690591 26.258 17.948553814706337 0.013550704248029554 20.96049873179637 r
2458954.7931019 962.4625916376209 22.9132782232674 26.2449 18.7864403534086 0.025847182408070043 21.097256917820616 g
2458954.8146991 1865.4790373093672 27.3209726311307 25.7027 17.525724067083235 0.01590067719463709 20.364034598560263 i
2458954.8307755 1939.495041339133 21.3000266313544 25.729 17.509778316032207 0.01192343286306853 20.660624623069793 i
2458955.7764931 2165.236733779243 34.0940057303707 26.2823 17.943536534011674 0.01709552652788008 20.703179914630212 r
2458955.7915972 2058.0431899296705 23.0451526890188 26.2309 17.947263788521777 0.012157238680361573 21.077026014281262 r
2458955.7920486 2067.2681610929244 25.7925098278665 26.2234 17.934907960186646 0.013545861367743437 20.94724097742136 r
2458955.8153241 1057.3816652277199 21.4818475480357 26.2714 18.71082056109799 0.022057165023643098 21.1937959137453 g
2458956.8125463 2192.754292817015 28.9268707942151 26.2679 17.915425075220373 0.01432258220821103 20.86722134976072 r
2458963.7874306 1028.4156096416366 18.792744893568 26.2903 18.75987835027476 0.019839530769137723 21.35789944323721 g
2458963.7878819 981.8312064211902 17.0248118391557 26.2916 18.81150792111507 0.018825881773655975 21.46646918735545 g
2458979.7886921 1004.9726232290653 36.6069922474932 26.2858 18.78041442208259 0.03954755638556773 20.62946487099724 g
2458979.7891551 1027.8100622654706 39.7112262272321 26.2757 18.7459178372124 0.04194790447942702 20.53099174496422 g
2458985.7069097 1077.4493759840805 21.3616355213232 26.2798 18.698807815092692 0.02152521334407759 21.208288737335423 g
2459069.6565625 1849.728638918045 61.6003898403341 26.2093 18.041529948268956 0.03615640794142126 19.98791633760562 r
2459069.6609259 816.1461949674756 49.1047646311732 26.2683 18.988880099497894 0.06532290818581753 20.29306590484877 g
2459069.7266088 1564.6022481170176 63.7649367302791 26.009 18.022990125171113 0.044247406579775224 19.75012015640649 r
2459069.7313194 589.4318804164528 70.4128865170198 25.7146 18.788515945754973 0.1296965322566467 19.348044618610086 g
2459070.6520139 1840.072684213333 60.4175816288421 26.23 18.067912554256978 0.035648248537789244 20.029666645368145 r
2459070.6563773 886.5115014256047 56.3679051303983 26.2937 18.92448906393862 0.06903309714725589 20.168695251906094 g
2459070.7259144 1388.2804760061347 67.0987004752042 25.9757 18.119506959925687 0.052474309309243135 19.661489716379542 r
2459070.7306481 578.3936192571105 67.0066194735767 25.6968 18.791241266880256 0.1257778169404795 19.384080719018172 g
2459168.0361458 2352.489351869473 57.191889474771 26.2478 17.818980834135182 0.02639469307413218 20.107038877234107 r
2459168.0408912 2330.917312551072 53.9867858580825 26.2582 17.83938283114894 0.02514608866239476 20.180056308639397 r
2459168.0456366 2370.3949232846585 60.5187645310922 26.2607 17.82364822915732 0.02771910368435949 20.058549855471686 r
2459168.0503819 2442.352779602351 72.9525203353784 26.2655 17.795979013171678 0.032429611311522305 19.86047423834502 r
2459168.0551389 2571.492012763589 118.213070741357 26.3043 17.778837050725578 0.04991029731644383 19.375211242022583 r
2459169.0517014 2093.053525630054 76.3738879227126 25.7646 17.462649163280688 0.039616344781593024 19.309812740282055 i
2459170.0372801 2431.86936279569 63.3399017639998 26.2592 17.794349396422604 0.028277888770356634 20.007581525473988 r
2459170.041956 2486.2470452849716 59.9060504067286 26.2711 17.78223929998269 0.02615990999363075 20.07999827018348 r
2459170.0466319 2193.448532377834 71.4149956243588 26.2743 17.92148137883318 0.0353485662439106 19.892401454358204 r
2459170.0513194 2354.4700831879236 76.8414581785667 26.2974 17.86766705875175 0.03543335366211621 19.835985995064767 r
2459170.0559954 2483.8086718526592 142.240979319463 26.2969 17.809104652437178 0.062175091421978065 19.16691315484899 r
2459172.0513773 2487.0940579543044 48.9327579645214 26.2946 17.805369475226744 0.021360790578937156 20.323175753407266 r
2459172.0560532 2399.365351486597 73.3994004898192 26.3157 17.865459042383865 0.03321283649546019 19.904043707388396 r
2459174.0403704 706.6526362200605 57.8117447002635 24.9862 17.863185041338234 0.08882187372400874 18.833734798801935 r
2459174.0450579 858.467503009713 46.4571451147476 25.2477 17.91339035064812 0.05875414302142872 19.332643694128702 r
2459174.0497685 1060.9040206317238 46.776488721326 25.4398 17.875609761725194 0.0478697722104052 19.517305943242484 r
2459174.0544676 1154.2022038143107 53.9991756664586 25.5305 17.87479525197993 0.05079431041400616 19.452107163965533 r
2459174.0591667 1434.5722419581934 69.1984615484523 25.8139 17.922093941839098 0.052370154326005766 19.466233891328933 r
2459176.0404745 260.66061925890716 49.5204509727077 23.8385 17.798311443276315 0.20626189630765082 17.854113511505272 r
2459176.0451505 728.2130721972889 40.3138368849602 25.1419 17.986253823213396 0.06010429416480372 19.38083965349785 r
2459176.0498264 565.8372459655293 44.5088643715242 24.808 17.92627117177997 0.0854013665461458 18.939458705288757 r
2459176.0545023 402.82587690813415 47.8007168554521 24.49 17.97720659704976 0.12883293071512308 18.54398896499196 r
2459176.0591898 226.9233626239025 69.3026396847515 23.944 18.05430197385831 0.3315739509397225 17.59470054697789 r
2459178.0417014 2356.861926251654 38.0709179049092 26.2852 17.854364648296155 0.017537554961947536 20.586291619278537 r
2459178.0463773 2473.911350069469 41.3391250753173 26.3003 17.81683966724971 0.018142076147155267 20.51197178732527 r
2459178.0530093 2428.734048296613 45.5465884189175 26.2978 17.834350096973203 0.02036037296100836 20.404235357859235 r
2459178.0576968 2579.234369065487 62.1533923595678 26.3166 17.787872981833097 0.026162778727716874 20.085512895137597 r
2459181.0585417 2508.2073921244914 72.0218502917736 26.3185 17.820091391362226 0.031175301973552894 19.92741430289 r
2459185.0123495 2379.1572710665105 76.5849247818012 26.2797 17.8386421213688 0.034948615565178046 19.821916763786316 r
2459185.0285764 1309.5813577411677 81.3015674679488 26.2254 18.432568789640424 0.06740254149020802 19.702727692329812 g
2459187.0260069 1238.8443959235835 129.072095308938 26.2492 18.516658098538475 0.11311636420039789 19.224694088437133 g
2459189.0139815 2489.2881265423603 59.6133351321755 26.3073 17.81711208097212 0.026000283881521806 20.121516440206854 r
2459189.0382176 1263.6735564885882 52.4968794592591 26.2998 18.54571275604799 0.04510331148124513 20.25204126749757 g
2459195.0128125 2495.5528409527283 35.8669254766574 26.3092 17.816283074822007 0.0156040458655007 20.67503961310633 r
2459200.017963 2429.708462072394 41.0709289668679 26.3277 17.863814584429132 0.018352287229265074 20.54643867391638 r
2459200.0438773 1401.5802110937243 31.0303508647818 26.3314 18.464855107337584 0.02403690610586165 20.85450827354975 g
2459203.002581 1325.3697589201643 29.6528844949233 26.2905 18.48465735741937 0.02429068301842663 20.86290762439518 g
2459203.0435764 2611.2033185797463 43.2494029156227 26.3435 17.80139827745196 0.017982466708502516 20.506124698804705 r
2459204.9711111 1226.5583204358516 28.6171568202361 26.2316 18.509879492795417 0.025330754063687642 20.842608780609247 g
2459205.0080093 2590.291031032851 28.3107042385774 26.3596 17.8262285955199 0.011866207782670453 20.98229830734698 r
2459205.0390856 2233.1340112297767 24.8777647902462 25.802 17.429713034919637 0.012095014941757182 20.56504659562325 i
2459207.011088 327.11568417501337 51.1245752095645 24.356 18.06924658078077 0.16968294089905941 18.33700070788838 r
2459207.0528588 635.4962291931375 32.3875849815542 25.4859 18.47811755512533 0.05533187987459597 19.962528575315996 g
2459216.0076042 1306.2415634861327 88.2830872622231 26.3247 18.534641253693756 0.07337765886486676 19.712581209044206 g
2459216.0094792 1264.6856847296365 84.5303755600092 26.3126 18.557643493234423 0.07256714443250895 19.74764299289268 g
2459216.0427199 2534.06754600544 62.1466852368423 26.34 17.83045453276081 0.026626226387690317 20.109030065876677 r
2459216.0456713 2565.430224145027 72.1151342741594 26.3506 17.827699482516504 0.030519403936448183 19.958108947957037 r
2459216.9838889 2153.627959677475 46.1966489785286 25.788 17.45507329787643 0.02328893510627517 19.879048804756437 i
2459217.9765741 2532.848365883943 53.0511710140508 26.338 17.828977023382958 0.022740270260850716 20.278837552528497 r
2459221.9508796 1968.1817643022785 66.9692477579619 26.0647 17.82953699089444 0.03694197030455389 19.752586437444446 r
2459221.9724306 699.8652056055502 66.966837918363 25.4847 18.37216399317436 0.10388557017212878 19.172625507573866 g
2459222.9821065 2275.177222418603 48.2539429628323 25.7795 17.386961921999838 0.023026472557181783 19.823242972834215 i
2459223.9839815 2539.9390466264754 42.0302417576911 26.3522 17.840141763599178 0.01796587738470872 20.54587026898045 r
2459224.0398958 1307.6130906295525 32.3819420788461 26.3598 18.56860185077421 0.026886450408718975 20.83661776007814 g
2459225.9837963 1179.5961615584763 41.9508341982246 26.2701 18.59076662331324 0.03861153687448193 20.46582348601671 g
2459226.0231019 681.8139991381889 84.8689810479513 24.9609 17.876735214991157 0.13514279970817303 18.39160251918163 r
2459227.9832755 1228.8463873273274 27.4603047913046 26.2683 18.54455600740078 0.024261496977472055 20.924111605884157 g
2459228.0049884 2322.4808826125495 36.0358406375442 26.2444 17.829519630483325 0.01684582743956591 20.605138345018922 r
2459229.9886343 2219.463376002635 45.4039037203843 25.8051 17.4394800424911 0.022210331921765723 19.914942003969948 i
2459230.0238079 2505.7962041321634 45.2794001423437 26.3558 17.85843563245671 0.019618452870778517 20.468623327355377 r
2459231.9563426 1317.5165632828623 24.4563552540674 26.3381 18.538709790768362 0.020153268383344324 21.119695653299555 g
2459231.9844444 2533.125684346876 25.3513917913188 26.3714 17.862258153964056 0.010865629857182325 21.113970471436534 r
2459232.9693287 2257.5729016715636 28.9508781187603 25.8195 17.435395541315234 0.013922902932731449 20.417920636674168 i
2459248.9224074 2261.4673716352445 47.3302405573297 26.3359 17.94992418464259 0.022722610468589623 20.400628209689977 r
2459249.9642593 2241.5252757369867 43.7666810819677 25.7931 17.416740899020667 0.021198728457375592 19.94281595312966 i
2459250.9284375 2316.6796124554585 38.8649606014569 26.3436 17.931435058127185 0.018213864143379915 20.62227940969806 r
2459250.9769213 1194.2620738360051 30.8247356314811 26.377 18.68425089840261 0.028022672919356735 20.907326587773277 g
2459252.9853009 1197.251476437885 22.4461745896549 26.3985 18.70303654679413 0.020354797827850213 21.273219147656228 g
2459253.9641667 2092.6296795241906 29.9388884076852 25.8044 17.502669048561728 0.015532920832707742 20.366385810379047 i
2459254.9251505 1437.4384880192115 26.7345007297808 25.7675 17.873526827266105 0.020192618803689003 20.45239479414216 r
2459254.9585301 495.96575728193073 18.0948422897285 25.422 18.683370768133734 0.0396107392204312 20.530687983522483 g
2459256.9410185 2348.501672493509 26.2593001957807 26.3772 17.950222815490797 0.012139536691191308 21.08156711900712 r
2459256.9655787 2122.989024001488 27.2382996933764 25.8143 17.49693062790096 0.013929710254158165 20.478925004262145 i
2459256.9889931 1173.2561074128903 22.7558783771556 26.3741 18.700617940948028 0.021057684675988075 21.233940979315605 g
2459260.901412 1764.7425244590202 39.2891592582198 26.0488 17.932096622805904 0.02417136755953986 20.315693150359152 r
2459260.9841204 502.3804955714863 34.5250922901949 25.3153 18.56271807499894 0.07461255568217184 19.722537868711136 g
2459262.8956481 1627.0215032061371 32.7155601462088 25.5048 17.476316768146397 0.02183086307141372 19.97048908775855 i
2459263.9605093 2355.077914855852 35.7425925288934 26.3657 17.935686800496732 0.01647747298033439 20.73530986382835 r
2459265.8534144 2142.227408064005 23.721139940042 25.8166 17.489436071359485 0.012022085767345448 20.631336100176625 i
2459265.8730556 2387.4118430303347 33.6314779332516 26.3633 17.91848164024256 0.015294259219969582 20.79901010721351 r
2459265.9201968 1134.7413877081942 32.7080002981605 26.3632 18.72595776179105 0.03129442206689367 20.829140006562398 g
2459267.8795602 1140.7223411620062 44.7985662682775 26.3535 18.710550131670615 0.04263772317102476 20.477914701471477 g
2459268.9076157 2135.7728633314537 26.6933674823275 25.828 17.504112339603722 0.013569321706970939 20.51456657579086 i
2459269.8507639 2070.9883857607992 44.3101485021625 26.2618 17.971355841629407 0.023229260269909735 20.398116975310803 r
2459269.8715741 1769.6352528078119 47.273721652874 26.0607 17.940990596831053 0.02900319685488283 20.12672550478604 r
2459269.9347106 1132.9401613557757 44.9005386516591 26.3624 18.726882569294013 0.04302832265719094 20.48434611148238 g
2459270.8946181 2215.385021295903 59.9775451040156 26.2855 17.921876962436272 0.02939336507806611 20.09310327414729 r
2459270.895081 2244.464012311908 50.6723434662197 26.2762 17.8984183841874 0.024511403613287 20.266847514750964 r
2459271.8410764 2053.416875269928 61.1185730360704 25.7995 17.518307183014702 0.032315130719152624 19.586641974136274 i
2459271.9209491 1317.1395671245841 100.358085533204 26.3691 18.570020509405353 0.08272378735175717 19.61779406924881 g
2459273.8977894 1251.1000723276575 160.743540144511 26.2847 18.54146987700249 0.13949264762666388 19.02194116714387 g
2459273.9453009 2394.637127507993 127.53496239882 26.3049 17.85680072071834 0.05782283548760217 19.293401843010983 r
2459276.8794329 2286.983672351559 57.3153026941423 26.3491 17.950942339940205 0.02720929969344557 20.205998513283824 r
2459276.9390625 1127.2677300323137 52.9558902951712 26.3405 18.71043231310816 0.05100315440753305 20.283289304660535 g
2459278.8941204 2080.0261786420037 34.8219127119742 25.8113 17.516127997727445 0.018175805198794696 20.20924343281541 i
2459280.8775463 912.6476223177947 31.7774045337348 26.0728 18.672042183281 0.037802901425039066 20.570078932462074 g
2459280.9200116 2105.2243098359845 42.4163810377725 26.2479 17.939654059150357 0.021874849476869962 20.431640959682912 r
2459291.7987616 1107.046838638219 22.4099090186975 26.3024 18.69198500983619 0.02197778573807122 21.17887475576048 g
2459291.8307755 2034.770085283215 23.7265517875423 25.7867 17.515411639725663 0.012659866322021937 20.60118842369007 i
2459291.8752778 2097.2753869414764 26.7163356900915 26.1932 17.889061349710946 0.013830289450462972 20.878832759844173 r
2459294.7687731 969.726188661388 44.6886447259925 26.1934 18.72677718892257 0.050033155901445796 20.320482029167586 g
2459295.8492245 2062.929382138867 26.1052436378766 25.7494 17.46318909617514 0.013738940005913759 20.46015561216808 i
2459297.7900116 2199.5203047399796 58.8745297906761 26.2818 17.925980061262777 0.029060916989940438 20.10955636016068 r
2459297.8000116 1116.0501484733843 64.008866754948 26.2999 18.68069072604998 0.06226819353136295 20.03687464341815 g
2459300.8396644 967.2076220045615 118.731848366086 26.3108 18.847000724274643 0.1332776591481944 19.37695691724929 g
2459300.8406019 971.7798400005867 111.237468433124 26.3042 18.83528028702313 0.12427765478008869 19.44114724782284 g
2459303.8378125 2239.9722393763373 82.9512041160005 26.3203 17.944693409923943 0.04020591002226736 19.775818252646012 r
2459303.8575 1109.899710078137 92.6430345460562 26.3261 18.71289065512213 0.09062309116160792 19.661643059054768 g
2459305.8338079 1169.8215038989547 51.3226465038465 26.3222 18.65190099902257 0.047632050807333376 20.29900238138059 g
2459305.8377315 2377.8376004573356 43.5575529411891 26.3424 17.901944524454862 0.019888000433315345 20.497316306284766 r
2459305.838669 2314.6211218402054 44.5160551211801 26.335 17.92380022021168 0.020880774217873 20.466283310415005 r
2459305.8785648 2184.146380057866 32.191499507785 25.8035 17.455295647151463 0.016001817155989435 20.286721971740032 i
2459305.9319329 1166.0224807539846 57.2638873536801 26.3035 18.636732690895155 0.05331921427422962 20.161372922342633 g
2459306.8156597 1160.988373955794 32.5847011149891 26.3043 18.642230323074166 0.03047163158060246 20.774340634761877 g
2459306.9795255 2264.006523742307 37.1025172025662 26.2999 17.912705815152435 0.01779244118971943 20.628966551369007 r
2459307.8183796 1109.653565979708 20.348561848235 26.3084 18.69543146714789 0.019909307081010852 21.289640687867 g
2459307.8193171 1152.7957378100296 20.5630684590499 26.3182 18.663819094730933 0.019366243900590736 21.28805518570099 g
2459307.841331 1633.8750176673464 33.1734439298926 26.0195 17.986452919101083 0.02204355148663964 20.4700985878629 r
2459307.8422685 1737.0857834523492 30.3125964231555 25.9568 17.85724683505658 0.018945745944228844 20.50531714560522 r
2459308.831331 1896.6846389689645 26.0170893226343 25.6824 17.487412182716486 0.014892699238044635 20.396828219186578 i
2459308.8579977 1154.4656137624988 24.9812390316464 26.3338 18.67784749548893 0.023493234353048623 21.09234005185668 g
2459308.922419 2360.7036705981454 29.3963710189004 26.3427 17.91009631174086 0.013519545215572743 20.924540688958125 r
2459309.8321181 1146.4864662414063 22.311460824786 26.327 18.67857766888846 0.02112851196306194 21.208254973426403 g
2459309.8330671 1201.323114992402 21.8115829793463 26.3311 18.631950416161907 0.019712295006348943 21.236957024863877 g
2459309.8898032 2299.410811109977 29.7498499360753 26.3205 17.916458577634057 0.014046821002813894 20.889363040645488 r
2459309.8907407 2359.4850952330944 29.4352876303901 26.3074 17.875356904330303 0.013544434692501163 20.88780427933807 r
2459310.8321181 1795.5638181476822 26.3625716359844 26.0271 17.891597886290697 0.015940310077485736 20.727205556976212 r
2459310.8669097 912.3369459324449 20.7237054805924 26.007 18.606611844053663 0.02466164188635762 20.968406460186714 g
2459311.7759375 920.1824612490185 25.6350945684052 26.0556 18.645915121699353 0.030246199362612785 20.786087679407732 g
2459311.8319792 2462.9424706875075 22.2329273750068 26.3651 17.886464330689247 0.00980058996031154 21.250183365800876 r
2459311.8374769 2123.109755708578 20.4791905184125 25.7835 17.466068885208532 0.010472495397874461 20.757793023480364 i
2459312.8102546 2149.801791737263 25.012783465897 26.2632 17.932203948725995 0.01263203850387491 21.02036993050383 r
2459312.8107176 2180.409887516195 25.3434376730977 26.2711 17.924754643106006 0.012619356772880074 21.01401117972145 r
2459312.8337037 1203.1285506790944 23.0589586853859 26.3792 18.67841991779358 0.020808342907823647 21.224675761186703 g
2459313.7759606 933.2109413998523 24.5740038455227 26.0229 18.597950444943987 0.0285894590295555 20.799285184411332 g
2459313.8409838 2389.7272332205184 25.6600847407782 26.325 17.879129167993227 0.011657880286830256 21.054429773482827 r
2459314.7961343 2156.684324834404 26.2774801520229 25.7979 17.46343354546734 0.013228389464573975 20.501515697342136 i
2459315.7904398 315.8226874962872 24.0454767525488 24.8724 18.623791687873343 0.08266085732219329 19.672391508400146 g
2459315.8386458 944.7900559331722 34.9224186806767 25.2507 17.812361715973857 0.040130894396598685 19.645514202313862 r
2459316.8528125 1207.4717591246217 21.5935598579121 26.3389 18.634207544815386 0.019415880960008052 21.255664376932106 g
2459316.8532755 1225.0511853628834 19.4902635695436 26.3342 18.613814412827708 0.017273220425630887 21.362230708704995 g
2459317.7751736 1227.538652028745 19.9129995141039 26.3285 18.60591206043913 0.01761210821079412 21.33323328129291 g
2459317.7957407 2182.9858717072857 25.5280872433139 25.7864 17.438772687593186 0.012696300365146062 20.521429300640747 i
2459317.8183565 2403.5566281769648 24.6374806857058 26.3454 17.893264103419092 0.01112888810976721 21.118984247092364 r
2459321.8114699 2207.5205869040233 24.77593942671 26.3064 17.946638093965873 0.012185271383269122 21.07389966273979 r
2459321.8172106 2512.018159664571 28.7069954210476 26.0273 17.5272430633984 0.012407229147098651 20.63490563908757 i
2459321.8617708 1136.2253377465936 20.6080861748124 26.2728 18.63413882553452 0.019691691794487886 21.240280834834586 g
2459323.8392477 2282.223148366113 29.1967933624609 26.3175 17.921604734844884 0.013889508822271692 20.906737098677674 r
2459324.7365278 2090.6818654688236 42.8000218156601 26.2306 17.929880119513594 0.02222623367656274 20.404565013214732 r
2459324.7370023 2013.1993080225436 33.7612688518493 26.2344 17.97468306887675 0.01820714394565167 20.665928088218358 r
2459324.7963542 2213.2513731999006 24.0245777107297 25.808 17.445423144131457 0.011785143041763011 20.60893558254488 i
2459325.796794 2466.983334747638 32.4012948506148 26.3689 17.888484460742205 0.014259555516175009 20.84506907357859 r
2459325.8503241 1182.402723976828 41.4291202134124 26.3029 18.620986446090264 0.03804084251803816 20.512210712305553 g
2459334.7316319 1214.1416582874447 22.8582355786936 26.3144 18.60372659900147 0.020440107790051825 21.169368228474916 g
2459334.7748611 2360.68955653464 38.4612164172147 26.3086 17.876002803108555 0.017688620915266573 20.598617450159786 r
2459335.8719213 1413.017340892536 54.2426996362577 25.3375 17.46213127087802 0.04167769021000559 19.254221749035224 i
2459336.7759375 1238.67188498391 21.9694584489209 26.29 18.55760929946068 0.019256302921821185 21.188026610120403 g
2459336.8154167 2441.765714165185 21.4131529645938 26.3209 17.851640021664238 0.009521085515613375 21.24677344069174 r
2459338.8406597 2098.9848728268034 38.6190056057045 25.7511 17.446076728307602 0.0199756820208266 20.03667227163096 i
2459341.7289699 2174.635538533051 25.3262423595988 26.2397 17.89623379719533 0.012644280313916388 20.983348092807244 r
2459341.7294329 2083.2907888966774 25.0946309233324 26.2281 17.931225265842258 0.013077982650655899 20.98172295734936 r
2459341.731794 2352.6903549290437 27.8110768163675 26.3206 17.89168806985718 0.012834024688489383 20.962630477593517 r
2459341.7552431 2078.275012163195 27.5955877847979 25.7728 17.478542460086835 0.014416056336437565 20.423275866777367 i
2459341.7967708 1237.8654197013434 19.423310840084 26.2975 18.56581642273676 0.0170356875985493 21.329266838074524 g
2459343.7267477 2035.4938505203388 22.4110694479065 26.1765 17.904825513350385 0.011953707496277676 21.05291853565781 r
2459343.7272222 2040.8221913645082 24.0149001569978 26.1876 17.913087079921144 0.012775722064752705 20.98897302570908 r
2459343.7707407 1173.7448876805113 18.7378457945097 26.2314 18.557465715796432 0.017332283524830697 21.302175837793065 g
2459343.8064931 2294.27845145393 24.6336354509801 26.2554 17.853784684710327 0.01165714562335728 21.029153713948133 r
2459345.675625 1128.1599145438895 20.2433237275993 26.2498 18.61887333891017 0.01948143723927671 21.23667043834926 g
2459345.6964005 2296.1063107871105 28.9268938341735 26.2941 17.89162001943152 0.013677907023824237 20.893420484983217 r
2459348.7689236 1149.0191304242003 19.5150403977128 26.2709 18.620081851324322 0.018439622804169237 21.297551352552656 g
2459348.817662 2290.965081316792 23.480456424345 26.2934 17.893353825593728 0.011127507681286333 21.119208652456116 r
2459350.7712269 2285.7298368872302 33.6802079423034 26.2731 17.87553775646468 0.015997779428191833 20.70723807871235 r
2459353.7539699 2316.1358881981337 32.9767377457124 25.8759 17.463989910112645 0.015458006739998843 20.33295576303481 i
2459354.7361921 2288.1405263371025 42.9040803577889 26.3126 17.913893267072257 0.02035756087018793 20.483928495725923 r
2459354.7979398 1102.6823836326332 66.9960690609817 26.2541 18.647973909062184 0.06596426428785764 19.941551685214126 g
2459358.8110069 2327.628893612831 103.330490483333 26.256 17.838715651017058 0.04819750855714168 19.473003761963387 r
2459358.8894329 1032.646864317072 129.099834070374 26.0321 18.497220423448457 0.13573245094091343 19.00736077896964 g
2459361.7120718 2438.654230395353 44.879930638612 26.3546 17.886724431643504 0.01998075007396256 20.47704454653052 r
2459363.7316088 1204.2079428892848 25.4631486232562 26.3507 18.648946281342333 0.02295728127647052 21.0884947268087 g
2459365.785081 985.8626837895939 26.2067133554933 26.2138 18.72925892924294 0.02886064069357912 20.920343592943247 g
2459367.7136574 2269.6785525799232 24.8881379985746 26.3043 17.91438911552606 0.011905232745111795 21.06689397375271 r
2459367.8181713 1898.5474192775105 31.7738349105413 25.6826 17.48654637796259 0.018170129548569516 20.180000902361527 i
2459369.7107986 1173.6166946656094 21.3716304954483 26.3196 18.64578430323406 0.019770662205448045 21.24758084704373 g
2459370.6906019 2069.3582260630205 29.3560406407761 25.7624 17.472810805554317 0.01540180570104926 20.34573128848662 i
2459371.6919792 1228.178625889432 23.8696754564983 26.3267 18.603546162391645 0.021100600594113627 21.134658703730427 g
2459373.7599653 1169.2887615092902 21.6888904704425 26.2847 18.614895561180518 0.020138420173785563 21.196681650259713 g
2459375.692037 2172.049643545376 27.891290198652 25.7948 17.45262563224822 0.013941474062834362 20.43370347821739 i
2459375.7119444 2384.986729387054 30.4597491983876 26.3445 17.900785082828023 0.013865968014500655 20.887759181433758 r
2459375.7777431 1137.900944319018 36.9868599375779 26.2623 18.62203885541485 0.035290096237911336 20.594756332381905 g
2459377.8105324 1011.6777116250591 28.1934420299589 26.2126 18.699994544716684 0.03025629571571574 20.839804737990754 g
2459378.7906944 2035.9094852747905 27.7010872054636 25.7763 17.504403835631322 0.014772302303465396 20.422632952954817 i
2459379.6919213 1161.6099744660753 21.5188464349514 26.3396 18.676949168613703 0.02011261274264226 21.260127523389123 g
2459379.7293171 2006.3581011390143 33.5199893461973 26.1952 17.939178875361733 0.01813866249126027 20.63451530934852 r
2459381.6982639 1227.9475768902885 51.2123178707981 25.625 17.902050433869142 0.045279794153047316 19.604138908013876 r
2459381.7762963 415.9431197057736 42.7483551724082 25.1007 18.553115137897628 0.11158229818421819 19.27597646654564 g
2459383.7595718 755.0994816363243 60.3475854059372 25.888 18.69298956967016 0.08676919408452445 19.688925244081346 g
2459383.7758102 1824.3151867971526 49.9851335851712 25.576 17.423250316250666 0.02974752385233231 19.581472846417487 i
2459386.6916204 2174.988565085369 70.0699462678632 26.2981 17.95445755497265 0.034977168102965694 19.936845528006987 r
2459386.7474769 1892.468699548671 60.6857934309032 25.7308 17.538228236935254 0.03481514169489022 19.52565740301586 i
2459387.7130556 2330.3309314257267 67.306946431308 26.2826 17.864056000560915 0.031358272232932506 19.96502526912356 r
2459387.7753935 907.1239907004223 92.0589263363174 26.068 18.673833367805443 0.1101816040011974 19.410410225401712 g
2459390.7130093 1053.160331741799 63.6110837804069 26.2937 18.73746376840336 0.06557648591470087 20.037443001718362 g
2459390.7877546 2174.543791407903 70.1080290937594 26.2528 17.90937960499856 0.03500333609644775 19.890955593621566 r
2459392.695544 2336.1093085733555 28.0463587452909 26.3109 17.889667100175224 0.01303446357497624 20.943783777004626 r
2459392.7151042 1111.2870457122663 27.6895933606433 26.2267 18.61213437049809 0.027052048908193807 20.873483544408288 g
2459393.6918866 2300.624251600638 28.9516938597641 26.301 17.896385766216042 0.013662750013035274 20.89939004461197 r
2459393.7918287 924.2509092469555 70.7073257318446 26.0376 18.623125283775856 0.08305855345017782 19.666513959614765 g
2459394.6966667 968.2765211770078 23.3256949564671 26.0393 18.574301497039603 0.02615441607884118 20.87228850963958 g
2459394.8060301 1198.2914004274758 68.9394951073396 25.6187 17.92229389349619 0.06246194357343935 19.275104743064816 r
2459396.7372685 1047.6459314134477 27.7872094958233 26.1031 18.552563673187365 0.02879653558995162 20.746062650771364 g
2459397.7062269 2255.322242490304 29.5625341338178 26.2694 17.88637849240636 0.014231244965529122 20.845120840329855 r
2459397.7349884 1094.0612423238206 29.2195289477195 26.1766 18.578995916992614 0.028996221921870707 20.764991963334612 g
2459399.6877546 2349.587159324086 34.2529013903196 26.3026 17.87512109982943 0.01582762098945421 20.718431578462013 r
2459399.7376968 1048.262193739604 31.520288382026 26.1537 18.60252519258758 0.03264600908126094 20.659799533570027 g
2459401.7037153 2064.961803951356 32.1370538570999 25.759 17.47171994293248 0.016896777124830193 20.244059837669344 i
2459401.7133218 1114.952036380732 41.4395863946967 26.2453 18.627159537331522 0.040352371654271565 20.45433645891193 g
2459401.7797685 1970.3029503858722 49.1977535516849 26.1944 17.95806748083283 0.027109537150418153 20.21711180756579 r
2459403.6929861 2211.2712241014838 31.3504905839425 26.2671 17.90549496410219 0.015392606413904237 20.77906413611296 r
2459405.7013889 2001.4871364044482 36.2983521100434 26.212 17.95861799192182 0.019689919644784854 20.564857716222555 r
2459405.7231829 911.4932492739441 33.0320342479304 26.074 18.6746163587017 0.03934519494416974 20.52923668879103 g
2459409.7239352 681.413707607933 33.3706475470484 25.8481 18.76457283556943 0.053169626083713166 20.29226340394481 g
2459414.7430093 700.2061547275141 79.7820976000289 25.7633 18.650235190395442 0.12370560124262178 19.2611113630941 g
2459417.6941782 251.3382619088454 82.702419331762 25.2504 19.249753481353878 0.35724770270377215 18.70917945327539 g
2459448.6538542 1718.1793442374758 104.710991740463 26.0982 18.01052876577365 0.06616580749495259 19.300794306890484 r
2459448.6553704 1864.4428312333412 113.109304923578 26.1061 17.929727321800584 0.0658656679080333 19.22492915521191 r
2459448.6568866 1841.5679661117622 104.937311148363 26.0801 17.917130620392758 0.061865997242734096 19.280350159410514 r
2459448.6584144 1804.2802436094216 98.3196883432177 26.1018 17.96104001565383 0.05916247545929404 19.372773756058635 r
2459448.6599306 1501.6043529906894 95.0185252454973 26.0742 18.13281120352888 0.06870092821292992 19.38225427521259 r
2459449.6529514 1724.6356679764738 97.4272235037388 26.0865 17.994756590750846 0.061332801195117206 19.367374173824796 r
2459449.6545255 1752.3379339846333 93.0821224091909 26.0692 17.960155343718306 0.057671102325486036 19.399609295959834 r
2459449.656088 1734.0105317219347 99.4970675393352 26.0555 17.95787067277981 0.06229718000627399 19.313549286548213 r
2459449.657662 1748.7226886863798 81.7842467204537 26.0397 17.93289763799857 0.05077600767626397 19.510600844322944 r
2459449.6592245 1719.352045421325 94.3915622703671 26.0588 17.97038797592318 0.0596043837734376 19.37404205381729 r
2459450.6519329 1053.8426821780574 53.7771424574852 25.5503 17.993360539604936 0.055402807794253675 19.47638068540108 r
2459450.6533565 1014.8846979735661 55.8894293277693 25.5387 18.022658238904654 0.05978920910160338 19.42295080122978 r
2459450.6547801 980.6691797352306 56.6029785443515 25.5138 18.034993683502876 0.06266522398735347 19.384276776412747 r
2459450.6562037 1104.9469665379731 64.48519669206 25.4858 17.87744641511151 0.06336193515959437 19.214724917022178 r
2459450.6576273 957.2434184715157 64.4976586311968 25.4411 17.988544027405844 0.0731528748327185 19.16981511582789 r
2459451.6509954 1632.669479260272 59.5087150868648 25.9745 17.942254314432105 0.03957237688982948 19.790623556478508 r
2459451.652419 1504.524989868932 54.7351796794805 25.9871 18.043601485791726 0.03949817050442541 19.89400861895097 r
2459451.6538426 1601.5323697592785 51.1788282034379 25.9842 17.97286069765843 0.034694805318748766 19.96404914414325 r
2459451.6552778 1567.8518670945314 51.1529168217308 25.9801 17.991837431205624 0.035422174096250016 19.960498981846673 r
2459451.6566898 1585.6846238262249 53.2772394974111 25.9714 17.970857962709438 0.03647831230321513 19.907620703545078 r
2459455.6362616 1647.6080114724043 115.928355020284 26.0941 18.05196526239812 0.07639160174575932 19.18620080557706 r
2459455.638669 1827.5187659965711 90.9283460929321 26.1198 17.96514538691443 0.05401909254773782 19.47562675985386 r
2459455.6410648 1801.5789796242539 81.6878571774207 26.1042 17.96506673509814 0.04922820899920966 19.576381229492817 r
2459455.6434722 1663.1106355025786 74.9158160914157 26.0959 18.0435971478621 0.04890600769074568 19.66204120205056 r
2459455.6458681 1536.676031525159 61.4017445464436 26.078 18.11154420657779 0.04338186624015316 19.86012321293038 r
2459529.0491088 1870.903635560073 80.2733174624637 26.2422 18.062071452712146 0.04658323342394213 19.733346960475018 r
2459529.0515046 2189.134900159192 93.2996008568291 26.2673 17.91661868814323 0.04627187508768566 19.59517552465028 r
2459529.0538889 2207.9080550548388 130.438696865878 26.2795 17.91954754023498 0.06414093778183455 19.243558860704667 r
2459530.045162 2170.5025495187065 92.5564886820828 26.2473 17.905899249233492 0.04629737927947605 19.58385781312206 r
2459530.0475579 1775.8735965765704 94.9191241504602 26.2431 18.11956987435378 0.058029858256137025 19.55229068369053 r
2459530.0499421 1898.0400553827908 109.640501862167 26.2365 18.040736566641996 0.06271558523444742 19.389147452193075 r
2459530.0523264 2129.1787955686996 168.959696400024 26.2566 17.936069669010465 0.08615506727912427 18.939717187959495 r
2459530.0547106 2541.072733160628 216.155700774355 26.2879 17.77535725988663 0.09235479223722105 18.70355825448466 r
2459531.0455208 2034.9782651424493 93.9122433046224 26.2623 17.990900562385733 0.05010398602399385 19.58306945223743 r
2459531.0478819 1938.9055968451344 102.651838703407 26.2534 18.034508339303375 0.05748041651003122 19.477558156973508 r
2459531.0502431 2150.0717276007344 133.115686520046 26.2608 17.929667628837045 0.06721808347114447 19.202801898413167 r
2459532.0471875 2136.2232023709203 46.8861584174617 26.2685 17.944383430497133 0.023829112115878737 20.343463362657516 r
2459532.0496412 1887.8315798225435 52.2600003648037 26.2531 18.063191883167345 0.03005494928811437 20.210251468102648 r
2459532.0520833 1956.635867428849 60.3203990772469 26.2696 18.040824974026336 0.033470641302423346 20.071014473796406 r
2459532.0545255 1980.819163465081 83.982398499902 26.3004 18.058287927627727 0.04603130448911925 19.742504304819846 r
2459533.0460185 2069.626332190199 65.0283822682574 26.2658 17.976070146643753 0.03411307322995483 19.985617614009033 r
2459533.0484606 1984.3934200617625 83.5714108322813 26.283 18.038930554215117 0.04572353436738558 19.73043065445212 r
2459533.0509028 2052.452236608895 90.2522890854057 26.2724 17.991717351804564 0.04774138394661063 19.636329424639456 r
2459533.0533565 1924.2638711390086 145.509658764283 26.2915 18.080838435316792 0.08209884251834483 19.136845433538888 r
2459533.0557986 2062.5129676305905 163.426611426481 26.2976 18.01160828057818 0.0860272273728122 19.016868049386947 r
2459541.0381481 2104.1437470023116 67.3734252225105 26.2641 17.95641148544331 0.03476346512365883 19.94545342123017 r
2459541.0484028 2169.0093246432384 62.3672267575031 26.2945 17.95384645233842 0.03121798386079253 20.059683906677254 r
2459541.0509838 2131.555116766847 56.0528357926834 26.2917 17.96995858271427 0.028550312089712187 20.17278101650418 r
2459541.0535648 2058.388796671458 66.5197333729536 26.2984 18.014581476386287 0.035085924797006625 19.993598739673654 r
2459541.0561458 2131.6375656315586 66.1825154752733 26.3115 17.98971658709074 0.03370852447433545 20.012216814486692 r
2459600.9403819 883.7413676221474 57.7238413128001 26.3435 18.977687038397445 0.07091528903069591 20.192686928885816 g
2459622.9354167 2056.2102845377344 38.5001365886558 25.8198 17.53713118243075 0.02032846475315668 20.108719313466995 i
2459623.8171991 778.0587691554931 61.7216169172466 26.2122 18.984668995456392 0.08612608988365843 19.98868175234777 g
2459623.9016204 2126.142072435773 42.0392933603777 26.3451 18.026119296364648 0.021467079454889456 20.538536470785374 r
2459625.8775926 805.9223146388376 72.1736314344984 26.3207 19.054967047936703 0.09722886465000082 19.92732859544971 g
2459625.9397801 2142.52233081519 48.9565846356725 26.3724 18.045086607176703 0.02480821934711235 20.400447208024666 r
2459627.9346759 2044.0430593478804 81.2456878500348 25.8004 17.524174899229557 0.04315390661433732 19.278474189421363 i
2459628.882963 848.1158609605009 84.1358858921634 26.3583 19.03716203699175 0.10770501474842252 19.798421809392227 g
2459628.9315625 1983.45793095131 113.082234169445 26.3139 18.070342516143796 0.06189865674583864 19.43298903847819 r
2459636.9625926 2069.8759968274644 31.2551415070612 26.3499 18.060039179240185 0.01639407731971729 20.865171315401668 r
2459636.9848958 853.0462766513355 25.7312114750585 26.3442 19.016768520706137 0.03274895754558157 21.070624403876323 g
2459639.8597569 1900.6402097221626 40.4447796176263 25.8089 17.611650217727064 0.02310321385722752 20.04431880590663 i
2459639.89875 828.2666189858387 33.5305300066515 26.3404 19.044974603340528 0.04395214728416329 20.77937394355801 g
2459641.8821412 828.9182262144011 20.4497434886018 26.3502 19.053920777531246 0.026784652337747388 21.326055327150385 g
2459672.8333912 472.4152806881209 17.4660603551601 25.85 19.164190157985 0.040140322514495994 20.997087597761997 g
2459675.8194097 811.7703104062462 21.8117316635857 26.2814 19.00781709141148 0.029172041356506334 21.187249623690306 g
2459677.8007292 770.768739979691 33.6358274637713 26.2754 19.05808976828492 0.047379215039752044 20.71096969895016 g
2459677.8610764 1946.5943350720615 31.9670208788386 26.3115 18.088311362078116 0.017829392566721024 20.802319577411534 r
2459679.7334144 1986.4331539475234 38.8290633931717 26.3041 18.05891511233854 0.021222317016905867 20.58378270182928 r
2459682.7280903 828.2652014038149 71.2234976796103 26.2931 18.997676461584486 0.09336061843439986 19.91411674562147 g
2459682.8528935 2044.154041558992 69.4837971692779 26.3298 18.05351595030819 0.036904537061772096 19.97766612949621 r
2459687.8129051 743.7263866706587 88.5110787916945 26.2919 19.11336702475993 0.12920945117239296 19.67698090402654 g
2459687.8164352 1862.251471969517 53.014449434242 25.7683 17.593204184441312 0.030907634450616617 19.70988935033289 i
2459687.836956 1972.3506997122759 66.4133914890258 26.3083 18.07083965375027 0.03655790988395416 20.00523584256974 r
2459690.8162269 2003.165427220356 34.0972453641403 26.3191 18.064807959813578 0.01848044040137822 20.739876752197496 r
2459690.8789236 1726.4714330137626 36.2046351315364 25.7411 17.648201508225686 0.02276746177820814 20.09676455155737 i
2459694.8948727 553.0908085914563 45.7383521192745 26.0914 19.23440889672701 0.08978295810476322 20.193273705142396 g
2459696.7158912 724.4322312145906 22.1332594295376 26.2611 19.111105588581157 0.03317091472084268 21.15106155284753 g
2459697.7712616 801.3832819910153 21.0597809332027 26.3614 19.10179930454237 0.028531421447140343 21.305340365957942 g
2459699.892963 691.6866587683372 25.1147695598043 26.1884 19.088626502248903 0.03942118149225711 20.941151995031777 g
2459701.7940509 729.1069203852319 24.5946962769349 26.2651 19.108121948997926 0.036623519817586804 21.040571329734718 g
2459701.8732639 738.6342867790445 25.0438063307487 26.1928 19.021726341586238 0.03681126237973776 20.94862414758117 g
2459707.7037963 1842.2605680561487 36.2950162230723 26.2619 18.098522358711524 0.02138975332624532 20.6148575020114 r
2459707.753044 2098.8491315656834 38.534403108205 26.3391 18.034146945091578 0.019933210455850666 20.627053398606314 r
2459709.7184606 1813.5396220299276 50.7095349114457 26.2187 18.07238237889513 0.03035794828222841 20.208550920703846 r
2459709.7731944 1890.229839821132 41.3888608765158 26.3005 18.109213462983334 0.023772710231833704 20.510866304883784 r
2459710.8172569 860.7369958189076 59.8099886153275 26.3099 18.97272382494699 0.07544198164490544 20.12054068979667 g
2459711.7321759 792.2999098229744 72.55130948443 26.3433 19.096075983758524 0.09941810636435036 19.944261850508482 g
2459711.7746644 1860.4766421850882 90.507569796299 26.312 18.13793944516471 0.052816609625602653 19.67286272945417 r
2459713.7762963 2146.6699775739503 92.0353046362684 26.3891 18.05968679381773 0.0465477839106521 19.731788853742927 r
2459713.8171759 636.9001892047731 91.0309061218606 26.2718 19.261621555244723 0.1551769907619355 19.626402824857365 g
2459715.7769907 729.9040785389857 79.2744679633108 26.3303 19.172135524008382 0.1179172611832028 19.835041649115816 g
2459718.8531944 1817.0912192502028 43.2906727004134 26.2482 18.099758175644865 0.025865890965139884 20.4097891530743 r
2459719.7077546 2022.159968609455 26.588494196801 26.3377 18.073161228271616 0.014275392944959456 21.02854063328289 r
2459722.7409491 695.4551541139531 26.2205946010127 26.289 19.18332717477937 0.0409339112521049 20.994968649396952 g
2459722.769838 729.3536479404904 21.7444109826426 26.2654 19.108054601333095 0.03236825793703481 21.174605869417856 g
2459726.7318056 809.4441414264086 21.3095088853418 26.3285 19.058032789782075 0.02858224874670861 21.259641387263443 g
2459727.6911921 1203.8226713480828 34.4639593523989 25.3276 17.626193704885907 0.031082252859549523 19.736762065657196 i
2459730.6923843 779.4405955546235 22.4596962557211 26.3546 19.125142446556445 0.0312846063752751 21.228665292711923 g
2459732.7575694 767.2419655323671 21.4894372081065 26.3044 19.09206912688267 0.030409027431981598 21.226412384658232 g
2459734.6955324 676.9090139729944 25.6133259308809 26.181 19.104674256592183 0.04108142658633118 20.91241004927122 g
2459734.7193171 1025.4720997916802 39.0381919791252 25.6509 18.123590377662122 0.04133097822977953 19.924750750463794 r
2459736.7545255 777.0612099933352 29.6169390654186 26.3428 19.116661924956137 0.04138040907176511 20.916524559612775 g
2459738.6950347 731.3216732230482 47.2190524188122 26.3008 19.140528889420032 0.07010010380954307 20.368081820391396 g
2459741.6897454 689.6996454617831 70.743050025227 26.2872 19.19054999314723 0.11136112642332051 19.91556553887948 g
2459741.7913889 1744.2452377350946 80.0835494636413 26.2571 18.153081135223765 0.049847755219085944 19.75081670490765 r
2459743.6903472 2059.7735263162185 64.0941002054252 26.3438 18.059251320045732 0.03378379404530083 20.07932985164024 r
2459743.7553241 780.1404894661798 74.7346946685293 26.3139 19.083467953831985 0.10400621310802993 19.88266932782581 g
2459747.7813426 666.7952886744883 45.6548965067449 26.2146 19.154618693487933 0.07433693965640853 20.318456582577234 g
2459749.7192014 2001.0883999945595 36.7977164677188 26.3301 18.076934313914432 0.01996477555369914 20.66812281722071 r
2459749.7491898 720.4281096597706 38.581714727699 26.279 19.135023375555885 0.05814343876677011 20.56562117530263 g
2459751.7075694 677.1113720322031 24.9780268039439 26.2491 19.1724497304992 0.04005049216593595 21.007779670878737 g
2459751.7451736 1852.411543932219 36.0166694438662 26.2775 18.108156303040047 0.021109400955361544 20.63881611419122 r
2459753.7472222 666.3824056877779 24.4959352671033 26.2001 19.140791195020515 0.039909872608423574 20.97993992493445 g
2459758.7180093 684.4029684443212 24.8471098393652 26.2313 19.143020288679942 0.03941611652257677 20.995685289566314 g
2459761.7556944 686.0352371696813 32.1112462455492 26.1474 19.056533942091257 0.050818351827852014 20.633332086730604 g
2459763.6952315 757.0034441718587 30.2675509569267 26.3186 19.120855361416826 0.043409947903057286 20.868731783557536 g
2459765.6962847 1946.518251344923 40.2843809049422 26.3143 18.091153799513627 0.02246922283840718 20.554033254802025 r
2459765.73375 679.7570488034173 36.3674749294005 26.2435 19.16261570065106 0.05808570518004113 20.59429211886421 g
2459768.6948495 727.6633075258375 44.9720627862623 26.252 19.097173809641607 0.06709994589813956 20.37221796836412 g
2459768.7590741 520.1948498763406 71.7051496739771 26.0759 19.285484879491843 0.14965600105334245 19.689599122491114 g
2459770.6865278 671.1229954602256 75.8545958978292 26.2763 19.20929470049172 0.12271272974307433 19.828920241494835 g
2459770.7534259 695.2141736325875 67.8427742993761 26.1376 19.032303455798385 0.10594850169979338 19.81141599104293 g
2459772.6951736 1891.7195915548568 63.0033669663191 26.2768 18.08465809592652 0.03615903531406075 20.03096559108869 r
2459772.7122338 1900.3949851232553 59.2450655555195 26.2753 18.078190310734392 0.03384684140779067 20.096244528245766 r
2459774.7153704 988.5901300084258 69.1948261206026 25.9404 18.45285932452291 0.07599188019255053 19.592790933338755 r
2459774.7429282 1629.4577347416853 68.0788733742696 26.113 18.082892249713133 0.045360632096518805 19.783044088984283 r
2459779.6864815 1806.5593138434451 36.9234833803745 26.2361 18.093969437229894 0.022190152074656196 20.57041832453251 r
2459813.6586343 1478.5777163221637 56.2926100744684 26.0318 18.107189608377578 0.04133491671298375 19.90824652487934 r
2459813.6601505 1529.933258574444 58.9598628229373 26.0139 18.052218785807394 0.041840206236518185 19.84008382812264 r
2459820.6365162 1999.6555456214573 170.60525531712 26.1319 17.879512020239396 0.09262901608398372 18.80449397659361 r
2459820.6389236 1842.0997637789976 149.503047847257 26.1202 17.95691713284324 0.08811436939483829 18.93614987289758 r
2459820.6413194 1694.619428358683 113.346874690846 26.1319 18.059219547076175 0.07261848872524815 19.24845111455483 r
2459820.6437153 1589.945256129252 98.483886087089 26.1004 18.096944571856547 0.06725008594639333 19.369562046315636 r
2459820.6461227 1644.351256170309 80.2090512416413 26.0877 18.04771351394538 0.05295885937160777 19.579716540940254 r
2459822.6369792 1551.3783520262737 100.596066735464 26.1395 18.162705682515018 0.07040007327164484 19.385622488366103 r
2459822.6442014 1531.2576854278598 68.0126368180811 26.0627 18.100079296372506 0.04822266069003149 19.73380095774427 r
2459894.0434954 2111.3776205478016 144.868872787878 26.2271 17.915685215104027 0.0744936072330782 19.077237286846213 r
2459894.0458796 2099.8982533480525 147.077037179023 26.2334 17.92790436921282 0.07604251254110571 19.067112807764325 r
2459894.0482755 1998.3270056108436 194.088291129899 26.2117 17.960033606201115 0.10544903666320543 18.744276648513065 r
2459894.0506713 2358.093643918469 223.59488133818 26.2351 17.80369738081063 0.10294627751316536 18.614020346133245 r
2459894.0530556 1544.6538805254365 330.252235401507 26.2125 18.240422050497394 0.23212634007914348 18.167960574319743 r
2459896.0440509 1919.079793167606 73.2224376932341 26.225 18.0172674185392 0.041424854186144416 19.815964531282333 r
2459896.0464005 2024.785528952673 70.9499246503092 26.2648 17.998852429302573 0.03804369998272602 19.889995142740787 r
2459896.0487616 1991.1400514061838 78.8433210686307 26.2267 17.978945479497327 0.04299054384635563 19.737362715381074 r
2459896.0511111 2077.358537225497 95.9951890436689 26.2482 17.954421352185918 0.05017043272843471 19.545151318648077 r
2459896.0534722 1920.0137328485773 116.290701833824 26.254 18.045739162513225 0.06575828746478035 19.342712510242855 r
2459897.0440972 1931.1421982108081 72.8418025185079 26.2249 18.010364365234892 0.0409521085850722 19.821523278760914 r
2459897.0465394 2133.343544868689 71.210750245273 26.2386 17.915948004804857 0.03624053506396303 19.859811085834117 r
2459897.0489815 1913.8342371977112 77.5813504826706 26.2359 18.031139201126095 0.044011163862533606 19.76408165108793 r
2459897.0514236 2139.188294876217 93.3597907249515 26.2458 17.920177466076318 0.0473827970323412 19.57297531534721 r
2459897.0538773 2043.8437102332496 96.2700372311549 26.2673 17.991180792843302 0.051139125217131556 19.561147139727936 r
2459898.0474769 1883.7839056975895 94.8256321764242 26.2277 18.040122294656314 0.054651804032596424 19.53796062239392 r
2459898.0499306 1852.7488109091103 82.6969582503901 26.2302 18.06065864197633 0.04845993533704826 19.68905114996315 r
2459898.0523727 2064.9331497665785 106.944805905036 26.2468 17.959535009119964 0.05622941148686715 19.426475747642826 r
2459898.0548148 2151.5943937325646 142.212043330913 26.2755 17.943598990002933 0.07176055853934502 19.14573404791741 r
2459899.0498032 2016.6085210961799 63.0748508213504 26.2703 18.008746005123925 0.033958185151134766 20.02323440906309 r
2459899.0522569 1994.7258495382632 62.0128643781718 26.293 18.043291960737783 0.0337526918152517 20.064370509409578 r
2459899.0546991 2011.5153578907045 74.0297021715793 26.2883 18.029491618119913 0.03995696445090268 19.86735998371403 r
2459899.0571412 2012.4921879890899 84.1927557204545 26.3007 18.041364491959012 0.04542033774403551 19.74008817745304 r
2459907.0401273 2001.021957792523 52.4033985978617 26.2815 18.028370364246797 0.028432656441442997 20.235676354504353 r
2459907.0426389 2055.2896502918134 49.8454488378112 26.2811 17.99891741177025 0.02633069445736175 20.289611211670994 r
2459907.0451505 2169.0832105664003 54.7092003975774 26.2938 17.953109468055054 0.027383817542038686 20.201224070679885 r
2459907.047662 2014.279477056681 52.6039379965754 26.2956 18.035300680380956 0.028353610377014633 20.245629346163195 r
2459907.0501736 2051.80112515359 51.147294909813 26.291 18.01066184091085 0.02706432772787722 20.27151831519334 r
2459910.0069444 816.6854315144033 47.6527672154845 26.1483 18.86816297881782 0.06334949463946583 20.205654675752402 g
2459924.0191898 864.9719697896728 62.4123109363446 26.2651 18.922594915045806 0.07833900791035595 20.029499330483677 g
2459932.9877315 774.549626144474 31.4352455014356 26.2504 19.02777687836346 0.04406334324992964 20.759432848082067 g
2459935.0326736 840.273156405012 41.243557604226 26.3144 19.00334877581225 0.05328996904112108 20.5285846896993 g
2459937.0099074 823.9597363371686 25.9420599591705 26.2853 18.995535025107408 0.03418285294239916 21.00286384223195 g
2459951.941875 2095.6195066210157 72.489470375077 26.3239 18.02061891917251 0.037555394830772595 19.92578767239151 r
2459951.9867361 596.028450569342 94.5684705533785 26.0684 19.130232523340805 0.17226189183037674 19.38160907593265 g
2459968.9556713 2124.8784202439274 46.4349655297975 26.3515 18.033164785125614 0.02372580077777522 20.43696217042723 r
2459969.0387037 969.6273439830081 28.7128179100909 26.3607 18.894187864200955 0.03214998689798911 20.968085447247468 g
2459971.8938657 858.7667634051588 39.0343096461963 26.2716 18.93691193070201 0.04934931321146276 20.54555873187429 g
2459971.9987963 2081.3959691317386 41.4923977172493 26.3534 18.05751322708965 0.02164330904340591 20.561053658939606 r
2459978.0345949 791.222290644943 30.7409170798386 26.3036 19.05785371528234 0.042182094802177175 20.836882940491655 g
2459983.922338 244.10171684581138 195.825175360506 25.4559 19.48697291509857 0.8709786872297844 17.97880367885134 g
2459987.982037 1954.23318304083 48.9073752671726 26.3394 18.11195904158177 0.027171136888048585 20.3685390992081 r
2460016.8933102 1482.460520177974 50.8868149892227 26.0654 18.13794215906972 0.037267646781694 20.051461816186425 r
2460016.9165972 676.5107260872559 44.4920897175949 26.2414 19.16571328316634 0.07140324601470166 20.37326797841387 g
2460017.9077662 372.31844794854055 55.6403587996358 24.0583 17.631013611147804 0.16225018631661758 17.94740018441315 r
2460021.8563889 738.5856427614424 28.3693916794409 26.3013 19.13029784694576 0.0417022031882596 20.921749930697334 g
2460032.693287 1401.6509573637682 47.983279993214 25.4628 17.59620030501688 0.037167204013910715 19.512650159870663 i
