jd flux fluxerr zpdiff mag mag_error limitingmag filter
2458198.9797222 881.9906086053162 23.4230214278357 26.134 18.770340097977147 0.028832931004122642 20.962467699893747 r
2458204.9220255 534.4581983526816 54.1785675476556 26.234 19.414215641641732 0.11005850591831333 20.152006193322062 g
2458204.9427778 587.8975218722695 51.7756294716895 26.2441 19.32084592615371 0.0956166658746802 20.2113615201294 g
2458207.929838 633.403284601395 71.2130890242324 26.2395 19.2352992221586 0.12206449292770033 19.860675427520107 g
2458207.9710069 656.8004308236862 65.1790623642627 26.2563 19.212716427540173 0.10774187209368079 19.97360471762188 g
2458210.9601852 648.8681432512279 80.2280448912782 26.2462 19.215808868462815 0.13423927379454673 19.737959467063142 g
2458216.9261343 802.403367643244 56.4075884914464 26.053 18.7920181431838 0.07632285867024427 19.927231155696695 r
2458219.9696875 875.9355407984291 33.2947479012534 26.1244 18.768219629858223 0.04126799988437648 20.57103566195572 r
2458219.9965972 711.6547404310819 40.1427406105458 25.9436 18.81292663350792 0.061241738450964825 20.18715744126468 r
2458224.9482523 680.8646972060883 35.0010279819117 25.9526 18.86994795845215 0.055812287281006255 20.34497298969029 r
2458228.9608102 516.5957942165645 29.390755975644 26.2357 19.452822834721378 0.06176888027350015 20.817748096806916 g
2458231.855 812.7633378495962 37.432769698475 26.1257 18.850789736963623 0.05000318809797863 20.445145083392173 r
2458231.9186806 566.0325564179296 24.5018188463081 26.2362 19.354096472091015 0.046996633709166756 21.015779177677665 g
2458234.8352315 451.17725689068516 61.167948839131 25.928 19.292132001372842 0.14719279626883963 19.714265195581895 g
2458234.8967361 219.04630997130104 66.5935552770173 25.4731 19.621760146246473 0.330070033929037 19.167094485418108 g
2458237.8757176 471.45763355923384 104.181790362109 26.2257 19.542093320085097 0.2399158731235828 19.433795447901666 g
2458237.9380903 608.5844987292919 127.809716941481 26.2386 19.277797784405966 0.22800943825072667 19.224765306606244 g
2458244.8590509 831.3166831504623 35.0584513582637 26.058 18.75858375959729 0.045786354840635125 20.44859316907919 r
2458244.9202083 323.9824534698538 40.7504217365897 25.977 19.700696275159167 0.1365590401750945 20.20424471984874 g
2458247.8557407 469.5602190547465 18.6178577995189 26.2306 19.55137175862184 0.0430475312700648 21.30835071690346 g
2458257.8371181 824.9618753225176 22.3555453393016 26.0912 18.800115303533182 0.02942125727372659 20.970311817968692 r
2458257.8763079 803.3144598339153 24.0893763783838 26.0899 18.827686038929222 0.03255740714466734 20.887911096151676 r
2458262.79125 463.0589892565036 32.8464627266431 26.1961 19.53200920130645 0.0770126601787281 20.657453472305956 g
2458262.8329167 817.5867111355407 38.3964181452884 26.1308 18.849465440184023 0.05098785316904288 20.422648207687153 r
2458269.7935417 580.1288803799785 103.668655342013 26.2457 19.33688878410961 0.19401388710574524 19.45915632551954 g
2458269.8357639 381.16418207581637 166.102899336737 25.3424 18.889619791711233 0.47312398774663683 18.044031956271134 r
2458273.8109954 551.296620982813 28.9856306887565 26.2532 19.39973667349535 0.05708306207769052 20.850318102960784 g
2458276.8139815 844.4385024102651 23.8530115806434 26.1394 18.82297993283568 0.0306679700169836 20.94811694159111 r
2458276.8393519 543.9790264427886 20.9279251606003 26.2443 19.405344611396817 0.041768978659792885 21.195059555194355 g
2458279.7740625 901.9884054802797 26.7343193545889 26.1279 18.73989761254287 0.03217940535257996 20.812802160140222 r
2458279.8138657 512.1886144011949 23.6377392503266 26.1787 19.405125199565948 0.050105552490820306 20.99726014514902 g
2458282.7725347 458.86995267992177 18.6815103849981 26.1339 19.479675948662354 0.044201010997859384 21.20794502498246 g
2458282.813912 800.0372486746998 26.1641093737363 26.0185 18.76072448090362 0.035506313729919484 20.72681009930133 r
2458288.771956 851.4413816679639 20.8028262342366 26.1422 18.816813115273558 0.026526345710688494 21.09946913558089 r
2458288.8360069 571.4126424709923 25.9317551853445 26.2465 19.35412538776799 0.049271060022368626 20.964495206924937 g
2458291.7708681 856.5764652808814 42.5110077311536 26.1293 18.79738465539689 0.05388217277085586 20.3106214888633 r
2458297.7308102 543.2013364550912 85.31031710661 26.2291 19.39169792554515 0.17051027872480923 19.65417109847673 g
2458300.7961111 592.645224513972 53.6857355127925 26.1645 19.232513026894154 0.0983499075590116 20.09242772048944 g
2458300.8152894 830.6468348994681 34.5300730602151 26.0378 18.73925896357052 0.04513265896692764 20.444881246036484 r
2458303.7960417 852.6225752310196 28.6197229268565 26.0898 18.762907931367238 0.03644336202717712 20.700711426774546 r
2458306.6883796 679.2283538825571 25.9457428618192 25.9471 18.867060482713725 0.041472492813437165 20.664509715036978 r
2458306.7104861 509.50383701876495 19.7366752054514 26.0643 19.296431352550158 0.042056814323401054 21.07869000352607 g
2458331.6678009 861.2609896445381 22.4951681065415 26.0569 18.719063058686032 0.028357262556791333 20.929251881661763 r
2458331.7914931 420.7776954663185 41.310696734805 25.9743 19.41416822318517 0.10659078161277664 20.186718689837015 g
2458334.6733218 508.08784836940777 23.1716928561654 26.1393 19.37445297931164 0.04951408898023456 20.979480581073133 g
2458337.6843519 628.1263415735594 18.8395245671228 26.1967 19.20158248329383 0.032563626883222924 21.261600142232297 g
2458337.7047801 898.6940547511825 25.5684614070121 26.1228 18.73877032836296 0.030888908636742613 20.85611350176412 r
2458340.6689931 680.417100507753 29.7606775328408 25.8622 18.780261950160323 0.04748729503313988 20.43066795377772 r
2458344.6614352 545.7058096438973 27.0305353701444 26.1258 19.283403556613898 0.05377815616534544 20.798738370473913 g
2458344.6790625 819.7132759362551 25.5468458339967 26.0698 18.785645077742863 0.033836478359205106 20.804031771177925 r
2458347.6973611 480.58357943549316 32.9923288209784 26.1095 19.405077680596765 0.0745339061376403 20.56604255901106 g
2458362.6323148 868.948401419924 39.680689967432 26.1708 18.823315028509853 0.04957869193066349 20.42692695152042 r
2458362.6892824 561.9274036949746 33.707698844502 26.2353 19.361099470023873 0.06512664873582336 20.66855222631249 g
2458487.0600926 760.133736502559 55.6611686585609 26.056 18.85377498010244 0.07950091926014143 19.9446941878733 r
2458487.0648611 768.003561169243 52.201534030288 26.067 18.853591915440212 0.0737954983052407 20.025366824992417 r
2458487.0696296 697.690035469766 54.8186857395241 26.0898 18.98064369911441 0.08530528469899644 19.995053441017838 r
2458487.0743981 741.8068817006215 70.4891531439961 26.0891 18.913372855158237 0.10316711189439004 19.721369256686167 r
2458488.0590394 721.0173187838801 42.629606951985 26.0713 18.926435758583054 0.0641911963305324 20.24959666806118 r
2458488.063831 795.5965199144904 43.15439505421 26.08 18.82826781306847 0.058890059895424715 20.24501240672657 r
2458488.0686343 813.2027858316327 42.9149500653011 26.0931 18.8176028556149 0.05729537834557305 20.26415346034074 r
2458488.0734259 857.3080146049795 63.25129992684 26.0959 18.76305779055355 0.08010182473589969 19.845801350498725 r
2458492.0603819 774.5185198091333 57.0025557460706 26.0568 18.834220482997083 0.07990470620219643 19.91963916920975 r
2458492.0653125 776.5167099336992 57.4974663960217 26.0765 18.851122985531035 0.08039105722720476 19.929953218934553 r
2458492.0702431 848.1949338100544 54.6919369545687 26.0857 18.764460814673406 0.0700063553608452 19.993466727908185 r
2458492.0751736 846.4361961995294 68.7345854645362 26.0912 18.772214432879963 0.08816392750441364 19.750836694660244 r
2458493.0620602 769.9959783887195 32.6101439501882 26.0915 18.875278857744604 0.045980543120247054 20.560693199394798 r
2458493.0668866 812.5807038124666 27.9991615954078 26.0884 18.813733737473157 0.03741005613535943 20.723112421513285 r
2458493.071713 776.61134315825 36.3939756248594 26.1013 18.875790676133892 0.05087865337534519 20.45130123947508 r
2458493.0765394 862.9192793181655 38.2746900171749 26.107 18.76707456976848 0.04815610445565811 20.40229578396579 r
2458494.0624537 755.4413969265312 38.6524109000211 26.0815 18.885998050610798 0.055550202417930405 20.36613351985521 r
2458494.0672222 806.1103637475577 38.4136305208445 26.0713 18.805313738274595 0.05173693396347583 20.36266160209457 r
2458494.0720023 802.1411517642047 40.9211838124129 26.0852 18.824573006850624 0.055386921824697344 20.30790451675015 r
2458494.0767708 691.8506069665176 46.5219610463552 26.0842 18.984169184286152 0.07300549077999471 20.167629955872954 r
2458495.0619213 783.8727549177465 34.1458376306492 26.0883 18.852686075183424 0.04729356350634472 20.507530562030787 r
2458495.0668981 735.8680288607397 41.7846342800532 26.0895 18.9225001634655 0.061649067031880826 20.289533475764834 r
2458495.0718866 752.2094888306473 41.9033535694607 26.0884 18.89755298105699 0.06048111815378352 20.285353035656517 r
2458495.0768634 729.6127693840302 57.7746407697346 26.1049 18.947168934422194 0.085971531908161 19.953131854634833 r
2458507.0381366 349.66160931073904 124.388312065307 26.1698 19.81068011982567 0.3862259590794491 19.185426052823065 g
2458510.0443403 511.46454324147953 85.2320863537688 26.1176 19.345561169827295 0.18092451837975645 19.543667190532656 g
2458557.960463 574.7528376572824 36.4047562699675 26.1941 19.29539718966016 0.068768070886623 20.543779669676116 g
2458558.0437269 731.1460042199361 60.9100186102383 25.8792 18.719189722805403 0.09044706094740984 19.670053158674232 r
2458562.0012384 130.98653523451134 84.7895756854737 25.0162 19.723133363415883 0.7027901162276454 18.447918834360177 g
2458569.9195949 225.05424389552644 62.9912491280148 25.3391 19.45838198266322 0.303880513402063 19.093474437723863 g
2458569.9629861 99.38146703777609 89.4059448675576 22.1711 17.177836491563546 0.9767216890228695 15.545258995935889 r
2458573.9366435 855.2561743150474 26.1703154819384 26.0816 18.751359454619088 0.03322175550675895 20.78965259398181 r
2458573.9617245 588.4066775638427 29.0413506182929 26.1928 19.26860601825745 0.05358571812411077 20.787832963873566 g
2458577.9617361 326.7626401154802 20.1314578389612 25.4328 19.14721900916788 0.06688868644235417 20.425686924455533 g
2458581.9631481 538.2243332156522 24.4005810017227 26.0342 19.2067916789985 0.04922057431943682 20.818274570563325 g
2458584.8924653 851.7144782739008 27.4813243444895 26.0733 18.747564925325737 0.03503107508666445 20.728280844533497 r
2458584.9480324 616.8954327123794 25.8721368920406 26.1873 19.211771112788306 0.04553345272825977 20.907794238001067 g
2458587.9189583 663.1499923313542 39.3214869686044 25.8212 18.767170577651534 0.0643765948812412 20.087200157635017 r
2458592.9563542 627.6196290990279 114.672529844723 26.173 19.178758705271377 0.1983685020035786 19.276926504687736 g
2458597.8983796 943.3794174991172 42.6942081719478 26.0977 18.660984008385824 0.04913516338438358 20.274352580846237 r
2458599.790463 891.4551267769208 33.7172183422783 26.5559 19.18065128260589 0.04106407922804184 20.988845643408524 g
2458599.9687731 2779.9042509994106 48.8719560449632 27.2741 18.664025405869133 0.01908709001719779 21.304025685351878 r
2458606.8136574 939.1241814772561 26.4451074394382 26.0423 18.610492441687043 0.03057258423676677 20.739011649706047 r
2458617.8359491 877.31093584393 29.9542506170136 26.0489 18.69101614261558 0.03706933148349251 20.61032884150113 r
2458617.9159838 621.0217865752581 26.17655153897 26.1489 19.166132909287036 0.04576309981423765 20.856693907519315 g
2458628.8586458 881.4550255377045 30.3715450075231 26.0287 18.665699604495277 0.03740904012039959 20.575107776307423 r
2458633.7712269 542.9850896467087 21.6753179446356 26.1372 19.300230239900188 0.0433398506537306 21.049861297539266 g
2458633.8131713 862.909585467113 22.4066027956494 26.0639 18.723986766765837 0.02819165421840559 20.940534950560366 r
2458636.8157755 912.0711427192401 18.6871525884081 26.0559 18.655828212058992 0.022244582264434234 21.129617159649534 r
2458639.7541667 563.7018671259431 19.5885233477777 26.1486 19.270976316705287 0.037727850551771705 21.171170742726332 g
2458639.795625 881.0786179603175 23.174865173717 26.0571 18.694563345249655 0.028556987544825156 20.897131948675362 r
2458642.7731713 936.7482142984015 21.2211908319979 26.1143 18.68524281529742 0.024595559975052986 21.04995061220062 r
2458642.7943403 635.0589813600885 19.9769490540821 26.2247 19.217664843897342 0.03415269167844262 21.225952084008547 g
2458645.7502894 587.426372393504 41.0549372319976 26.1676 19.24521639952168 0.0758790334372681 20.38676150795269 g
2458645.7931366 877.436984164991 30.6250815212131 26.0668 18.708760159839482 0.03789406146268492 20.604181855592493 r
2458648.7518056 894.2089224124543 77.322631583085 26.0794 18.700802502645136 0.09388094773564985 19.611208423409508 r
2458648.816169 592.8451030802318 76.4015911931461 26.1731 19.240746907672516 0.13991716744799176 19.71791898018124 g
2458651.7123843 992.9833171508255 118.880732738934 26.1796 18.68724511977414 0.1299808459068565 19.24439630600281 g
2458651.7732292 952.161222468996 110.850198038882 26.1136 18.666823773732908 0.1263967248096296 19.25433380581522 r
2458654.7739931 678.7691617827463 48.1542340196832 26.1517 19.072394742535202 0.07702331634786858 20.197688791633055 g
2458654.8440394 854.6226902506838 46.2375975892851 26.0409 18.71146395209495 0.058739558726157604 20.130986836789106 r
2458657.7304398 633.3840193935873 26.0645470884125 26.159 19.15483224575071 0.044677917199399356 20.871449532174637 g
2458660.6720255 704.4930607372733 51.3500611676276 26.1574 19.037708200844875 0.0791359979491472 20.133622576008925 g
2458665.7103588 697.5732549138359 21.1369141404667 26.2042 19.095225446715393 0.0328974018436806 21.1441710309735 g
2458665.7538079 901.283462514315 19.0976498796598 26.0976 18.71044649412641 0.023005324447542858 21.14772517144538 r
2458668.6771412 978.3379293020726 25.8093694771977 26.0907 18.614477772331107 0.028641670328966345 20.813831502007815 r
2458672.6844329 645.3636355699184 25.7638153740933 26.1515 19.126988773795482 0.04334265646522107 20.876549543409414 g
2458672.7075231 961.0824561849505 27.1347272111732 26.0609 18.603998375964157 0.030653117371545732 20.729661339359026 r
2458675.7314699 1004.1951321386624 42.5307654035023 26.0646 18.560054720525173 0.045982748293392814 20.245416992783642 r
2458675.7944213 519.8952536822541 80.9521782621884 26.1853 19.395510368461714 0.16905286077678602 19.667303641040522 g
2458678.6907523 966.7367851749775 64.1304091915145 26.0943 18.63102938952543 0.07202207087488148 19.82921496167896 r
2458682.6893171 715.2974158278457 43.2083598637937 26.207 19.070783359847105 0.06558295230219484 20.37065553581088 g
2458685.6647801 994.6870386271436 39.0599133574747 26.0929 18.598683852851988 0.04263385998347827 20.36614680015289 r
2458689.6715856 894.7404630129573 22.4682297736797 26.0027 18.62345730508287 0.027263500505096516 20.876352847699128 r
2458692.6720833 759.3942035363417 31.8659559043121 25.7837 18.58253180539439 0.045558509880904 20.277957612079348 r
2458692.7173032 715.7384320183693 21.9058456535218 26.159 19.02211415612196 0.033228866247911965 21.06017493079228 g
2458695.6761343 118.72988930663098 35.2638869045728 21.3469 16.16049984273781 0.3224630481497168 15.731149539148722 g
2458695.7262269 992.7437980170066 25.7439963115388 26.0493 18.55720704357484 0.028154551910843432 20.775185077830994 r
2458698.6730093 753.5263075717671 32.3009343653088 25.7783 18.585553951824583 0.046540013385100984 20.25783727591513 r
2458707.6538079 978.4753229634329 48.5457995724756 26.0796 18.6032253068135 0.05386561455245456 20.116795842860586 r
2458707.7542824 588.8469002218509 78.2844089374711 26.0974 19.17239401698729 0.14433867742428586 19.615786796870886 g
2458712.6716435 702.6835960766891 41.1503360170213 26.1839 19.067000462024787 0.06358042234531415 20.400541524569768 g
2458712.7342477 942.7966458946845 42.1570632878403 26.0518 18.61575492799132 0.04854697331700199 20.242199114715362 r
2458715.6447917 971.9085459165531 32.3458865708535 26.0783 18.609236497849977 0.03613295633372365 20.556327341035022 r
2458715.6481944 796.377827334961 36.6236462591364 26.2402 18.987402100140343 0.04992892993594126 20.58337103770353 g
2458718.6402199 1005.026691716187 48.1471025385078 26.0575 18.552056010008933 0.05201186163204864 20.10364959744524 r
2458718.6490046 717.474149486133 28.9042086694256 26.1825 19.042984354735008 0.043738578421077874 20.78267227942858 g
2458723.6490278 683.0141261704238 30.5537969237962 26.117 19.03092578525289 0.048567454243089093 20.65691201976843 g
2458726.6358333 948.2665685190711 37.2968594894131 26.0331 18.590773900949845 0.04270233886964394 20.356494328126118 r
2458728.6577083 575.7767024212118 26.730380154848 26.0035 19.102864779760715 0.05040352208083598 20.6885621510061 g
2458728.7115394 815.9368033544348 34.0379402254508 25.881 18.60185869324188 0.045291487711848016 20.303666810965428 r
2458729.6680324 528.7232991046137 29.1459658456925 25.9595 19.151428878093448 0.05984940548724955 20.550628860050075 g
2458734.6891204 644.3923212880296 88.2740977117076 26.0504 19.02752410841179 0.14872801043630512 19.43839177130163 g
2458736.6523843 2365.3714712614264 149.759542136345 27.5999 19.165151613794876 0.06873928128114282 20.413988730118703 g
2458737.6697801 792.8820344884087 59.2106636570073 26.0043 18.756278556238456 0.08107765687223757 19.825875167017323 r
2458750.6377662 508.32101254634114 42.8860422253351 25.982 19.216654843565834 0.09159836972075112 20.153785067022717 g
2458761.5997569 544.4344756018666 68.7934639320829 26.0454 19.205535953668168 0.13718650661954213 19.704107044482228 g
2458761.6363542 963.2544854483269 55.3490590351455 25.9498 18.490447399984337 0.0623848363046954 19.84459938408686 r
2458765.6098032 792.849258901604 51.4325069821391 25.9676 18.719623438547814 0.07042987327486226 19.942080754870265 r
2458772.5930787 815.119172922742 58.3096329050714 25.9628 18.684747228582264 0.07766565987895899 19.801024220961644 r
2458772.5979745 835.0738553621962 65.4330958367051 25.9467 18.642387782674717 0.0850711726798084 19.659781317751083 r
2458772.6028588 878.9438882870363 57.8581614467062 25.9372 18.577297123422372 0.07146827769075394 19.783863416668005 r
2458772.6077431 850.2497375161417 57.2707165164645 25.9266 18.602733733669837 0.0731300630607311 19.784343447598033 r
2458776.5885648 1018.9395430453549 100.687502838729 25.9679 18.447528958287933 0.10728450238106248 19.21303606414106 r
2458776.5935995 788.5931502514578 62.493691785371 25.9484 18.70626749885986 0.08603853729865932 19.71138453624258 r
2458776.5986227 720.6011008846059 51.1352326491658 25.9312 18.786962696819554 0.0770433489749687 19.911974398680307 r
2458776.6036343 790.6768828390358 58.0929053106465 25.9124 18.66740239640516 0.07976895324080047 19.754667247365568 r
2458778.5856597 886.051419621159 131.861441612759 25.9589 18.590252685661177 0.16157297871062937 18.911180440455624 r
2458778.590544 802.5253128981747 79.7205824799837 25.9511 18.68995315095687 0.10785035064619852 19.449748831107186 r
2458778.5954167 796.9390273903354 67.6034882295592 25.9251 18.671537261380717 0.0920987737433055 19.602752225645922 r
2458778.6002778 763.9716336493275 57.7714795426285 25.9176 18.70990691631691 0.08210055527823716 19.765891263963546 r
2458852.0601505 897.8064550642042 67.7338431601445 26.056 18.673043191063122 0.08190922787886391 19.731560694655627 r
2458852.0648843 834.1029176308571 59.2037243913937 26.021 18.717950899180334 0.07706181361204993 19.842702418646855 r
2458852.0696181 893.4470727120049 73.3669256311704 25.9425 18.56482792437582 0.08915410167048324 19.531324187227153 r
2458852.0743519 789.9123809798215 94.6111957404008 25.9829 18.738952697619883 0.1300389482285848 19.295618660825124 r
2458854.0592708 888.5997694471055 42.5758181667279 26.117 18.745234509439037 0.05201955635480056 20.296667483105885 r
2458854.0640162 992.1834314514323 40.2247235520164 26.124 18.632520073891833 0.04401603672875076 20.365342319025096 r
2458854.0687847 931.1803031612401 47.3822415073624 26.1314 18.70881554758291 0.05524483220908044 20.19493598415487 r
2458854.0735417 888.7770477485168 68.127820694437 26.1534 18.781417923435512 0.08322264297365087 19.82266374730897 r
2458856.0597569 978.6059777597657 44.733736650891 26.1123 18.635780339261196 0.049629185786350255 20.238287047378904 r
2458856.0645602 934.3447462476055 48.8019863966076 26.1294 18.70313213017381 0.056707459258036864 20.160881240324876 r
2458856.0693634 882.8932511727011 51.8836312272439 26.0938 18.729029507276934 0.06380166384622199 20.05879907955588 r
2458856.0741551 969.6147361102651 61.4639973939698 26.1275 18.661001981906054 0.06882265655154428 19.908522984744316 r
2458860.0631713 955.0781022993485 76.7742395719921 26.1368 18.68670278043671 0.08727431997722254 19.676336180241393 r
2458860.068125 926.1600934028424 81.6645272616058 26.1394 18.72268483979646 0.09573202071594819 19.611891358230924 r
2458860.0730787 1027.6858786897942 85.4262813823523 26.1485 18.618849027551065 0.09024869915996538 19.572096234468578 r
2458860.0780556 955.6054466192453 113.924668047918 26.1688 18.718103458968383 0.1294341849318773 19.279830559621885 r
2458862.0622569 977.577020942826 78.1220681495479 26.1194 18.644022538915372 0.08676260547548685 19.640040659211316 r
2458862.0670718 986.3899244749288 78.344554513267 26.1329 18.64777843127637 0.08623231110185163 19.650452950678343 r
2458862.0718981 881.0367784155962 86.2175025872089 26.1286 18.766114904538675 0.10624566970662536 19.542186392305744 r
2458862.076713 992.2224090895872 86.8972490220748 26.1484 18.656877421897907 0.09508386668048768 19.553459919541275 r
2458864.0639699 992.9928972194517 46.7166450705813 26.1429 18.65053464489808 0.05107817155103067 20.22179587263038 r
2458864.0689583 1042.9860814173421 42.5752341327461 26.151 18.60530371791732 0.044318838497928455 20.330682376799423 r
2458864.0739583 985.5038051379715 49.6798844898441 26.1567 18.672554236307025 0.05473083950505137 20.16882354566908 r
2458864.0789583 982.618378934115 55.0751410335119 26.1626 18.68163779265895 0.060852800946941336 20.06278594430346 r
2458878.0210532 984.8390044426878 40.5138137269475 26.1146 18.631186898874873 0.044662982847879916 20.34816717170887 r
2458886.9815741 611.6809373993567 88.860559329027 26.1587 19.19238763442359 0.15772260236473096 19.53950238275576 g
2458893.0200231 1109.6751633601343 55.8732357543598 26.158 18.545010335480875 0.054666062701469426 20.04256543132643 r
2458893.046713 687.974567364715 52.8669750166346 26.2572 19.163269040520667 0.0834299369458116 20.20181383586175 g
2458900.9826273 557.9950616289902 40.3821659734837 25.5412 18.674624111602153 0.07857223228717805 19.778300965574026 r
2458901.044375 335.40630989402405 33.094148157338 25.1761 18.862171928517 0.10712474868399022 19.629296972066296 g
2458906.0233102 760.4832978699129 58.7524055977643 26.2806 19.077875799269357 0.08387756435435101 20.11061085578153 g
2458912.982581 1026.3916680935422 36.3228353016301 26.158 18.629717205192733 0.038421689802128976 20.510125635421666 r
2458913.0240625 806.6606258245326 25.2498004532229 26.2616 18.99487285257399 0.03398419046924849 21.008530113459553 g
2458915.9819907 782.4337522952115 59.8840245038682 26.252 19.0183810585132 0.08309468400759787 20.06129754066503 g
2458916.0220949 1048.215929829557 33.3351622907319 26.1099 18.558773111429716 0.03452722351293837 20.55521855463546 r
2458939.9592593 161.717961101271 34.9339114659007 24.6692 19.147304356944243 0.2345302118592584 19.063656950992545 g
2458943.9381597 790.6205932043615 45.5275896825317 26.2452 19.000279694567297 0.06251962640890643 20.352088342814312 g
2458943.9795833 1133.8942555185977 33.6577509010385 26.1405 18.504068612254372 0.03222718518539858 20.57536225936991 r
2458954.9183449 821.4390307992317 38.5493735247593 26.2559 18.969461663561002 0.0509508962522874 20.543431677612155 g
2458954.9593519 1128.493490513153 37.4245266619465 26.1593 18.528052354297564 0.03600535487218368 20.47898419871339 r
2458963.8979977 809.6564160903322 23.3525890836296 26.2352 18.96444809555697 0.03131440134881604 21.066937395491436 g
2458963.920625 891.6914978794068 26.5477868538471 26.2506 18.875063435648514 0.032323883602981086 20.943104183829412 g
2458966.8776736 1153.69746935587 24.1296175952161 26.1277 18.47247014999255 0.022707448459389157 20.923898890936215 r
2458966.9210995 853.227862007585 20.9790379342472 26.2294 18.901737427950508 0.02669502778732477 21.177511068532763 g
2458972.9006713 866.6980862024717 39.0799155386259 25.9081 18.563430406053786 0.04895483787923604 20.18079094808536 r
2458972.9420718 894.996921129815 30.0196198641979 26.2794 18.89984614673433 0.03641610436538285 20.838462017886698 g
2458975.7939352 892.9557564027455 87.6070009773599 26.2512 18.874125146804836 0.10651694698098843 19.64742795535093 g
2458979.777037 636.5136676495592 89.967111117257 25.5896 18.580080666117507 0.1534567087941675 18.95696555086009 g
2458986.7928125 1211.5700271727505 25.5963683517841 26.1602 18.45182869786119 0.022937161283513325 20.89232911071071 r
2458992.8111111 1171.4484080728007 26.4534666552133 26.1615 18.48969208367839 0.02451710937472222 20.85786850611697 r
2458995.7727546 1209.2181977604755 28.8937348968801 26.1546 18.448338314156718 0.02594232210170273 20.75516577973243 r
2458995.814456 852.5408165493463 24.6345191744768 26.2739 18.94711204849905 0.03137175012450725 21.04761476422076 g
2458998.7932176 1267.9490899787709 22.9476548944509 26.1714 18.413645459166393 0.019649265980641605 21.022129214197676 r
2459001.7731713 1136.5502469270507 40.0557900322029 26.1446 18.505628398350016 0.038263659134776466 20.390511734470934 r
2459009.7724769 890.6826206188557 44.0034464183992 26.3326 18.958292554354347 0.05363812054990111 20.476458258065094 g
2459009.8603356 1263.5101833625813 52.4415064113733 26.2261 18.47215313374609 0.04506156282753877 20.17948709279188 r
2459012.7506829 1302.2231634876061 27.0861744377594 26.245 18.45828645960731 0.02258250383775735 20.91570581156158 r
2459015.8156829 1150.8626083093513 26.7289903663698 26.1803 18.527741299992897 0.025215577108199196 20.865418602986487 r
2459018.8365394 855.6641791349098 26.0479165081776 26.2851 18.95434162149828 0.03305060985668488 20.998242511260024 g
2459024.7447917 783.2080341368672 30.749017224263 25.619 18.384307165488636 0.042624956008237756 20.15199688976756 r
2459024.7920023 588.3075144864755 24.3279391642045 25.8372 18.913189010770427 0.044896321906804454 20.624511686368606 g
2459027.7257176 743.8036843605546 33.4767746539488 26.15 18.97135418683864 0.04886468702160102 20.59071596692233 g
2459027.7896412 1158.703780491819 35.0248117779428 26.0951 18.435168940161113 0.032818084127741384 20.48673546395639 r
2459033.7095602 772.868084698574 92.9871084709518 26.3418 19.121536565904144 0.13062527184867032 19.673318131431248 g
2459036.7152199 864.4986909255543 65.1813469214901 26.3366 18.994689150059124 0.0818594511425997 20.053866662716906 g
2459036.7748264 1236.4077528605421 56.6249597394523 26.2231 18.492695700921708 0.04972285125751521 20.09315522356976 r
2459039.693044 906.1130267934016 29.330578744131 26.3376 18.94464406471787 0.03514374962160617 20.921873408003936 g
2459039.7327778 1199.4708983294915 25.6362446070446 26.2298 18.532325711149994 0.023204623645835712 20.960238972328575 r
2459042.7994097 734.906409263276 28.3459115036348 26.164 18.9984199125907 0.041876292996747125 20.785348921868763 g
2459045.7278935 1198.229241269998 22.6980787502514 26.2231 18.526750215521187 0.02056643524491909 21.08570224303574 r
2459045.7633796 887.4950853841086 21.2247994177852 26.3198 18.9493851080666 0.02596494911058131 21.255266002430716 g
2459048.6887847 1212.4377709085848 22.2666290567751 26.2371 18.52795135644221 0.019939068005794966 21.120538803652977 r
2459048.753044 876.4585805292129 27.1293136668133 26.3181 18.961271507176015 0.03360603284900748 20.987077971995742 g
2459051.7423264 1183.6631822471247 26.2530843729324 26.1841 18.501029652186503 0.02408030775239731 20.88872415338085 r
2459064.7949074 965.7096326400138 103.324071510291 26.0767 18.6145835915667 0.11616218855770671 19.29377121086327 r
2459136.5943866 1130.8913255007606 67.6411149976941 26.1297 18.496147817931693 0.06493812172489523 19.80674809439763 r
2459136.5990741 1202.3515729434234 49.6122680941503 26.1081 18.408021310317228 0.044798909638348816 20.12170228448736 r
2459136.60375 1077.473225218449 48.3786066174248 26.1023 18.52128378269617 0.048747989254108066 20.143241599614008 r
2459136.6084144 1053.5603854969686 47.4310389606184 26.088 18.531351418681346 0.048877956791487175 20.15041839459112 r
2459136.6131019 1030.5547606150383 56.2670287605691 26.0837 18.551022315386188 0.059277891345523165 19.960640033199574 r
2459138.5923032 1032.8449017659054 60.0418037875529 26.0197 18.48461222467247 0.06311440010082069 19.826140661843567 r
2459138.5970139 1008.366170544612 46.7226599345743 26.0077 18.49865433200367 0.05030592395178243 20.086456090862683 r
2459138.6017361 954.0965019745139 45.7891627250972 25.9875 18.53851924102947 0.05210510034127133 20.08816823332142 r
2459138.6064468 936.1150195484934 44.2668384583779 25.9401 18.511776966599456 0.05134038607503746 20.077478724822218 r
2459138.6111574 854.1593983713055 49.4427498012111 25.8475 18.518652690451333 0.06284540515684878 19.864818448122556 r
2459140.5906829 1028.1807313069494 62.1036330959385 26.0566 18.52642634829724 0.0655778817859711 19.826382470708623 r
2459140.5954282 1010.0371355424072 48.6751256415793 26.0381 18.5272566460764 0.05232142665792494 20.07240728614387 r
2459140.6001736 980.6436625576117 43.629870118445 26.0239 18.54512193490978 0.0483039372977265 20.17701518881109 r
2459140.604919 941.7728420116587 50.0285369418248 25.9966 18.561734593754622 0.05767418652858837 20.00113048326979 r
2459140.6096528 932.7838020721091 47.7114206040093 25.9837 18.55924751026781 0.05553300693547899 20.039719119566392 r
2459142.5903935 973.7974186356606 76.0691012692589 26.0596 18.588428452565715 0.08481047666335434 19.609154276053207 r
2459142.5950926 1037.7991342325188 63.2015167834378 26.0586 18.518316739860573 0.06611865871570924 19.809356236382282 r
2459142.5997917 1061.7864055419461 53.7327359927881 26.0452 18.480107098494674 0.05494290674930421 19.97217760222182 r
2459142.6044907 1087.0895324138226 61.6488068692598 26.0336 18.442936715147614 0.06157000653785737 19.811363299608793 r
2459142.6091898 895.5204571809797 57.1215972464472 26.0122 18.632011221803324 0.06925237456405137 19.872774132224784 r
2459144.5839352 929.8974668556716 104.319354342927 25.9027 18.481612338383126 0.12179786164284148 19.109362763046832 r
2459144.5886574 788.3299492314524 66.919739407888 25.823 18.58122993489659 0.09216288325208953 19.51168938639045 r
2459144.5933796 1008.5066156562284 59.2732210619544 25.8378 18.328603121333618 0.0638101278741636 19.658228667712386 r
2459144.5980903 641.3973406823075 61.8635202315998 25.6439 18.626082112614647 0.10471702898549393 19.41788841638145 r
2459144.6028241 668.6869365869627 66.2701441769574 25.6157 18.552642902646333 0.10759817725789478 19.314980200557986 r
2459218.0589005 530.8195914549888 125.795388133304 25.0416 18.2292326414982 0.2572927885385128 18.045013190539684 r
2459218.0613542 311.2663506306108 133.294158268914 24.6767 18.443869565185167 0.4649312954624528 17.617247197905282 r
2459218.0638079 307.2894224761624 107.734222431754 24.9438 18.724930971953402 0.38064130015158243 18.11549078540854 r
2459218.0662731 735.807058083005 84.8507098715075 25.648 18.48109012650346 0.1251991465636411 19.078936289084673 r
2459218.0687269 747.8598730018668 80.4237332922565 25.7475 18.562949421391817 0.11675455574975732 19.23661441589374 r
2459219.0594213 1046.9178030015737 57.6654666796429 26.1329 18.58311853721689 0.05980163580616289 19.983185461482428 r
2459219.0618634 1126.2793345052303 59.4262735980431 26.1292 18.50008471112467 0.05728517186523569 19.946828743884055 r
2459219.0643171 1158.19112653811 56.9705044913281 26.1398 18.48034941682447 0.05340472337334875 20.003249825947872 r
2459219.0667824 1246.2124225468633 56.6218709722177 26.1369 18.39791980976809 0.04932896206322726 20.007014449711356 r
2459219.0692361 1221.6700782620592 66.7153349872072 26.1493 18.431915157361097 0.05929001658013382 19.84131081160797 r
2459220.0596181 1208.3512861179545 57.6354582563664 26.1318 18.426316978350847 0.051785286073530695 19.98265061275685 r
2459220.0620255 1190.5199087271205 58.2461315801193 26.1382 18.448858344037014 0.05311782238412805 19.977607271747274 r
2459220.0644329 1273.3100370499656 54.8791176708769 26.1449 18.38256459379973 0.046793205363646256 20.048957188396713 r
2459220.0668519 1240.674822509162 58.189509256488 26.1467 18.41255507746862 0.0509209577349205 19.987163252736742 r
2459220.0692708 1292.066539121554 65.3503121056608 26.1491 18.37088780093511 0.054912678027676326 19.86355582400349 r
2459222.0734144 708.1277085425015 75.3764031017924 25.617 18.491721029102898 0.11556695192178637 19.1764864655533 r
2459222.0758218 621.166188566413 78.4097639095163 25.6007 18.617680479745488 0.13704783396699657 19.117349623647936 r
2459222.0782407 1161.177248507872 72.7540512504487 26.0951 18.432853705232766 0.06802499234644337 19.693032034990093 r
2459223.0628819 314.1130431948068 72.0267026003636 24.5301 18.287385074079182 0.2489530209183865 18.1389411563431 r
2459223.0653241 844.4876738945911 58.8029033013827 25.7244 18.407916712475263 0.07559886791465473 19.553478066119176 r
2459223.0677662 306.92208134386766 72.1650359430557 24.629 18.41142966340383 0.25527514729575523 18.23575790849434 r
2459223.072662 103.03775683677549 74.4104730934348 23.2057 18.173209011509925 0.7840567682924179 16.77918982480522 r
2459224.071412 1219.8106606697302 58.421653532779 26.1718 18.456068938493086 0.05199855296043499 20.00794037708004 r
2459224.0737963 1197.6296175880505 66.4380710795453 26.1736 18.47779368088594 0.060228815914164846 19.870132451824382 r
2459224.0761806 1197.5994659158068 77.8417528912589 26.1746 18.4788210158598 0.07056849432494752 19.69914347141936 r
2459224.0785648 1219.496857429428 103.078772910038 26.186 18.47054828624938 0.09176950565032893 19.405651889413583 r
2459225.072419 1209.2855412823533 71.3816207772004 26.1708 18.464477849251335 0.0640866222510399 19.789408977315837 r
2459225.074838 1155.4829280021834 79.6730667269612 26.1776 18.5206911668495 0.07486138172116578 19.676896153947688 r
2459225.0772454 1326.9774879736942 90.6997665064006 26.1875 18.380341112077293 0.07420829470616552 19.54605956657896 r
2459227.0724537 1259.549439548227 49.6849399995551 26.1738 18.4232619525076 0.04282717110085424 20.185813064923813 r
2459227.074838 1124.8351093926392 64.6752041187453 26.054 18.426277841280225 0.06242503325632883 19.77973046903582 r
2459227.0772222 829.8940131623929 105.332818258099 25.7158 18.41824342098104 0.137800537139723 18.911965728627003 r
2459228.0704282 1274.9938937278337 47.0413515200929 26.1178 18.354029737931256 0.04005728623220145 20.18917551233123 r
2459228.0728819 1229.0847066343317 48.9335423814649 26.1312 18.407245462929982 0.04322496787795639 20.1597583486444 r
2459228.0753241 1208.4939793191256 51.1690585329079 26.1453 18.439688772232664 0.045969816813218864 20.12535642316724 r
2459228.0777778 1252.5879244045143 79.8493228142158 26.146 18.40147944859493 0.069210638303581 19.642896895841464 r
2459229.0580787 1243.812316725433 49.2872087645183 26.179 18.44211286736025 0.043021862572092465 20.19973942949499 r
2459229.0605556 1245.9136299369352 45.7854968185063 26.1771 18.438380157719227 0.03989788112228008 20.277855161463567 r
2459229.0630324 1400.1939648650734 45.7379830659111 26.1821 18.31662949645494 0.03546489233685909 20.28398246576004 r
2459229.0655208 1235.5363207864718 41.4974009964168 26.177 18.44736120803984 0.036464916088529954 20.3845227454677 r
2459229.0679977 1229.5077772531029 42.4514591607232 26.1899 18.465571799465614 0.03748617948051362 20.372743432653536 r
2459230.0725116 1285.2650939588893 64.6765419140448 26.2065 18.43401821785566 0.05463411547246493 19.932208011004352 r
2459230.0749537 1350.5732140226087 78.1108214394856 26.201 18.374704669779504 0.06279179681363789 19.72179697662121 r
2459230.0773843 1088.8984070654171 108.263814358037 26.2099 18.617431593790215 0.10794581247051019 19.376266678866997 r
2459249.0083912 1086.015925916692 51.9484026848264 26.2441 18.65450951493647 0.051933290708705955 20.20774449324942 g
2459249.0418287 1258.9381486034779 58.2527937727989 25.9931 18.243089015437356 0.05023682717795518 19.83238309233907 r
2459253.0297917 1141.2260111051314 28.3249446713468 26.2837 18.640270845887628 0.026946802938623407 20.905852313646808 g
2459257.0258565 1134.677303474882 29.1620082846873 26.2954 18.65821908020052 0.02790325698568613 20.8859314166462 g
2459264.9991898 1117.268641103814 31.7284839111915 26.3151 18.694705976518 0.030831989474212607 20.814051687630503 g
2459267.0068403 979.4957239960884 59.1855229477608 26.3022 18.824693638961158 0.06560286144203782 20.124236265967127 g
2459268.9547801 1496.448799590893 48.3646635692837 26.1849 18.247245344462648 0.035089416524993464 20.22615456137862 r
2459269.0251852 1111.1744197124394 28.3426078361478 26.3386 18.724144412564165 0.027692834519776863 20.9600754699404 g
2459270.9431134 1023.3777931150826 91.0111042498508 26.181 18.655910028191407 0.09655354703690681 19.53583902977956 g
2459271.001713 1411.6517454911684 64.7747740573617 26.2089 18.334581076316102 0.04981821643950043 19.93296022219446 r
2459272.9651273 1537.746819578322 84.6701936122825 26.1761 18.208887906315756 0.05977995079194052 19.6093486070141 r
2459274.9633102 1002.3362643813938 110.409229954109 26.2723 18.769766391615697 0.11959190265869153 19.41736153686854 g
2459275.0040509 1348.7196883171032 81.5767986588378 26.2142 18.389395756781937 0.06566815259767797 19.687858343721288 r
2459277.0026273 1086.5339110964806 71.5050251457902 26.2908 18.70069178663004 0.0714501452811912 19.907533579888028 g
2459280.9015741 706.02529466731 40.540313403802 25.847 18.72494934815786 0.06234141835279174 20.079857234766266 g
2459280.9449653 940.4279059363356 45.0637527376062 25.851 18.417686230624582 0.05202495166124005 19.969006600951683 r
2459291.8801389 1132.1025315282445 30.9259909434676 26.1268 18.492085596163438 0.029658398804212095 20.653565928238514 r
2459295.9806713 1153.9829270983714 36.9860958562108 26.1519 18.496401541039575 0.034797572241434885 20.48437876195214 r
2459297.905 1245.3388228152976 53.0866438969147 26.1495 18.411281181943487 0.04628151650213879 20.08961181317389 r
2459297.9429514 901.59321191957 56.3330863580805 26.2743 18.886773416864088 0.06783639345370769 20.149966124494064 g
2459301.9026505 1120.8311765728306 117.828222988144 26.1774 18.55354949349995 0.11413503154809455 19.2518516692303 r
2459301.9595486 926.2407510832734 120.114699948812 26.299 18.88219028902561 0.14079334080465314 19.352584587305778 g
2459303.8778819 885.5888215257432 101.88301935646 26.2075 18.839419685100676 0.12490491233249287 19.439820471595052 g
2459303.9594444 1147.0363866771427 81.4168953220662 26.1782 18.52925701260854 0.07706322508847115 19.65398864574036 r
2459306.8568634 813.527947415605 62.4857252856886 26.1452 18.86926880749421 0.08339080686556241 19.90832295130875 g
2459308.9610301 936.5254577209056 34.4833508652154 26.2951 18.86630103158027 0.03997603452817345 20.703651336449095 g
2459310.9447454 946.9331849231557 28.8763606662321 25.873 18.432201658729632 0.033108000938706514 20.474218845358486 r
2459312.8545949 828.2379297044299 29.1463964816701 26.2496 18.954212211437095 0.03820670549517334 20.84071281825478 g
2459312.8990741 1288.793528299928 33.5136289608346 26.2099 18.43444163350245 0.028232409741205992 20.649421346285198 r
2459315.9437384 101.46317598068826 39.408521356155 23.4404 18.42462886901017 0.42168827481332755 17.703999639049343 r
2459315.9778009 251.85955898693268 26.5294049358874 24.9559 18.953003903593043 0.11436125376677622 19.649156217385325 g
2459319.8896528 1206.8608065064545 32.5072329757111 26.1922 18.488057041103126 0.02924372276525726 20.66482497964012 r
2459319.9363657 839.8665144344452 30.00419819944 26.2863 18.975774334402534 0.03878658980358081 20.845919925086672 g
2459322.7753588 1007.0782347640851 41.7321421568029 26.0054 18.497741975039606 0.04499013599500019 20.206798293915483 r
2459322.9206597 864.1969880457943 30.8474754390059 26.2927 18.951168129132125 0.038754016210889634 20.82222592137883 g
2459324.837662 1218.86504960997 38.5494315434762 26.1657 18.450810939920608 0.03433777828000309 20.45323004352661 r
2459324.8988542 825.5217983829847 24.5134625932798 26.2643 18.972478636128788 0.03223932595075668 21.0433633370046 g
2459328.8552894 883.7800229847487 69.1954252749227 26.2626 18.896739548701518 0.08500471980263354 19.91498153204739 g
2459334.8777778 1267.8552606203946 59.7146919857923 26.2204 18.46272580758246 0.051135364660829345 20.032771997879344 r
2459334.9535648 902.2804561712737 74.3218675351365 26.3118 18.923446123894646 0.08943034400335127 19.88658345433544 g
2459336.8950926 1163.6221663124038 34.8620951484562 26.1728 18.508270035734434 0.032527548716803294 20.569491279494756 r
2459336.93125 937.6365484490731 43.8165249637477 26.2778 18.84771368121493 0.05073565149719065 20.426280161125234 g
2459339.8538079 1154.1605181942657 27.2052685304447 26.1758 18.520134465563196 0.02559155297541746 20.841742446709453 r
2459339.8773495 822.9216658744888 23.0155986173569 26.2592 18.970803758559825 0.03036502313049507 21.1067193015853 g
2459341.8568519 801.8765909977997 26.7970483439847 26.2697 19.009431161498657 0.03628183652407434 20.95205758977048 g
2459343.8571644 1036.3957889122366 27.3244183555812 26.1113 18.57248590077452 0.028624316430107263 20.772497674009998 r
2459343.8791204 731.2884309962283 26.0474349883027 26.1911 19.030878242681148 0.038671061879476255 20.90426258228542 g
2459345.8416667 1163.9477258078814 26.7560277957109 26.1541 18.48926630974576 0.02495732302551712 20.83812089303224 r
2459345.8950463 803.5891486968288 26.9572866451615 26.2655 19.002914840999452 0.03642100712548775 20.94138454753743 g
2459349.8358333 1125.5150378977767 25.9600079831239 26.1728 18.544421745145115 0.025041674005458706 20.88961293495756 r
2459349.8828356 793.7515020584236 19.2652028882532 26.278 19.02878859965128 0.02635110701716439 21.318641021478445 g
2459352.8385995 672.8214838462192 35.6718370982034 26.2231 19.15335037385585 0.05756194543034443 20.59486129900248 g
2459354.8787963 777.4229056374686 35.8855336317728 26.2869 19.060256669149304 0.05011548229604669 20.652176467301526 g
2459354.8990046 1103.7229292932607 30.1846589823367 26.1858 18.5786498377607 0.02969176718844402 20.738909304954735 r
2459358.8384375 1072.7664985831223 69.4988158364071 26.1582 18.581936993809457 0.0703367083640715 19.805831476968674 r
2459358.8991667 615.6353811521428 82.3128888383234 26.2442 19.270891072013733 0.14516239018706156 19.708105379467764 g
2459361.8298264 957.6071289084057 86.1701706074378 26.3372 18.88423157370843 0.09769659331498531 19.751382607155904 g
2459363.8554398 1162.2279996945747 42.588461799497 26.2288 18.56557166502755 0.039784184332045856 20.408145102643946 r
2459365.8333218 763.6673659974248 31.8961123248335 26.2506 19.04333941955891 0.04534645670742006 20.74383060900631 g
2459365.8363194 1093.6615209708582 31.8637981754254 26.1568 18.559592669229083 0.03163183948206327 20.65113113266348 r
2459367.7934144 668.942109202658 23.9027937993934 26.1905 19.127028662014286 0.038794482917115035 20.9969533266694 g
2459367.8359259 897.7720174450714 29.5378198375816 25.9227 18.53978483799805 0.03572088500700508 20.499328896067585 r
2459370.8365741 1134.0870863955495 29.941314849746 26.1763 18.539683986868674 0.028663835363549207 20.738197818827505 r
2459370.8816204 756.5539962208533 25.1485767792234 26.2278 19.03070017596285 0.03608970403380477 20.979091458465305 g
2459373.8369329 747.5067413789931 27.7347846449071 26.295 19.110962215768048 0.040282788130346435 20.940012994116024 g
2459373.8664468 1096.8564882008243 27.6027938348514 26.1963 18.59592547860119 0.027322036737600294 20.846492384934194 r
2459374.7925 1031.4370206937863 30.5679610800647 26.0371 18.503493212005033 0.03217611417738613 20.5765088098462 r
2459374.792963 768.0672438173519 28.8771578314501 25.7659 18.552401890219393 0.04081925184282554 20.367088872772882 r
2459374.7934259 810.6776349193849 28.8603948650846 25.8439 18.57177952047605 0.03865128301971502 20.445719317228654 r
2459374.7939005 813.5609921481865 28.5553694853444 25.8286 18.552624706816403 0.038107240820847314 20.44195552919426 r
2459374.7943634 995.350590675543 25.7507178276512 26.0283 18.53335980371967 0.02808814764102984 20.7539016392856 r
2459374.7948264 957.9634157064103 27.0030857840176 26.0375 18.5841276904044 0.030603726358473853 20.71154149891101 r
2459374.7953009 960.2539648525324 26.1911929637534 26.0576 18.601634727433726 0.029612768331671504 20.764786788555462 r
2459374.7957639 1073.7663498737274 29.4118484413408 26.0706 18.493325525641264 0.029738726545601748 20.651869190672947 r
2459374.7962384 1059.908333606295 25.5370005473415 26.0665 18.503329232900363 0.026158414473366493 20.80115027467981 r
2459374.7967014 973.32545295959 29.1317017900914 26.0383 18.567654798631928 0.0324950801783002 20.62996035015702 r
2459374.7971759 946.0046321673415 28.8529844797473 26.0021 18.562366842611294 0.033113670043975384 20.604198133814595 r
2459374.7976389 1036.692388040536 30.5683629702562 26.1045 18.565375225697917 0.032013422746873174 20.64389453529705 r
2459374.7981019 1097.9690443096015 29.1095262591551 26.1391 18.537624760086032 0.028784247446099264 20.731587145153185 r
2459374.7985764 1089.4938117806396 26.8560051628115 26.1383 18.54523808040332 0.026762487762652 20.81827145983759 r
2459374.7990394 829.5583095796943 27.6684777266499 25.9091 18.61198270511566 0.03621163927951461 20.55671182505371 r
2459374.7995139 882.932868653 28.7660812411075 25.966 18.601180788853043 0.035372263863182325 20.57137323252946 r
2459374.7999769 770.8769130998637 32.185860426267 25.752 18.53453740191861 0.045330438713334795 20.235412180067545 r
2459374.8004514 668.3361337965637 33.8899458458723 25.6102 18.547712644945385 0.055053606028824205 20.03759780200732 r
2459374.8009144 664.3029307577426 32.7197190467377 25.5951 18.539184578857334 0.05347530068627367 20.060651074474645 r
2459374.8013773 782.9753264080907 29.1706175398957 25.7771 18.54272980869183 0.040448962304283284 20.367310931154197 r
2459374.8018519 775.6276250821487 31.7373608032404 25.716 18.491866828253947 0.044424994043280305 20.214647966370997 r
2459374.8023148 658.8019284288814 31.6268298431212 25.5922 18.54531284561061 0.052120747798301933 20.094635834112875 r
2459374.8027894 725.8223972814446 33.0832045245157 25.709 18.55692408639245 0.049486534566580725 20.162556064655934 r
2459374.8032523 776.306769815536 31.261989892076 25.8641 18.639016566342356 0.04372130161107821 20.379133443336265 r
2459374.8037269 896.7005355388155 31.9895859077741 25.9107 18.529081427165362 0.03873209844711522 20.4007534432739 r
2459374.8041898 905.1034472367006 32.400036476165 25.9183 18.526554452548957 0.03886486092785039 20.394511241314078 r
2459374.8046644 956.6541344753853 34.4974711591225 25.9515 18.499612618040402 0.039150935628369445 20.35960683857038 r
2459374.8051273 924.5744095285309 30.3206049887133 25.9887 18.57384532795421 0.035604577086480786 20.536930332789062 r
2459374.8056019 916.8825161575912 29.7817482982999 25.9393 18.533515771656997 0.03526519871157268 20.506999517035126 r
2459374.8060648 840.5890275027136 28.4436782055625 25.907 18.595540708221545 0.03673769275756995 20.524610597527513 r
2459374.8065278 888.9565443191079 32.2271629641088 25.9109 18.538698671319388 0.03935966392702875 20.392919801183005 r
2459374.8070023 896.3934347017965 27.0683166550925 26.0008 18.619553332381777 0.03278479097987868 20.672221868216887 r
2459374.8074653 970.4826185448205 32.56737299888 26.0365 18.56903059617506 0.036433828065773895 20.507118168592363 r
2459374.8079282 980.6329497241123 27.4995666469925 26.0447 18.56593379586923 0.030445927313618632 20.698960364066366 r
2459374.8084028 1077.864515083164 27.724717715626 26.0992 18.517789563665527 0.027926261234727346 20.744607156675947 r
2459374.8088773 1078.1270234851793 26.8938527935759 26.135 18.55332517034818 0.027082760511462814 20.813442430688895 r
2459374.8093403 1113.2372190649492 29.5244726606566 26.1528 18.536330705619694 0.028794150445849147 20.7299196157079 r
2459374.8098148 1034.1286954906614 26.9142468003678 26.093 18.556563526742806 0.028256442238356976 20.770619412862157 r
2459374.8102778 851.3031025760945 28.2936794391232 25.9362 18.61098945954379 0.03608403126230856 20.559551417247754 r
2459374.8107407 843.3656050179924 33.8304506988071 25.9051 18.59006028698289 0.04355136147971232 20.334405530109667 r
2459374.8112153 966.2139881267149 29.302727796649 26.0623 18.59961669852959 0.03292642412526277 20.64760486217483 r
2459374.8116782 1017.5204440615416 27.5640010905196 26.1009 18.582042140382363 0.029410943198864253 20.752619343098146 r
2459374.8121412 1114.757438682415 29.1528299078339 26.1386 18.520649052395548 0.02839292776403929 20.729473192305427 r
2459374.8126157 1093.174063809694 25.7241390156003 26.1815 18.58477670186564 0.025548262306833543 20.908222869449506 r
2459374.8130787 1178.7116866528672 26.8722921449911 26.1989 18.520381026295425 0.024751809888866407 20.87821320831478 r
2459374.8135532 1085.5266972076217 25.1675014194654 26.1919 18.602798727835335 0.025171519375250733 20.942374734715077 r
2459374.8140162 1128.7366010476826 26.8296638257463 26.189 18.55751848012487 0.0258066992676374 20.87003691161149 r
2459374.8144792 1104.2543933827062 28.3254005742586 26.1548 18.54712716045903 0.02784945895416909 20.776934838367705 r
2459374.8149537 1124.0524648278977 24.7675405552858 26.181 18.55403354430731 0.023922476594534146 20.94886778217246 r
2459374.8154167 1143.022065886801 25.8541977463296 26.1735 18.5283634638185 0.02455762082896652 20.894747323673887 r
2459374.8158912 1076.7814330045928 28.1048150058815 26.1344 18.55408110404182 0.028337596392930556 20.765023161697528 r
2459374.8163542 1010.808390042631 25.8603184196465 26.129 18.61732790487473 0.02777633029641362 20.849990318981924 r
2459374.8168171 1037.5047029942573 25.2661949735805 26.1393 18.59932481490154 0.026439887745711925 20.885525381234185 r
2459374.8172917 1106.9401954949876 24.4431228810265 26.1699 18.559589605138605 0.02397410322611294 20.95208326148614 r
2459374.8177546 1093.4025727896208 24.4367761622964 26.1764 18.579449771357588 0.024264629094219243 20.958865212246284 r
2459374.8182292 1003.687495967048 24.2402370474846 26.0998 18.595803715744708 0.026220935767558934 20.89103283285924 r
2459374.8186921 1119.2327388413137 27.0833255938689 26.1728 18.550498986796796 0.026271896431214435 20.843620012097105 r
2459374.8191667 1113.9503289212807 27.617987790135 26.1364 18.51923543483646 0.026917582018927258 20.785994905967915 r
2459374.8196296 897.7268082675461 31.637205820067 25.9319 18.549039513879908 0.0382616560433717 20.433979689462515 r
2459374.8201042 791.8578321859791 28.5663408516614 25.8883 18.64168195839796 0.03916672286618818 20.501238454505767 r
2459374.8205671 966.7601244370462 31.9750527005045 25.8693 18.40600317765853 0.035908922843867604 20.35984681679773 r
2459374.8210301 669.5968119662423 40.7768799973145 25.591 18.526466556849883 0.06611659109170953 19.81754000640965 r
2459374.8215046 1030.8552588449227 29.2326131789759 26.0495 18.516505773012877 0.0307878801180842 20.637405889657686 r
2459374.8219676 867.4916787971109 30.4052631345651 25.9742 18.62853670595318 0.03805338424798649 20.519403073521566 r
2459374.8224421 1015.8835517441432 26.239045950333 26.0896 18.572490178293034 0.02804232053896996 20.794804888967057 r
2459374.8229051 1064.5014015755055 25.6306134404255 26.1463 18.5784344060289 0.026141024305918845 20.876977487491423 r
2459374.8233796 1061.4817483715349 27.325931411589 26.1155 18.55071867225573 0.027949386580670633 20.776637554369596 r
2459374.8238426 1080.6484347713924 28.5719827279268 26.1108 18.526588928095734 0.02870554442090358 20.723524041867798 r
2459374.8243171 1095.4837844269887 24.9790123384812 26.1391 18.540085116426607 0.024755924351791723 20.897736832850438 r
2459374.8247801 1107.3448007771021 27.5364052322832 26.1422 18.531492822783076 0.026998162758076386 20.795006878631664 r
2459374.8252431 1051.5394314909902 27.4627589134682 26.1465 18.591936092851032 0.02835492085168458 20.802214578183737 r
2459374.8257176 1160.861540339698 25.1168888019832 26.1793 18.517348942153085 0.023490662085620853 20.93196038197194 r
2459374.8261806 1158.4239820503205 26.194105617408 26.195 18.5353311503891 0.024549682076233568 20.902066053402145 r
2459374.8266551 1120.016881150471 25.6255407803313 26.2051 18.58203857873694 0.024840384188341478 20.935992391274997 r
2459374.8271181 1158.823414762642 26.0632747164732 26.2128 18.552756845459882 0.02441864480747562 20.925302534975557 r
2459374.8275926 1176.1320776670686 24.307778030931 26.2117 18.535559762441537 0.022438767812990777 20.999911834442504 r
2459374.8280556 1134.0521186079145 29.6276430036794 26.202 18.565417464349206 0.028364421247746907 20.77533223163868 r
2459374.8285185 1150.352932490527 26.3306821307401 26.2069 18.554822240164235 0.02485082689140703 20.90831971361478 r
2459374.8289931 1204.934180360051 24.9969291580414 26.2095 18.50709168954259 0.0225233597230813 20.967358340643123 r
2459374.829456 1141.2748217468577 26.0613621583278 26.2029 18.559424409557664 0.02479229398225739 20.915482210681617 r
2459374.829919 1156.591481084404 26.3599269095341 26.2057 18.547750027080156 0.024744236071018288 20.905914484866216 r
2459374.8303935 1127.105424200951 25.9904645665568 26.2051 18.575188650418454 0.025035677030758194 20.920639883242274 r
2459374.8308565 1174.3868515278648 23.8659470133674 26.2095 18.534972049438664 0.022063648480654154 21.01762830896414 r
2459374.831331 1181.5404734706028 26.3096237159614 26.2056 18.52447849273056 0.024175522641654127 20.90788839719068 r
2459374.8318056 1147.4661250668123 25.4626729559215 26.2043 18.554950316576342 0.024092061128719013 20.942115009220675 r
2459374.8322685 1128.3090352228544 25.5286313262972 26.2036 18.5725298353 0.024564577758155196 20.938606160469973 r
2459374.8327431 1134.1125058376742 26.7839579478977 26.1951 18.558459651436543 0.025640615895117083 20.877988103033765 r
2459374.833206 1190.1797275811493 27.0404769214529 26.205 18.515968628445204 0.024666733194394566 20.877539121343876 r
2459374.833669 1187.357666408939 27.3373968079963 26.2068 18.5203460982536 0.024996858616499973 20.86748209742728 r
2459374.8341435 1136.7550159459051 24.7776653894389 26.2035 18.56433280197181 0.023664827457065704 20.970924029888028 r
2459374.8346065 1141.2411755778937 29.8821719810247 26.2002 18.55675641885253 0.028427886071820202 20.76424458686615 r
2459374.835081 1151.281005577707 27.429156693262 26.1903 18.537346651227733 0.025866695687323693 20.847343850488848 r
2459374.835544 1186.3894271569575 25.0825290311519 26.2009 18.515331830749616 0.022953763027356154 20.95504668020466 r
2459374.8360185 1162.0084265555358 25.3519068065237 26.1947 18.53167680638466 0.023687061634683683 20.937248414857596 r
2459374.8364815 1138.7387541993896 27.5024358915159 26.1782 18.537139747359692 0.026221461715696143 20.832347086639423 r
2459374.8369444 1127.3854480817986 26.71770766915 26.1646 18.534418938022686 0.025729811632526498 20.85017700485194 r
2459374.837419 1094.7507233835877 33.1381160288907 26.1387 18.540411897912335 0.032864150535902734 20.590455453568023 r
2459374.8378819 1103.9098242404416 26.5377181195124 26.1463 18.538966004094707 0.026099958465519643 20.8392160472765 r
2459374.8383565 1101.1739232455623 25.8158823837927 26.1733 18.568660204068205 0.025453112276282455 20.89615755473314 r
2459374.8388194 1100.226050728627 27.7670618256632 26.1843 18.580595190517645 0.02740045920941231 20.828050170988014 r
2459374.839294 1149.895359871608 28.155003454529 26.1903 18.538654196285552 0.026583190364378208 20.818986026751013 r
2459374.8397569 1154.5590058933028 25.5588283271816 26.1939 18.537859666873466 0.02403447530457831 20.92762263683517 r
2459374.8402315 1134.0159187157512 27.1118949614807 26.2004 18.56385212251015 0.02595676469252261 20.870075306002413 r
2459374.8406944 1137.3196521536297 27.3609360607093 26.1967 18.5569936411479 0.026119102246111036 20.856447611159023 r
2459374.8411574 1109.8818085729517 25.5938243782785 26.191 18.577808167036824 0.025036192964748946 20.923237025293325 r
2459374.8416319 1146.563471653275 24.6246187798811 26.1964 18.547904746304194 0.023317460629341993 20.9705511996699 r
2459374.8420949 1137.2185268639098 24.7174309903167 26.1825 18.542890184164285 0.023597676429165538 20.952566663399963 r
2459374.8425694 1186.5306579939793 26.1406547123617 26.1873 18.501602589622514 0.023919237678353453 20.8965838376281 r
2459374.8430324 1138.8223383797206 27.6263135206126 26.1788 18.53766005652631 0.026337636327017817 20.828067648789723 r
2459374.8434954 1147.5357021784216 25.5389656004301 26.1784 18.528984484481377 0.02416278195070553 20.91296673130532 r
2459374.8439699 1079.841495197027 26.7132643728056 26.1829 18.59949996964657 0.02685819285381625 20.868657583551382 r
2459374.8444329 1167.4694012767413 25.9085227231637 26.1763 18.508186233073385 0.024093893244462903 20.895268362472006 r
2459374.8448958 1104.6261549643666 25.3839246199716 26.1923 18.584261694781983 0.024949008165384413 20.933478065623337 r
2459374.8453704 1099.2631927853356 25.988942065513 26.1869 18.58414578375099 0.025668279067029155 20.90250348668112 r
2459374.8458333 1101.2869751159337 24.3674700005137 26.1879 18.58314874283057 0.024022587007144703 20.973448888998185 r
2459374.8463079 1071.3381694370144 26.4022163304659 26.1668 18.591983554622246 0.0267561514074031 20.865274026181382 r
2459374.8467708 1075.4748986504137 26.3938579968923 26.1495 18.57049930374181 0.026644798184676768 20.848317799674536 r
2459374.8472338 1110.4961801761797 25.6787321798261 26.1361 18.52230732743816 0.02510535382770443 20.86474104472727 r
2459374.8477083 1093.5564452280091 27.0186982823412 26.1588 18.561696988542568 0.026824587659050006 20.832213935218267 r
2459374.8481713 1077.5481272995305 26.1162247946342 26.0979 18.516808308825638 0.026313799394365768 20.808198993846325 r
2459374.8486343 1184.396241793734 26.0684635429428 26.1867 18.5029574483496 0.02389616740568987 20.89898640188792 r
2459374.8491088 1074.6068063757061 24.2003477425982 26.197 18.61887603252912 0.024450168553048223 20.990020972803247 r
2459374.8495718 1164.4631987218777 26.6813065026634 26.1806 18.515285580499434 0.024876607952691854 20.86765725953771 r
2459374.8500463 1101.208558083098 25.0890273124653 26.1829 18.578226055324848 0.024735693119348326 20.936765428441937 r
2459374.8505093 1126.5843927754443 26.9522256108616 26.1562 18.526790673978486 0.025974113908699494 20.832288405742005 r
2459374.8509838 1079.183788540361 26.6427350439053 26.1355 18.552761468107676 0.026803606340576682 20.824127974559804 r
2459374.8514468 1047.7199359767747 26.9132230316061 26.109 18.558386980677476 0.02788883292382295 20.78666071306867 r
2459374.8519097 1025.5749502357376 29.1010033052546 26.0744 18.546981488447827 0.030807070006197534 20.667205083497212 r
2459374.8523843 941.0365816872395 28.365731777233 26.023 18.58898373389704 0.032726331356135716 20.64359000929755 r
2459374.8528472 932.0404614135851 31.2570903516814 25.9601 18.53651308449266 0.03641024655018894 20.475303618853346 r
2459374.8533102 824.4446089801382 31.0853172848094 25.8405 18.55009629371866 0.04093583560194112 20.361686727839142 r
2459374.8537847 795.4256609612047 37.8724332500593 25.7525 18.501001006237537 0.051693203774569756 20.059266967107433 r
2459374.8542477 754.1154267603871 36.0510913105174 25.7287 18.535105437154296 0.05190275712031723 20.08897894946432 r
2459375.7909838 831.8560141672326 30.517456748885 26.3218 19.021679597927577 0.03982997325015862 20.86300414481491 g
2459375.8796991 1124.949234195515 35.1215218119808 26.1945 18.566667689006472 0.033896139552054096 20.583141675215817 r
2459377.7703356 1214.6028682309036 26.6073067416379 26.2236 18.51251424411263 0.023783537553695753 20.91367269816304 r
2459379.7941551 729.231951491717 24.2623614892715 26.2509 19.09373577718014 0.03612245159447222 21.041142316480784 g
2459379.8585069 1186.695902312495 25.098804449637 26.1933 18.507451393152245 0.022962725276011915 20.946742401920655 r
2459381.7936458 402.28146372296794 31.6610175827728 25.6381 19.12677494584189 0.08544854757038575 20.13936281680169 g
2459381.8583681 454.06348621534295 43.7225636747511 25.328 18.685208551858338 0.10454394335325275 19.478810941901557 r
2459383.7131597 916.364299913855 43.8498257007668 25.9524 18.547229596427094 0.05195287045533965 20.10005531060296 r
2459383.7529167 582.1500141417321 37.4317633397075 25.9884 19.075812719135786 0.06980961001578913 20.30787427318618 g
2459385.8071875 817.6863098347617 59.5194537544588 26.2403 18.95883318347528 0.07902819230797005 20.056227647218662 g
2459387.7314815 1160.0791221488703 75.204618303276 26.1397 18.47848097274995 0.07038283211288483 19.70166371075125 r
2459387.8291667 653.3519036042212 112.990914397793 26.0612 19.0233320980066 0.18776135048348436 19.181166181016472 g
2459391.7300926 798.0923070623119 64.1498182498552 26.3102 19.055067188511003 0.08726742139669566 20.04478641350093 g
2459391.7983565 1122.3219220771912 52.5908021295002 26.1889 18.56360638504211 0.050874738119987724 20.139200502050294 r
2459393.7732755 779.5166244658523 35.5498326099008 26.2739 19.04433654584213 0.049513316397859664 20.649381088785756 g
2459395.7514005 554.6130981409755 29.4007752725139 25.9973 19.13732469506715 0.057554395704615305 20.578978032845924 g
2459395.7940741 409.7806648812948 45.5902380977287 25.1078 18.576421343079268 0.12078979255168722 19.213195338318368 r
2459397.7513194 747.1845131052243 28.6987394754063 26.2444 19.060830345768 0.04170083948736861 20.852317934685395 g
2459397.8367014 1059.597600061934 29.8413231526851 26.134 18.571147585074993 0.03057644198606763 20.699529799969195 r
2459400.7283218 1101.0534025162726 25.7324445376853 26.1786 18.57407904168121 0.025373623995637248 20.90497237567465 r
2459400.7959259 732.0327799713104 26.0880834094474 26.2136 19.052273677675366 0.038692027095763526 20.92506955331776 g
2459402.7548148 1139.5008947101796 27.0956735561292 26.1929 18.551113323713313 0.025816366548243545 20.86322511074701 r
2459402.7958102 767.1044475303863 32.7700124164843 26.2532 19.041063748218093 0.04638012801922607 20.71708347432092 g
2459404.7111806 1108.720385035535 28.5558076203806 26.1107 18.498644918548617 0.02796290277683815 20.724038870491167 r
2459406.7281366 636.4352074904185 29.9667916691109 26.1623 19.152914508154968 0.05112059378902843 20.72327436761392 g
2459406.7319907 1064.146619039702 28.6448426461943 26.1023 18.53479632612445 0.02922501947056683 20.712258886919756 r
2459408.7328009 943.8153909889127 29.5254939804602 25.9391 18.501882362017916 0.03396408780852591 20.51618205823071 r
2459410.6898495 665.8676760448373 30.7923088308175 26.0507 18.992230167589515 0.05020698691396971 20.582169354520445 g
2459410.728287 959.0060463999426 31.3964393042825 25.9946 18.54004663663577 0.03554421192715178 20.50497399622112 r
2459412.7292477 1084.1338443266632 38.0921144121507 26.0866 18.498892744069266 0.038147142840059475 20.387087288930324 r
2459412.7331366 697.1300437113251 36.234857095793 26.1242 19.015915500959316 0.05643162951271808 20.478958606977493 g
2459417.7707407 66.80993048808256 161.80906022515 23.9713 19.40919745026168 2.6294907868192166 16.701367900301456 r
2459417.7963773 208.50610659448665 143.239129692593 23.4978 17.700003052907185 0.745852127054011 16.36022080512076 g
2459419.7759259 116.00237157548567 153.748272119211 24.7298 19.56863282969955 1.4389748827781976 17.515349379883737 r
2459423.7757755 980.4228720909997 42.6688568950664 25.9535 18.474966414329565 0.047250609150082945 20.130797468654205 r
2459425.6779167 916.8788452413571 30.8329401741013 25.8881 18.482320118620287 0.0365100834431509 20.418137638541822 r
2459425.7500463 764.5536660712098 30.8947533885448 26.1269 18.91838006221978 0.04387191539647785 20.654763156930297 g
2459427.713125 1275.2439648883505 30.2536947097986 26.1495 18.385516807743045 0.025756982389878707 20.70012893887105 r
2459427.7730324 760.327409177255 35.1224867788519 26.1282 18.925698383181135 0.05015271504819536 20.51681184492881 g
2459430.711412 1194.801779336961 24.5152217102358 26.165 18.471760348255543 0.022276645943374217 20.94398542600228 r
2459435.7065509 813.362053038244 23.5006391925061 26.1738 18.89809023307583 0.031369356212274865 20.998675802203692 g
2459435.7331944 1127.1727559052674 29.2869664509679 26.0938 18.463823791990798 0.02820939320013888 20.679689014875205 r
2459438.6714468 1056.3144000374405 30.9409150860573 26.0426 18.483116999299 0.031801660100195306 20.568842104330425 r
2459440.6926852 756.5838418066953 31.6664280403064 26.0478 18.850657345187898 0.04544141577391062 20.548877294408197 g
2459440.7129977 963.0313858209457 43.6627668504474 26.0122 18.55309889676102 0.049224424735773445 20.164496856913136 r
2459443.6675231 801.1262567783804 84.8253964392263 25.9145 18.65524758525401 0.11495682750982994 19.345760244068035 g
2459443.7597685 805.3540356282184 99.2431276610763 25.7021 18.437132901816103 0.13378993453181276 18.962923882491687 r
2459447.6787269 786.747110846879 79.4603961588628 26.1596 18.920012108153355 0.1096542344042592 19.66179817428649 g
2459450.6582755 890.4064145631942 38.0448342475901 25.8387 18.464729299919654 0.04638923964049795 20.140535748355937 r
2459450.7116782 430.0573354159731 66.0281125205869 25.8405 19.256684100615963 0.1666910801422843 19.543752782385496 g
2459451.6573495 1105.111752676224 27.5646351313266 26.1146 18.506084506040843 0.027080450723293768 20.766294368743374 r
2459451.7106481 510.0207167404179 64.8419892718224 25.9809 19.21193045689577 0.13803154546807966 19.703834164167432 g
2459452.7369329 1065.7102152117445 53.8965926244553 26.0942 18.52510217833828 0.05490754407448816 20.017871714930255 r
2459454.6931829 744.6622887621409 30.3701805815354 26.2286 19.048701597925493 0.04427900479851633 20.775056553541834 g
2459457.7041782 635.0802838113214 29.6153316308948 26.0465 19.039428424516906 0.05062882027875245 20.620283488633703 g
2459460.7285185 938.4645906726944 35.0267715953723 26.0779 18.64685527288514 0.0405221105826025 20.469474713160018 r
2459462.6719329 755.6330047408969 32.8664534412284 26.2342 19.038422702762865 0.04722280297083801 20.694892882439625 g
2459464.7281019 943.1713553984218 41.6502354983513 25.9972 18.560723493651444 0.047944268474372796 20.200731335826625 r
2459466.6480903 1036.7749049698584 30.5572134776588 26.0983 18.55908880849903 0.03199919916431491 20.638090618528175 r
2459468.6506366 703.7314179882483 30.6846634726951 26.1638 19.045282648812275 0.04733956489755783 20.699071577618056 g
2459470.6668634 1041.0754609691057 40.0402620583625 26.1504 18.606694475227684 0.0417565432541246 20.39673271111476 r
2459473.6508681 1073.3335830013575 45.0626336054685 26.1611 18.584263205006554 0.045581822911615055 20.27913356491483 r
2459476.649456 760.4205577340131 80.8176459652174 26.1948 18.992165376578043 0.1153884088640438 19.678609498466674 g
2459476.675706 944.7385574643015 79.698060275241 26.1089 18.670620898726384 0.09158955496965496 19.607855610450432 r
2459478.6518866 599.8165443595452 92.6763164654148 26.1527 19.20765389885468 0.1677490855040295 19.487853079433073 g
2459478.6712963 967.2454620502111 89.8940551547471 26.0825 18.61865824786837 0.10090300705535125 19.450747559016452 r
2459486.654456 965.0799163591923 41.4684696291537 26.1158 18.65439180524997 0.04665138784176642 20.324079968502353 r
2459498.6072106 918.4449435787669 52.080475939318 26.1291 18.721467181184185 0.0615646840048919 20.089987628174597 r
2459498.6102199 873.3172696609176 49.0769552155003 26.1248 18.77186987919192 0.061012019489957846 20.15018096211776 r
2459498.6132292 1033.3271181924147 57.0362164432699 26.118 18.582405432559092 0.05992702514261055 19.980198218101865 r
2459498.6162384 884.6381251700442 59.7195471344144 26.107 18.740085869531747 0.07329269503433478 19.919283724856797 r
2459498.6192361 849.4408283349761 54.7214913373172 26.0983 18.7754671712476 0.0699414499081466 20.00548017715951 r
2459502.6037269 1061.4691639780272 75.2301520093579 26.0934 18.52863154427417 0.07694747884192953 19.65499514078111 r
2459502.6067245 997.8661517963026 70.0184311228457 26.0933 18.59561927161797 0.07618157057760545 19.73284405050545 r
2459502.6097338 792.6973886633912 90.4458874192004 26.0802 18.83243143118784 0.12387715839029215 19.441802928548853 r
2459502.6127315 915.0379477231476 81.8196089392388 26.077 18.67340223711523 0.09707963439807889 19.547431490570144 r
2459502.6157407 803.0903095339614 86.5738688382793 26.0693 18.807389036159044 0.11703945158081254 19.478407924586648 r
2459510.5833796 848.3808765128898 120.617263042576 26.1155 18.794022823863852 0.15435774910861647 19.164551315263346 r
2459510.5857639 873.732515854496 96.3171322014697 26.1153 18.761853754421484 0.11968366580573743 19.408616131192918 r
2459510.5881481 1058.5837266031756 67.3016144863319 26.1241 18.56228696654005 0.0690255867453001 19.806611282756958 r
2459510.5905324 953.0178235804017 69.6465828717638 26.1202 18.672447442501163 0.07934300193861447 19.765525456331883 r
2459510.5929167 937.9229121259267 60.4303990281363 26.1254 18.694982137032365 0.06995168086483296 19.92483633428738 r
2459512.594213 912.2732792283879 48.7531214731032 26.1128 18.712487613930108 0.05802128067164049 20.145368921373816 r
2459512.5966435 926.2840264335894 54.472948949539 26.1122 18.695339562994636 0.06384789004968842 20.024322771931537 r
2459622.004537 548.7482807160309 44.1490463985832 26.262 19.413567068590776 0.0873490111210867 20.402271670582437 g
2459623.9974074 615.588581586198 58.7520783206159 26.238 19.26477361099068 0.10361974432393022 20.06801690383412 g
2459625.9839583 1054.4975559329926 66.6432698994712 26.195 18.637386056278864 0.06861523549558006 19.888184244436495 r
2459626.0088542 712.5983944784082 92.7910550889956 26.3126 19.18048790118042 0.14137450952841724 19.646409706821984 g
2459628.9970255 689.3030806216435 75.9362315942338 26.2909 19.194874451399848 0.11960481384691926 19.842352386477543 g
2459629.0392824 1089.1484410208307 54.9522558991493 26.2351 18.642382314561676 0.05477826711461577 20.13771117472059 r
2459630.9652431 681.3102295862254 57.337393454521 26.2589 19.175537725657165 0.0913698420635486 20.11538012384448 g
2459631.0074653 966.9935230114701 52.0755068394276 26.2214 18.757841087103245 0.05846820731486524 20.182391225327947 r
2459637.9209954 742.3089985995633 50.611480666932 25.9725 18.796038186761734 0.07402427380478263 19.96445238160861 r
2459638.9578356 317.00705493544814 48.1043198286871 25.7264 19.473727681321225 0.16474983513739308 19.773514793364566 g
2459639.0139815 981.2458944140301 33.7594114287979 26.2063 18.72685536838631 0.03735311729394158 20.63788782314539 r
2459641.9639815 646.4269638580762 30.9727110317262 26.2727 19.246401341248358 0.05201990982314284 20.79782693745758 g
2459674.9769444 924.2836362939847 33.4962401652331 26.1676 18.753086839333555 0.03934600432093602 20.607684834786568 r
2459674.9824421 673.4457477920014 27.6720578732509 26.2517 19.18094346230083 0.04461169044647034 20.899171345936686 g
2459676.9624653 590.6008646444541 35.0992808519126 26.2214 19.29316480389958 0.06452291471645978 20.610729443383256 g
2459676.9835069 892.3811786412115 53.7999154479423 26.1329 18.756523995170586 0.0654547289878638 20.05852100633789 r
2459678.9658102 883.8229578423318 27.0693856048649 26.1073 18.7413868039055 0.033252397089740086 20.77867899246041 r
2459678.9829398 630.3939069071697 25.1045656219997 26.2552 19.25616998296417 0.043236501173572944 21.008393210942657 g
2459682.872037 1003.1734746296481 57.1548511431148 26.1681 18.664659899353254 0.06185672115083435 20.028042244183297 r
2459682.9166898 574.2143115609418 51.5705735094496 26.2592 19.36151496866841 0.09750744718815174 20.230770086248928 g
2459684.9190162 944.809327105133 67.7567874030826 26.2042 18.765839570106017 0.07786073017391058 19.87939297335441 r
2459684.9792477 654.6567548048554 67.6307773288236 26.2904 19.250365866688163 0.11216066191479432 19.967614041383282 g
2459686.8716898 600.1329796236057 224.173692443839 26.1605 19.21488126605013 0.4055524127984495 18.536613375926056 g
2459688.8593634 997.9730962013348 90.1973142003405 26.183 18.68520291614228 0.09812611622503448 19.547590974721334 r
2459690.9405324 716.0377050126749 56.2320515481117 26.2453 19.107960270180783 0.08526246304962976 20.122915168090024 g
2459690.9618287 964.7647454222366 55.3452992064706 26.1365 18.675446437419865 0.062282946836087996 20.0313731400069 r
2459694.8160648 852.9811329609929 32.8435174180756 26.0092 18.68185143715021 0.04180421521988733 20.470650833521198 r
2459694.8978588 600.8808845621278 42.8732316296845 26.1136 19.166629029246465 0.07746538253462398 20.285709438416752 g
2459696.9421528 968.5748819576978 33.7006305759379 26.1761 18.71076699424428 0.03777588630250457 20.609579921470615 r
2459698.8989352 894.6444866366309 30.7818531352103 26.1116 18.73247377529985 0.037355461804205646 20.643438084747974 r
2459698.9372917 637.6973331833382 28.3353069419674 26.1979 19.186363498013996 0.048241761641567744 20.819655185424416 g
2459700.8569097 609.3838158559452 27.7373088721098 26.2265 19.264272710111847 0.049417781468565423 20.87141418245448 g
2459700.8959838 920.7901808119665 28.5393908691152 26.1669 18.75649830153514 0.03365068102624112 20.780863240391827 r
2459702.9420255 625.0449006983861 25.3914239450615 26.1983 19.20852195893933 0.04410478182663535 20.939157347438208 g
2459708.8565625 897.3556001089589 47.2461041173291 26.1979 18.815488556376394 0.057162506406552585 20.264559982449033 r
2459708.9209144 957.1281327498506 32.7533232446718 26.1973 18.744874796045792 0.037153106078466926 20.66173656088995 r
2459710.877338 923.7404718470989 46.53976291972 26.1871 18.773225070533577 0.05469958515610392 20.270114572666266 r
2459710.9370255 613.640642534487 32.3903301755015 26.2735 19.30371470998503 0.05730745168099848 20.750036551469528 g
2459712.8789699 993.5188850631051 49.6752655851529 26.1861 18.693159683235574 0.05428425836351857 20.19832449488106 r
2459712.923287 643.3223384865939 64.5429059350303 26.2467 19.225628420142698 0.10892553978229791 19.974653701955933 g
2459714.8571991 900.0108164222034 94.7873239835357 26.1622 18.77658067783433 0.11434373428757594 19.47289933284247 r
2459717.8346065 767.1026626384839 88.8058380243669 26.2308 19.01866627450251 0.12568917178754965 19.6122711969424 g
2459719.8580324 1032.5806549437461 49.791625916369 26.1889 18.65409003893931 0.05235307091855879 20.198584218812844 r
2459722.9410417 595.168309211104 33.4158366500643 26.2275 19.29090050406018 0.06095683068049005 20.670194141015877 g
2459724.8565046 582.222682502228 25.2588772194809 26.238 19.32527719780269 0.047101502262556515 20.98453988452034 g
2459726.8789815 946.1110149343535 24.5234276340239 26.1993 18.75944475322209 0.028141608079795103 20.97792206083001 r
2459729.9023495 586.3074540773797 34.1038102608786 26.2484 19.328086460836424 0.06315203148576927 20.66896773062075 g
2459733.7701505 978.3587949017821 27.26010332033 26.1963 18.720054616430907 0.030250961435731222 20.860056245284543 r
2459735.7919444 682.2544201203023 22.7323197125473 26.2895 19.20463410496547 0.03617489133681345 21.150465600578357 g
2459735.7999306 881.872840024153 23.5472317705196 26.1922 18.82868508155016 0.02898970052479782 21.014925342923625 r
2459737.7747338 989.1542056080091 27.1717124214297 26.2077 18.719539995415232 0.02982379087981847 20.874982465461336 r
2459739.7808218 1003.5414076024473 36.6602056985363 26.2005 18.696661757935654 0.03966152769121054 20.54258774556714 r
2459739.838831 598.1075096701625 36.3589662732721 26.2751 19.33315186168484 0.06599972253259404 20.626146171060405 g
2459741.7327894 560.338798926963 70.3738154851353 26.2136 19.34247326278297 0.13635474041512935 19.847647244204122 g
2459741.7944792 904.8427346833274 64.3988010663606 26.1642 18.772767240921365 0.07727064122608798 19.894580534079935 r
2459743.8598264 553.5487382778534 115.60047172567 26.2929 19.435010336993557 0.22673239675882262 19.38807597342451 g
2459747.8387037 1025.4157526952595 43.4051916738416 26.1977 18.670450037757682 0.045956985229087643 20.356420793232758 r
2459749.7949306 632.5022607955733 31.646819430728 26.2875 19.284844794553138 0.05432225935876348 20.789249816475078 g
2459749.8373727 1007.4736921385017 44.8915786546265 26.1927 18.684615714104233 0.048377230418665526 20.314862794048665 r
2459751.8344792 635.6158768182829 31.0241698796899 26.2488 19.24081315811235 0.05299260523035832 20.772124564618863 g
2459751.8577546 911.6270178846256 39.3471947962721 26.1588 18.759257030294734 0.046860446818963314 20.424090550721264 r
2459753.774375 623.3430486982659 24.313949200143 26.2455 19.25868219814575 0.042348518527192645 21.033436226714983 g
2459753.8322454 961.5327001256446 27.5278672755329 26.1367 18.679289853855906 0.03108267196439674 20.789843574947103 r
2459756.7919097 677.931967519174 26.9326380979891 26.3015 19.223534716709498 0.04313230026604365 20.97837775070309 g
2459756.8391551 1007.126097974177 25.5330739974539 26.1992 18.691490374693764 0.02752511179562987 20.93401722949314 r
2459759.7546644 629.0601972240463 25.6475566344943 26.2663 19.26956948308273 0.0442653220803811 20.996259995433213 g
2459762.7537731 1036.0103423721266 27.1277413909932 26.2113 18.67288977264317 0.028428855990727347 20.880340897518714 r
2459764.794294 942.437129596156 26.4712976188394 26.2053 18.76966903033907 0.03049528389982818 20.90093691198433 r
2459766.7693866 971.9179520396016 29.3207143024233 26.2125 18.743425990154613 0.03275327866034097 20.79713862353616 r
2459769.7739468 611.5624073311503 49.7202327032595 26.3003 19.334198046174222 0.088267781012738 20.311542107704106 g
2459769.8405208 621.4028189026747 50.0867364147183 26.2296 19.24616695240852 0.08751033640543662 20.232868152761814 g
2459771.7760648 649.8870159643399 73.311596954528 26.3041 19.27200534919399 0.12247421299135249 19.89374328942674 g
2459771.8139468 777.067209199414 68.5383534484149 26.2455 19.01935354269485 0.09576017294000645 19.908240822119712 g
2459773.8135417 961.9638851060249 81.7601534281863 26.1376 18.679703080803556 0.09227685150279653 19.60882074472763 r
2459775.7755903 951.5198055382748 47.8719628941661 26.1406 18.69455541900345 0.05462270970260479 20.192971901099135 r
2459775.8150116 884.7004100678088 58.3910899239694 26.0959 18.72890942857125 0.07165725889693507 19.93260853456711 r
2459777.7100231 938.0602284904347 26.2459948229522 26.1489 18.71832319173538 0.03037680920033779 20.853817392091077 r
2459779.7314468 903.8904458236034 24.4992451817481 26.1546 18.764310510253807 0.02942705127233389 20.93429322911102 r
2459779.7962153 968.657190513206 42.503321560963 26.1197 18.654274733353084 0.04763899620080136 20.30121781231475 r
2459781.753588 608.2585641746246 28.8235206135764 26.1794 19.219179418908613 0.05144801598087456 20.782607423948072 g
2459783.7695023 907.0449336988847 23.610154921848 26.1561 18.762027995210538 0.02826050203942823 20.975927897206148 r
2459783.7743634 581.4502079134146 24.3616202510875 26.2229 19.31161867462738 0.04548869489878033 21.008709566336442 g
2459785.7501273 476.91954981636866 24.7132174892669 26.0758 19.379687186663546 0.056259258481704176 20.846051761139538 g
2459787.7307523 584.4454853941876 25.0102583290478 26.1307 19.213839979418843 0.04646051367739293 20.887979545289458 g
2459787.7735764 869.3722459635837 26.6417652189789 26.0672 18.719185571098123 0.0332710925987589 20.755867497273904 r
2459789.6924769 619.2842533047838 21.9308669002096 26.1773 19.19757490691045 0.038448163450781614 21.077235491300367 g
2459789.7312616 859.4582562428847 26.2197831437753 26.107 18.771438030204465 0.03312181639122222 20.813002250547026 r
2459793.7542708 583.2311006274739 27.2949580657458 26.1447 19.230098313616644 0.050810280761945124 20.807068910610433 g
2459798.7214583 1016.1583228574965 49.9561764847533 26.1759 18.658496553489982 0.05337497079881988 20.182002011137588 r
2459798.7525694 663.1893152509684 55.4857782842493 26.2184 19.164306198473035 0.09083516289826339 20.110520783792584 g
2459801.6985764 932.2239022951239 60.0518991599232 26.1196 18.695799414788898 0.06993850592911327 19.92585812252569 r
2459801.7166667 383.95071121458295 104.117745487499 25.3971 18.93641130901236 0.294414446891339 18.605863100289852 g
2459803.6960301 626.1874885700649 63.5795033291678 26.2393 19.247539034943976 0.110235780855519 19.983582161742017 g
2459806.6768866 613.9916612731618 25.8700499488223 26.2144 19.243993817617945 0.045745105350772114 20.93498182107202 g
2459806.7083218 873.6710634924411 36.3081800755232 26.1216 18.768230120356826 0.045119716968097336 20.474163787351845 r
2459808.6698727 914.2508157435906 26.7084616479061 26.0643 18.661636608722315 0.031717091537454216 20.750252803463106 r
2459808.7371644 565.5371367198192 34.7838595999676 25.9865 19.105347178247996 0.06677693455592545 20.3856305655532 g
2459810.678588 947.82696443916 29.9096416952674 26.067 18.625177350875255 0.03426036524268583 20.63004696315975 r
2459810.6964815 547.3809878157938 30.4412236403899 26.0587 19.212975727536154 0.06037848818653784 20.60261972489355 g
2459812.7354514 514.9349211199933 30.2416885771975 26.0449 19.265519137030044 0.06376223468559881 20.59595989714611 g
2459814.7345139 930.055416245674 41.1376863469103 26.0683 18.647027934387502 0.048022069746264176 20.285275332687434 r
2459816.6585764 906.140154173248 30.1958271786766 26.1255 18.732511560232567 0.03617940273025488 20.678207661443153 r
2459816.6920833 575.3510659281187 30.9549638370517 26.1403 19.240467694926842 0.05841269136031428 20.666049236691624 g
2459818.7082407 650.4588293267434 30.8681751372814 26.1381 19.105050467056763 0.05152298075688296 20.66689760003803 g
2459818.7135764 923.3714152187597 32.3549515478975 26.1054 18.691958935045122 0.038042948175117657 20.583123104672012 r
2459820.6569907 1003.8524731167911 52.8394870536222 26.1411 18.63692526682953 0.05714767122702829 20.08627850668179 r
2459820.6875231 652.7640101979941 50.714256706484 26.1617 19.12480949548264 0.08434973075419543 20.151449827582667 g
2459823.6922569 577.7965529679 34.5327914344705 26.1379 19.233462633520507 0.06488832698606899 20.544895774998746 g
2459825.7146065 493.8512193413438 54.9090662020428 26.0199 19.285909674002575 0.12071403459338811 19.923364844043697 g
2459828.6500116 955.6790021988757 66.7945680538368 26.1499 18.699119890082592 0.07588202981251599 19.840622124893443 r
2459828.6923727 667.3406000781501 75.5676756177932 26.0987 19.037831131176198 0.12294145659447393 19.655434829205404 g
2459830.6533102 514.4741340226007 84.3545960923118 26.1405 19.36209113793724 0.1780143624740514 19.577803113484606 g
2459840.653287 674.5812272964486 29.1622832743211 26.2078 19.135214372049536 0.04693503120124124 20.798321178503794 g
2459842.6402546 669.2589585015199 46.0531065462231 26.2182 19.15421451691314 0.07470928426447185 20.312627661222066 g
2459842.6869792 938.3310869522055 47.6494169487687 26.1005 18.669609738099204 0.05513296180915429 20.157931012006443 r
2459844.6350463 949.0076745949774 36.2298788533811 26.181 18.737825688582 0.041448325997893935 20.535907784586726 r
2459844.6827778 583.9036305174761 48.8633015829415 26.0731 19.15724706110622 0.09085555176559532 20.103217969344414 g
2459864.6191667 778.5025273389565 70.8060836319409 26.0247 18.796549932988267 0.09874619837390401 19.652098554883445 r
2459865.6142477 977.3426255984876 50.2476833209189 26.0186 18.54348289899027 0.05581861299471606 20.018384880850753 r
2459865.6172338 878.6670392139505 47.0850483899926 26.0197 18.660139161651294 0.05817930428202563 20.0900674364431 r
2459865.6202199 926.7970047525666 50.6791589793254 26.0411 18.62363844611089 0.059368300309239015 20.031601491274934 r
2459866.6043519 983.5890945617401 47.3509408755109 26.1053 18.62326573774992 0.052266659718760475 20.169553456736597 r
2459866.6073843 940.1839447772746 54.0598149576252 26.0987 18.665667923483568 0.062426870215697775 20.019088602134055 r
2459866.6104051 923.6424191925846 51.3038232537361 26.0953 18.681540324731934 0.060305330016428585 20.072500662338978 r
2459866.6134375 889.8736232873902 55.0717628300294 26.0859 18.71257916486527 0.06719090367425457 19.986152543321687 r
2459866.6164583 940.0796383444035 56.3610735055584 26.0838 18.650888384541997 0.06509152523795757 19.958926847925586 r
2459867.6037384 882.3489978951444 41.2182875658698 26.0895 18.725399008029065 0.050717680778261484 20.30435012706227 r
2459867.6067593 941.415268806563 41.4264399161218 26.0822 18.647746905384096 0.0477756069050703 20.291580957339306 r
2459867.6097801 899.0265349238273 42.5173430159592 26.0749 18.690468724501944 0.05134562498351402 20.256059696989574 r
2459867.6127894 934.7928857829279 37.6727755149559 26.0663 18.639511503635376 0.04375443266486892 20.378805944861927 r
2459867.6157986 890.0416174183713 43.8531687008008 26.057 18.683474214307445 0.053493437078324074 20.204572539970187 r
2459877.5836111 951.3905852535977 148.690478634313 26.1291 18.68320287643745 0.16968136447371177 18.950967090534448 r
2459877.5860417 807.507295536466 123.304698953236 26.1134 18.845533863213767 0.1657841512931357 19.13852592113826 r
2459877.5884722 788.5229801390857 94.5657381359725 26.1043 18.862264113471905 0.13020549112736782 19.417540447142805 r
2459877.5909028 757.1578671048735 83.5659460034273 26.0909 18.892933902093368 0.11982646092397321 19.538401654289068 r
2459877.5933333 895.6992303153628 66.7937586600743 26.0774 18.696994497449037 0.08096242725553102 19.768135281553665 r
2459878.5814583 700.2722266089824 149.973549026789 26.1313 19.01813274449576 0.2325185492031568 18.94383831693206 r
2459878.5838889 950.6627552251314 117.654022336352 26.1293 18.684233801033063 0.13436623171413434 19.205358040774655 r
2459878.586331 1001.6914289070438 84.1967301268676 26.1037 18.60186510575734 0.09125803342300852 19.54303692535836 r
2459878.5887616 926.4910007829733 71.5809011399354 26.0854 18.668296986813267 0.083881423890735 19.700982085484966 r
2459878.5911921 828.1837484467129 65.3137013596023 26.0779 18.782583239912416 0.08562240649990586 19.792964248809447 r
2459879.580787 829.1002305660079 140.450469418512 26.1194 18.822882410203125 0.18391874591999452 19.003167001524062 r
2459879.5832407 802.0886043519888 118.604979109137 26.1106 18.850044134602385 0.16054264469051208 19.17791768576656 r
2459879.5856829 916.9925124282053 87.8139839062428 26.0888 18.68288552621314 0.10396992454665469 19.4824657879558 r
2459879.5881134 965.158736848122 81.0653204945403 26.0834 18.621903134081343 0.09118978578419287 19.563887229062026 r
2459879.590544 1023.4170076508261 64.7454614134599 26.0721 18.54696842495771 0.06868573311865138 19.796651663538263 r
2459880.5801389 1116.7383462726611 215.772616653431 26.0873 18.46742142728556 0.20977548651618738 18.504884168539522 r
2459880.5825694 1065.1790434735506 143.32129074801 26.0876 18.519043466344396 0.14608241339192124 18.949398212267255 r
2459880.5850116 877.4615730715412 102.937168464799 26.0783 18.72022973407388 0.12736612887903678 19.299444444757956 r
2459880.5874421 861.8681085979454 114.373816374215 26.0706 18.731997972592065 0.14407732598377437 19.177358457425754 r
2459880.5898727 679.9855588428595 87.0338779529725 26.0578 18.976550776254467 0.13896277658358172 19.46115415232197 r
2459952.0679398 548.2364222725702 120.795551434058 25.5565 18.709080288342328 0.23921747053637607 18.60394763737133 r
2459952.0703704 469.1993913320038 119.900041184457 25.5566 18.878206399859533 0.27744169561774484 18.61212665847331 r
2459952.0727894 323.51516469207604 163.263894315138 24.7302 18.455463392683498 0.5479051043145333 17.450549610500133 r
2459952.0752083 405.845605348039 165.434841378089 24.9199 18.39899788094682 0.4425638836970078 17.625907540738353 r
2459952.0776389 393.67847858732847 177.189345834414 25.3621 18.874245815870758 0.4886588503967445 17.993580977229744 r
2459958.0548032 169.74731868386607 94.907646489642 24.6262 19.051692692692264 0.6070271542003336 17.935521979312004 r
2459958.0573032 177.4249775942339 87.4974715576381 24.4061 18.783563102357753 0.5354150591320967 17.803686231016492 r
2459958.0598032 54.05769535765323 89.1650122767393 24.4271 20.09495618381064 1.7907987602573676 17.80418880490006 r
2459958.0623032 277.5618228889366 87.0848065322009 24.9505 18.84210067235194 0.3406375324528795 18.353219010791175 r
2459958.0648148 121.01731154734205 83.5843472867677 24.7804 19.573281248347087 0.7498722677684276 18.22766260068977 r
2459969.0335069 625.9010149785096 39.2496436195611 26.1987 19.207435860455277 0.06808319056523758 20.46668569472179 g
2459973.0091782 634.7221015163918 54.6345060113617 25.8231 18.816640947379227 0.09345299783137224 19.73200743748141 r
2459973.0411111 710.3136957007 42.4147768304986 26.2237 19.095074528820717 0.06483012151334894 20.40748202350807 g
2459980.0336574 1076.0496187765966 67.3352192555342 26.1263 18.546719255075494 0.06793910454505844 19.808269292659315 r
2459986.0198032 747.1272510004635 76.7846369137039 26.2533 19.069813556704062 0.11158083202771119 19.79268915168003 g
2459997.0034722 1086.0541604676978 36.311476413412 26.1577 18.56807129090626 0.03629963530093578 20.51016522028159 r
2459997.0244213 694.4782002460557 30.2020216783581 26.2406 19.13645345567062 0.04721578722640348 20.7930849517697 g
2460020.8889815 1093.8790464899203 32.9530607076841 26.1393 18.541876741501113 0.03270666727289058 20.597135593069694 r
2460021.0134491 470.8435933610133 35.570324694739 25.6455 18.963308336323436 0.08202023360965165 20.020355415281117 g
2460030.9347685 1177.9219934316977 33.407603247564 26.193 18.515208673159012 0.03079205163680765 20.635961690942725 r
2460031.0049421 845.8016108226993 55.7991600401392 26.275 18.956828730194527 0.07162571846683137 20.161005835573988 g
