jd flux fluxerr zpdiff mag mag_error limitingmag filter
2458198.8602199 5869.095831246617 26.0075970003254 26.2923 16.870871998050358 0.004811038850809796 21.00712442179118 r
2458204.8401968 2575.215427395673 65.1916911251163 26.2516 17.72456608644456 0.02748454296350558 19.968694371320183 g
2458204.8867708 2669.459129932503 57.508968260465 26.2742 17.708141809772876 0.023389564627635105 20.12743604863922 g
2458207.850081 2632.043183080425 92.8179575626738 26.2402 17.689467474176652 0.03828677932550308 19.5736949700594 g
2458207.8606597 2453.70931083404 85.6341283093636 26.2321 17.757542222786277 0.03789078547119082 19.6530577859209 g
2458214.8490278 2294.3860653983616 77.0321401707848 25.275 16.873333759062916 0.0364514916842908 18.81089507926449 r
2458214.8912153 1116.6306463713734 62.0038306935653 24.1664 16.54662614234389 0.06028632583456348 17.937928684862513 i
2458217.8481597 4352.281415580007 29.7091010533133 25.9282 16.83140757803446 0.007411094994482052 20.49855121167806 r
2458217.8791898 5625.853407639145 27.3734994642715 26.2074 16.83192897098999 0.005282648909408953 20.866649184813298 r
2458218.8230093 5354.295173951924 27.4880377298394 26.1673 16.845544226277212 0.0055737985287911225 20.822015643509072 r
2458219.8167708 4538.784814696362 34.9684299782002 25.9863 16.8439510170387 0.008364623126525502 20.379684654963256 r
2458223.8298727 2526.8677454226436 19.0469555050838 26.2051 17.69864372042404 0.008183760162885245 21.258111071021737 g
2458229.7924306 2652.3749267336507 31.6030173745546 26.2722 17.713112715465794 0.012936103270214428 20.77545361437354 g
2458233.792662 2694.200324646666 46.6128014124053 26.2523 17.676225289670892 0.018783873652782453 20.333611977516718 g
2458243.7519213 2662.0031238695183 24.1711728529641 26.2687 17.705678598037565 0.009858231243664552 21.063030678902894 g
2458243.7938889 5866.525793357517 32.9776190583786 26.2504 16.829447538812943 0.006103067176866617 20.70742674681463 r
2458244.8780093 3782.2280428277973 34.8991421622223 25.4205 16.4761307241875 0.010017904318956968 19.81603810935455 i
2458246.7509722 5734.004679884775 37.5282254553273 26.2316 16.83545489233532 0.0071057483646259625 20.548279916601793 r
2458246.7927778 2665.4621234059737 24.1775231594791 26.2256 17.66116871120306 0.009848024724772435 21.01964546923633 g
2458249.7106713 2492.0538719654614 26.179318498273 26.1533 17.66190643388004 0.011405405963859886 20.860979147210948 g
2458249.7520139 5572.855906471057 53.2226188105187 26.1903 16.825105465136065 0.010368794422888829 20.127634388829357 r
2458249.7950347 4854.094021934253 47.2779869699338 25.6771 16.461829539513836 0.010574519204060108 19.743027547610495 i
2458256.7533565 5777.380352441799 31.1895191387205 26.2369 16.832572599612334 0.005861213709877512 20.75445329136697 r
2458256.7738542 5637.965804249907 27.8389176804338 26.2553 16.877493906417605 0.0053609251944847815 20.89624412217215 r
2458259.7716898 356.9030141663042 52.1018590110392 23.2458 16.864424460663763 0.1584940056065961 17.206241940804013 r
2458261.7546065 4541.844530437333 28.3793868892561 25.6467 16.503619339936662 0.006783917886044092 20.26676746744239 i
2458262.7624074 2477.5204044202005 49.713556204661 26.1899 17.704856900138395 0.021785494833909017 20.201287911587073 g
2458262.7994907 5711.265843779307 69.0734425779807 26.222 16.83016906036582 0.013130720694536717 19.87629723537006 r
2458267.7104745 2495.5619804371036 106.51683827105 26.1862 17.693279098528357 0.04634039635858832 19.370229322066557 g
2458270.7967014 5219.708205877483 51.288462308635 26.1973 16.903184436038067 0.010668006971306173 20.174825792718295 r
2458273.7356019 2536.5166974722165 22.3013803504439 26.2679 17.757305686120063 0.009545613742896385 21.149645627500533 g
2458274.8666667 4484.676822042167 37.3661603107504 25.6555 16.526172119822185 0.009046011977939639 19.976878807388957 i
2458276.6928935 5423.196104137734 24.0306284503573 26.2411 16.905461727706747 0.004810826089922694 21.041762167544142 r
2458276.7310648 2439.0881423782384 17.7023756568688 26.2503 17.78223126279007 0.007879776428219798 21.382796107798292 g
2458278.6873611 4514.455260718488 24.3967909439116 25.6815 16.54498661644198 0.0058672850649956945 20.4657432273097 i
2458279.7120139 2372.738620618799 19.3251213234023 26.2446 17.80647525188092 0.008842644545207452 21.28186941639443 g
2458279.7324074 5374.11648801136 22.658286548998 26.2327 16.906932310354332 0.004577515534158092 21.09720732711236 r
2458282.6682176 4514.231882656262 64.4266642844738 25.7516 16.615140340675797 0.015495001415942867 19.481510873751894 i
2458282.7140394 5439.497058683881 25.3015903341534 26.2438 16.904903134364787 0.005050087596230242 20.988505440010865 r
2458282.7532986 2200.4705768353856 20.6615681615603 26.1646 17.808311085366157 0.010194303340909497 21.12926678840001 g
2458285.6721759 389.5248539305142 61.5132239617202 23.5621 17.08576206654137 0.1714522361829911 17.342253765727847 r
2458286.6715278 4504.552552727864 49.5595493244038 25.7287 16.594570854959922 0.01194498278611955 19.743456618124995 i
2458288.7333333 5436.256982972885 29.0686306163646 26.2416 16.90335005366734 0.00580543053042503 20.835613556084446 r
2458294.6732407 2569.444120888417 78.665942477794 26.2901 17.76550205679144 0.03323972413091834 19.803208113640164 g
2458294.7505671 5550.791813748806 55.4957125650977 26.2324 16.871512652187192 0.010854612666734972 20.124326408886795 r
2458297.7724421 5355.819010151081 82.2086842355337 26.1938 16.87173526894692 0.016664858970281225 19.65908074590715 r
2458300.6765046 5268.644408220606 39.3129079025892 26.2171 16.912852779692024 0.008101139648605782 20.48333706675418 r
2458300.7287847 2180.9640013252474 36.5801062145442 26.0934 17.746778756909308 0.01820984724782165 20.437862583744476 g
2458303.6747222 5344.926221740319 35.9570270027956 26.1682 16.848345712907047 0.0073038509040867835 20.531315548585447 r
2458303.69625 2276.7338807818887 22.0561281633116 26.1649 17.771619323837868 0.010517846881025736 21.058651797422947 g
2458306.6713889 4803.3526992739025 42.3638430383048 26.0772 16.873338807333145 0.009575483472958432 20.262286613485344 r
2458325.7115856 4416.170299281615 83.397573429286 26.0865 16.97388546851179 0.020503001319243704 19.53619145314122 r
2458333.685162 2151.6036212703707 29.3826459208131 25.973 17.64109433361861 0.014826494230099706 20.555347735076072 g
2458336.6722569 2441.585497154363 31.1023841810905 26.0996 17.630420158490352 0.013830299428287876 20.620190785322418 g
2458336.6941204 5316.103318599862 44.4875940491913 26.1521 16.83811646780814 0.009085636219712928 20.284077691322437 r
2458348.6513079 2123.740074895012 88.9139714322994 25.9175 17.599746594384232 0.04545466741678341 19.297649966959284 g
2458457.0631829 2036.3685126947419 71.8182922179786 25.1027 16.830559067130164 0.038290279669408636 18.714687304823578 r
2458458.0506366 5157.419786029871 52.4709167167254 26.118 16.836918794841463 0.011045770296546272 20.07077835965622 r
2458458.0554167 5531.157514480576 56.0850077249731 26.1598 16.80275993414905 0.011008815555801714 20.04025802908929 r
2458458.0617477 5608.083298009035 75.2332497612894 26.1865 16.814463860821657 0.014564822761250703 19.748050434342385 r
2458458.0665278 4612.478934511785 106.029150096299 26.0278 16.867964010698024 0.024957479458220324 19.21681178860249 r
2458462.0523958 5656.289689649351 46.8313290169375 26.1817 16.800370890091898 0.008989068223774276 20.257933782376526 r
2458462.0571412 5669.315691626849 46.005032190709 26.2015 16.817673397426343 0.008810175013400947 20.29706164185133 r
2458462.061875 5795.214989504468 50.3989305519393 26.2218 16.814126120120875 0.009441948055307488 20.21832168675245 r
2458462.0666319 5783.173286298535 76.5104355955049 26.1852 16.779784485886466 0.01436363321895308 19.72847330282979 r
2458465.0549537 5265.920581225501 51.2755002265477 26.0941 16.79041423764553 0.010571714809836192 20.071900224429754 r
2458465.0597917 2980.8907120996805 45.4228844981958 25.4995 16.813634865354608 0.016543922760910018 19.608888214545736 r
2458465.0646181 3892.601138177206 51.635311836673 25.8152 16.839600236763673 0.014401798712756734 19.785407978755057 r
2458465.069456 4634.267842578188 65.1382832587459 25.9562 16.791247173240286 0.015260368311961082 19.674184218151765 r
2458466.0573032 6078.840943768932 45.2391058928539 26.2513 16.791748050054764 0.008079845767015429 20.365089956839682 r
2458466.0621991 5995.900323978791 52.1542334885912 26.2383 16.793663988719587 0.009443761276703266 20.197651071773652 r
2458466.0670949 6075.537582961924 58.6583794908102 26.2532 16.794238220667925 0.010482266259329921 20.084949836919584 r
2458466.0719907 6059.387307439508 93.73393380583 26.2618 16.805728217822903 0.016794921131389588 19.584632879691622 r
2458477.0403241 5663.422475513186 52.3000146148801 26.2023 16.819602600021422 0.010026115147312943 20.158620463590196 r
2458481.0204282 2554.2669522202805 73.237866377616 26.1535 17.63533428900333 0.031130008340381318 19.74423578013514 g
2458487.0209954 5889.729463925771 35.3274353569058 26.23 16.804761633585123 0.006512183081059091 20.61229471320461 r
2458488.001875 2602.230323956573 28.4575656046768 26.1848 17.646435666441757 0.011873037790913553 20.8018806248486 g
2458488.0181366 2643.9067704430654 30.7578636481172 26.1901 17.63448465756885 0.012630480369458987 20.722784570801256 g
2458488.0464468 5849.719572122316 30.9208315018972 26.2446 16.826762382315483 0.005738864290451809 20.771547078774653 r
2458492.0189815 2554.0611174694745 31.7988891262995 26.1894 17.67132178621894 0.013517317063512281 20.685945118031032 g
2458492.0208102 2632.037665555884 34.8864231303514 26.2019 17.651169750196466 0.01439044360507778 20.59783387926733 g
2458492.9984028 4713.920007260745 28.5834881748114 26.0044 16.820944478744348 0.00658328802007526 20.61668692254375 r
2458493.0429514 2574.76879413703 24.3502615131373 26.1623 17.635454407759543 0.010267748694567324 20.948615914800506 g
2458494.0068171 5790.5811789652835 26.8027905085051 26.2142 16.807394613932345 0.005025365978943727 20.896324959371928 r
2458494.0450116 2764.035231219703 24.0269885527808 26.2321 17.62824106403802 0.00943768776067407 21.03292663548219 g
2458495.0252546 2749.9634856698462 24.2431910702561 26.211 17.61268268185832 0.00957133892218417 21.002100528292452 g
2458495.0418981 2084.454993483656 21.1271673487201 25.9135 17.616018693767703 0.011004202855044885 20.853971808205337 g
2458502.9528125 2044.2713476093954 80.7066293103652 26.0003 17.723953645917682 0.04286279683209938 19.485601965407362 g
2458502.9537269 2392.755109300184 86.2321367868933 26.1245 17.677254369348084 0.03912737686595602 19.53790211960421 g
2458504.0025 2594.211832224195 111.787653310109 25.3547 16.819686410442984 0.04678409592123724 18.486290390735515 r
2458505.9631944 2659.6499280495054 121.781747838833 26.1925 17.63043880722079 0.049712724307888666 19.231119482023466 g
2458505.9641088 2588.7585999262915 115.523007388649 26.1869 17.654171113395115 0.048449217754574475 19.282803773462422 g
2458506.0460301 6061.381210804427 73.7385549398246 26.2677 16.81127100398975 0.013207872317197947 19.85103843303277 r
2458506.0469444 5938.747636344333 70.7268503718375 26.2619 16.827662823561006 0.01293002264968643 19.890514193189933 r
2458507.0063542 2648.2904009742924 107.652816029063 26.2533 17.695885984046157 0.04413362761113911 19.425811502231063 g
2458508.0424421 2660.5311251755224 71.3570054951192 26.2498 17.687379139900294 0.02911911089216814 19.868783447827553 g
2458508.0442824 2784.5805534542387 64.2247422763846 26.2618 17.6499005353723 0.025041043471690207 19.995119063690936 g
2458509.0006713 5848.6839435628435 75.9212915050039 26.2582 16.84055461699488 0.01409338356840158 19.809866020883007 r
2458509.0204861 5879.6184623731815 71.1797511908606 26.2554 16.832027137642186 0.013143685489538552 19.877083825179525 r
2458509.0431019 2762.2549532982234 79.3912171052197 26.2612 17.65804059743066 0.03120459402497127 19.764343839317597 g
2458513.0225579 1767.5266144394448 56.1088997826192 24.9458 16.82738509528852 0.03446478938214409 18.82579560696743 r
2458513.0235301 2291.5517630964328 44.3341099593144 25.2108 16.81047582043895 0.02100478110858284 19.34653000391223 r
2458526.978831 1649.8394668150931 38.2115885409763 25.7118 17.668195778962435 0.02514567175376438 20.008887257524652 g
2458527.0030671 4159.07753747283 42.1042291739855 25.8688 16.821307457573663 0.010991033757445232 20.06056068694148 r
2458539.8738194 5193.291172542957 57.2102641211663 26.1247 16.836093317774033 0.011960273686317456 19.983590107243586 r
2458539.9170602 1050.7160889179565 74.8630137066416 25.1405 17.586786544071153 0.07735560046958347 18.707406723630598 g
2458539.9199769 404.9982951109302 170.554407168907 23.0589 16.540267012490947 0.457214072500141 15.731817623741495 i
2458544.001088 1568.723372208569 33.4201364921257 25.6033 17.614434082261567 0.02312979001416747 20.045854440971492 g
2458556.8977199 4742.080885665369 53.8347755795418 25.6934 16.503477606336087 0.012325478467351688 19.61831772177522 i
2458557.8967361 5598.379870029117 36.9952764052769 26.2305 16.8603440911036 0.007174534870032003 20.56270929805205 r
2458560.7920833 2415.502549115 75.4359035639318 26.1573 17.699781249649828 0.033906302657129406 19.715929747547655 g
2458560.8975 5802.994218022219 44.6907768992726 26.2349 16.82576965539218 0.00836133462426181 20.361930228032975 r
2458561.940787 4731.708173777773 71.2392699567948 25.7044 16.5168551203946 0.01634599441713682 19.325176338493 i
2458568.8353935 665.7368106068554 59.182322771729 23.9571 16.898843572314192 0.09651599071815622 17.779194973582513 r
2458568.8585417 377.9159290061709 60.6480239213586 22.907 16.463512005893577 0.17423335328727002 16.702533351834877 i
2458568.8935995 2460.0243438846255 38.8772985685654 26.1211 17.643751487970768 0.017157994050269878 20.399434789466067 g
2458573.8368519 4575.149369342688 48.8642959920951 25.6562 16.50518680633135 0.011595679588979111 19.686295873927207 i
2458573.9021875 5394.57684459274 36.8447808730204 26.1327 16.80280654022648 0.007415294979797105 20.46933504419308 r
2458581.896169 3888.566543703691 31.6386246019945 25.4567 16.4822261617824 0.00883360342283573 19.9587310003218 i
2458582.7729167 5107.711970803373 31.895487450556 26.0588 16.788234002590478 0.006779734433541677 20.55205187978895 r
2458582.8561343 2441.9675289980974 21.5924778367005 26.0653 17.595950287987165 0.009600026580584398 20.9821187829238 g
2458585.7730208 2579.676557962629 30.5491305160405 26.14 17.611086857085866 0.01285711222164219 20.680077854305946 g
2458585.8350463 5593.401356883396 29.4514114821222 26.1531 16.783910041422878 0.005716628470937501 20.732909705341324 r
2458587.8359606 4707.233054038616 28.5226639113207 25.6474 16.465485748350048 0.0065786112251128934 20.2619997777287 i
2458588.8140625 2043.6863624215666 56.1325603013274 25.7905 17.514464382792703 0.029820192491248794 19.67003786021064 g
2458588.8594676 3126.854685415705 63.6642969675618 25.4919 16.75413075323143 0.0221053851782986 19.23473512013291 r
2458591.7299884 2546.6156113856264 138.605725930195 25.992 17.47709150729294 0.05909185350534057 18.890122059781415 g
2458591.8138773 3883.7832192054852 241.031368700708 25.4369 16.463762547663354 0.06737959927946051 17.734291071860817 i
2458591.8759838 6302.682463179526 134.52888786576 26.2077 16.70888643152071 0.023173944492544445 19.138236109288037 r
2458594.7727546 2720.1910580111203 112.28891823749 26.1818 17.595301478401716 0.04481746904189129 19.308532744227243 g
2458594.8557986 5802.505997978715 108.176366886852 26.1889 16.779861004867442 0.020240751421880056 19.35614401033198 r
2458596.8352662 4787.37855326232 35.0479955303253 25.6577 16.457455575282594 0.00794831833829899 20.048617027198702 i
2458597.793912 2933.8204298000387 31.3211230143598 26.177 17.508416178799635 0.01159080593729731 20.68998167608185 g
2458597.8589699 6027.946932248009 36.2251040268219 26.2003 16.749876449260015 0.006524542416177727 20.555350885913043 r
2458599.8404861 7823.25715869035 40.3336982742562 27.2511 17.51763098450746 0.005597450694525126 21.489504876338728 g
2458600.6818056 4683.335820994476 33.6060951820849 25.6188 16.442411749482588 0.00779063021183093 20.055329856408797 i
2458606.8048264 5784.486825304468 26.4329709626464 26.1701 16.764437909336422 0.0049612484980696035 20.867310041965396 r
2458606.8972338 2552.449086813017 21.6867886782453 26.0807 17.56330727984767 0.009224609646325835 20.992786870140066 g
2458607.7754745 4692.554501027829 22.2804291164243 25.6395 16.460976686559725 0.005154945325920767 20.52226611165118 i
2458612.8149421 4723.575639450371 26.543845065809 25.6238 16.438122814544766 0.006101024898862873 20.316465404791646 i
2458617.6976736 2689.975408654874 55.3876618317293 26.1178 17.543429225583484 0.022354994122707902 20.011842409250946 g
2458617.7644329 5831.531969788211 43.1016919465307 26.1702 16.755743347825565 0.008024564932299924 20.3365391926085 r
2458628.709294 2490.7565308219023 21.5659427162318 26.1191 17.62827180569532 0.009400414579776951 21.03725387092061 g
2458628.8328125 5332.708228688251 33.2377473617514 26.0882 16.770830443632256 0.006766959819125535 20.53669603302177 r
2458633.7532755 2477.356599458016 21.5600966180658 26.1364 17.651428687582516 0.00944869902998829 21.05484823231211 g
2458633.7988194 5495.536115857 26.695234386635 26.1473 16.797274834169908 0.005273919661803528 20.83379064326866 r
2458634.7326505 2463.0323747231914 20.8802964182019 26.1135 17.634824699115974 0.009203995064737852 21.0667333400351 g
2458634.7349074 2538.9348985322335 19.7674911118463 26.1083 17.59667108709365 0.00845297967763511 21.120996108670873 g
2458634.7703819 5278.68498603638 23.2504428217161 26.1081 16.801785636107752 0.004782063305219404 20.944596917256703 r
2458635.710544 2477.655964767616 17.9250375757357 26.1444 17.659297494472 0.007854687483942734 21.2633248023107 g
2458635.7669097 5442.099263742211 20.2804575242184 26.151 16.811583852411264 0.004045955736372051 21.135880618177065 r
2458637.7058681 5285.157962338005 22.3237033385277 26.136 16.828355070017903 0.004585831660539022 21.016659382887454 r
2458637.7311458 2363.7597462166013 19.8123302485588 26.1082 17.674191668667774 0.009100014070926317 21.118436092770217 g
2458637.7889583 4439.26083727664 24.3381722976808 25.5827 16.464423341051216 0.0059523318480655864 20.36955508594037 i
2458640.6896296 2441.848099392316 20.7001848772453 26.1097 17.640403389519577 0.009203762808513028 21.07233942856006 g
2458640.7316898 5420.798263401848 28.8774997929923 26.1467 16.81154188703815 0.005783705646624904 20.747876015627078 r
2458641.7527431 1531.0943422454682 35.2293596156196 24.3998 16.437295120814298 0.0249811619567373 18.78511311708042 i
2458643.6906134 2493.430960879324 29.8647420616535 26.191 17.69900663049918 0.013003829247753717 20.75567806879061 g
2458643.7320139 5514.657903410507 34.0000151261156 26.1885 16.834703558589496 0.006693763614891612 20.612377213525853 r
2458645.7697801 4385.663541900283 37.6321858589739 25.6044 16.499311723655484 0.009316096366431418 19.91807637672995 i
2458649.7082292 2365.2646546050573 88.545491904191 26.1285 17.693800645133592 0.04064401012090219 19.51315885176969 g
2458649.7115741 5246.3304742088685 80.6828825088727 26.1528 16.853160890061424 0.01669689051624079 19.638421475170087 r
2458649.8290856 4107.738885254122 94.9482163512739 25.5205 16.486492926986706 0.02509538248953251 18.829357962371915 i
2458652.6894329 2497.206478420398 54.8113716682223 26.1317 17.63806386765859 0.023830110459200415 20.03709831282063 g
2458652.7732986 5288.343401006819 76.0787567678251 26.1183 16.81000087873792 0.015619013358153369 19.667716471623788 r
2458653.7359722 4343.780276594519 34.4197947848331 25.5869 16.49223037744533 0.008603006786335582 19.997454297458283 i
2458655.6891551 5441.778921844087 31.1449581553946 26.193 16.853647764702615 0.006213791768272195 20.712105609867372 r
2458655.7333333 2528.541960873625 30.2336273146898 26.1669 17.65972458725709 0.012981650960705285 20.71824935093344 g
2458658.6727199 5410.762995728901 33.0376852510094 26.1507 16.81755372195166 0.006629197195540604 20.605750960784384 r
2458661.6923264 5610.051323476283 26.3532363705918 26.18 16.807582913971636 0.005100079674462265 20.880490095736292 r
2458667.6927083 2587.7679091512437 24.5096182386107 26.181 17.648686692781574 0.010283029025731843 20.96023362230638 g
2458667.7132523 5600.948798419404 32.8569382274106 26.1871 16.81644599363861 0.006369059799933648 20.648107260987288 r
2458670.6744676 5622.421799029861 38.7764414895132 26.1681 16.793291440880665 0.007487802237183396 20.449255110643783 r
2458670.6910185 2479.7414050490265 30.5756483941917 26.1327 17.64668401589401 0.013386872273852126 20.671835800274774 g
2458673.6747917 2598.7508974282277 45.9998976210571 26.1786 17.641688369213178 0.019217728369658408 20.2742828264049 g
2458673.6909491 5540.431465208988 45.7905462013326 26.1873 16.828441032374364 0.00897309105310114 20.28793542932466 r
2458677.670544 2591.528003752554 63.273248466928 26.1557 17.621810234657595 0.026507823091655464 19.90522465956947 g
2458677.6908102 5763.571199223529 57.7644575079729 26.2154 16.813670843733576 0.01088125215228627 20.063823241553557 r
2458680.669537 2626.0173098602727 92.4975540068769 26.1958 17.64755603876941 0.03824216771465598 19.533049367997812 g
2458680.670463 2503.667580402685 105.776993861016 26.1765 17.680058335599362 0.04586954080239122 19.368096938193794 g
2458680.7351042 5444.0033336636025 65.6848427744837 26.1533 16.813504043815374 0.013099557334816214 19.86221207739314 r
2458680.7501042 5311.009812103077 78.4356908712558 26.1154 16.802457240550122 0.016034169130107735 19.63169067360586 r
2458681.73375 5562.889130081265 82.4064200405009 26.1425 16.779248988955107 0.016083126617456932 19.605172370124972 r
2458683.6697222 2619.811741192292 44.959970057485 26.1452 17.5995247895431 0.018632269916156782 20.265709955837586 g
2458683.6806597 2624.343564485566 31.8267468196261 26.1434 17.59584827538168 0.013166835123907083 20.638994365784434 g
2458686.6651968 5545.021665601079 46.510140277864 26.1501 16.790341881572168 0.009106557619591048 20.23380586571924 r
2458686.6915162 2395.5683791602896 25.620476698613 26.0774 17.62887857029245 0.011611503889291793 20.808506974072014 g
2458686.6924306 2421.5877853826037 28.418255824641 26.0732 17.612949456625977 0.012741103393011186 20.691781440383544 g
2458692.6657292 2909.158874827792 76.3338274560815 25.4955 16.836081401096067 0.028487834468639506 19.04128239191872 r
2458692.6977431 2082.0013838461323 29.2225116362101 25.9311 17.634897465406 0.015238645434914872 20.51938113856353 g
2458695.6872454 114.417321030038 51.7516422396767 22.5436 17.39737056258241 0.491068637805864 16.51136464952292 g
2458695.6993634 452.55038703534774 73.0378946167129 23.4246 16.785432648367124 0.1752230126347709 17.01830437472011 r
2458820.0529051 227.95370467478247 63.922710756515 22.7393 16.84468336326416 0.3044516743755552 16.47773702983935 r
2458824.0500231 200.07262713344824 47.0792365957901 22.4573 16.704330812868225 0.2554768630991004 16.52780145913311 r
2458828.0544792 5009.676289755071 45.3339495748194 26.1012 16.85167584007995 0.00982480028780219 20.21271609611125 r
2458828.0592824 5142.262854921321 48.354464011129 26.1103 16.832414318686325 0.010209210041964298 20.15178355495785 r
2458828.0640856 5097.630703474965 47.249525043513 26.1219 16.853479075193718 0.010063265137031714 20.188481370910143 r
2458828.0688889 4999.766105563867 73.5253067384967 26.1259 16.87852577987941 0.015966031978406545 19.71238287664542 r
2458830.0560185 1122.7335216486151 190.652273995125 24.3849 16.75920827588822 0.18436358217269813 16.93687001499614 r
2458830.0607755 1073.4992686848152 159.323228822277 24.5759 16.998895617720606 0.16113399848354545 17.32277724121566 r
2458830.0655208 822.0130408007419 133.705992941685 24.5124 17.225203231384434 0.1765964642061873 17.449597805276227 r
2458830.0702778 1196.1710959020745 150.699197679135 24.5189 16.82441674005868 0.13678153525089967 17.326197638805553 r
2458832.0661343 2598.5356448601633 112.405107089324 26.2418 17.704978303645134 0.046964229645364904 19.367409879886853 g
2458853.0226042 2700.6017745183667 34.0721758305085 26.2449 17.666248628276122 0.013697747534725059 20.66647531850628 g
2458856.0011806 2563.3472400569726 32.3040791408232 26.2125 17.690481396921435 0.013682320590483962 20.691931575244258 g
2458856.078669 5076.905025007155 72.8831179310337 26.0993 16.835302402450235 0.015586110188778207 19.695307630589586 r
2458874.0209606 6173.450547581467 34.7854940034032 26.2782 16.80188006605131 0.006117585384123704 20.67727955082066 r
2458874.0459954 2899.5082420698345 24.3229230412266 26.2991 17.64328913099836 0.00910754353538537 21.086635574953394 g
2458877.0226389 2945.91881580509 26.6939034011518 26.2953 17.622248064247458 0.009837871555435291 20.98184477784312 g
2458881.0223495 6211.163154597444 37.8535033330967 26.2899 16.806967656434214 0.0066167233971825504 20.597209790281497 r
2458883.9814583 2627.4009438282187 40.9157975005696 26.2375 17.68868412103687 0.01690730965546642 20.460347437803513 g
2458887.04625 6299.423595809671 45.4391852306695 26.3049 16.80664796787857 0.007831402771160529 20.41389865054717 r
2458895.9834606 5993.659983667836 41.7740616968269 26.2743 16.830069744819475 0.007567012294296081 20.474608229608553 r
2458896.0407407 2899.0194937150195 36.5698298630604 26.2813 17.625672160832583 0.013695618248998108 20.626067639566273 g
2458899.9994097 6098.731215354091 35.74401273548 26.2702 16.80710126636014 0.006363171823216265 20.63976672372668 r
2458900.0259606 2806.1724539342567 25.533619925109 26.2715 17.65121410706582 0.0098788836423167 21.0062940154029 g
2458904.9396065 2768.4661108937357 38.5146389717626 26.2462 17.640601970918254 0.015104155823725629 20.534710411085193 g
2458905.0094792 6120.194026147883 34.5281791891646 26.2724 16.805487023414834 0.006125172500335074 20.679540797047412 r
2458911.9366667 2774.459581555095 33.9567164199033 26.2466 17.638653994060427 0.013287923623823358 20.671860769745994 g
2458911.9576852 5947.310321162746 33.6758534865049 26.2567 16.820898500291037 0.006147631812686417 20.69097846074238 r
2458914.9778009 1368.8748618083196 42.2816713088996 25.4235 17.582590629683565 0.033534994191821384 19.61069462476833 g
2458937.8860995 2762.476739789193 20.9199503763878 26.2492 17.645953425189006 0.008221893707375603 21.20037336411241 g
2458940.8777894 1873.44020267474 24.2172236355641 25.8531 17.671500410899498 0.014034416291266479 20.64536410837568 g
2458940.917037 600.5940366072454 53.6536994074639 23.7578 16.8113474607348 0.09699034272093009 17.686375809618532 r
2458944.9399537 2550.9888391865647 71.1792272961301 26.2081 17.691328603662015 0.03029385542119837 19.829791816406807 g
2458954.8775579 2731.968788455839 33.1511665145482 26.229 17.637810666464944 0.013174462913680825 20.68032795203512 g
2458954.9583218 5965.28635317673 60.3076609283564 26.2077 16.768621759858533 0.010976175089239128 20.00934377814703 r
2458963.8070139 2729.9973060973584 24.8744757763848 26.2281 17.637694453778725 0.00989239743574233 20.99129014700473 g
2458966.8367824 2081.0022223053707 41.8854822628851 25.0518 16.756118640011003 0.021852484156617707 19.249216188645264 r
2458969.7488773 1687.8203874391108 28.6410309571307 25.7214 17.653084428775962 0.01842350497811995 20.33150337241202 g
2458972.772581 2795.771770129167 52.6196105677342 26.2451 17.628845711624844 0.020434111183099044 20.19480591517675 g
2458972.8591898 6151.867230221431 44.1447015245644 26.2777 16.805182615154248 0.007790789471165887 20.418078527231792 r
2458977.7519444 2497.4913056145456 186.83453826031 25.4138 16.920040037464858 0.0812200057446467 17.987732081515887 r
2458977.8505208 1593.465513690485 166.665731197819 25.5144 17.508543328084645 0.11355688768085863 18.21235920917054 g
2458980.7212616 2609.849079375947 17.9842129830147 26.2187 17.677161515073177 0.007481451778172508 21.334046396230196 g
2458986.7212269 2699.022365425684 21.9535205138798 26.2556 17.677583791627683 0.008830952098524053 21.15441455275414 g
2458986.7732986 5964.936776459332 28.1494555047505 26.2673 16.82828538785516 0.005123585544463815 20.896199992396628 r
2458992.7545255 5880.979611403328 30.4869555423817 26.2631 16.839475815595563 0.005628260905408159 20.805389845527536 r
2458992.8178241 2627.5977313165226 24.1299684900083 26.2262 17.677302804441375 0.009970288251267403 21.02238310218994 g
2458995.7497685 5969.127855736069 26.7210444472465 26.2642 16.82442279659475 0.004860180357587281 20.949641415578316 r
2458995.7998958 2601.2833034000873 27.4131316253905 26.2231 17.68513086652763 0.011441443908391122 20.880778360732688 g
2458998.6889815 2701.922745393914 26.6871214917279 26.2533 17.674117681705376 0.01072355153490698 20.940120657321014 g
2458998.7540046 6011.524296824028 28.8455090654351 26.2636 16.81613848315289 0.005209588724258903 20.865979469687026 r
2459001.7304977 5504.535326973109 72.70488927939 26.2175 16.865698341798264 0.014340120210299335 19.816165945655385 r
2459005.7699421 6028.735864230774 116.769188907806 26.2406 16.79003435843247 0.021028671889472602 19.324854330261687 r
2459009.6671644 6339.74080941033 58.1900648082693 26.3378 16.83262124304955 0.009965226538687814 20.178252886954134 r
2459009.7534028 2906.3015150515753 45.5544807789562 26.3131 17.65474832924989 0.01701767677082708 20.419347236663032 g
2459012.6960185 2966.411568569479 20.6692774771465 26.3313 17.650721484618984 0.007564909331768727 21.29556175032186 g
2459012.7247801 6533.903973420342 34.1647545537834 26.335 16.797068131232457 0.005676954263474662 20.75362922662444 r
2459015.7126505 6004.840397203122 25.874129775835 26.2711 16.824846328077804 0.004678149765763679 20.99151060893069 r
2459018.6993981 2890.032508282761 24.4262573631083 26.3129 17.66064318022938 0.0091762246767544 21.09583266751713 g
2459018.7340625 6213.946455530278 32.3709205001767 26.3124 16.828981233257778 0.0056558434544867146 20.789587366196972 r
2459021.7343634 6117.200573790419 29.0991824379097 26.2836 16.81721819851751 0.005164614432981149 20.876473020792456 r
2459024.7006481 2827.428116653277 21.4058834394231 26.3046 17.67612106895734 0.008219613971191047 21.23084209853217 g
2459024.7127546 4762.642173814052 28.4928146735483 26.0487 16.8540801165421 0.006495270432273121 20.664436605898842 r
2459027.6875926 5460.53080062323 39.1270374806796 26.1677 16.824612847186387 0.007779504620306404 20.439082573248022 r
2459027.7118403 2303.159954991025 36.2033462264722 26.0738 17.667989747840583 0.017066106465121324 20.42950320505569 g
2459032.6938079 2609.385223013068 76.4692348638456 26.2463 17.704954503400252 0.031816938165921925 19.790158127296632 g
2459032.7104398 6040.940206435992 75.086607671699 26.2994 16.846638657300822 0.013494841392786991 19.863068779570153 r
2459036.6919213 2817.8871290653633 50.4342599859334 26.2773 17.652491016538804 0.019431749235779193 20.273060856971185 g
2459036.7777662 5440.542940496669 73.251939691292 26.1795 16.840394394001038 0.01461795850021826 19.770027166216725 r
2459040.6956713 6122.788511396638 42.9394089024189 26.3105 16.84312685341936 0.007614066067867843 20.48093483489125 r
2459040.7111111 2733.188443109492 28.585525672814 26.2812 17.689526060741578 0.011354981871526552 20.89340953148168 g
2459043.7324884 5480.10269959846 35.0879311597263 26.17 16.82302825641181 0.0069515060115399215 20.55968058346914 r
2459045.6920486 6196.619520215921 33.0075057614003 26.2894 16.809012923069233 0.005783193382817799 20.745443219760038 r
2459045.7315278 2719.43076710207 34.1463696781023 26.213 17.62680498309304 0.013632527074414836 20.63221364463405 g
2459186.0469213 5751.9639300634 88.5523908553213 26.2125 16.812959615074558 0.016714522538837037 19.59707426079769 r
2459186.0516204 5733.767672981334 89.0471619455068 26.2285 16.83239977061995 0.016861252362875685 19.60702478300394 r
2459186.0563079 5803.345353473566 92.2134596098374 26.2417 16.83250396017965 0.017251455324552828 19.582289199333466 r
2459186.0610069 5819.070296807616 106.145931283367 26.2507 16.838565990788922 0.019804304075442175 19.43851660983962 r
2459186.065706 5953.039375420279 150.53512154369 26.2635 16.826653112169588 0.027454208036116985 19.07198039526349 r
2459188.048912 5707.883598572849 117.380134735137 26.2396 16.84841223019207 0.022326946596073226 19.318188479949818 r
2459188.0535995 6057.05564110419 140.491646344287 26.2624 16.806746092045508 0.025182496162142926 19.145848734685977 r
2459188.0582986 5726.956862430104 137.134010192209 26.2716 16.876790220354934 0.025997470985403014 19.181312048629145 r
2459188.0629861 6208.26942879686 156.02129009952 26.2767 16.794273609166613 0.02728494898680267 19.046315327538828 r
2459188.0676852 6151.037702090295 195.323630235553 26.2861 16.8137290275229 0.03447594952550445 18.811788020723924 r
2459189.0501852 6080.40984525545 69.820544027138 26.2581 16.798267866154518 0.012466949856910351 19.900716918101203 r
2459189.0549306 5953.764272278394 69.0443862445923 26.2586 16.821620910986496 0.012590604316463392 19.91335405566432 r
2459189.0596528 5894.910196380219 72.5003554041716 26.2785 16.852307016504334 0.013352813400048635 19.88022465032929 r
2459189.0643866 6244.384323571581 88.4914935080059 26.2931 16.804375938083187 0.015385858640854792 19.678421176824745 r
2459190.0517477 6002.045837688618 58.7337795078659 26.2557 16.80995173046718 0.010624254818461487 20.086055117880214 r
2459190.0564236 6185.465052436471 50.1335350614403 26.2606 16.78216910624954 0.008799658320721679 20.26285416650884 r
2459190.0610995 6208.311502548279 53.6781703054155 26.2769 16.79446625110316 0.00938715614973065 20.20498072944523 r
2459190.0657755 6227.397299064 69.462156854823 26.2951 16.809333565065785 0.012110205929629136 19.94330432823314 r
2459193.0543287 5036.239807792641 76.455234853293 26.0413 16.78603399629057 0.016482028586442946 19.585356922406326 r
2459193.0590278 6019.760246552611 61.4567640792705 26.2705 16.821552013413864 0.011084097377312524 20.051650765789017 r
2459193.0637269 1011.6037443278105 133.013554370396 24.5352 17.022673929591576 0.14275630827750468 17.47803524222475 r
2459193.0684259 2767.415282205481 156.351017812969 25.4291 16.823914162829357 0.06133893280529209 18.19642320727018 r
2459194.0550116 5926.167940172824 57.5114331630271 26.2576 16.82566511330053 0.010536347200325476 20.1107895136955 r
2459194.0597222 5972.496319102478 56.28122128235 26.2739 16.833510273092962 0.010230985283458482 20.150566206910668 r
2459194.0644329 6106.427702747318 67.4442230074863 26.2847 16.820231950945896 0.011991330526403167 19.964913099819142 r
2459194.0691435 6224.601588225614 76.9978541221671 26.2898 16.80452110197512 0.013430027454057004 19.826178434536793 r
2459195.0550231 6086.453643647946 55.0904079391822 26.2638 16.802889203395672 0.009827012477453408 20.163685018424516 r
2459195.0597569 6145.048721469412 54.1918470234299 26.2869 16.81558667357057 0.00957455196535348 20.20464010579702 r
2459195.0645023 6098.563414916578 52.0056200301566 26.2914 16.828331139707586 0.009258328203759996 20.25384929275566 r
2459195.0692477 6121.206466748157 78.5415590898615 26.2982 16.831107429026424 0.013930680359678019 19.81302619419462 r
2459196.0553935 4031.1087338061784 58.7664433482431 25.8614 16.847838717929744 0.015827587831634828 19.691151471110267 r
2459196.0601505 5354.920066106967 60.5679894208492 26.1284 16.806517518946677 0.01228004625697851 19.925367095860345 r
2459196.0649074 5275.604085494826 59.8993242034232 26.1316 16.82591951022917 0.012327061552337247 19.94062018261822 r
2459196.0696644 5607.877754313012 83.4252696583608 26.1845 16.812503655223836 0.016151353370429902 19.63383094137483 r
2459197.0508449 6083.632402223177 75.5926714055706 26.279 16.818592589156555 0.013490454044369337 19.835375755777243 r
2459197.0555324 6030.336973040758 60.0605860284359 26.2771 16.826246047409487 0.010813289297528637 20.083201075610013 r
2459197.0602315 6114.5151152473 68.8120110144806 26.2902 16.8242949426943 0.012218336033240797 19.948614363700713 r
2459197.0649537 6242.688234828564 102.450392776936 26.28 16.79157088390936 0.017817707252679105 19.506290919785712 r
2459197.0696528 6204.683711868653 124.242164569521 26.3017 16.81990088017185 0.02173998294467527 19.318602466300874 r
2459203.0030787 2342.7019029888916 45.6069817270726 26.121 17.696707424179095 0.02113606515532741 20.22599666027057 g
2459203.0392477 6158.472181173159 63.0296606892132 26.2787 16.805017540036914 0.01111173365684392 20.032412566229265 r
2459205.0183912 5776.0874170812285 35.5807132560744 26.2512 16.84711560660647 0.006687914775645911 20.625738364748557 r
2459205.0376736 5015.9294994448965 29.458150033667 25.7608 16.50992144071908 0.006376228672091929 20.340361314783888 i
2459216.0451852 6129.769392045211 74.6116031496474 26.3041 16.83548965939977 0.013215149275386428 19.874659060156148 r
2459217.9779861 6030.859325012455 62.0065876239104 26.2479 16.796952004259268 0.01116267990269206 20.01938040990093 r
2459218.0163542 4583.438380855381 41.0758399633005 25.6636 16.5106215071818 0.009729821968247484 19.882208856354374 i
2459218.0414005 2222.99860677202 71.702349803282 25.9722 17.6048520237197 0.035019023828568197 19.58594151805611 g
2459219.9814236 6023.42157420748 67.5214850810056 26.2641 16.81449184965083 0.012170503998318122 19.943070024954775 r
2459224.0441551 2971.365533490245 39.5580645427703 26.3057 17.623309796430924 0.014454024652980893 20.56518740235756 g
2459224.9734722 4562.033245042633 59.0385148254356 25.6412 16.493303885501366 0.014050339421710292 19.46593642958992 i
2459225.0032292 6130.718351067086 56.5628253269766 26.2812 16.812421587918355 0.01001681302922841 20.152447253044016 r
2459227.0027315 6202.468833840857 39.8075613657018 26.2877 16.806288523231864 0.006968042973297649 20.54036105599213 r
2459227.0210417 6385.514584658861 40.5889786003066 26.3064 16.793410247069225 0.006901159410429432 20.53795468248733 r
2459227.0264699 2967.8679955622415 33.5091673930448 26.3109 17.62978854863904 0.012258261854310214 20.750565896675514 g
2459227.0375 3055.2418374817917 29.7549778166172 26.3128 17.600186018768802 0.010573624326291593 20.88147591211216 g
2459228.0256366 4609.874361893075 41.5758703758137 25.6511 16.491877276916384 0.009791790171149988 19.856571614698264 i
2459228.9836227 6324.1846872705655 35.6281744191571 26.2943 16.791788639270784 0.006116442020540246 20.667391064772623 r
2459229.0034375 3104.914245228871 31.256150868675 26.3131 17.582975975303203 0.010929384942036952 20.82833625292235 g
2459230.9813542 3005.24154797532 32.7166538599265 26.2738 17.579101538989324 0.011819506195651036 20.739452791123966 g
2459231.0038889 5346.7757642303795 40.2821670523739 25.7757 16.455470072945072 0.008179574139118122 20.01549292373279 i
2459231.0400926 6614.577261379457 31.5652026455106 26.3243 16.77304476603693 0.005181032612972133 20.82885353465901 r
2459231.0410301 6595.416303613573 35.7200831823578 26.3227 16.774594466307672 0.005880037366229318 20.69299383523144 r
2459233.000463 6393.726349376039 33.2285769686952 26.2979 16.783514888529293 0.005642447618740056 20.74669563219222 r
2459250.9246528 6150.655095906951 50.97823625827 26.3012 16.828896564469623 0.00899856523290264 20.28531297490821 r
2459250.9624306 2738.474756892555 42.72698164441 26.3118 17.71802814504759 0.016939606200341552 20.48761945390361 g
2459251.0042245 5176.092278957824 28.2157603543456 25.7941 16.509094974257906 0.005918335563924871 20.420445593983878 i
2459253.0193634 6265.24456323612 29.1570692355316 26.3229 16.830554929236072 0.005052608840646089 20.9136153188863 r
2459253.0241088 2905.1870732103407 24.76152526367 26.3377 17.679764742308812 0.009253651245618116 21.105831506909183 g
2459254.9208796 3109.492581170767 32.9954909670439 25.5622 16.830476187542963 0.011520594954895063 20.01863850173256 r
2459255.0244907 1924.8855564160613 23.5717784682069 25.8723 17.661287715641272 0.013295273476196518 20.69389411199741 g
2459256.0036574 5088.5001821738215 28.0196445669266 25.7664 16.499925513995912 0.005978368284801025 20.400318434412394 i
2459257.0075231 2944.045494011212 27.9511737107904 26.3433 17.670938707944558 0.010307785446772572 20.979874865990503 g
2459260.9034028 4689.548731461995 41.2333669703969 25.9983 16.82047236702104 0.009546135264448679 20.21275299117177 r
2459264.9819213 3096.2338141698933 26.9731216142383 26.3587 17.631615626780363 0.009458173992725357 21.033946962906537 g
2459265.0039815 6355.461615981789 28.0706019814166 26.3545 16.84663224967783 0.004795285443088315 20.986445673426715 r
2459265.8378704 5077.822454041845 51.559215127786 25.7375 16.473306220736248 0.011023985255664075 19.709309245204114 i
2459266.8813657 5988.6649454158505 73.0691320882827 26.2927 16.849374960496828 0.013246885145740912 19.885940117043937 r
2459266.9835532 2979.2031266299145 53.5139672177107 26.3158 17.630549712282082 0.019501897567485296 20.24720711850369 g
2459268.9090394 5268.484851938223 32.6117918383958 25.8012 16.496985660760146 0.006720456334978467 20.270338335279924 i
2459268.9812847 3148.3629104173297 38.7799375345905 26.3687 17.62348803123073 0.013373101951491329 20.649757226168923 g
2459270.921169 2864.9831835676982 71.3396419020531 26.2871 17.644294807108132 0.02703452140916515 19.90634767662442 g
2459272.8653935 5312.810092253852 67.4840574136029 25.7773 16.463989269448444 0.013790713362928891 19.456872023566817 i
2459272.9204282 2788.3060816135967 116.169404634908 26.3023 17.68894888502593 0.04523360022911503 19.392145580121827 g
2459272.9555671 6389.739249563626 89.3787414872566 26.3242 16.810492160075917 0.015186613387915876 19.69868940113686 r
2459274.8972222 6156.512038597963 174.432211977327 26.3317 16.858363167402793 0.030761095139011884 18.980208268858053 r
2459274.9430903 2907.0581420332082 132.313266935401 26.3286 17.66996570530761 0.04941508112090724 19.277166507414492 g
2459278.8383218 2635.5419270131883 44.5103621114115 26.2311 17.67892517625903 0.01833584950747689 20.36252217047521 g
2459280.8392245 5062.603462686306 29.1953562887551 25.7455 16.48456522039894 0.0062610865252089535 20.334790540209145 i
2459290.9182292 2836.2548714329064 26.3690594009285 26.3272 17.69533686295076 0.010093905198697625 21.027038392802268 g
2459292.8750231 5861.800444303818 28.1393559566836 26.2582 16.838122426281345 0.005211862643986645 20.887489606063035 r
2459292.9044676 4850.199974956084 21.4319140121845 25.7202 16.50580088739664 0.004797457664256287 20.645122593775273 i
2459292.9377315 2637.494960768625 25.027053805114 26.2387 17.68572090365503 0.01030215136725561 20.99525067092158 g
2459295.8558102 4707.008267804295 37.4671645902373 25.7073 16.525437597149036 0.00864202871149746 20.025747918782493 i
2459295.8937269 5825.671562147285 36.1835483049437 26.2521 16.838735008834828 0.006743339025483529 20.608397105950527 r
2459297.8032986 2422.550496486627 75.5112619788314 26.2042 17.74351790399337 0.03384143168504221 19.761745668017006 g
2459297.8802662 5785.7680057599355 42.5579643411012 26.2842 16.878297461043562 0.007986006670010738 20.4643228733068 r
2459300.842963 2794.9349252055413 119.083669250104 26.2381 17.62217074847176 0.04625837207831589 19.301044469601923 g
2459300.8439005 2779.725144620968 114.455272519501 26.2424 17.632395360992327 0.04470373253085293 19.348385479740095 g
2459300.8990394 5781.005746981921 106.559401790459 26.2814 16.87639149721552 0.02001235556361455 19.464995554748104 r
2459300.8999769 5869.517407069427 103.644010460736 26.2734 16.85189401266575 0.01917130393406636 19.487114465463733 r
2459301.8798611 6268.278506605569 141.868956248368 26.3109 16.81802928896631 0.02457247642020659 19.183756555220338 r
2459301.9573843 2767.3647775473623 131.170541675773 26.2959 17.690733977432735 0.05146118005577942 19.253884209185554 g
2459305.8545255 6103.226590754781 58.4161104274057 26.3005 16.836601264897276 0.010391613378259152 20.136743397712944 r
2459305.8986227 2917.630538108882 64.8765874598653 26.3014 17.638824260047002 0.024141682809102536 20.023754994904028 g
2459305.8995602 2738.339784031048 67.6603035051815 26.3092 17.715481659703357 0.02682603230758987 19.98594013521044 g
2459306.8934606 5078.5583013659225 32.2996665428311 25.7529 16.488548893810137 0.006905059641851498 20.232479892260674 i
2459307.8563426 5714.225782640528 32.6888848791034 26.2036 16.811206509017925 0.006210871544673648 20.670174724961427 r
2459307.8784028 2945.212175693415 32.5027046302632 26.3088 17.63600853197692 0.011981543030518196 20.781576236164568 g
2459309.8959144 6240.802412964956 34.972167899473 26.2922 16.80409891797393 0.006084038586060432 20.68546860229618 r
2459310.8522106 290.20615329315416 32.5296320737459 22.4816 16.32483345844203 0.12169770055423236 16.953477111100227 i
2459311.817037 6099.763912454711 26.9433448785873 26.2874 16.82411743440028 0.004795659300018757 20.963846213723436 r
2459311.8581713 2903.1492891786907 23.6743560999138 26.3038 17.64662657697312 0.008853574466006169 21.12067954965036 g
2459313.7912616 1854.471802789952 30.6711225589857 25.8251 17.65454941431218 0.017956400152427922 20.360850810676563 g
2459313.8308912 5144.146228796673 27.0989404084363 25.7535 16.475216736360025 0.0057193785504658125 20.423694214350846 i
2459315.8533333 3321.0200471468584 30.6482705884109 25.6465 16.843321256999985 0.010019459956715606 20.183060055898288 r
2459316.7668981 4958.648642922987 27.6281369895659 25.7066 16.468191659019027 0.006049202210038007 20.355795987367223 i
2459316.9173495 5989.3878821031285 25.8195902525986 26.2475 16.804043901042107 0.0046803328969575704 20.97020162443149 r
2459316.9178241 5979.815655925687 23.5924559710022 26.2603 16.81858051028326 0.004283464728939365 21.080942106092337 r
2459316.918287 5924.274722580598 22.518073496465 26.2512 16.81961202606309 0.004126728340589619 21.12244690844122 r
2459316.9187616 5955.693256272303 22.6668829175468 26.2569 16.819569195927453 0.004132085674100638 21.120995485798378 r
2459316.9192245 5992.844565276145 23.4930251291671 26.2547 16.81061746582815 0.004256138650838079 21.07992763109059 r
2459316.9196991 6028.000209223939 23.6020747825721 26.2508 16.80036685320904 0.004250957482089659 21.070999533957558 r
2459316.9201736 6030.824375985232 20.4321910330346 26.2559 16.804958296154346 0.0036783080424128054 21.23268763810317 r
2459316.9206481 5986.627842854671 22.06695928701 26.2618 16.8188443470436 0.004001935367754971 21.15501875478911 r
2459316.9211111 6023.340641785507 23.5532197844907 26.2516 16.80200643801227 0.0042454399046641484 21.07404927747697 r
2459316.9215856 5897.388196470441 22.2029208820711 26.2496 16.82295070945319 0.004087523221905547 21.13614971074479 r
2459316.9220486 6025.984734028704 25.10493545096 26.2533 16.80322993221071 0.0045231492647484425 21.006477216492076 r
2459316.9225231 5981.291536908559 22.1097288393865 26.2607 16.8187125723074 0.004013269116343509 21.151816448439117 r
2459316.9229861 5966.003211459338 23.0765900068291 26.2551 16.815891292990248 0.004199503902762041 21.099745903712233 r
2459316.9234606 6008.366594800025 22.6148170327929 26.2536 16.80670894282196 0.004086452859543009 21.120192293165793 r
2459316.9239352 6040.073063123304 23.6061586090269 26.2546 16.801994519871272 0.0042431947650261904 21.074611687138116 r
2459316.9243981 5911.8914381114255 21.6276105482344 26.2522 16.82288387405931 0.003971841671659521 21.1672536377466 r
2459316.9248727 6024.559818035543 23.5968472295258 26.2534 16.803586697850307 0.004252442968596817 21.07384003706169 r
2459316.9253356 5970.261779476707 22.6665831482071 26.2548 16.81481656460133 0.004121948121036233 21.11890984474568 r
2459316.9258102 5874.960158948741 21.9148374800853 26.2492 16.826687685537323 0.004049889430464851 21.14992935344908 r
2459316.9262731 5891.645398715037 21.1227069777617 26.2435 16.81790849996375 0.003892447934961858 21.184201053206955 r
2459316.9267477 5877.957117773967 22.9351083923237 26.2494 16.82633396654235 0.0042362757472745784 21.100722996741116 r
2459316.9272222 5956.0906004488925 20.8772407336401 26.2473 16.809896761611377 0.003805586883249352 21.200692241521697 r
2459316.9276852 5832.4878667871535 20.80688695801 26.248 16.833365389969416 0.00387313916226889 21.205057219924953 r
2459316.9281597 5856.744634512369 20.9429455050436 26.2416 16.82245927911395 0.003882319847247186 21.191580582499956 r
2459316.9286227 6001.170094433548 24.3214271424694 26.2477 16.80211015903585 0.004400104151867317 21.0353023515239 r
2459316.9290972 5952.271411336243 22.3286394033467 26.2548 16.818093185188438 0.004072765189108087 21.135219338850536 r
2459316.9295602 5953.0406536664705 24.2851850225932 26.2457 16.808852879038586 0.00442906859082012 21.034921447660256 r
2459316.9300347 5937.619416171969 22.5295686295045 26.2439 16.80986910709642 0.004119555489601054 21.114592798090428 r
2459316.9304977 5893.707293093322 22.7390353444052 26.2393 16.81332859221584 0.004188835557264893 21.09994489737126 r
2459316.9309722 5931.841799267111 23.976611794526 26.2446 16.81162610003526 0.004388419028392346 21.04770545998698 r
2459316.9314352 5922.959587152946 22.5407348618428 26.2438 16.81245307644101 0.004131798550944728 21.113954812675228 r
2459316.9319097 5909.306590664227 24.8506995485028 26.2451 16.81625869268516 0.004565747958048797 21.009328442524968 r
2459316.9323727 5944.91055168678 23.1910210920499 26.2448 16.809436688694426 0.004235302008454031 21.08407531195049 r
2459316.9328472 5811.819369884221 20.9029753728836 26.2434 16.832619729862085 0.0039048633341802965 21.195454716938034 r
2459316.9333102 5847.299732052206 22.9379019208222 26.2396 16.82221160924125 0.004259005225767058 21.090790760595596 r
2459316.9337847 5943.800568216081 24.8904494862945 26.2412 16.806039427112772 0.0045465120670057325 21.00369314060203 r
2459316.9342477 5863.677970007394 22.9139647974886 26.2452 16.824774722319574 0.004242676986676675 21.09752438527272 r
2459316.9347222 5869.892382605799 21.4101632963515 26.2448 16.823224652361755 0.003960040964248438 21.170825039929706 r
2459316.9351852 5868.12245829035 22.2914659368515 26.2474 16.82615207926478 0.004124290987392034 21.129628415160877 r
2459316.9356481 5794.996955200382 21.9567769462186 26.2437 16.836066969716892 0.004113629897444051 21.14235351415046 r
2459316.9361227 5929.01866785455 25.2329168408716 26.2421 16.80964295562964 0.0046205585357091605 20.98975634813403 r
2459316.9365972 5920.609932868017 23.1899335439112 26.2446 16.813683876421532 0.004252485999601765 21.083926228987366 r
2459316.9370602 5865.834560683975 23.6773320419906 26.24 16.819175474934543 0.004382407845302705 21.056743077723507 r
2459316.9375347 5902.577343801308 23.0230253745519 26.238 16.810395783699732 0.004234776978467055 21.085169008785847 r
2459316.9379977 5847.852448293522 21.6877759270239 26.2464 16.828908984833234 0.004026506915515797 21.158437445240843 r
2459316.9384722 5860.600732739198 23.1654063008353 26.2378 16.81794466236862 0.004291485253434362 21.0782751847877 r
2459316.9389352 5767.714856284783 20.7499584386963 26.24 16.837490545913628 0.0039059194912079813 21.200031911221956 r
2459316.9394097 5839.833196240945 23.524440364107 26.2375 16.821498893771526 0.004373495619661052 21.061276737782194 r
2459316.9398727 5847.730393253683 21.5492102699198 26.2373 16.81983164630766 0.004000864611857453 21.15629659197847 r
2459316.9403472 5883.246802914562 22.7900700197842 26.2498 16.825757331310975 0.004205701349843411 21.108010840408312 r
2459316.9408102 5769.000132620819 22.356725261714 26.2364 16.833648627645168 0.0042074356142571216 21.115454514482867 r
2459316.9412847 5882.074371946952 23.6712104036755 26.2375 16.81367372162186 0.004369178543175051 21.05452382488255 r
2459316.9417593 5897.530548028628 21.677587663239 26.2387 16.81202450219498 0.003990713864779516 21.15124761124166 r
2459316.9422222 5851.063483316446 22.8336007712847 26.2314 16.813312974555515 0.004236911875605273 21.087538980496696 r
2459316.9426968 5952.812996132959 25.1532203794487 26.2352 16.79839440080321 0.0045875540494397715 20.986290999428682 r
2459316.9431597 5941.126160605499 23.1573389993338 26.2391 16.804428063060534 0.004231844648963713 21.079953355871762 r
2459316.9436343 5836.151899117486 23.0447858537106 26.2427 16.827383532826335 0.004287024127174784 21.0888432972887 r
2459316.9440972 5911.403392052549 24.1247224548462 26.2409 16.81167350884955 0.004430794082576067 21.0373191750035 r
2459316.9445718 5872.570368090458 23.8991231637601 26.2416 16.81952942646091 0.004418385203161292 21.048220070694015 r
2459316.9450347 5823.989514396694 24.9171566932194 26.2352 16.82214853901251 0.00464502158785749 20.99652878091926 r
2459316.9455093 5813.283321654806 23.5041476706978 26.2371 16.82604627585657 0.004389679930276052 21.061813721613284 r
2459316.9459722 5941.171514390925 23.3240830492404 26.2453 16.81061977472301 0.004262283441106203 21.078363541337918 r
2459316.9464468 5890.316390996913 22.986425254917 26.2333 16.807953442500114 0.004236845738440822 21.082196396651803 r
2459316.9469213 5801.949920845653 23.3460771403446 26.2291 16.820165060254556 0.0043686754103485536 21.061140198684992 r
2459316.9473843 5827.468866275547 23.2111768777914 26.2304 16.81670009513659 0.004324411732520193 21.06873208647201 r
2459316.9478588 5762.7425459125 22.0928086679584 26.234 16.832426955899606 0.0041622824861082455 21.125947660611246 r
2459316.9483333 5834.269569122093 22.0878845295339 26.2363 16.821333771050135 0.0041103373695027005 21.128489681050485 r
2459316.9487963 5784.1834896034015 26.0354295992402 26.2282 16.822594846312576 0.004886889561284166 20.941863118724477 r
2459316.9492708 5874.438933548969 23.802132692185 26.2312 16.808784016129774 0.004399054234153585 21.042235309233863 r
2459316.9497338 5792.557127419012 26.9206262609202 26.222 16.814824186032926 0.005045737709367064 20.899362092247205 r
2459316.9502083 5776.267765680762 24.9562153331033 26.2293 16.825181706851673 0.00469073874104882 20.988928178518517 r
2459316.9506829 5804.713660816732 25.2993558861194 26.227 16.817547996486365 0.0047319320625533 20.971801328380984 r
2459316.9511458 5830.1437606209165 24.8608426358576 26.235 16.820801840514722 0.004629631439289927 20.99878537772198 r
2459316.9516204 5934.621391275018 24.3280744218749 26.2298 16.79631745585305 0.0044506614084365214 21.0171056499452 r
2459316.9520833 5826.717453431163 22.8892599567512 26.2321 16.81854010253112 0.004264986200834386 21.085595610345468 r
2459316.9525463 5849.838445347567 24.2619365425234 26.2346 16.816740319094933 0.004502890934563681 21.02486133293597 r
2459316.9530208 5844.208035351359 24.1095916483402 26.2288 16.81198583237607 0.004478927425968888 21.02590035251271 r
2459316.9534954 5876.928956163166 23.3617852886834 26.2301 16.807223898164146 0.004315840888517859 21.06140991880845 r
2459316.9539583 5998.755615274436 23.2745436382254 26.2387 16.793547076319754 0.004212402312852893 21.074072053677796 r
2459316.9544329 5801.362999680333 22.6575207598787 26.2281 16.81927489811956 0.004240257037933289 21.092644022694827 r
2459316.9548958 5843.123052259119 24.6549903027205 26.2365 16.819887419106067 0.004581098623503129 21.009312899032803 r
2459316.9553704 5870.488123420725 25.5053953816908 26.2248 16.803114465580045 0.004717019638524723 20.960794838404343 r
2459316.9558333 5786.739184625081 25.1164484950474 26.2303 16.82421522843998 0.004712313318617227 20.98297941543486 r
2459316.9563079 5863.7104899450915 25.1503050659466 26.2336 16.813168700847044 0.004656724825845541 20.9848168459332 r
2459316.9567708 5838.818236009332 23.8541678517161 26.2226 16.806787610607373 0.004435567094191486 21.031264311970943 r
2459316.9572454 5833.723432558648 24.2355984492219 26.2243 16.80943540982212 0.004510427952320603 21.015740618616285 r
2459316.9577083 5958.115270445607 26.9217131240271 26.2241 16.78632774708148 0.0049057298511396875 20.901418258838834 r
2459316.9581829 5701.8595062226805 23.3539345775534 26.2228 16.832758719769103 0.004446859264627328 21.05447484099788 r
2459316.9586574 5786.2970416164735 23.765805435252 26.2247 16.818698188635206 0.004459248250733571 21.037393645806443 r
2459316.9591204 5755.645625683673 26.5521391960362 26.2224 16.82216488341081 0.0050085879847253925 20.91472619881692 r
2459316.9595949 5665.094241447234 27.0294484674813 26.2165 16.833482152630292 0.005180120744760567 20.889482028998714 r
2459316.9600579 5792.872848718308 25.4749876771652 26.2239 16.816665009973676 0.0047745211820448856 20.961190032659125 r
2459316.9605324 5771.370957775045 26.4957550314301 26.2254 16.822202525744085 0.004984334129288681 20.920034239610356 r
2459316.9609954 5843.512096007361 23.7083814278882 26.225 16.808315131595165 0.004404917675081988 21.040320224936853 r
2459316.9614699 5823.303312180391 27.8845047294216 26.2164 16.803476471674973 0.00519880300952375 20.855567651221307 r
2459316.9619329 5881.169000877229 24.2074219142769 26.2232 16.799540851403997 0.00446883909787497 21.015903640093256 r
2459316.9624074 5778.418162195576 25.5075146318715 26.2205 16.815977582777293 0.00479257607505865 20.956404628038037 r
2459316.9628819 5774.032357693259 26.4203402750404 26.2191 16.815401966652512 0.004967856371361057 20.916828972369746 r
2459316.9633449 5748.560293776526 26.5116745551362 26.2155 16.81660227295353 0.005007118929529721 20.909482089377654 r
2459316.9638194 5748.706645223535 25.0251704339805 26.2146 16.81567463176446 0.004726250479792251 20.971232379347477 r
2459316.9642824 5711.68129895967 23.2518754767334 26.2216 16.82969008342137 0.004419812640752124 21.05803001799324 r
2459316.9647569 5778.315533309255 25.0068144391787 26.2159 16.81139686640889 0.004698583571649903 20.973329060473578 r
2459316.9652199 5731.652216212105 25.7876036304621 26.2156 16.81990042372332 0.004884734838307334 20.939647523541886 r
2459316.9656944 5750.7393799483925 26.2906508785049 26.2119 16.812590784802858 0.0049634938697307 20.91497164395453 r
2459316.966169 5801.902735836044 30.510705157949 26.2141 16.805173890162134 0.005709415358755047 20.75554437642339 r
2459316.9666319 5775.609135698411 27.9451627249868 26.2102 16.806205513298757 0.005253136501739626 20.847008382007996 r
2459316.9671065 5657.0681207486505 27.4996970422701 26.2117 16.830221478954563 0.005277719914541436 20.865955215820215 r
2459316.9675694 5684.719757718286 27.2673136365938 26.2096 16.822827350165518 0.005207666107912469 20.873069105276894 r
2459316.968044 5648.586799288332 25.181135073549 26.2102 16.830350483123933 0.004839999688558672 20.960086732606793 r
2459316.9685185 5812.31304109859 26.945666041011 26.2111 16.800227508491563 0.0050332646252646005 20.88745268184971 r
2459316.9689815 5708.178165443988 28.5964936485918 26.206 16.81475620002626 0.005439075700584975 20.817793025430227 r
2459316.969456 5796.610519418557 25.9929337263011 26.2097 16.801764698421813 0.004868453392220638 20.925136740461316 r
2459316.969919 5760.250534543127 27.9699330463525 26.2089 16.80779656774258 0.005271811725257443 20.844746422233143 r
2459316.9703935 5713.0738393198535 29.467292263784 26.2145 16.8223254070279 0.0055998994780363355 20.793724412762522 r
2459316.9708565 5778.861525720173 28.3048224117826 26.211 16.80639428015872 0.005317750833048846 20.83392390314029 r
2459316.971331 5737.575375380082 26.6872395404158 26.2081 16.811278990065198 0.005049926854705599 20.894915854650524 r
2459316.971794 5771.100964448871 27.6704490552348 26.2087 16.805553319288364 0.005205558995472774 20.856234471084584 r
2459316.9722569 5688.452922252565 28.9187439710903 26.2051 16.817614579480892 0.00551944100769315 20.804726423401654 r
2459316.9727315 5701.555729695488 28.5130080402448 26.2063 16.816316565803294 0.005429495789730205 20.82126739780073 r
2459316.9731944 5663.752088533458 28.2143706019656 26.2017 16.818939411661823 0.0054084892282928 20.82809907266448 r
2459316.973669 5690.118576746008 30.0989200793094 26.1979 16.810096708050153 0.00574300817976871 20.754097704661262 r
2459316.9741435 5705.3401850606015 26.9811622085941 26.2037 16.812996138372966 0.005134391089697917 20.87862335692585 r
2459316.9746065 5744.425541167722 29.6156558775662 26.2089 16.810783488707774 0.005597377380182292 20.782671601398143 r
2459316.975081 5623.983273391068 28.5585185611528 26.2024 16.82728994911566 0.005513171375978872 20.81563580120035 r
2459316.9755556 5678.733193078022 27.977652656093 26.2027 16.81707133881079 0.005348963660723766 20.838246803948284 r
2459316.9760185 5635.26349412656 27.1453011879624 26.2039 16.826614430912578 0.005229862548661313 20.872238327436886 r
2459316.9764931 5651.221168454641 27.4617180271551 26.2012 16.82084423911686 0.0052758839856617105 20.85695573025357 r
2459316.976956 5746.275742400323 27.5874973230136 26.1961 16.79763384416788 0.005212375316866448 20.846894229091404 r
2459316.9774306 5574.183292461869 28.6479881738941 26.1979 16.832446886869853 0.00557985253238057 20.80773966735035 r
2459316.9778935 5561.663356847653 27.216206720361 26.1917 16.828688255457834 0.005312913375081388 20.857206001761504 r
2459316.9783681 5684.490138215171 26.6360699931424 26.1934 16.806671206547833 0.005087313107844478 20.882299620553088 r
2459316.978831 5656.754896073251 27.5852353563476 26.1979 16.816481596453286 0.005294429505364725 20.848783254919393 r
2459316.9793056 5690.2679289934595 28.4902051931302 26.1885 16.800668210399 0.005435915525273506 20.804336046306677 r
2459317.9028009 6044.965254226154 26.0826409171951 26.2715 16.8180154776785 0.0046845469002491135 20.98319608308058 r
2459321.8349769 5024.058266177069 25.4005224404668 25.7167 16.46406333135169 0.005489057999042496 20.457168365850414 i
2459321.8575463 2678.816708548251 24.033976957453 26.2338 17.663942502270363 0.00974075183995991 21.034310888016904 g
2459323.836412 6033.079836067348 32.8696650884729 26.2829 16.8315523190088 0.005915153844510911 20.74348679154862 r
2459324.8140741 5059.015312124481 32.4708430416121 25.7644 16.504235015275228 0.006968469576636619 20.238241078222664 i
2459325.7991551 6076.296723380348 32.6806049074689 26.2964 16.837302566047054 0.005839302187385627 20.76324977269563 r
2459325.8512963 2696.207644140266 45.8753479942984 26.2784 17.70151666087616 0.018472933798573066 20.377026559964342 g
2459329.770081 6260.947919360023 95.0623366218163 26.3075 16.815899772013264 0.016484593099898477 19.615053776658186 r
2459329.8540741 2905.1411064346594 105.077696936613 26.2939 17.63598192130147 0.03926929928167557 19.49269862547464 g
2459335.7722917 2614.6044280816195 28.7922566909667 26.1739 17.630385019091555 0.011955825039399313 20.77828572536479 g
2459335.8149653 3648.710163606256 63.0381721121885 25.7362 16.830851583946394 0.0187574623341852 19.489765960074674 r
2459335.8742593 3535.720708602546 61.419139739748 25.3346 16.463405119542806 0.018859736249303476 19.116415666027496 i
2459338.7737153 6113.367970466107 32.3173727597319 26.2628 16.79709865688031 0.005739384865224424 20.741784870222304 r
2459338.8383218 5115.61124471482 38.1686817561476 25.7378 16.465556166684685 0.00810064248440747 20.0361070870549 i
2459340.8570718 2831.0935537730234 29.2780276022524 26.2519 17.62201444773165 0.011227871479344937 20.838120449443295 g
2459341.7519676 5072.855899189101 32.9009116694139 25.7426 16.479468685462088 0.007041500982748716 20.20215515860795 i
2459342.7940972 6157.338849782516 29.5264187781604 26.2467 16.773217364299107 0.00520628044834353 20.823748051327353 r
2459344.793912 2802.20065070256 20.934659006138 26.2306 17.611851926040163 0.008111039185315133 21.18101026094479 g
2459344.8795023 5798.033850122737 29.6145297859233 26.1993 16.791098133681167 0.005545413465962484 20.773112885701174 r
2459346.8346296 2769.0587556697837 24.6680289597253 26.2114 17.60556957254249 0.009671907100828447 20.983638865143032 g
2459346.8790046 5806.1930710276165 32.3205600256514 26.204 16.794271317106634 0.00604362128344437 20.682877795943885 r
2459348.7947801 6146.961938578305 28.2734986832663 26.256 16.78434868995554 0.0049937738068249445 20.880126105995895 r
2459348.8383681 2859.5103083897066 23.840975896278 26.2116 17.570870833762235 0.009051951117170592 21.020864917519873 g
2459350.7727894 6021.960848331936 39.8901904374265 26.2487 16.799355180929233 0.00719180692945062 20.49910971502323 r
2459352.7119097 2526.8378853975373 38.755905854889 26.191 17.68455655065702 0.016652151382490904 20.472730258521647 g
2459352.7755787 5811.493824472168 29.5150486166976 26.2222 16.8114805483971 0.0055139847431669685 20.799666231858815 r
2459353.774294 5040.949432242367 40.125473334223 25.7225 16.466219147799315 0.008642067726433675 19.96652456782522 i
2459353.7958565 6008.946092402098 43.9173616030674 26.259 16.812004230305277 0.00793501535198323 20.404984385716933 r
2459354.7515162 6213.951595034649 45.5708137623041 26.2863 16.8028803352546 0.00796212068038449 20.392158029437276 r
2459354.815787 2746.293113526371 59.5270775840304 26.256 17.659132780281336 0.023533011758528455 20.071788584489106 g
2459354.8259144 2694.177317460573 58.3088371864761 26.2509 17.674834561379953 0.02349730439903889 20.089139037490913 g
2459356.7121181 2734.084262912433 75.6706754939906 26.2678 17.675770262136318 0.03004869070725377 19.823055962090802 g
2459356.7865856 6032.089857609969 60.6460732078706 26.2922 16.841030493950853 0.01091552732735211 20.087768274560872 r
2459361.8129167 2736.5446337213016 89.2434689379191 26.2831 17.690093660032645 0.035406560898712726 19.659233881205196 g
2459361.8569329 5960.480471331064 82.8134441946003 26.2544 16.816196826472677 0.015084447771372226 19.7117228710636 r
2459363.7310995 2870.378170509809 24.988503374248 26.3166 17.67175220368238 0.00945172256121307 21.074824374431017 g
2459363.816412 6062.712456028099 49.3172912587989 26.2896 16.83293257278288 0.00883165472682774 20.3096769515315 r
2459364.7971528 5932.935166488238 32.5088341393514 26.2606 16.8274259937233 0.005948967961836869 20.73317150235638 r
2459365.7951157 2527.356376020109 24.3936370562694 26.2015 17.69483378753649 0.010479001696506677 20.985883594596643 g
2459366.731794 2584.4077585861833 23.3667359811793 26.2404 17.709497409613153 0.009816278089431517 21.07147986033643 g
2459367.8158333 4351.415346290389 30.8016961925039 25.5946 16.498023652379054 0.007685178015633583 20.12573840677561 i
2459368.6893981 2611.997794514434 20.019579211063 26.2428 17.700367985252186 0.008321315276413412 21.241737627010234 g
2459368.7286227 5826.06098536305 23.7690193292164 26.2659 16.852462434068325 0.004429411973297795 21.078446829611874 r
2459370.7130093 2840.915735095107 25.9182407395339 26.2732 17.639554119428972 0.00990505759227312 20.991761190515653 g
2459370.7543056 5933.80925140993 23.6838564887695 26.2639 16.83056604662849 0.0043333989854404675 21.080343937083317 r
2459371.7952083 4984.945790418006 29.3604420759389 25.7349 16.49074890032682 0.0063945794602460245 20.31806851315346 i
2459372.8104167 807.0657100082216 46.4634336068092 24.064 16.796727760678696 0.06250463777775773 18.148796737585624 r
2459374.7183565 2897.033363623301 28.7600446605763 26.3005 17.645616258060613 0.010778191538993898 20.906101098875645 g
2459376.6898148 5160.5283252426225 36.3992393027489 25.7559 16.47416458459871 0.007657869818810948 20.105744220289417 i
2459376.7129977 2830.6981356678925 28.0812295951921 26.3109 17.68116610281789 0.010770414049927152 20.942434688250984 g
2459378.6897569 2803.6838074011985 23.5796917925259 26.3059 17.686577416531577 0.009131012317282333 21.127129678704186 g
2459380.7322106 701.1176038742295 39.2329647772256 24.6695 17.555022820882886 0.060753331000764334 18.937947168253814 g
2459380.8212384 1765.1622631609139 31.8850475544471 24.6213 16.504338414420836 0.019611565946278928 19.114907316546567 i
2459382.7066551 2703.6911040701398 61.2394521468057 25.3856 16.805707319789143 0.02459144578154521 19.170596747136663 r
2459382.7125463 1455.4198477518094 44.2750443291604 25.5332 17.625729267108092 0.03302786869536127 19.67037747744086 g
2459384.7044907 627.3268840350328 169.459350479229 24.6952 17.70146525103597 0.29327934366833947 17.375111145493285 r
2459387.6892824 5694.296422622911 91.8216279635947 26.2188 16.83019982235505 0.017507121877957162 19.564012518211875 r
2459387.7935301 2248.032953682296 135.262840260134 25.9923 17.61279331694618 0.06532593991999897 18.91692873282004 g
2459391.7138773 2668.2039398187067 54.9491107494252 26.2725 17.706952447240138 0.022358954145275896 20.17517331776812 g
2459391.7727431 5811.893144503526 67.2135688909838 26.2322 16.82140594772921 0.012555938302815237 19.916132598950274 r
2459393.7114352 5975.360074980209 33.7355978425926 26.2628 16.82188979755408 0.006129628694857205 20.695153961977287 r
2459393.7933218 2444.5775578948237 62.3272717392137 26.042 17.571490448842027 0.027681150352021566 19.807879696979573 g
2459394.7354514 4380.1262991457215 27.9891476519652 25.5857 16.481983416530134 0.006937657850565933 20.220800806203236 i
2459395.7328241 2230.0234698218746 27.4082238256703 26.0156 17.644826415518057 0.013343854452754763 20.67347275854764 g
2459397.7326273 2558.7490964268213 29.5634332068746 26.1528 17.63273074423045 0.012544027656922599 20.72848782078827 g
2459400.6909144 6073.294896016227 32.1087522988242 26.2654 16.806839076708165 0.005739960428020734 20.75141641461334 r
2459400.7534954 2472.286516807304 33.3789616253076 26.1067 17.623952999150443 0.014658308569912841 20.550592933572506 g
2459401.7060764 5029.589716159802 36.0703562015258 25.7336 16.47976860161227 0.007786238627411792 20.093298911462654 i
2459402.7311343 5960.678764444213 38.7590011081696 26.2561 16.81786070682896 0.00705970731960145 20.537743549301887 r
2459404.7287963 5306.8521845735 41.743245691658 26.1084 16.796307522267266 0.008540023402041564 20.309509454050826 r
2459406.7363426 5167.498355909271 53.2584503320563 26.0791 16.795899132189348 0.011189689002879049 20.01570367524831 r
2459408.6873495 1962.136591622678 26.5284188592361 25.8111 17.579276907625676 0.014678847781771195 20.50439657407712 g
2459410.7248264 4599.888389586585 57.4992957378825 25.9208 16.763931764477977 0.013571413063835155 19.774218675654332 r
2459415.6845023 5856.339267512701 68.9018073582839 26.2075 16.788434429540875 0.012773626805378144 19.864498454150148 r
2459417.6922917 1172.3561053419576 90.6396398315799 25.3076 17.63495112631039 0.08393990231870924 18.66687956132732 g
2459419.6906366 2203.746766066838 82.4391581457795 25.9828 17.624895780016136 0.04061455489217413 19.445041118683054 g
2459419.7323727 3813.7493163911763 97.5916589980535 25.7606 16.807219642990404 0.02778244068607232 19.039643237152983 r
2459423.6935995 2424.638017979367 35.0463707576251 26.0559 17.594282723611492 0.015693000130082662 20.44686736147345 g
2459424.6799306 4766.738371056664 26.2563578746059 25.6627 16.46714671066097 0.005980300474964071 20.367188781183557 i
2459427.6781019 5479.197438452716 44.323047815958 26.1721 16.82530762458141 0.00878258787976342 20.30810094807304 r
2459444.6659259 3103.1794730722713 77.914643783505 25.2268 16.497282765429745 0.02725976034895655 18.750327265495553 i
2459551.054456 5704.3861653010645 46.3271717037814 26.2329 16.842377705180724 0.008817322120432023 20.32088552134874 r
2459551.0568287 5924.8212907849575 52.1594372968433 26.2364 16.80471186164758 0.009558009987788196 20.195642745358064 r
2459551.0592014 5736.4761005264345 54.363869485998 26.2477 16.851087028614394 0.010289043668382325 20.161999086236158 r
2459551.0615625 5728.0509114680535 56.12119849184 26.239 16.843982826579683 0.010637263205988968 20.118757646667447 r
2459551.0639352 5830.558494035692 72.9537208018658 26.2324 16.818124608273628 0.01358460853374655 19.827356372215128 r
2459600.9418171 2737.2686294308032 73.7092465144107 26.225 17.631706449519356 0.029235760085898694 19.808770059936414 g
2459600.998912 6290.014913780489 59.5843579822637 26.3218 16.825170812076458 0.010284671554532549 20.13654432863435 r
2459623.9006597 6132.463065039308 55.9295152030603 26.2833 16.81421264702038 0.009901841072983837 20.166772351958066 r
2459623.9836343 2736.6428927779607 45.2852933150654 26.3214 17.728354676016565 0.017965896493808864 20.43408202657359 g
2459624.9805787 5218.682341767579 33.6679568077015 25.794 16.500097843996663 0.00700431609212314 20.228533085779958 i
2459625.8839005 2449.6289347990646 104.36470803436 26.2396 17.766849241919324 0.04625548053554447 19.44579083294328 g
2459625.9402662 6288.532651430167 68.5576198734208 26.3306 16.834226699474872 0.011836307771995916 19.99303565990676 r
2459627.9332292 5042.445531656484 87.8880381571625 25.7726 16.515996960814164 0.018923366138153423 19.165350563587218 i
2459628.8786343 2882.12022149188 107.82676411575 26.2414 17.592119768692676 0.04061854079767422 19.412158558621627 g
2459628.9421412 5714.291122468382 103.788576454298 26.264 16.871594094140768 0.019719551391661674 19.47620110094436 r
2459637.8507407 5323.975712047454 38.6389768143705 25.774 16.45840983610565 0.007879513242788464 20.059010945432547 i
2459637.879213 2820.1679028823432 44.3198247287979 26.2488 17.623112586360662 0.01706211664166414 20.384879903601483 g
2459637.9404514 6235.3574333143815 47.8573722513981 26.2785 16.791346615340586 0.008332922307827418 20.33120286734271 r
2459639.8982639 3042.9708182576146 45.3289948845447 26.2878 17.57955553114078 0.01617290887276061 20.399434766129133 g
2459640.9221528 5499.121319565576 35.375893752948 25.7872 16.436466747423474 0.006984317241906167 20.16800643694073 i
2459641.9795718 3127.3242121606713 25.705860876105 26.3293 17.591367731931452 0.0089241956573172 21.05679460729446 g
2459673.8519792 2402.036659545699 21.3315431858575 26.114 17.662550921853065 0.009641674844906703 21.044019302381216 g
2459673.8577083 5453.344464969414 30.0529651254497 26.1611 16.819442672200267 0.005983209835046382 20.71895667068472 r
2459675.8023032 4814.875546847404 23.8328784417238 25.6757 16.469237334700612 0.005374044639870645 20.485333744407583 i
2459675.8523958 5993.798523973348 25.5562879375482 26.2493 16.805044648886852 0.0046291949425424925 20.983130557669675 r
2459677.8151389 2816.0351025386744 36.1018351880817 26.2286 17.604504839783772 0.013918776235553692 20.58735179105791 g
2459677.8957407 6174.582984003264 39.5608729737404 26.2601 16.783580920620903 0.006956136130790603 20.519510323082233 r
2459678.8583681 5082.603154809505 25.9438816907125 25.7344 16.469184495763212 0.005541898805330251 20.45188760116054 i
2459679.7931134 2884.5753722664467 45.9994923638304 26.2647 17.614495271742285 0.017313345090432114 20.36039239173883 g
2459679.8600926 6402.674340832668 38.1360529377393 26.2983 16.78239646782601 0.006466721633872593 20.59753563472015 r
2459682.7596065 5173.052304134212 50.022836518915 25.7495 16.465132826168464 0.010498597426742156 19.754154202821624 i
2459682.8802083 3139.5222762943963 70.4859550349273 26.2979 17.555741077709804 0.02437523758288014 19.930218517904667 g
2459684.7962963 3191.02019333499 105.876681212234 26.3051 17.545276118765514 0.03602306028404851 19.495674190307753 g
2459684.8376389 6448.385779777694 99.7707511176284 26.3178 16.794172471037456 0.01679817371164532 19.57286688468879 r
2459687.8754398 6223.740813476679 107.494404183775 26.2567 16.77157125438584 0.018751853285665723 19.430810347027688 r
2459687.9186458 2739.308649688277 106.990051392049 26.2335 17.639397577904276 0.042404531088370084 19.41271649883499 g
2459690.8367593 6355.850870063776 40.4344856074658 26.2773 16.76936575343674 0.006906977825863483 20.512995182788952 r
2459690.8582523 5165.843691693221 30.298758985995 25.7371 16.454246847159617 0.0063678586876314445 20.28611288791838 i
2459694.8002894 5866.418374944619 34.0867103033899 26.1851 16.764167419255273 0.0063084388141239215 20.60621226505694 r
2459694.8365972 2688.605111636601 31.4579410657438 26.1637 17.58988245003019 0.012703199315978379 20.671949252965604 g
2459695.8153125 3482.7300266016096 28.4555591888149 25.2787 16.423900474421064 0.00887068488666128 19.89585717795834 i
2459697.7898495 3014.154723225942 21.3877489814484 26.2616 17.56368614538312 0.007703877604632808 21.188762293320114 g
2459699.838206 6167.1816368392165 31.354319268978 26.2384 16.76318315118358 0.005519763554065873 20.750231548454227 r
2459699.8962616 2789.7351900417852 28.6558476127321 26.1682 17.554292548233356 0.01115218887591881 20.777741841655722 g
2459699.8988194 4943.650038454155 31.4704334293258 25.6855 16.450380701466628 0.006911381126990727 20.19331817837609 i
2459701.8313079 2827.8281462901864 27.2136100397623 26.2112 17.58256746790363 0.010448236205206084 20.876809596089327 g
2459702.7681019 6103.185274280383 28.0469771030194 26.2386 16.774708614934717 0.00498929684620111 20.87145983928143 r
2459707.7741319 6461.389235355636 41.661421302432 26.3159 16.790085240467434 0.007000321983475255 20.51913978400761 r
2459707.8182407 6618.211247831499 46.9755514104711 26.3155 16.763648436585274 0.007706214603388402 20.388395272517563 r
2459709.7863194 6403.040225783504 48.6925578319105 26.2507 16.734734424503717 0.008256313903078186 20.284618517310147 r
2459709.8003009 6179.324578341673 49.6675354041399 26.2087 16.731347480534303 0.008726527066934898 20.221093464093293 r
2459709.8321991 5818.677092548228 48.2614266270321 26.1494 16.737339358269104 0.009005041877314738 20.19297459995813 r
2459710.8134838 3242.1103883231563 63.7414509203428 26.2914 17.514330505625416 0.021345384633867776 20.03292012686921 g
2459711.7340625 3229.4939693358324 75.3194661737081 26.2792 17.506363805272752 0.025321101448476258 19.839506905920345 g
2459711.7938542 6665.937357702933 95.4714956634937 26.2967 16.73704692970844 0.015549711507876193 19.599590673390985 r
2459715.7741319 3376.7015102715886 105.198872867936 26.3198 17.49856831981459 0.03382425598628996 19.517347272454487 g
2459719.7526968 6632.568324469644 29.5455556874497 26.3014 16.747195668747686 0.004836378344045049 20.8777445828492 r
2459719.8186343 6476.722285904046 49.9954386384734 26.2872 16.758811811435507 0.008380789747296375 20.292449031545196 r
2459719.8777083 6366.714751379638 70.8964425950042 26.235 16.725211518609164 0.012089793674000635 19.861013879344743 r
2459722.7738079 3098.925120621505 26.3724987159777 26.2562 17.528172293746557 0.009239533303145631 20.955896789519883 g
2459722.8544676 2877.5350332967296 32.0612808435089 26.1954 17.547848450587882 0.012096788469649932 20.68302281824466 g
2459723.7104861 4299.4813378059625 29.516238936065 25.5023 16.418759829489865 0.007453406142527607 20.079722445829873 i
2459724.7712616 6419.886091961667 31.1466821241588 26.2552 16.736381693874343 0.0052673758222190475 20.774245512708415 r
2459724.8404861 2852.4796894962938 29.5221392572889 26.1704 17.532343598011522 0.0112366046670427 20.747605427931013 g
2459726.7519444 5433.14861305897 26.8600798357908 25.7876 16.44997103883815 0.005367419659315981 20.467406741206855 i
2459726.8359606 6480.891950309556 31.6331870744874 26.2929 16.76381304765377 0.005299293904310586 20.795117614876908 r
2459730.7539815 6627.262653613762 29.2965486772576 26.3126 16.759264542454403 0.004799457115458444 20.898133837481872 r
2459730.7969676 3131.8298704573435 26.8754099417927 26.2819 17.542404595086005 0.009316800011727125 20.96108724553911 g
2459731.755706 5269.2636903542825 27.5219382376999 25.7473 16.442925168589714 0.0056707293657307445 20.400677449381334 i
2459732.7031481 6457.839361375026 29.5173704403404 26.299 16.773781905627622 0.004962497097520557 20.8763808249576 r
2459732.7542477 3208.4795015488116 25.2973941849821 26.2933 17.527551827500993 0.008560248196498327 21.038185519161843 g
2459734.6908218 2890.485038316725 29.7195833629845 26.2239 17.571473185678318 0.011163023239858289 20.79386819720115 g
2459734.734838 6465.988516172285 36.0224531378147 26.2853 16.758712677615918 0.006048507088113016 20.64644177653397 r
2459736.6914352 6603.082161407338 31.6749827720305 26.3162 16.76683324704016 0.005208102512579361 20.81698402080118 r
2459738.710706 3058.5388419630426 47.7712284600466 26.2679 17.55411499950356 0.016957516454420528 20.322558965365445 g
2459739.7116204 5295.787503803956 48.2333775857687 25.7486 16.438773623770235 0.009888421317368562 19.7928058020361 i
2459742.7092593 5517.638193849225 64.14433994579 25.7629 16.408516951906677 0.012621615885720257 19.49757913780189 i
2459742.7541088 6353.071656896969 102.661152022386 26.274 16.766540615471293 0.0175441453788268 19.49805965558231 r
2459747.6899537 6575.361658872971 30.4481746788219 26.3175 16.772700887653194 0.005027492777403071 20.861171833000135 r
2459747.7780324 2843.9736783953 44.9528651745155 26.2325 17.59768606853762 0.01716096252603494 20.35318154488084 g
2459749.7677894 2816.986179357009 36.1153865766551 26.2391 17.614638209340423 0.013919299815387958 20.59744431946008 g
2459752.7496759 4689.9251757434595 29.1090670848306 25.6178 16.43988521518508 0.006738639306540894 20.21030427171567 i
2459752.7793403 5627.683071764828 36.7823664437675 26.1503 16.774475920621345 0.007096102381521456 20.4887758223365 r
2459754.6905324 6505.40989034697 40.7437072796521 26.3247 16.791513335954427 0.006799793362622223 20.552123631608325 r
2459754.7108218 2986.6665492311968 46.3412801453256 26.3072 17.619233155334896 0.016845780077702713 20.39485492241048 g
2459755.7108565 5432.505759944079 29.1437084831279 25.7799 16.442399511340223 0.005824443764686901 20.371112953855476 i
2459756.7126736 6571.0707046996795 32.1607928962792 26.324 16.779909649442786 0.005313741765480844 20.80825812076044 r
2459758.696169 5030.108785153433 31.9755076827668 25.7 16.446056556107216 0.006901601968061807 20.190531367653527 i
2459759.6899653 6349.476319853572 27.4632988413536 26.2802 16.773355230382837 0.004695962635347733 20.93589323242265 r
2459759.7115972 2952.2222050454848 26.6915776631713 26.2457 17.57032739388969 0.009816011077817433 20.932339378018277 g
2459761.6899769 6374.740713071922 28.8505486895458 26.2946 16.783443687694685 0.004913617999867735 20.896789796333866 r
2459761.7361111 5194.851095231902 27.3260252100455 25.7299 16.440967241270826 0.00571101366077212 20.39103382749918 i
2459761.7542708 2798.3922077554885 28.7900727633001 26.165 17.547728542938856 0.011169764521387652 20.769468082899117 g
2459763.6919329 3249.3747266349246 35.4481594395317 26.3187 17.539200504397236 0.01184414539450672 20.69729076314127 g
2459764.7045602 5516.939298726804 37.384727026877 25.7707 16.416454486078564 0.007357086227584084 20.091539454425146 i
2459765.6910764 6677.54881304366 39.3148798862769 26.3121 16.750557321479494 0.0063921906507299914 20.578282606260114 r
2459770.7258333 2897.269306943452 77.8511360646913 26.2095 17.554527835960606 0.029173324765796458 19.733912602871776 g
2459770.7520023 2800.1643998660966 86.8160918419884 26.1495 17.531541175342028 0.033660963233928025 19.555574410364702 g
2459772.6904398 6470.695184492292 82.283046856972 26.2781 16.750722645094054 0.013806044238757316 19.742399077158936 r
2459772.7321644 6295.324088172909 68.6531958764924 26.2387 16.741154767908515 0.011840021851002212 19.899623091920674 r
2459774.7143981 6073.452680944933 63.6979304466666 26.2009 16.742310869517958 0.011386742717683645 19.943161683446913 r
2459774.7319907 5635.452041280362 69.1785895822071 26.1367 16.75937810447517 0.01332762556743151 19.789345730802086 r
2459776.6871296 6130.717943674229 29.4118797660183 26.2475 16.7787216600667 0.00520860332433243 20.828768034325417 r
2459776.7551736 5730.7579043094665 59.4079411649865 26.1485 16.752969844779237 0.011254916504904728 19.96646373471962 r
2459778.6901273 5765.12280035068 39.4037315146707 26.1737 16.771678593886485 0.007420593244410289 20.437431611024046 r
2459794.6918519 4637.905127428533 36.7632392895091 25.6043 16.438495348740382 0.008606008057510677 19.943340561565538 i
2459914.0570949 5841.636917868266 69.65690769763 26.2396 16.823263599348728 0.012946115232871161 19.884764512234565 r
2459914.059456 5602.2590607429875 76.2660458762316 26.2352 16.86429203079746 0.014780117290192435 19.781946913297297 r
2459914.0618171 5780.308453367191 94.4278549897777 26.2363 16.831422464493226 0.017736133458878083 19.551124678099367 r
2459914.0641667 5972.193424566509 133.632416958582 26.26 16.81966533748912 0.024293371761056694 19.197795430665728 r
2459929.0505556 5828.46111624741 65.3095135955111 26.2092 16.795315241294325 0.012165567805365887 19.92433386594594 r
2459929.0530208 5755.575214931539 56.5889291232997 26.2039 16.803678165668856 0.010674623830782009 20.074646300365202 r
2459929.0554977 5486.456862031213 60.2058299285822 26.1718 16.823570077866858 0.011913967647466729 19.975278620516107 r
2459929.0579745 2703.705178837086 80.2001029211116 25.3641 16.784201667721774 0.032205157730586104 18.856237675119054 r
2459929.0604514 1856.9496025366875 83.5590334547116 24.9992 16.82719970704423 0.04885433751021148 18.446791469760534 r
2459934.024838 910.6336279527494 54.6890186440965 24.2055 16.807140790174294 0.06520280573800252 18.1133246633197 r
2459937.0059722 2719.9562845014684 36.558751635283 26.1648 17.57839518987071 0.014592821537829143 20.50989659529953 g
2459937.0386458 6276.801201372682 39.0324884870135 26.2937 16.799354065227643 0.006751460081463621 20.567709388453196 r
2459951.9891088 2304.5391873658964 107.451913111912 25.9991 17.592639756370815 0.05062206913432731 19.173639608587337 g
2459952.0467708 6038.331804322351 69.4578412338802 26.3284 16.876107565800083 0.012488611204446165 19.976671786136528 r
2459957.9832292 2180.9458252419377 62.9084974024261 26.0152 17.66858780543736 0.03131657597328781 19.771001709182187 g
2459958.0787384 2203.4053745256883 140.542730291424 25.2283 16.870563988938876 0.0692506444985165 18.11135402360356 r
2459967.9377894 5932.354555653199 71.1449160237613 26.2703 16.837232251593058 0.013020468450151947 19.892515311444185 r
2459968.9770718 6136.868105432821 38.6977571165073 26.3238 16.85393302635847 0.006846188345517458 20.60716050297908 r
2459969.0377546 2856.7797906886285 32.8098077801407 26.3259 17.686208087680388 0.01246914740261172 20.7884657740809 g
2459971.9459722 2609.9994831216536 53.8556550014992 26.2472 17.705598946670996 0.022402718856171636 20.171696708607843 g
2459971.9692708 6252.455612856854 45.184472634165 26.3125 16.822373456774443 0.00784600243111491 20.427601944600543 r
2459977.9782755 6255.736812077387 61.867295203364 26.3073 16.816603827406833 0.010737235983555854 20.081222165730743 r
2459978.0379051 2973.549390725835 32.8879876342604 26.2962 17.613012108657898 0.012008036014428085 20.75618173796121 g
2459985.8752546 5156.750627796316 89.2276758082393 25.7591 16.478159674678185 0.018785955462500954 19.13542603745263 i
2459985.9559722 2955.534975881708 72.0919381211198 26.3183 17.641709742079776 0.026482588721437772 19.926158236004635 g
2459994.9596991 6265.1010339094355 30.5311037862581 26.2988 16.806479802450497 0.005290835566949548 20.839518725251185 r
2459994.9977199 2918.076562525947 32.5364900744762 26.3129 17.65015829391799 0.0121055313378347 20.784548236857628 g
2460016.9400347 2583.8211268140776 56.5798267383678 26.1795 17.648843887611978 0.02377436938352974 20.050420956149235 g
2460021.8582986 2753.930344658621 36.8047948591291 26.2312 17.631317621447703 0.014509795375202132 20.569013985600407 g
2460021.9243056 4914.353367650522 34.7475515258704 25.7744 16.545734046734328 0.007676577948173362 20.174664470173205 i
2460021.9408218 5720.986565543518 58.0471792498538 26.1797 16.786022680191305 0.011015901154380517 20.022822188059934 r
2460030.9643171 5392.307167092957 31.4752471498441 25.7661 16.436663441601958 0.006337301413229498 20.27375211676206 i
2460032.8794907 6254.870450198449 32.900792869351 26.304 16.81345420227516 0.005710812254652065 20.763559079039204 r
