jd flux fluxerr zpdiff mag mag_error limitingmag filter
2458202.8763426 4192.180638484052 27.0774569862517 26.2966 17.240500030347903 0.007012578317857071 20.967655302633283 g
2458205.868912 3920.8749941319024 51.3083280916003 26.2553 17.27184250928655 0.014207403167002489 20.232405331220683 g
2458205.9029861 3482.9395948423116 65.2308983835722 26.1396 17.284735143781305 0.02033373948831023 19.856041589598284 g
2458208.8873611 3140.217165609763 134.131264780232 25.9614 17.219000791787735 0.04637459974639059 18.895149939778136 g
2458208.908206 2463.4767983083334 139.699700319919 25.8188 17.33992880918215 0.061568253754810696 18.708386302964424 g
2458211.865 4172.746997720086 90.6184326341973 26.3002 17.24914486665654 0.023577857072260434 19.659733623635184 g
2458211.8977083 4152.950042584358 111.54977047851 26.3217 17.275808232880518 0.029162302596145002 19.455603286586538 g
2458214.8452431 4631.8213450250905 56.0187089515822 25.6613 16.496920500558037 0.013130798400516319 19.54304225032883 r
2458214.8677083 762.3976549444191 77.036901805432 23.3035 16.098046120530388 0.10970516993032335 16.83932796806466 i
2458217.8716435 7548.712062324434 22.1056497398989 26.1872 16.492517850046106 0.003179364072235922 21.078516778105012 r
2458217.8824074 7252.140550511599 21.8719676823994 26.1737 16.522534469066766 0.0032743981101008655 21.076555350362426 r
2458218.8202431 7162.495885502273 26.2066100860575 26.1343 16.496639036262664 0.003972430424431216 20.840847871373157 r
2458219.823287 6829.364104747195 28.8966191473942 26.0936 16.507649331080255 0.004593847820548621 20.694057404026445 r
2458222.8419792 7313.259064388525 30.8498902695349 26.1598 16.499522604713142 0.004579863173277934 20.6892409301023 r
2458222.8595139 7364.565340421462 28.1435899021775 26.1651 16.4972322007455 0.004148988316946004 20.79422625470144 r
2458223.0146528 6971.7075330044745 56.9868342792224 26.1079 16.4995521001854 0.008874526890873242 19.971038659642208 r
2458226.7947106 7601.534233591131 25.1188389344071 26.1713 16.46904686076619 0.003587634100307423 20.92387608621379 r
2458226.8361921 7396.5174728984775 20.4396369586954 26.1697 16.497131781179835 0.00300023814279715 21.14609204477864 r
2458227.8776273 5306.147359807564 24.189435553066 25.5446 16.232651732914654 0.004949442297606339 20.33811065300606 i
2458229.8155208 4330.279459794796 22.3209770105436 26.3251 17.233810187563236 0.00559637893243398 21.20589198874235 g
2458229.8565162 7672.931838604961 23.0589167249559 26.2122 16.499796649437965 0.003262777047272236 21.05767773690469 r
2458232.8581713 7144.727006457994 47.8887085821275 26.1375 16.502535901386125 0.007277082925718572 20.18949217527645 r
2458236.7913889 4085.8477352812547 96.3406134999753 26.2446 17.216394554953553 0.025599829179567584 19.537651470190518 g
2458236.8298611 4187.26297046498 114.27209909475 26.2627 17.207874408713206 0.029629191875998443 19.37042447634653 g
2458236.8303125 4473.134577857291 107.482386208272 26.2712 17.14467008882859 0.026087662840275912 19.445431740142745 g
2458237.7978472 4037.7614602670346 125.945431293757 26.1859 17.170548353865904 0.03386504034505022 19.188018944249066 g
2458242.8346412 8267.483677297085 32.3301605104651 26.275 16.481566634630084 0.004245651595611931 20.753555337232342 r
2458242.8779398 4350.318135163012 36.0849686315802 26.3085 17.212197455720446 0.00900565182271172 20.66775915889822 g
2458245.7930903 2139.974523980189 27.8495363471544 25.458 17.13197849204838 0.014129253069736754 20.098530066108072 g
2458248.7953009 7842.755442549622 34.272854147646 26.2015 16.465328318017022 0.004744510780767449 20.616699307239134 r
2458248.8157292 4449.937680325856 22.2313566702077 26.2888 17.167915177761216 0.005424027406846078 21.173960073257415 g
2458249.7978125 5361.525510722828 38.0928589814845 25.5356 16.21237905812498 0.007713740597425977 19.836066066743143 i
2458254.8813542 5409.5198170540125 19.0322332612602 25.5218 16.188903209719328 0.0038198021914269075 20.57565060959642 i
2458255.7728588 7606.234339019167 30.2545580309156 26.1803 16.477375746556696 0.004318480366251874 20.730897956684302 r
2458255.8379398 4268.27005155937 17.2287481916945 26.2714 17.19577027689598 0.0043823965414018125 21.433340680216233 g
2458258.7483218 7403.464674488476 30.2541751346741 26.1216 16.44801247875543 0.004436700840473066 20.67221169765326 r
2458261.7123032 5098.016629010662 34.0872712754284 25.4866 16.218096880642854 0.00725940166870633 19.907694397018783 i
2458261.7975347 7311.419779187848 59.5988687433648 26.1718 16.511795701793105 0.00885005836744047 19.986279948164103 r
2458267.7150463 4042.618693627231 100.12955443154 26.2491 17.232443050241844 0.026891147913033216 19.500269280174507 g
2458267.8172801 3021.1649981485534 234.393021351316 25.6203 16.91986388871299 0.08423257367177096 17.948013296239917 r
2458270.7999421 8191.589689749112 42.8745641372868 26.275 16.491579523226697 0.005682525132100208 20.44707569406836 r
2458272.8368171 5438.500232627741 30.940708028398 25.5285 16.189802121386585 0.006176762943742815 20.05474937013846 i
2458273.7527778 4398.0469163054795 18.5073961747129 26.2822 17.17405035525077 0.004568727985231466 21.36641168491666 g
2458273.7537616 4461.627125807842 18.099520319907 26.2774 17.153666820210432 0.004404368329584466 21.385807326182842 g
2458274.773287 4530.874209240779 16.1084550551414 26.2984 17.15794498745148 0.0038599503861082855 21.53334026492778 g
2458275.7675463 4394.047080818036 16.0231307958559 26.2795 17.172338235158062 0.0039590638846368695 21.520206544602242 g
2458276.7560648 4506.395528792747 15.3769261082717 26.3039 17.16932673168944 0.0037046745162697832 21.58930117059383 g
2458276.7569792 4470.515919146672 17.0804059651818 26.3038 17.177905885733267 0.004148111111063347 21.475129517313924 g
2458276.7770833 8452.903971368767 23.8967087980839 26.275 16.45748516192191 0.0030693187607428256 21.081729760770358 r
2458276.7779977 8518.741901560375 23.1849935244877 26.275 16.4490613492202 0.002954890259666813 21.11455754182383 r
2458277.6688773 5474.742434914949 27.4601579316554 25.5135 16.167590769633488 0.005445643118526256 20.16931741249358 i
2458277.7740046 8493.327227291975 26.0432782523875 26.275 16.452305358200434 0.00332910606667305 20.988335861490313 r
2458279.7342708 8415.874639685711 28.0549221288262 26.275 16.462251855652354 0.0036192588719933805 20.907552320201255 r
2458279.7351852 8210.10037604063 25.9212886784979 26.275 16.489128832994915 0.0034278196159907583 20.993433517378026 r
2458279.7955556 4439.923611932163 21.9390080698599 26.3101 17.19166125444415 0.005364772717583148 21.209632519432045 g
2458279.8123495 3792.736390268248 24.1034617726326 26.1882 17.240818353452838 0.006899801555861982 20.985576436583308 g
2458280.6893403 7680.000199720894 26.9513477479085 26.1859 16.472496921686297 0.0038100361313750573 20.86202376991294 r
2458280.7737963 4336.542849492331 17.4734019406547 26.2989 17.20604089494356 0.004374653530562873 21.445531321404815 g
2458281.6866551 5173.060123880742 17.7720985546711 25.5295 16.245131184937133 0.0037299329485332767 20.657728206801686 i
2458281.7107639 7671.753910104667 21.5260988388973 26.1882 16.475963341626105 0.0030463549513245467 21.108361664050236 r
2458282.7112963 8418.540899589289 25.2517715870545 26.275 16.46190793460252 0.0032566033400636676 21.02184535842005 r
2458282.7122106 8295.881129878588 24.4287786986613 26.275 16.47784369874608 0.0031970473802491353 21.057820601064318 r
2458282.7887037 3767.466340103851 21.9049756686815 26.1722 17.232076547846837 0.006312526758455909 21.073418051373466 g
2458282.7896181 3783.887182831499 24.3867475434822 26.1701 17.22525455158216 0.006997220194114246 20.954790283179662 g
2458283.7271875 8272.125987935995 24.1171904817009 26.275 16.48095714928324 0.0031653330406438756 21.07175820534064 r
2458283.7731481 4213.170183269296 16.3454704281018 26.3081 17.246577494977785 0.004212095992291377 21.527181428568472 g
2458284.6897222 8200.510444532558 26.2088474246908 26.275 16.4903977847894 0.0034698993241278385 20.981455182701787 r
2458284.7324884 4102.790994184086 18.3776281081255 26.2508 17.218101516128 0.0048631750594353125 21.342651342049457 g
2458285.6925 8204.326111578732 310.562535437043 26.275 16.48989271326152 0.041097555135959314 18.29720233004693 r
2458286.6911343 5483.115034121856 23.5659562919184 25.5469 16.199331606629848 0.004666245115580262 20.368762319523768 i
2458288.7130903 4291.702489648751 24.5623348841538 26.3009 17.219325979802385 0.006213694226951956 21.077800868501594 g
2458288.7558912 7682.359893953875 24.5422470099603 26.198 16.48426337847218 0.0034684026713828254 20.975789182083094 r
2458290.6716551 5206.633760618502 48.7954604891922 25.5162 16.22480742480269 0.010174948707516304 19.5478264370321 i
2458291.7362153 7552.144026048759 47.4913984643412 26.1785 16.48332434063031 0.00682738718102969 20.23953759340009 r
2458294.6906597 4058.960818000576 49.3147607573869 26.2933 17.272262852495324 0.013190823502619818 20.31343266277229 g
2458295.8269792 5306.787631118358 31.2085746489037 25.5125 16.200420729427975 0.006384870066710052 20.029390153867304 i
2458297.7733912 7279.341579899331 59.5001796566536 26.1555 16.50026975266115 0.008874339024233863 19.971779296528684 r
2458299.7950463 5114.114299941269 31.3562863233181 25.4904 16.21847392440784 0.006656777315598407 20.002163435506052 i
2458300.6751273 7439.7460068306555 34.6694264650189 26.1665 16.487604727571735 0.005059392656484785 20.569208346162437 r
2458300.6918519 4307.356658985992 16.8731613527591 26.2852 17.199672915429502 0.004253000791674199 21.469783840269834 g
2458303.6756713 7337.355686002294 40.2907781439588 26.1245 16.46065106883756 0.0059617796523545015 20.36406085144329 r
2458303.7120949 4201.45310273052 18.7332044724349 26.2239 17.165401199389713 0.004840858531184011 21.294944805511047 g
2458306.6921181 6764.063189712863 22.5285630879299 26.0451 16.469580859717297 0.003616060385385577 20.915841257840157 r
2458306.7156597 3729.577630616705 19.0376409741889 26.1102 17.18105087160351 0.0055419591312432705 21.16374215836725 g
2458312.6925347 7010.292548304587 25.2680519851137 26.0586 16.44425964500371 0.0039133208566128445 20.804745584867305 r
2458312.7557986 3757.4716457642094 23.2371597042508 26.1009 17.16366071988963 0.0067142447553384015 20.938017382118428 g
2458316.6699537 3736.8635440991784 35.6311618885983 26.116 17.1847319015672 0.010352198309070625 20.489000028175795 g
2458320.7115394 5228.190807775494 34.5778145580729 25.48 16.184121427034476 0.007180520881117739 19.885581137069885 i
2458327.6629977 4204.099873109268 58.6597892992982 26.2072 17.14801743842143 0.01514876790858598 20.03892374240868 g
2458327.7786458 4178.446833788298 79.0052296333684 25.4972 16.444662798471743 0.020528196534495845 19.005635389866026 r
2458329.7094907 20876.59624632645 115.171062407827 27.9602 17.16105076991417 0.005989540678987872 21.059416556530934 g
2458331.6627431 7191.100440870315 34.9303976959432 26.107 16.465011613114935 0.00527373148106046 20.50156616347334 r
2458331.7738426 2976.619634890084 51.242520306306 25.8458 17.161491644507024 0.018690330348039512 19.824298784438728 g
2458332.6602662 5162.481460233328 32.7846003847976 25.4731 16.190953737483078 0.006894792923123836 19.93650025323437 i
2458334.6774421 3960.3551915836756 18.3317541827706 26.1611 17.166764654613516 0.005025505176538287 21.255664926666284 g
2458337.6820255 4265.6962453194565 19.6962167481244 26.2058 17.130825183326643 0.005013057961382622 21.22241795208101 g
2458337.6920718 7546.929576510028 26.9561247427678 26.1494 16.454974256423316 0.003877903501884375 20.82533134552194 r
2458340.687581 5801.289010647545 32.8389559110295 25.8341 16.42528874539716 0.006145746982639137 20.295701637627836 r
2458344.6800694 7153.668662751208 29.5280333268783 26.0735 16.437177947464832 0.00448141887671136 20.650488683271757 r
2458347.6992593 3762.9409002004186 41.1186399667019 26.0461 17.107281506365098 0.011863728024394574 20.26357813522818 g
2458358.6907639 7354.656412609884 62.788887325402 26.1389 16.47249402848084 0.009268943529749215 19.896768021549104 r
2458363.6569444 3616.2647939367316 32.5034902956009 26.0895 17.193849441664813 0.009758422412291775 20.562249991733466 g
2458373.6245255 8156.536233351994 67.2320628921224 26.1862 16.40743557557387 0.008949123573252355 19.869833896694686 r
2458451.0467361 7717.417551714045 58.3779626344796 26.0767 16.358020003910717 0.00821271540739396 19.913652653590376 r
2458451.0515162 7603.483713717336 58.2739310031081 26.0926 16.390068449892567 0.008320923575588592 19.931489200611473 r
2458451.0562963 7689.207126807144 62.897992304378 26.1178 16.403096100498125 0.008881065254021733 19.87378303155019 r
2458451.0610764 7449.039600018008 81.1594355829446 26.1245 16.444249292390822 0.011829014737979099 19.603727443899395 r
2458467.0305324 723.1375901112233 54.427534991023 23.8998 16.75174765599948 0.08171608770976066 17.81282832496558 g
2458473.0385185 5349.471910007627 32.975521925475 26.2217 16.900922721530854 0.006692534283152665 20.67879579381031 g
2458477.037581 8808.464145222055 49.4612527791396 26.1652 16.302949522784385 0.006096418315040792 20.182112208683442 r
2458481.0255324 4782.959976191681 54.7933113660687 26.2116 17.012358133222463 0.012437716068347197 20.117356120964438 g
2458482.0389005 8426.67164405203 49.8455264875939 26.1602 16.346059821460877 0.006422142738382291 20.168709520300638 r
2458482.0393634 8727.006111771501 54.1106054920704 26.2066 16.354436799710875 0.006731734071263938 20.12596900498486 r
2458488.0060417 5099.412478934532 25.6692739432838 26.2143 16.945499643997778 0.0054651650234903495 20.943341027150687 g
2458492.0162384 5131.385831336214 31.5935476607032 26.24 16.96441332327165 0.006684571346351762 20.7435789995032 g
2458495.0391551 5264.948524879164 26.0503363124885 26.2493 16.945814676329295 0.005371913894470201 20.9623416530159 g
2458502.9948264 4584.818103297487 74.648347133036 26.1355 16.982194724303987 0.017676974016493173 19.705524499159683 g
2458505.983125 5204.504684181245 96.0323898850715 26.2701 16.979151490629903 0.020033100559044715 19.56663064677283 g
2458508.03375 5265.646922795368 60.0663716677556 26.2972 16.993570662458886 0.012384814378147129 20.103196491623162 g
2458509.003912 8878.375023995894 53.6674226041907 26.1964 16.32556628563524 0.006562768588158345 20.12469814253244 r
2458512.0169213 3100.33700045044 50.6995384725798 25.6767 16.948177741639032 0.01775435667531711 19.666764974442202 g
2458522.9967593 5507.945179774435 27.5042181970012 26.2806 16.928125977246907 0.005421500890411387 20.93467672738467 g
2458523.0193866 5433.012780498256 27.7594724849711 26.2775 16.939898183351026 0.005547282970714668 20.921546966821328 g
2458523.0453125 8941.978210493418 29.7550132757796 26.1951 16.31651598185158 0.0036127372660787692 20.763774618235423 r
2458526.9712731 4424.131029970762 31.5193708508542 26.0487 16.93413004741472 0.007734983593602689 20.55483113896969 g
2458527.0072338 6633.411268674144 39.0985449160942 25.8758 16.32145768948483 0.006399315298882116 20.14797350146759 r
2458534.9607523 8277.526704028713 95.9192603851202 26.148 16.353248523753656 0.012580997286235246 19.445810435802745 r
2458538.9380787 920.7032794824961 96.9743706371032 24.4249 17.014600774795845 0.11435288278747201 17.710832564876217 g
2458539.0453356 4363.362286843935 62.9023328676105 25.2259 16.12634681589123 0.015651476614783184 18.981808107949696 i
2458541.9822685 9263.612355589721 32.3767650398487 26.2092 16.29224906672475 0.003794573051467674 20.686191355226498 r
2458544.0451968 365.4369214205625 40.3669214014817 22.5068 16.09976894104134 0.11992867714412243 16.744310916558817 i
2458547.8940278 4843.417549416923 27.7045280534164 26.2307 17.017820222391464 0.006210244274977952 20.87689809827683 g
2458547.9420718 5868.308124380094 25.457615482182 25.5291 16.107817727356128 0.004709932154751113 20.26713068287572 i
2458556.9377315 8845.545402968524 36.0556806242789 26.1816 16.314788459967296 0.004425465098018999 20.5417407437458 r
2458557.0230787 5789.391046335206 32.7858863254026 25.52 16.113417787194656 0.006148425024083028 19.98335766723746 i
2458558.7878935 8587.011677612738 67.6834688637237 26.1349 16.30029486624239 0.008557568675133558 19.811268467297374 r
2458560.7884606 5295.974080182151 81.4386474309812 26.1993 16.889435372771636 0.016695311981733726 19.674798608914838 g
2458560.8790972 9051.836238046559 44.3123613577375 26.1808 16.288958279291084 0.005314936048431873 20.317062754833003 r
2458568.8505324 794.9505496023322 53.8320408461187 23.6864 16.435549715160036 0.07352085834253207 17.611372877099527 r
2458568.8622222 818.739494514183 48.2706462357305 23.2994 16.016535648809686 0.06400990909719058 17.342767206442357 i
2458568.8922454 4898.042941446243 37.6993994521161 26.0719 16.84684352926989 0.008356447355497662 20.383638909183233 g
2458572.8802546 3759.06816256639 27.0012391002092 25.7745 16.836799498060465 0.007798540495494244 20.44861575264808 g
2458573.8462963 6230.94109936769 26.7913839160828 25.4793 15.992915885199837 0.004668220266219956 20.161887119697585 i
2458575.8524537 2361.1980805187086 22.3588453873022 25.3663 16.933468946250848 0.01028079712467887 20.245251557187316 g
2458575.9138426 9292.243354350434 29.5093082412426 26.1681 16.247798562486324 0.003447849430516416 20.745777416997008 r
2458580.8747917 9472.359287389583 30.3870866157926 26.1977 16.256554593705697 0.003482897865021529 20.74355232972492 r
2458580.8932407 9211.861706623204 32.6175215378654 26.1618 16.250931476297644 0.0038442656068315823 20.630747594588335 r
2458580.89875 5043.810966449906 29.4851932875742 26.1553 16.898402996051363 0.006346802956188316 20.733865041404492 g
2458581.893912 5399.696823074476 23.3549933346601 25.3572 16.026276559591704 0.004695914806750761 20.18882561996137 i
2458583.8518519 8173.297576637523 35.4786292381601 26.0644 16.283406722071973 0.004712803786072001 20.44205790924574 r
2458583.8745486 5006.102656170969 29.1973900589674 26.1765 16.927750622261225 0.006332192638507952 20.765714909652587 g
2458586.8016782 6031.9207145191185 32.7554696622776 25.4898 16.038660939013287 0.005895736216614038 19.954165411866967 i
2458586.8544444 9323.506652968521 36.5708285107563 26.1478 16.22385178735366 0.004258585314730956 20.492537990722976 r
2458586.898206 5760.3799699397105 30.0958157719325 26.2611 16.8599721710403 0.0056723735854405976 20.81740968983289 g
2458589.7483333 8186.026159172777 79.4037722314773 26.0313 16.24861717965497 0.010531199612050419 19.53427215184536 r
2458589.8318634 2817.2539439042653 103.53336081677 24.8764 16.25183501116031 0.03989919690483782 18.09127420926374 r
2458589.8961111 684.2092180252059 92.970603334636 24.0042 16.91622769767163 0.1475253202985871 17.33591086583237 g
2458591.8119097 4736.243723118854 97.9457222046913 25.1652 15.97661489320325 0.022452322307351155 18.440311307002464 i
2458592.9204051 5752.292595716932 102.573514860836 26.2881 16.888497578175677 0.01935994444499044 19.513086895082395 g
2458593.8473148 9686.341653704514 86.0123311007309 26.2162 16.25080054179024 0.00964074892406353 19.632373194042216 r
2458596.7947801 9075.369567727392 46.2100754274132 26.1429 16.24823920141649 0.005528180259452057 20.233633295644914 r
2458596.9407176 5537.256282725536 50.4232572900347 26.2483 16.890063438557284 0.009886580581537475 20.24429774611256 g
2458599.8203588 16262.922952060719 41.3673633606606 27.46 16.932003488818786 0.0027616527811796725 21.670930386486503 g
2458602.7876968 1341.3639560869656 31.2347370260927 24.0788 16.25993341951289 0.025281396473598276 18.59478035453038 r
2458606.7622569 8445.764127497207 23.5305209095223 26.1602 16.34360262919254 0.003024840164348624 20.983696135347927 r
2458606.8397917 8356.405890846967 27.833584828617 26.1379 16.33285118361481 0.0036162584062041808 20.77905212684407 r
2458606.9356134 4603.723547455055 21.9261367301357 26.2041 17.046326908858624 0.005170859284343406 21.10426969411856 g
2458607.7818287 5618.490885239957 18.3165240521003 25.4822 16.108150798365834 0.0035394291046386534 20.577667337694592 i
2458608.7685185 8072.281294837949 23.3932222657054 26.1449 16.37740928161216 0.0031463251200274512 20.9747498711665 r
2458612.7937384 4522.230207523271 17.4294983125268 26.2103 17.071918333353317 0.0041844854086440205 21.359662772566402 g
2458612.9567708 7527.30457508339 23.8257415544011 26.059 16.367401277204774 0.003436503378810962 20.86895892281242 r
2458616.7515278 4218.824450555923 35.9561306442414 26.1716 17.108621364159106 0.009253186876573834 20.534742614812735 g
2458616.7958218 7709.776387280764 28.4946746987883 26.1156 16.39799554487856 0.00401265442296256 20.731265730807912 r
2458616.8336227 5234.771827036937 21.116831752111 25.4387 16.141455608944895 0.004379664480284356 20.379703089897365 i
2458617.7668634 8038.036491500633 41.591376692679 26.172 16.40912506626647 0.005617759725648048 20.37706674931167 r
2458618.7366667 8304.30596282235 41.541330740159 26.188 16.389741645271585 0.005431088761240946 20.394373977496446 r
2458619.7699306 3947.7750940530786 83.0181009634497 26.1687 17.177818992965694 0.022831278395720456 19.62334300245251 g
2458619.8178819 6758.190807066853 101.512500310262 25.9638 16.389223876887257 0.016307932808231118 19.200076177095955 r
2458627.9359028 5324.78512156151 27.6047233991054 25.4219 16.10614478305782 0.0056284803067545765 20.072016489553427 i
2458628.7152894 4202.497190721856 19.2970173991552 26.1687 17.10993142051207 0.004985314882902782 21.20754951808976 g
2458628.8111343 7686.038579603987 24.2615446125177 26.1117 16.397443599878535 0.0034270916952862398 20.901978872180344 r
2458632.7834838 7476.094089216157 23.3403709390999 26.1163 16.432113103783358 0.0033895561540796017 20.94860560458194 r
2458635.6842824 5176.258334977483 22.3163345711727 25.4441 16.159060142935182 0.004680764149694936 20.325117829606995 i
2458635.7119329 4264.014829863597 16.181250071767 26.2324 17.157853233853373 0.004120056778385881 21.462444814897133 g
2458635.7683681 7463.687657030146 20.1628441646504 26.1338 16.45141635846558 0.002932973741062397 21.124995505305304 r
2458638.6895139 4168.114877673428 16.5783346730082 26.1989 17.14905079981587 0.004318282600822125 21.402622732527732 g
2458638.7321991 7573.955744353799 21.8897388838393 26.1285 16.430193092122707 0.003137817318763854 21.03047353658595 r
2458639.7074074 5224.8750261433215 19.6645055482222 25.4623 16.167110232470712 0.004086174993062734 20.480667412114805 i
2458641.6904282 4135.533758566399 17.8856994453576 26.1432 17.101871074141904 0.004695525419808507 21.264510167880452 g
2458641.7760185 7868.4618808418145 20.8891041036754 26.1547 16.41497538700206 0.0028823041489951296 21.107475453495148 r
2458642.7271296 8195.491411139328 23.1473240316595 26.1807 16.396762501283842 0.003066448177471646 21.022023011083625 r
2458642.7284838 8262.69154243136 22.3456768979763 26.2 16.407196149368847 0.002936174161112879 21.07959120191701 r
2458643.7122569 5710.997674192607 21.7079239123405 25.4913 16.09952004175473 0.0041268258781001965 20.402329262459414 i
2458644.689375 4805.24033848589 30.2756262813441 26.267 17.062712214542234 0.006840500191091912 20.81684214986016 g
2458644.7556944 8205.946391131429 30.6300401348508 26.1574 16.372078311437587 0.004052553232659169 20.694606074491478 r
2458647.7320255 8001.352168524798 56.3862412499026 26.1512 16.39329153573683 0.0076510245812997455 20.02584212628517 r
2458648.7749653 5627.940935388421 55.3674589652227 25.4909 16.115026172713648 0.01068107339587663 19.385338508026184 i
2458650.6912963 4354.689187749342 65.6822497260126 26.1238 17.026407092376985 0.016375730954150614 19.83275493997847 g
2458652.7321991 5439.842661079465 30.5759669176215 25.4493 16.11033415351795 0.006102442543048532 19.98842448961951 i
2458654.6891898 8003.40090560277 25.4102403053542 26.1057 16.3475135698074 0.0034470218629445624 20.84575305864778 r
2458654.7424421 4890.424750981297 34.7191893763003 26.2321 17.008733548000603 0.007707842534185923 20.633251047373864 g
2458657.6908333 5014.91070419264 24.32662137772 26.2253 16.974641989122198 0.005266576891929451 21.01267049970412 g
2458659.6735764 5665.391728697496 24.3828739523912 25.4864 16.10332513959855 0.004672666519424827 20.271262755221468 i
2458660.6897222 4966.132680673002 23.3964849340767 26.225 16.984954203841284 0.005114958726693685 21.054698453370044 g
2458660.7120139 8477.794755550693 23.3933347706004 26.1725 16.351792754395532 0.002995843175350743 21.002344649553905 r
2458663.7140972 4918.2466882215995 22.4108092500642 26.2366 17.00707422953488 0.0049471726705096935 21.11303114138635 g
2458669.6856481 8292.811916136789 30.9057051749628 26.1319 16.335145461140314 0.004046193793828188 20.659378345832724 r
2458671.687581 4402.326368423445 22.7689766940289 25.2108 16.101594409936425 0.00561527608993696 20.070016207760773 i
2458672.6807523 4863.478069247848 31.1087903389548 26.2216 17.004232595341563 0.006944580234578216 20.741967179270773 g
2458672.6947569 8169.071748450966 29.255632790186 26.1303 16.349868223855246 0.003888182341687459 20.71735124865464 r
2458675.8003704 4227.360546785835 54.4994537859245 26.1301 17.064926775268972 0.013996926999843123 20.04169461507145 g
2458678.6949421 8362.665011974696 38.8108287753366 26.164 16.35813824911919 0.005038694810930023 20.4441926970025 r
2458678.7546065 4691.083126555721 50.0318149605469 26.2197 17.04151717808585 0.01157931761967053 20.224159344930975 g
2458681.6689236 4493.023422112646 55.617103627064 26.2612 17.129853293564306 0.01343938896706457 20.150754068271834 g
2458681.7433681 7936.4686347944225 51.2762652069029 26.139 16.38993173939017 0.007014535519118386 20.116784026427425 r
2458684.6854861 7800.818575658853 24.5640958546249 26.1535 16.423149556017798 0.0034187744030585647 20.930323030589577 r
2458684.7269907 4217.960404804432 36.4519461858371 26.2132 17.150443753558456 0.009382704951161887 20.561473188032096 g
2458691.6686574 7329.498396456242 40.9199919456316 26.0955 16.432814364592677 0.006061374578764119 20.318236140267377 r
2458691.7237731 3914.3738966630126 21.9388511193723 26.1274 17.145744233420864 0.0060850116235978665 21.026940286758432 g
2458694.7118981 4085.416453171164 23.1969608722741 26.2245 17.196409166007857 0.006164595631243187 21.063497264309703 g
2458698.6779861 6166.469556130602 30.1922238417682 25.9297 16.454608520677954 0.00531579652289351 20.482537232551277 r
2458698.6968171 780.462998681882 37.4184936201538 23.9137 16.682819204435354 0.05205276687301341 18.233559239535865 g
2458701.6755903 534.6206131189361 72.742653840256 23.1414 16.321285750914548 0.14772475534308688 16.73950213617423 r
2458705.6638426 7259.691789192397 39.2529901618319 26.1159 16.463604542290526 0.0058703554718597525 20.383793125544646 r
2458708.6540394 4066.6299349708447 51.7133639842987 26.1688 17.145713366943138 0.013806321247707934 20.13736801466311 g
2458712.7388079 7041.853175899559 63.6369555256979 26.0481 16.428882585753833 0.009811429021370395 19.79140150350616 r
2458715.6550694 4121.972697494201 23.1132695454136 26.1873 17.149537222905163 0.00608788038812352 21.030221529064978 g
2458718.6443056 7138.832819305764 38.6576530781513 26.0823 16.448231971109657 0.005879198324051861 20.36678627841461 r
2458718.6573148 3908.668132341423 24.8809356664275 26.1503 17.17022800504711 0.006911109088419463 20.91320821841308 g
2458723.654456 3624.5545657252696 28.9767647497761 26.0918 17.19366339448001 0.008679707511186767 20.689250251794263 g
2458726.6390046 6832.534686423248 38.4359236785068 26.0709 16.484445387165835 0.006107525867475683 20.361631683305227 r
2458726.6624306 3538.7458668021736 30.9079202313888 26.0957 17.223576562188654 0.009482661445124548 20.623100532342818 g
2458728.6472338 3153.003000998811 26.9887011415672 25.9854 17.238589039736166 0.009293246095902008 20.660020028660057 g
2458729.6430324 450.5475688978583 47.3799100755444 24.3184 17.684048373425803 0.11417300174286454 18.381989408858555 g
2458734.6504977 3377.9742460556163 51.1877505229881 26.0776 17.255959164620172 0.01645203210406394 20.057259877577714 g
2458746.6181366 6987.0061593897435 59.8387336744601 26.0356 16.42487218473383 0.00929824758534858 19.845719003456665 r
2458746.6224653 6938.597662759954 47.538980910225 26.0124 16.409220736278293 0.007438545089772685 20.072350320280393 r
2458746.626794 6702.039956328222 42.4306906044514 25.9975 16.431982468273226 0.00687357895348794 20.180874738092363 r
2458746.6311111 6731.151762101775 45.6748050577892 25.9847 16.41447654407302 0.007367110058406666 20.088083233061685 r
2458748.6164931 6814.865964671581 51.4661324561558 25.9741 16.390456703709717 0.00819924856883684 19.947871155675543 r
2458748.6215741 6191.589360025251 52.6929041756091 25.9566 16.477094636864614 0.009239741645790523 19.904794650600284 r
2458748.6266319 5569.435568817914 58.3577961446543 25.7949 16.430372039789475 0.011376208323332635 19.632227782660905 r
2458748.631169 4005.352732661967 70.9160666992378 25.446 16.439398079034802 0.019222669950517038 19.071713389624982 r
2458750.6132523 6357.095005384546 124.661317413411 25.9865 16.478353245214187 0.021290352307319845 18.999745708713537 r
2458750.6181713 6591.155513657457 68.0583861335074 25.9679 16.420496103418714 0.01121062758601892 19.638270872985657 r
2458750.6230903 6269.463024918296 68.5222950385673 25.9622 16.469124136480445 0.011866192595392495 19.625195237916436 r
2458750.6279977 5900.916281199041 65.3856085185943 25.9543 16.527001367093064 0.012030191886439227 19.668169564402177 r
2458754.6167014 6408.760187983793 50.0732353815619 25.9919 16.47496494788642 0.00848284380428111 19.99546085573138 r
2458754.6215278 6339.655217503018 49.9688494481352 25.9732 16.468035901513154 0.008557433801141026 19.979026614756936 r
2458758.6019792 6251.579607587772 127.454858408748 25.9607 16.47072558536669 0.022134844065078135 18.94988400204582 r
2458758.6068403 6663.903570195292 76.7534506570085 25.9854 16.426078240000724 0.012504866029427261 19.52523021550968 r
2458758.6117014 6218.251529361421 61.7306341988596 25.9555 16.471329286624506 0.01077810204898298 19.73182314221236 r
2458758.6165394 6208.554363976539 54.2283538693525 25.9441 16.46162377928325 0.009483000444929099 19.861108935673528 r
2458760.6001273 6738.3843008917465 128.409604090322 26.0344 16.463010560339868 0.02068957496864831 19.015481221738955 r
2458760.6049653 6610.798491009702 75.9374622717463 26.0129 16.4622652017793 0.01247130780049577 19.564334790393612 r
2458760.6098032 6367.022257125383 70.8472358936837 25.9799 16.470059079938387 0.012080819086770419 19.606667711894545 r
2458760.6146412 6330.136163647957 71.5947286346948 25.9615 16.457967370104747 0.012279419410449674 19.576872370860325 r
2458762.5981597 6511.92042689734 135.004748168975 26.0149 16.480627287484843 0.022508668023895513 18.941602381490547 r
2458762.6031366 6519.629460352973 78.543617414943 25.9904 16.454842716152157 0.01307970122320216 19.50519774086615 r
2458762.6081019 6174.228411664765 63.729859783752 25.9495 16.473043270269443 0.011206502926988953 19.691217581757158 r
2458762.6130787 6206.298420337561 59.4635696972835 25.9338 16.45171836466485 0.010402270926706309 19.75074754647564 r
2458764.5960301 6074.207062918158 105.393072824516 25.9896 16.530876018881884 0.018837892416299202 19.185144821858422 r
2458764.6009028 6132.5989048253205 70.9195774449487 25.95 16.480888597215483 0.012555424939236915 19.575659640882936 r
2458764.6057755 5659.996815768958 64.6014561287146 25.8846 16.502559532848384 0.012391844589654004 19.611569221202483 r
2458764.6106366 5817.370002948238 57.2083391676585 25.8992 16.48738328208548 0.010676833999358645 19.758126639619547 r
2458820.0657755 487.82425398437067 78.527947760474 23.3317 16.611041527328585 0.1747715333692248 16.846714369652027 r
2458831.0708218 4510.362229585223 86.5824279282618 26.3341 17.198571445752506 0.020841461775534247 19.743100589028487 g
2458837.0176505 7530.70138158034 48.4859871763513 26.1535 16.461411433347962 0.006990216928017094 20.192034383443353 r
2458837.0640278 4469.101997194586 48.0559725145934 26.291 17.165449333581098 0.011674463771882082 20.339206562793677 g
2458851.0072685 8427.387880993041 43.6423112817537 26.2109 16.396667541689663 0.0056224369908812934 20.363705632631596 r
2458851.0597106 5158.083135725951 43.2397256355084 26.321 17.039779155933328 0.009101320953382492 20.48386766514287 g
2458854.0392014 5126.875768466791 29.6261067201755 26.3315 17.0568680150215 0.006273813823211404 20.904888531826565 g
2458857.0463426 5238.474534941769 29.5823017081687 26.339 17.04098790730655 0.006131079716113534 20.913995083916916 g
2458857.0652894 8943.472053516589 30.3761076527715 26.2586 16.37983461437866 0.003687532077169793 20.80484468098018 r
2458862.0194907 5032.678538824975 82.6410609302812 26.3025 17.04800202294074 0.01782816032453264 19.7620852793159 g
2458864.9617361 4298.220343708648 54.6438995327613 26.1801 17.096878311569373 0.01380266179456257 20.088820778712954 g
2458865.0207639 8566.361940839299 35.517503452798 26.2413 16.4093089499979 0.004501485433958293 20.617768910778295 r
2458872.9434491 4073.0511967927296 25.7836941043126 26.0905 17.06570032738454 0.006872822200490677 20.81471213891046 g
2458873.0609838 6136.206878424392 31.5847514567867 25.8759 16.40615001710517 0.005588397740826896 20.37978132980496 r
2458875.982338 5027.273014054478 28.0686935726532 26.3075 17.054168822697786 0.00606177156614223 20.939519490829237 g
2458876.0555208 8454.071656969281 36.9295110223565 26.2509 16.433235188495303 0.004742610631164909 20.585041095993667 r
2458879.0250347 5197.5762663115365 33.7394208839785 26.3496 17.060097823391786 0.007047686724899295 20.781830929348985 g
2458879.0614005 8681.59850969598 38.1547602926142 26.2585 16.41200075617631 0.004771543305466897 20.557203165553027 r
2458882.0055093 5111.517517493597 25.9620012883502 26.3547 17.083325366280626 0.005514398552346764 21.071429571324963 g
2458882.0439005 8824.226482981412 29.4919834126725 26.2649 16.400708384509308 0.003628583927768843 20.843215036738314 r
2458884.9649421 4772.551873611281 44.5940560159826 26.3383 17.141423356235318 0.010144628680571513 20.467682551543998 g
2458885.0411458 8013.957770318391 39.2708258977943 26.185 16.42538237604792 0.005320259589481385 20.45239990181769 r
2458887.961088 4953.427067412882 62.8959652147896 26.3139 17.076635567574062 0.013785637398990138 20.069918023446462 g
2458888.0356481 8600.991931219616 44.075543295505 26.2553 16.418928649387254 0.005563639373062901 20.39738080336311 r
2458890.9997338 8148.308381188434 103.679526673123 26.2238 16.446131357588463 0.013814506869779516 19.43714247453058 r
2458891.0431366 4782.13269363367 84.5701199332292 26.319 17.119945943347894 0.01920017387508749 19.75353262294244 g
2458894.0002894 5028.640307584184 44.2218101346592 26.3635 17.1098735695369 0.009547634415368402 20.50198370012239 g
2458894.0229745 8520.747949991552 43.8268993131884 26.2556 16.429405703136986 0.0055843530243581295 20.40382312400159 r
2458898.9993866 8982.98650784897 27.4675459323338 26.2507 16.367148131536347 0.0033197772915141283 20.906225340577173 r
2458903.9590741 9012.78451642356 28.9026273827835 26.2534 16.366252530518345 0.003481674558213009 20.853631679329187 r
2458904.0236806 5308.803346464198 25.9665681384897 26.3741 17.06160840473303 0.0053104063548963095 21.09063860151371 g
2458907.0210995 7029.521893254413 38.4215334572047 26.0366 16.419285530331805 0.005934153063029293 20.327738253728633 r
2458911.9303009 4785.867865576747 26.9607120520631 26.3231 17.123198240300532 0.006116183291532939 20.998846594038266 g
2458911.9986458 8358.41164473065 45.3151234582974 26.219 16.413690610070987 0.005886121864994474 20.330967070311274 r
2458914.9805787 3325.6729859506786 36.4854502442803 25.9771 17.172401143187628 0.01191104883058475 20.324375714209417 g
2458915.0062384 8188.024279544535 24.02519481332 26.2455 16.46255219553904 0.003185646881139009 21.04640769435357 r
2458936.9569676 8448.218522933343 25.7974559333371 26.2169 16.39998715284102 0.0033152904166474156 20.940532790975826 r
2458936.9601968 8445.224085648664 28.3980999804216 26.2266 16.4100720559164 0.0036507991778616717 20.845951779502077 r
2458936.9637269 4981.321311397997 25.0185018131672 26.3312 17.087838609899862 0.005452888043259453 21.088121741129715 g
2458939.9029514 1925.7341267330241 35.1065733523904 24.6724 16.46090918303814 0.01979255919058363 19.06150388578809 r
2458939.9164815 1121.8061976235888 49.6165392536674 23.9692 16.344405412451373 0.04801959267279945 17.982708816619493 r
2458939.9169329 1561.9537548501007 45.646459877426 24.3705 16.38632957133042 0.031728443518276556 18.474557235761075 r
2458939.9563889 1345.6413154363274 28.002181992383 24.9818 17.15947671782469 0.02259292178411772 19.616395304524946 g
2458940.9601042 1271.2538372474467 38.5669953640424 24.2583 16.49771930790087 0.03293770735623 18.545335475067535 r
2458943.9212963 4617.315422568405 37.9394652513031 26.3143 17.15332614121482 0.008920958100892995 20.61914697589148 g
2458943.9643866 8030.42512363237 37.0312433798295 26.1967 16.43485365736353 0.005006561958863668 20.527854253194242 r
2458954.846875 5565.125443546309 19.7215230473269 25.5531 16.189412604457083 0.0038474707874398785 20.568323860528828 i
2458954.9416551 7868.074602641642 37.9364429062323 26.2148 16.475128827219194 0.005234774470677745 20.519733471580246 r
2458955.8987269 4556.1455714637395 25.0404980997478 26.3511 17.20460602103379 0.005966988622394274 21.107067580387813 g
2458955.9210185 7948.549609951065 28.0807641401756 26.2227 16.471980277057153 0.0038355784543158116 20.854252684811627 r
2458961.9022685 7647.568313877271 40.7619824078202 26.18 16.47119158719609 0.005786843933105481 20.406936746123215 r
2458963.8277431 4250.901836268199 17.0252277116798 26.3092 17.237997309600118 0.004348321941679517 21.48404266592629 g
2458963.8309144 4348.150945595501 19.6771557711244 26.3045 17.208738469593776 0.004913235140180701 21.32216918001093 g
2458964.7857176 7499.5071419936685 21.5314849942798 26.1956 16.508018192369335 0.003117102606302087 21.11549003041857 r
2458964.8270949 5233.808230606868 21.0986243046341 25.538 16.24095548543781 0.004376693871507243 20.479939641956456 i
2458964.8399537 4270.86669992338 19.2475120268884 26.3289 17.252609958339487 0.004892923445250032 21.370538489980493 g
2458965.8562731 8033.4240093761655 23.6273492760842 26.2544 16.49214827521174 0.003193185505844679 21.07343748568661 r
2458967.8529282 7794.130443408608 21.2013774911616 26.2203 16.49088082520792 0.0029532910321792795 21.156964792336225 r
2458968.7918981 4427.270002202436 21.7754695558223 26.3542 17.238859978150398 0.005340001238911396 21.26185616741146 g
2458968.8473727 5525.673747531176 18.5740674629644 25.5897 16.23373690180145 0.0036494852873914948 20.670007442614793 i
2458972.8483565 5627.288076617406 28.275211857625 25.5877 16.21195212881891 0.005455273854093576 20.211760320042192 i
2458973.7697801 4369.742368724805 50.9649975068049 26.3203 17.219160418523295 0.01266269109803045 20.304694970903846 g
2458976.7030671 4162.489488657492 97.8293208299434 26.3227 17.274317125470105 0.02551677161335632 19.599102392932323 g
2458976.8143056 7330.168882433539 131.132007201997 26.1766 16.513815048436722 0.019422474775498324 19.13490321694045 r
2458976.8892014 5700.000890554288 55.1207490604467 25.6285 16.23881269118597 0.010499050509640794 19.527787212257174 i
2458979.7477662 3870.3254331879184 30.3366366841862 26.1974 17.228031290362537 0.008510004395390534 20.74505641310119 g
2458985.7895023 7851.703223283804 21.0345118140889 26.2463 16.508890310290248 0.002908562489834552 21.191543896626314 r
2458991.7311458 8022.408616127143 23.6946022312068 26.2557 16.494938053215225 0.0032066715712668606 21.071651433016008 r
2458995.7555208 7989.444311850779 22.5977302353556 26.2558 16.499508565072137 0.0030708463265879025 21.123212939495417 r
2458995.8565509 5539.9167897150355 22.8692982162668 25.5566 16.197841895958256 0.004481871843183052 20.411042894813953 i
2458998.7649421 7902.254738576004 22.1581308670936 26.2644 16.52002243607496 0.003044331457066979 21.153142181638973 r
2458998.7658796 8206.290142232207 25.5013810296312 26.2759 16.490532830370476 0.0033738569931113173 21.012065738339036 r
2458998.7751736 7819.908827903369 21.2840345881105 26.2519 16.5188957758444 0.002955031428225383 21.18434009912619 r
2458998.8382639 4208.526210943272 18.9323656663997 26.3214 17.261074909171626 0.004884101553309114 21.380962779174872 g
2459001.8698843 3776.109992304212 47.6029943290472 26.2089 17.26628840964053 0.013686722857219908 20.267389310106527 g
2459004.7512153 7972.834223319593 71.4213992723588 26.2889 16.534868164909597 0.009725802772017785 19.906904102804553 r
2459009.7110301 8188.11857393691 37.2506253754893 26.2875 16.50453969212641 0.004939230374472145 20.612241068607275 r
2459009.7548032 4648.233031614086 32.5206186670807 26.3957 17.227480268558512 0.007595926333019719 20.867877991785416 g
2459009.7948264 5731.425637849152 34.1508709748806 25.6265 16.230843344889003 0.006469175901467699 20.045570528430794 i
2459016.737963 7612.065089729419 24.9953878817471 26.1799 16.476143766940783 0.0035650631337648567 20.937825287709153 r
2459026.7953588 3460.408592436252 27.7508366722529 24.8643 16.01648154567434 0.008706799376501668 19.508684785678533 i
2459031.7525579 5414.0176434798 41.8621402849409 25.5313 16.1975008331549 0.008394824084494122 19.729321417317554 i
2459034.8139583 7744.1927438522835 73.1682261310136 26.1731 16.450659616215273 0.010257846845754686 19.764868673527094 r
2459035.7484259 5577.604542921408 44.6318803591113 25.5656 16.19948070210005 0.008687749755830964 19.694062028591045 i
2459040.6989931 8254.833239532216 24.0237660246987 26.287 16.495229239341093 0.003159676521156886 21.087972265470547 r
2459044.7529167 5681.534890292372 29.0371459416328 25.5787 16.192535804941393 0.005548787424098424 20.173890170755893 i
2459046.691412 8642.133358020494 27.3834952933152 26.2883 16.446747590778948 0.003440152981712622 20.94715278491378 r
2459048.6866088 8664.690852877011 23.9092429703788 26.2904 16.446017319618303 0.0029958674272055675 21.0965604255949 r
2459048.7582523 4564.52297994611 24.1399913248519 26.3166 17.16811150534715 0.005741846124236434 21.112332214935755 g
2459048.7591898 4765.066033428748 27.51047323446 26.3225 17.12732769152268 0.006268144151857921 20.97632983621856 g
2459048.8063542 5602.849803354462 24.8400114409414 25.5596 16.188577548975047 0.0048134077064289115 20.324295510324465 i
2459049.668831 8529.765444721726 36.0440586963185 26.276 16.448657277727037 0.004587820706231585 20.636490768536014 r
2459049.6697685 8487.683017369898 33.9346303165284 26.275 16.4530271201212 0.00434074034801449 20.700967183274514 r
2459049.705463 4812.8990643988445 20.3551916380473 26.3589 17.15288311551067 0.004591750474241103 21.33978700044133 g
2459049.7063889 4855.437349269322 20.306588067882 26.3555 17.139929113246886 0.0045406543385051075 21.338982591747126 g
2459050.6959722 4836.788826344578 26.7986292602645 26.3663 17.154907183614505 0.0060154108092120365 21.048593537663336 g
2459050.7079745 4712.565960437669 25.9616646774725 26.3521 17.168956395119952 0.0059811532776326655 21.068843648551987 g
2459050.7578472 8287.91963901808 38.9411672452748 26.2209 16.42478617141633 0.005101210812802214 20.497452576221473 r
2459050.7587847 8327.550514570015 35.4032793121419 26.2255 16.42420681054199 0.004615683841477981 20.605466260563965 r
2459051.6737269 4762.038650669519 27.1165571402803 26.3447 17.150217710009297 0.006182319852247135 21.014188618161175 g
2459051.6746644 4682.775215045108 28.6508608530307 26.3422 17.165941722354834 0.0066426933174574335 20.9519308005302 g
2459052.6927778 5420.924440123694 22.3240181124894 25.5408 16.205616615291426 0.004471043035637055 20.421444073640963 i
2459052.7431944 8257.252286150886 26.5343833419334 26.2392 16.44711111519989 0.0034888579149573383 20.932252491421632 r
2459052.7441204 8386.298491228918 26.1232702544963 26.2452 16.436274209831545 0.0033819490857581558 20.955206130720807 r
2459053.6871412 8636.117961139693 26.4010750766152 26.2942 16.453403585621565 0.0033190430399005844 20.992720958885453 r
2459054.769294 4337.357440376151 30.1800166404752 26.2298 17.136736965733476 0.007554471707022214 20.783076301914193 g
2459054.7702315 4132.681117598036 29.7711562443515 26.2314 17.19082026021116 0.0078212045436689 20.799485734186554 g
2459055.6934606 8191.985384077835 34.0747554541821 26.2475 16.464027078060504 0.004515994629154237 20.668993119916678 r
2459056.7447222 4294.9696760548495 39.0112220955157 26.2964 17.213999745221273 0.0098614162668562 20.571001100241187 g
2459056.7945486 5388.02425607284 30.8053892694094 25.5245 16.195926144540934 0.006207360906384465 20.055508236446077 i
2459059.7777662 3996.3517565823477 64.2041943001344 26.1767 17.172540731032992 0.017442532088633868 19.910366488228338 g
2459060.6933333 8476.399792777449 40.5608345793492 26.2678 16.447271419514223 0.005195236088359386 20.500107783019022 r
2459060.728287 4446.854992664781 48.4958613113658 26.2906 17.170467580533444 0.011840268394764573 20.32891329658885 g
2459060.7338426 5657.637376019613 31.8092141625192 25.558 16.17641222979061 0.00610418475433364 20.054192638860677 i
2459062.6939352 4680.458217531946 49.4460629107236 26.3422 17.166479068380827 0.01146972967327984 20.359445696456298 g
2459062.6948727 4510.941635529264 52.3562504310087 26.3168 17.181131979879066 0.01260117857549642 20.27195364825574 g
2459062.7278241 7979.626888231368 51.1442965184281 26.224 16.469043537340763 0.006958641488858468 20.204581965822644 r
2459062.72875 7849.161728747052 52.7057883498033 26.2036 16.466541805913614 0.007290291165973441 20.151529204907828 r
2459063.7492593 4046.705415815662 75.6752477865697 26.2286 17.210846023455375 0.020303088087601326 19.78379036001199 g
2459063.7501852 3927.977905723047 82.045297419842 26.2266 17.241177409296192 0.022677464473244178 19.694040754911473 g
2459064.682581 4047.178055218955 90.7119359849721 26.2352 17.217319221107804 0.02433447393595241 19.593613899642193 g
2459064.733287 5544.731225332884 54.2734798726174 25.5542 16.19449875236409 0.010627154807519659 19.470305818432912 i
2459064.7800579 6889.601915883943 99.0039846205629 26.0705 16.475014677716256 0.01560157283612144 19.333943304082776 r
2459065.6696065 8012.4766080466125 43.5449000909714 26.2591 16.49968306342107 0.0059003851544838885 20.414331743042126 r
2459065.6839468 8079.2620120725705 51.7958401480902 26.2423 16.47387076846023 0.006960381228477533 20.209137784452967 r
2459065.6909028 4307.960121529779 64.9703725322289 26.3168 17.23112081396887 0.01637395228096782 20.03758659674909 g
2459065.6918403 4286.711921096967 65.5624078376656 26.3371 17.256789253249167 0.016605059425392494 20.048037751555007 g
2459066.7122569 7943.792478093069 46.0924681281228 26.2193 16.469230274447682 0.006299584585663271 20.312800079028445 r
2459067.6803356 8392.456017639859 29.2718339247852 26.2645 16.45477731520475 0.0037867854207803927 20.8509501579248 r
2459067.7009491 4473.6190746557795 42.1722525936371 26.3328 17.20615249629477 0.010234759347371303 20.52280799143315 g
2459069.6920833 7984.375486452272 28.5893103944974 26.2508 16.495197618473888 0.0038875193617801274 20.862865789596434 r
2459070.6874421 8152.928752205661 23.7352227467256 26.2767 16.498415882310596 0.003160745312431248 21.090791709723412 r
2459070.7590856 5532.276122992061 33.5459851749587 25.5795 16.222240379568838 0.00658334387054327 20.01797361237553 i
2459072.7236806 3713.135799495135 31.5666283225696 26.1486 17.22424791787663 0.009229904377446597 20.6531044972978 g
2459073.6708333 7918.0792310187935 31.6255685191359 26.2404 16.49385039215602 0.004336390018265575 20.742879135715736 r
2459073.7162963 3894.1492281369665 28.2844300027613 26.2415 17.265468524621735 0.007885780398993446 20.86520641136545 g
2459074.6755556 1616.0171357239342 52.0340489967681 24.4933 16.47218509604639 0.03495839601384149 18.455155935253266 r
2459074.7074769 3475.4507677437186 24.6832498474919 26.1315 17.278972148010066 0.007710828364523132 20.90306914108156 g
2459074.7389583 2437.929097509377 35.7552681230941 24.6904 16.222847322889457 0.015923143392850028 19.059624891423326 i
2459075.6729282 2947.9765088714103 26.0494406064496 25.8467 17.172889953752417 0.009593657745003415 20.55977898524774 g
2459075.7262847 5693.7338857877585 41.4476626903469 25.7665 16.378007087016698 0.007903377341753597 19.975324876872175 r
2459076.6774421 3464.749522620184 22.4096988855957 26.1269 17.277720390996855 0.007022213271478211 21.003384936533006 g
2459076.6956829 6946.811495469146 31.4830738495619 26.096 16.49153621430407 0.004920411803424207 20.603382168924945 r
2459077.664213 4558.308846383679 37.8951997515876 25.6634 16.516390631776716 0.00902589529512446 19.96951448755305 r
2459077.7273843 3038.6192295137535 33.3221027815882 25.9685 17.26180929527701 0.011906002120495883 20.414243990094285 g
2459078.6710185 7320.756150368003 25.641289816535 26.1606 16.499210147431832 0.0038027148810867908 20.890825320612144 r
2459078.6972106 3499.7317175211997 24.6685021858551 26.0936 17.233513116314217 0.007652755978150389 20.865818036814396 g
2459079.7031019 6330.167245660614 30.9319874836831 26.0119 16.508362038973985 0.005305208773758086 20.538455424727047 r
2459080.6730556 4873.131630067135 37.697560963954 25.6947 16.47517964390479 0.008398755676132024 20.006491858616446 r
2459080.6945718 2830.002904719347 31.5870077852743 25.8431 17.213632796787387 0.012118013834997554 20.346903770542426 g
2459081.6853009 5577.687966446839 36.4122920002557 25.8713 16.50516446300246 0.007087672466170827 20.220754947157786 r
2459081.722963 1859.139232684417 34.1136487865659 25.4235 17.250220210720556 0.01992168624944593 19.843754554382194 g
2459082.7044097 805.7733376649277 40.5337915487149 24.3609 17.095367767836244 0.054615281279932155 18.593931914812615 g
2459084.7265509 4083.805315286205 41.0646575694006 25.2352 16.207537424856696 0.010917243913713274 19.454104474967668 i
2459088.6952083 4364.917881983473 42.0472410032938 25.3174 16.217459805862184 0.01045854487794667 19.510631228798708 i
2459092.6591898 5271.499037220441 30.4286685456436 25.5376 16.232764671162368 0.006266985008769861 20.08196761532424 i
2459109.6372106 4070.515692653036 38.7883960683096 25.2483 16.224176416564653 0.010345755867585436 19.52912043530575 i
2459110.6186921 6014.275838573318 45.5034992129319 25.998 16.550041643272863 0.008214313812916067 20.105463001339487 r
2459110.6234028 6005.88688516724 39.7593697139526 25.9783 16.53185712889833 0.007187406044067765 20.23227626136098 r
2459110.6281019 5832.05742628209 47.5001537016007 25.9533 16.538745520798145 0.008842662735353776 20.0141374518531 r
2459110.6328009 6021.788712142616 42.0926746495215 25.9484 16.49908621686069 0.007589109989002744 20.140458682830836 r
2459110.6375 5771.252690512361 45.9469778184993 25.9082 16.505024774940257 0.008643640556503865 20.005132612254727 r
2459112.615081 7345.732448103678 64.4255435519457 26.1598 16.49471223477271 0.00952210186370243 19.889729760814866 r
2459112.6198032 7382.748926832092 49.7089778992722 26.1677 16.497154752127322 0.0073101547729861275 20.179187905657134 r
2459112.624537 7419.359049531452 43.9458226494873 26.1417 16.46578402833713 0.0064307414335961375 20.286980992370403 r
2459112.6292708 6878.995286343624 39.2705632226154 26.1368 16.542987470348834 0.006198005481328914 20.404207164127538 r
2459112.6339931 6985.2015359625275 40.4891821397065 26.1154 16.504952647928267 0.0062931763418364985 20.349627478320656 r
2459114.6108333 6307.516296983949 108.030981169962 26.0319 16.532254046761977 0.01859515389794739 19.200604187904045 r
2459114.6155208 6334.208518197272 81.4244039575055 26.0244 16.520169110062668 0.013956356997515336 19.500088518839053 r
2459114.6202083 6128.299459470865 60.0179946944822 25.9958 16.52745005262182 0.01063289045692711 19.80267128716553 r
2459114.6248958 6172.414116252696 54.668815630359 25.9885 16.512362360455253 0.009615999836043866 19.89672582605038 r
2459114.6295833 5934.704311568102 58.1836335480724 25.9408 16.507302285730237 0.010644164835644706 19.781372890909388 r
2459116.6092708 5092.640047047364 104.373320785741 25.8283 16.560942547781412 0.022251349659550192 19.03440123569974 r
2459116.6139583 5178.774620123866 72.4894144939751 25.7821 16.49653247258386 0.015196984439192759 19.383988509370436 r
2459116.6186458 5026.893474635645 66.4075801993767 25.7745 16.521250794622325 0.014342597508034339 19.471530850571746 r
2459116.6233218 4858.131086957838 58.9053109831185 25.7277 16.511526927010443 0.013164217883305294 19.554888856322982 r
2459116.6280208 4740.12546503816 65.3315619296313 25.7096 16.52012540739041 0.014963839524958587 19.4243673858823 r
2459118.6109491 6985.802427264026 99.6412677733833 26.1434 16.532859253145286 0.015485769250982228 19.399876877680185 r
2459118.6156597 6823.417424099442 69.2626399081394 26.1285 16.54349514961138 0.011020643099259268 19.77982738808822 r
2459118.6203588 6964.395057306059 73.6610274121261 26.132 16.52479150344243 0.011483233906647518 19.716480559083692 r
2459118.6250579 7166.212180684658 60.7432780252956 26.1193 16.481075842944897 0.00920276643912638 19.913129426613477 r
2459118.6297685 7091.970450545057 62.4027870840839 26.1147 16.487782706504632 0.009553156828506368 19.879265021836602 r
2459118.6341088 5299.97255694552 40.42001981657 25.5188 16.20811594788387 0.008280045800867558 19.75488368391183 i
2459120.6070602 7226.433000557655 93.6901540130154 26.1244 16.47709004875543 0.014076017892102683 19.44774010699109 r
2459120.6117824 6809.205116784585 78.3975858621742 26.0824 16.499658957935708 0.012500175499303476 19.59921826557637 r
2459120.6165162 7048.476143364446 66.8363540222987 26.0909 16.470661914635905 0.010295023787563343 19.780943112287925 r
2459120.6212384 7190.403824712856 81.9991756864084 26.0652 16.423316795628477 0.012381294182220542 19.53325127273248 r
2459120.6259722 6456.7165365985775 75.782487164173 26.0484 16.523370699036253 0.012742861770030018 19.60205285260988 r
2459122.6026273 5992.846461438589 109.808390568423 25.9894 16.545317122296485 0.01989354648200318 19.140386173520884 r
2459122.6073611 6693.268372587493 103.750231820397 25.9958 16.431704403053338 0.016829091621177576 19.208402299718742 r
2459122.6120949 5491.288390179626 97.4940268706891 25.9669 16.617714368793045 0.01927585248715097 19.247029967261394 r
2459122.6168287 6494.5997470756065 98.2912598348554 25.9632 16.431819021790197 0.01643131601000572 19.234487735125185 r
2459122.6215625 6032.78314603425 84.0461530592135 25.9328 16.48150571379889 0.01512550777436316 19.374080389646593 r
2459124.6021296 6227.339784665278 124.991718208797 26.0186 16.5328435926504 0.02179156961909459 19.028971893747304 r
2459124.6068171 6685.864433162753 98.6366467823622 26.0044 16.44150608421289 0.016017346519984963 19.271879239879283 r
2459124.6115046 5963.005078680231 93.5369075000243 25.978 16.539337051915773 0.01703051047799086 19.303117471045407 r
2459124.6162037 6156.749337297911 90.8369617788701 25.9563 16.48292131922268 0.016018467538683752 19.313218489269616 r
2459124.6208912 6108.897566349866 95.9775878353155 25.9515 16.486592892580838 0.01705755678189648 19.24865041218124 r
2459184.0485995 4978.446281392569 103.729735874048 25.735 16.492265436625342 0.022621389862009733 18.947816809016402 r
2459184.053287 4454.823997438259 123.038890068926 25.5232 16.401123623821576 0.029986217867338846 18.550668977374393 r
2459184.057963 6832.189276899588 106.896517081596 26.1114 16.52500027647445 0.01698687549361266 19.291566101182106 r
2459184.0626389 7371.743041225955 97.1093275217318 26.2071 16.538174528763506 0.014302125874535429 19.491522622508786 r
2459185.0475 7419.699234631687 83.0458208150259 26.1704 16.494434247377633 0.012151819744665067 19.62468053423661 r
2459185.0521759 7310.624903979815 83.5405918373054 26.1794 16.519513746131114 0.012406602957893037 19.627231119990014 r
2459185.0568634 7525.130459317319 73.2214543954491 26.1906 16.499314916321843 0.010564140178953262 19.78157911163785 r
2459185.0615394 7552.396120088516 97.9500114814758 26.2098 16.514588098861502 0.014080872583281808 19.48486376106555 r
2459185.0662269 7207.273755241753 136.427490742783 26.1951 16.550672454344618 0.02055136681768392 19.1104202606659 r
2459186.0483218 7162.697160426167 72.4795204077016 26.1756 16.537908526171627 0.010986226772424322 19.77763671171053 r
2459186.0530208 7243.525901082618 75.2893991715203 26.1799 16.53002495652503 0.011284794421498856 19.7406404107237 r
2459186.0577199 7273.23500174975 85.3028344275473 26.1921 16.53778094984141 0.01273343805276576 19.617266333990514 r
2459186.0624074 7450.992146032764 93.1535385574824 26.2098 16.52926473596196 0.013573601317739725 19.539376597203834 r
2459186.0671181 7441.690202958834 131.85614149055 26.2153 16.536121033967465 0.01923705622136365 19.167624082100637 r
2459188.0503125 7461.868177313008 88.034518991128 26.2034 16.52128106887696 0.012809001043366776 19.594342500038444 r
2459188.055 7691.225252671347 122.125775618785 26.2284 16.51341117322495 0.017239379973075487 19.26395665182827 r
2459188.0596991 7653.7892625454015 104.338391276042 26.214 16.504308749247187 0.014800537031081714 19.42046464830629 r
2459188.0643866 7694.383633202447 147.502829525364 26.2321 16.516665410153152 0.020813079987933348 19.062674110654743 r
2459190.0498727 7604.557734758602 44.4984964986404 26.2191 16.51641509634799 0.006353034500316999 20.35081164560509 r
2459190.0545602 7321.345254309379 40.435782583389 26.1969 16.535422781355038 0.005996320023966228 20.432560357290086 r
2459190.0592361 7646.862513477969 43.3292171240518 26.228 16.519291795311847 0.006151873523117264 20.388622883570086 r
2459190.0639005 7697.3488286606735 50.6163678903333 26.2447 16.52884707906392 0.00713936601312855 20.23654754414605 r
2459190.0685764 7564.3669629562855 73.0590926895056 26.2468 16.549868526999663 0.010486040315262088 19.840189302990186 r
2459199.0400579 4056.1710689614565 40.5114567644933 26.2732 17.25290934231101 0.010843548721546373 20.506830338161876 g
2459201.0493403 5230.554778859324 32.2292405627587 25.8143 16.51793061309983 0.006689784919262045 20.29624980894172 r
2459204.015544 7664.778930272551 53.3587219769445 26.2003 16.48905091668393 0.007558152032482517 20.13486144162109 r
2459216.0513426 7922.322628053544 69.329431486825 26.2583 16.511168688491807 0.009501123256291752 19.908580891848768 r
2459216.0766898 4310.633257045165 122.554424391893 26.3295 17.243147311930926 0.030867237045697046 19.361252502835566 g
2459217.9881481 7280.045396364727 45.1060425527782 26.2087 16.553364781343358 0.006726830360701481 20.325688175953744 r
2459218.0130671 5116.572570012318 32.5364778846853 25.5009 16.228452154383497 0.006904007234537825 19.972548643628606 i
2459218.0443519 3715.5065918771716 51.5947139150223 26.2286 17.30355490963235 0.015076377746173979 20.19966196741438 g
2459222.002662 4221.063671787301 36.3085837905861 26.2815 17.21794524192071 0.009338932668776315 20.634051714986267 g
2459224.019375 7968.473309786926 41.7655889519294 26.2637 16.51026219420318 0.005690537969100917 20.4642284643318 r
2459224.9715972 4976.186049946376 47.3468940067143 25.4807 16.238458476463027 0.01033010468401672 19.54504625362 i
2459225.0051042 7755.8155398974395 46.7706620009186 26.2386 16.514531321236205 0.006547204155795176 20.316241196561492 r
2459225.0338426 4409.51288996887 30.5769782720093 26.3792 17.26822345880369 0.007528592417870189 20.91828857756094 g
2459225.9952778 2752.4759374581367 59.0577687015667 25.8481 17.248791172511623 0.02329503361199363 19.67248240268986 g
2459227.0050694 8097.908289927704 33.497878061563 26.2544 16.483467864980963 0.004491116089407286 20.694431745847048 r
2459227.0364815 4698.548703861918 23.89985212064 26.3758 17.195890667520757 0.005522571134795546 21.182386954717302 g
2459228.9854861 8116.036832620357 31.8966136873884 26.2539 16.48053997674105 0.004266879783148648 20.747113542876313 r
2459264.8934606 5670.394717930205 26.4876291609314 25.6233 16.239266771704052 0.0050715374168026645 20.318267270502936 i
2459266.8865509 8163.443198152131 53.0893865840193 26.255 16.475316561891567 0.007060641645343585 20.195055720764422 r
2459267.8453241 5780.88415199674 52.6946005179881 25.605 16.200014334325864 0.009896501344455924 19.553159698063126 i
2459269.8932986 7917.053119885494 38.8051727472063 26.2612 16.514791102821945 0.0053215224672196245 20.541550936396607 r
2459269.9571875 4438.804958755378 39.7630604400192 26.403 17.284834843675167 0.00972576067677318 20.656875480866532 g
2459270.9778356 5737.898570356535 43.7733074012501 25.6359 16.23901783276766 0.00828259322865378 19.785451584025036 i
2459271.9247569 4390.051363905941 92.8769051269598 26.3761 17.26992599613136 0.0229693111851483 19.708905650969463 g
2459271.9567014 8129.470819800629 51.297506007628 26.2834 16.508244308684056 0.006850839803352365 20.26073436163648 r
2459273.9006944 4003.192893648374 123.030626977696 26.2859 17.279883707332317 0.033366953643832395 19.313441896096084 g
2459274.0040046 5631.659151799503 56.5992435513027 25.6209 16.244309095323665 0.010911491101874317 19.491448421952985 i
2459275.89875 7992.640981432822 65.4052549560693 26.2905 16.533774236274304 0.008884483297919204 20.00404338185311 r
2459275.8996875 7879.100784437705 62.8309532078482 26.2774 16.53620836066714 0.008657785674286057 20.034540868050577 r
2459278.8304514 3858.656537552513 31.2181714840878 26.2695 17.3034096916151 0.00878377446928 20.786056334402474 g
2459278.8324306 3738.393490711438 44.8772651409759 26.2499 17.318187470440957 0.013033204472620998 20.372409032219114 g
2459278.8903588 5572.903702164982 31.4000351677351 25.6212 16.255996153340885 0.006117281044774952 20.13144965296221 i
2459278.9564236 7847.7645101670805 40.1640376580687 26.2893 16.552435093539376 0.005556499004126821 20.53228157515249 r
2459278.9578356 7793.450152463084 40.0459820371712 26.2891 16.55977559508003 0.005578777286978063 20.535277618610078 r
2459290.8725 7725.430827587199 25.0002586593628 26.2825 16.562693229328545 0.0035134326398398945 21.040213734104576 r
2459290.8734375 7659.540257916284 22.8511294619154 26.2801 16.569593242185476 0.0032390287695348925 21.13540581217649 r
2459295.874294 5024.335038048541 28.6047236821218 25.5579 16.305203520547654 0.006181146015641086 20.169380596924384 i
2459298.8285069 3238.2290304226676 56.9927281186032 26.1729 17.39713109530993 0.019108285527997707 20.035926373638084 g
2459298.8903588 4856.456174499185 55.8352538340141 25.819 16.603201315147633 0.012482421936782019 19.704303752071553 r
2459313.97625 3433.1842819761937 29.3536721388727 26.1914 17.35215721114332 0.009282718090166031 20.774818891308954 g
2459328.7425347 7517.057900769822 52.681150923856 26.2172 16.527080261378245 0.007608818012719183 20.16563685312334 r
2459334.8481829 8635.41314112773 41.5247151961495 26.3041 16.463392199491487 0.0052207558053872 20.510908333019934 r
2459334.8486458 8570.357619997432 38.8491123093862 26.3034 16.470902639138604 0.004921437716424398 20.582522239782207 r
2459334.9779745 4216.627292431717 50.9263532977735 26.2754 17.212986961414508 0.01311255132143934 20.260618542650228 g
2459335.8492824 6331.739301904173 60.4861798637695 26.0017 16.497892436859658 0.01037153337288308 19.800134597757456 r
2459335.8497454 6240.184428220191 52.6861528127772 25.9713 16.483306436461124 0.00916661306517619 19.91963377120503 r
2459339.7900926 8276.161302582883 24.9139746772409 26.2731 16.47852763378479 0.0032683150216802534 21.034567442429108 r
2459339.7905671 8242.686348224388 22.1365955156684 26.2626 16.47242806418033 0.002915760801275478 21.152397915107773 r
2459342.93375 7731.830914555666 20.8748236862206 26.1939 16.473194130038088 0.0029312327605953803 21.147417949121134 r
2459342.9346991 7674.989348608374 22.0982396173415 26.1897 16.477005546416457 0.003126005478678338 21.081380793060916 r
2459343.809919 8077.286776984662 23.6754275595577 26.222 16.453836244000406 0.0031823076747322736 21.038830412254686 r
2459343.8103935 8057.721980604316 22.7278182439546 26.2171 16.45156930339305 0.0030623533955202167 21.078280620050858 r
2459356.8535764 5636.6516046275365 41.2178634568216 25.6022 16.224647019062587 0.007939152087798454 19.817061298630634 i
2459358.8952546 4097.153645185309 88.5789316699613 26.2667 17.235494373736266 0.023472428530252824 19.650948894022765 g
2459361.8725231 7866.179853261802 54.3241897619003 26.2546 16.515190320131534 0.007497892741422448 20.169691845169567 r
2459363.8753935 7791.788196477436 40.1253253697417 26.2603 16.531207153398327 0.005591022837815754 20.50432857153352 r
2459377.8163773 4465.746288759078 22.4009809334806 26.344 17.219264885047835 0.005446065097943133 21.220907398160477 g
2459377.8173148 4355.77817531594 21.4125658906037 26.3389 17.241235613664195 0.005337191622652411 21.26480320820075 g
2459387.8105671 3686.1115030633637 84.2405301847281 26.211 17.294578829308428 0.02481203933889439 19.64977226039559 g
2459387.8115162 3605.5561077905804 86.9321495153724 26.1626 17.270169354463548 0.026176886978656826 19.567223943463983 g
2459390.7910532 7957.454158747037 64.467564596535 26.2401 16.488164636451835 0.008795832622613424 19.969321828920847 r
2459391.7737037 7894.25713235659 51.3870124436192 26.2329 16.489621829591286 0.007067274155710545 20.20834156602926 r
2459391.8391435 5483.384039957896 40.1068982709482 25.5459 16.19827834088413 0.007941092423120306 19.790427298048947 i
2459397.7496181 4234.815591209134 24.6903001064209 26.2942 17.22711374164724 0.0063299707503644545 21.065459067310023 g
2459402.7779282 4178.504332439119 27.7475808543821 26.2807 17.22814785800705 0.007209648749129682 20.92521217523305 g
2459404.8318519 2951.509950275667 40.7755694824231 25.853 17.177889370813446 0.014999114532184452 20.079574901093345 g
2459419.7560532 4097.061095076443 114.740005495473 25.54 16.50881889957727 0.0304055080155232 18.643287823292557 r
2459419.7569907 4811.813333404221 104.902398467126 25.6292 16.4234280719116 0.023669358332149386 18.829811444340265 r
2459423.7886806 5440.291274723673 66.0836019326148 25.597 16.257944618576815 0.013188074497331784 19.299340722960466 r
2459423.7896296 5964.287867510059 61.5859059607181 25.9235 16.484603508514557 0.011210695993697168 19.70237165289787 r
2459424.7538194 4107.6440023111645 30.2720618745337 26.1731 17.139118006242978 0.008001272154716667 20.723069983164617 g
2459426.7483102 7360.767136594299 34.6434943539666 26.0716 16.40429230320921 0.005109853514195557 20.475120761302826 r
2459427.7469444 3753.3691711727292 32.0185874282943 26.1069 17.170846793658093 0.009261700297931967 20.59596956882989 g
2459427.7478935 3803.2311405579785 36.2863947835151 26.1039 17.15351819908054 0.010358597035120634 20.45711543607409 g
2459428.7492708 3788.2109982572724 30.3853840415838 26.1022 17.156114598441448 0.008708440862751304 20.648113164719458 g
2459429.7650116 3725.174287819594 35.62826784984 26.0883 17.16043350831768 0.010383839094737302 20.46138821756129 g
2459429.7659491 3690.5206036773598 35.924634135477 26.0784 17.16068091430661 0.01056852934028416 20.442494104468757 g
2459430.7242593 7499.7929160963395 54.4345552979301 26.1673 16.47967682040018 0.007880163805606008 20.080188290884518 r
2459434.6770602 8092.628423027157 26.9327654008495 26.223 16.452775999980446 0.0036132764124569 20.899872618751388 r
2459434.7288773 4131.158565480991 28.8859025292668 26.1841 17.143920338150522 0.007591435641825469 20.784960135513035 g
2459436.6956713 7107.5142881918 29.6678226684351 26.0961 16.466805646442864 0.004531873418057458 20.667960802992226 r
2459436.7445255 3025.6601050114705 47.175126585386 25.9097 17.207649652785513 0.01692788785128904 19.977992303699175 g
2459441.7174653 3106.260058901184 48.860936220798 25.9168 17.186205468896453 0.017077874179564294 19.94697052865569 g
2459443.7472338 4086.2030298586274 100.128652224152 25.5046 16.47630014629229 0.026604081325719866 18.755779063136632 r
2459447.686331 3636.181236913409 98.1600560182976 26.0891 17.187486196305443 0.029308872653864254 19.361837995250966 g
2459447.6947917 6967.797325333039 79.6417917341516 26.0775 16.46976122571626 0.012409530479797004 19.577222434242707 r
2459450.6832292 5591.329241445705 60.6314903542523 25.8702 16.50141233466671 0.011773159160377258 19.66602938027166 r
2459450.7068056 2004.3308709346218 74.2003936778884 25.5717 17.316776461053898 0.04019264912011185 19.148259465461003 g
2459452.7133565 851.7042481487508 84.7670842795496 24.1888 16.863077966414323 0.10805584638370103 17.6208068765268 r
2459463.6832292 4922.010189885199 35.9171640297878 25.473 16.242643728814688 0.007922629877377426 19.837319894035183 i
2459474.6278356 7235.873280759801 56.0230875416874 26.1577 16.508972618470807 0.008405933020654444 20.039357389251016 r
2459474.6298032 7157.726796299115 59.6648384184208 26.1535 16.516562205604103 0.009050096059041095 19.966778817096923 r
2459474.6317708 7134.8633977069 66.6321428907304 26.1472 16.51373584340558 0.01013929959187676 19.840565538135245 r
2459474.63375 7147.736782867155 60.3028963420184 26.1428 16.50737862217771 0.009159662218600503 19.944529559756994 r
2459474.635706 7143.27763130193 59.615022707489 26.1423 16.507556175542874 0.009060830825040219 19.95648570487426 r
2459476.6263889 7455.8986386145625 81.2386780938078 26.1586 16.477350011891893 0.011829671657504778 19.636767869155815 r
2459476.6284028 7294.5604592642985 81.0685983744696 26.1671 16.50960217953157 0.012066001474205154 19.647543328156658 r
2459476.6304282 7281.444823709261 73.0398172060956 26.1502 16.49465609268367 0.010890603645371292 19.74387579507064 r
2459476.6324421 7435.449794094995 76.754294643738 26.153 16.474731886219267 0.011207410446222928 19.692818276738166 r
2459476.634456 7068.109774083239 81.7715026302414 26.1506 16.527341785325326 0.012560546347367406 19.62167004314626 r
2459477.6253819 7397.1487688702755 82.1385438862756 26.1888 16.51613911707863 0.012055701444402484 19.655007490119363 r
2459477.6274769 7075.745776525066 80.2433150644375 26.1782 16.553769447968435 0.012312506683676382 19.66975283355662 r
2459477.6295602 7276.279083775475 71.9818092226138 26.1884 16.533626629498563 0.010740469046500816 19.797918093651028 r
2459477.6316435 7375.571000950386 68.8538930646232 26.187 16.517510879743135 0.010135441946207123 19.844753737384035 r
2459477.6337153 7405.143231889929 71.9528340991876 26.184 16.51016634210817 0.010549315460242695 19.793955227342266 r
2459478.6247454 7371.222356967348 98.6625342944551 26.1578 16.48895121967823 0.014531906418782912 19.42499432223149 r
2459478.6267593 7350.642716417155 100.477865206402 26.1487 16.482886714877946 0.014840718351192378 19.396098990925175 r
2459478.6287847 7021.787154072122 106.053019029109 26.1378 16.521680847748073 0.016397785952986323 19.326567398753625 r
2459478.6308102 7366.972014843775 101.524796933214 26.1287 16.46047744977639 0.014962113580490903 19.36484466540886 r
2459478.6328356 7123.772163990691 106.189279699535 26.1282 16.496424947019705 0.016183799581990087 19.31557330187116 r
2459479.6251042 6953.4386339095245 70.6694797078872 26.1162 16.510700934418185 0.011034231861152493 19.745695254393215 r
2459479.6271181 7063.02692424364 74.9048368457943 26.1165 16.494022845540083 0.011514069284421943 19.682800333175134 r
2459479.6291435 6745.063802527119 79.1388990778087 26.0899 16.517434844796945 0.012738367678091576 19.59649997819386 r
2459479.631169 6890.913746860073 79.0182702881638 26.1035 16.507807965220955 0.012449747479563324 19.61175619232788 r
2459479.6331829 6897.188157189352 77.7399143116034 26.0804 16.483719815441436 0.01223719333800258 19.606364845167985 r
2459480.6223264 6938.002625779023 49.0405566356203 26.1114 16.508313850323567 0.007674158574322335 20.137586511648006 r
2459480.624375 6985.416539925183 54.3452568791521 26.0973 16.48681922956622 0.008446546466694653 20.01197087436455 r
2459480.626412 6912.558302618955 52.4976582338691 26.1009 16.501802981750153 0.008245385434639646 20.05312516106369 r
2459480.6284491 6871.299740385674 54.4132909135723 26.0903 16.497702765543306 0.008597574283893718 20.003612507128867 r
2459480.6304861 6763.410972943052 55.0645618018952 26.0741 16.498685555590654 0.00883926690060403 19.974494520403166 r
2459488.6052546 7253.663138576294 96.7233501835766 26.1273 16.475906542503267 0.014477173710457193 19.41604666249129 r
2459488.6076273 6874.082755223507 71.7793801373757 26.1194 16.526363109533722 0.011336912252900995 19.731975730179705 r
2459488.61 7035.911609161509 74.5402303888086 26.121 16.502699062851157 0.011502180901157453 19.692598162318724 r
2459488.6123611 6866.404086096386 72.6147070636206 26.1016 16.50977660510194 0.011481670241139696 19.701613514898895 r
2459489.6019676 6703.054764472462 113.289768888412 26.0688 16.50311808093123 0.01834964898900525 19.185898262072875 r
2459489.6043981 6467.033679441176 88.7512692694022 26.0583 16.531537193249427 0.014899760511857473 19.440438557158863 r
2459489.6068403 6675.085441510711 79.9164430089913 26.0641 16.502957927328264 0.012998377763869503 19.56008462493724 r
2459489.6092708 6444.801751508962 62.6669333053211 26.0482 16.525176093584797 0.010556956150537459 19.808178883141004 r
2459489.6117014 6560.949794682609 56.0216071501508 26.0475 16.50508321378223 0.009270404558226173 19.929186079849764 r
2459490.6033449 6676.058658137466 100.295923430327 25.9362 16.374899640289982 0.01631071409709352 19.185566785913334 r
2459490.6057176 7299.206180159822 78.0683397544043 26.1282 16.47001092172699 0.011612056760602549 19.649587630384705 r
2459490.622037 6408.667568958008 65.2538778491063 26.0296 16.512680638995654 0.011054737106966786 19.745659175056527 r
2459490.6234606 6437.312490706222 62.7780852634883 26.0497 16.527938520289545 0.01058798485687492 19.807754825284082 r
2459491.5996181 6343.275542584233 117.122728370016 26.1029 16.59711605769397 0.020046448453588963 19.183872037391215 r
2459491.602037 6644.906641798033 69.8744219193771 26.0945 16.538277790842542 0.011416663012339958 19.736279419330305 r
2459491.6044444 6756.560068583674 59.2589059810391 26.0777 16.503385894565064 0.0095222115352407 19.89839091562925 r
2459491.6068519 6548.666590694602 53.7352835889234 26.0825 16.542117800118064 0.008908744487831088 20.009426126119987 r
2459491.6092593 6523.7010191338095 50.7895758227703 26.0738 16.53756487717097 0.008452601109255508 20.061938524749387 r
2459498.5947917 6468.697528178258 120.629946301433 26.117 16.589957889235755 0.02024641469615129 19.1659371529202 r
2459498.5971759 6880.547946382476 97.5567725537283 26.087 16.492942436164704 0.015393743170886565 19.366431428600503 r
2459498.5995602 6760.060012260268 85.8062822150317 26.0735 16.498623621507672 0.013780925085265823 19.492277275614995 r
2459498.6019444 6602.114250808206 81.2466867469147 26.0662 16.516992410985857 0.013360799957426825 19.54426084062872 r
2459498.6043287 6480.851423389991 72.4435819427105 26.0462 16.517119837102157 0.012136059257791109 19.648775199953626 r
2459639.0159606 8759.768819491672 31.353086522007 26.3083 16.45206838804553 0.0038859525563276613 20.820174236809805 r
2459670.9302778 5801.029000649297 22.7069000175833 25.597 16.188237408477846 0.004249742820856584 20.459180369941887 i
2459673.785 4962.085502322787 22.9098262176198 25.4278 16.188639391540498 0.005012650086909325 20.280320502002155 i
2459680.8508449 8482.5479992303 66.6986090710784 26.2693 16.447984185457663 0.008536901868995101 19.961583046012283 r
2459682.7647801 5792.179983787062 48.2908900929523 25.5975 16.190394878788716 0.009051759358423587 19.64041196329136 i
2459683.8692361 8844.336072040178 42.6354130874504 26.3083 16.44163690803648 0.005233775335084827 20.48644880129257 r
2459684.8539699 8631.18985181838 70.4281558997297 26.3016 16.46142332633788 0.008859015984247811 19.934809196869193 r
2459690.8113542 4678.732765265386 29.9240647355958 26.3601 17.184779399140197 0.006943879617282128 20.92262352517455 g
2459690.9352315 4558.515012942899 42.8511291257725 26.3206 17.17354152640821 0.010205839129575765 20.493269314023483 g
2459699.8237731 8290.078255972603 25.495768977183 26.2584 16.462003424536057 0.0033390223257042154 20.99480470104773 r
2459699.9580556 4059.1888839078765 21.9543238135083 26.2368 17.215701848591287 0.005872062140005337 21.135574825388634 g
2459708.8095023 8729.694882765822 38.6436484623434 26.3036 16.451102338343993 0.004806056763609765 20.588479682362014 r
2459711.7074537 4211.603051066905 57.7129882848774 26.3274 17.26628142090958 0.01487770585716009 20.176791084274054 g
2459712.936088 3785.4098911679653 67.7644295467344 26.2556 17.310317718524523 0.019435633993176205 19.930670522387096 g
2459718.8124306 7936.892443765894 36.4926705261855 26.2578 16.508673762413267 0.0049918897945252574 20.604860873886977 r
2459733.7481366 8430.647032188197 26.971152613325 26.3061 16.491447732558687 0.003473349113120987 20.981426223054548 r
2459786.7669676 7005.684689974771 32.8715526364228 26.0709 16.457273532977453 0.0050942407882608775 20.531424444691687 r
2459798.7616898 3825.0537485679984 61.1516559894486 26.1323 17.175706144712194 0.017357233982032264 19.918854433548418 g
2459839.6284606 3886.379202104884 39.1150158580511 26.2074 17.233537066631463 0.010927181962605614 20.47911621252443 g
2459839.6304282 3810.1514397373303 38.8654669747518 26.212 17.259644405866595 0.011074687755035012 20.49066526368506 g
2459839.6324074 3892.317897190461 41.003486275807 26.2064 17.230879242079645 0.011437268544220686 20.42692302992296 g
2459839.634375 3794.3684859259706 39.5083130127842 26.1937 17.245851238419775 0.011304694205921857 20.454553774414737 g
2459839.6363542 3842.2712552211124 36.7619407803048 26.1982 17.236729945583747 0.01038772029719179 20.5372789113786 g
2459841.6347222 3781.724484431895 47.4641796319226 26.2058 17.261575286592002 0.01362655054288538 20.267460041774584 g
2459842.6318866 7577.110469176831 64.7821920122851 26.1943 16.49554095245707 0.009282433739596639 19.91823589167826 r
2459842.6339699 7582.183844275963 51.7700742120815 26.1969 16.49741422374303 0.007413005372388749 20.164278020308057 r
2459843.6248958 7860.074674601489 41.8122615371935 26.2225 16.483933319820913 0.005775463240523548 20.42181584351033 r
2459843.6269792 7881.897087542873 42.9258610346524 26.2214 16.479823099838192 0.005912866763888538 20.39217745096092 r
2459843.6290625 7855.824876998832 42.5046011392007 26.2089 16.470920516146187 0.0058742711528544005 20.390385126316186 r
2459843.6311458 7655.675556813404 41.1237891449248 26.2088 16.498841199987417 0.005832025866732154 20.426142179875473 r
2459843.6332292 7601.129224080389 45.1546706559444 26.202 16.499804710298996 0.0064496240605737085 20.317818291617417 r
2459844.6239931 7957.183151348317 51.7450216715191 26.2105 16.458601614051616 0.007060233371560495 20.178403556233203 r
2459844.6260069 7596.2698440459535 46.8069681103941 26.203 16.50149904029483 0.006689905219373807 20.279798711889836 r
2459844.628044 7780.643576317747 43.9717416867067 26.2092 16.481661197087583 0.006135754643043406 20.353840819086955 r
2459844.6300579 7873.393952342035 43.5778506545109 26.2056 16.465195044249057 0.0060091585334084326 20.36001047371347 r
2459844.6320833 7794.998306327236 47.3594955639085 26.198 16.46845993709318 0.006596307313113728 20.262057319219167 r
2459845.6230093 7482.48444576851 42.963103891429 26.1993 16.514185443193675 0.006233897608875504 20.369135865029826 r
2459845.6250347 7571.750802242605 42.7661060428305 26.1719 16.4739092194013 0.006132156557100252 20.346725717919355 r
2459845.6270486 7613.8987148179995 42.0894379849709 26.1781 16.474082261898502 0.0060017219209062235 20.370242172393574 r
2459845.6290625 7481.319400254067 42.2968554415212 26.1841 16.499154508774968 0.006138181448488895 20.37090478674831 r
2459845.6310995 7532.458787057017 44.6307958215179 26.1861 16.493758089595417 0.006432913394319937 20.314588411885406 r
2459846.6293403 6772.183628360968 54.5263675273967 26.1101 16.533278186174925 0.008741534558598829 20.02115857280617 r
2459847.6283333 7049.071481189037 46.429380220237 26.1575 16.53717021360423 0.007151066383654892 20.243092773249288 r
2459853.6102083 7526.536748974674 59.7263076817342 26.184 16.49251203386654 0.008615496663706918 19.99616082111923 r
2459853.612581 7526.127296234478 54.8204546103897 26.1923 16.500871100841387 0.007908259484300621 20.09751840741334 r
2459854.6092824 7139.163035838606 56.2873182337157 26.1528 16.51868175004939 0.008559986807916718 20.02934859534937 r
2459854.6116551 7218.24437896501 54.5895402232424 26.1465 16.500421046672372 0.008210841959450592 20.05630139789723 r
2459856.609456 6326.214274217309 69.7024364427241 26.0416 16.538740255626223 0.011962278222899483 19.68605509143513 r
2459857.6113426 5276.655871707582 83.7467826245917 25.8307 16.524803070835286 0.017231345781527206 19.275854660790017 r
2459857.6137963 5633.4058317799845 66.3146972846362 25.8937 16.516772402422045 0.012780521942119762 19.592250510446675 r
2459858.6204282 5046.539020480772 78.5981193051579 25.7695 16.512015910944136 0.01690940618576261 19.283544603233313 r
2459858.6223611 5082.614488601675 86.6496850944042 25.7706 16.50538207466237 0.018509285588739717 19.17875751735194 r
2459858.6237963 4909.608836627832 87.4047724151218 25.7656 16.537982770131123 0.019328497354643977 19.164337123335745 r
2459859.6103356 5963.5902379442105 95.2221040978165 25.9587 16.51993051210586 0.01733563747576289 19.264430554820997 r
2459860.6068634 5385.059927789702 89.4533542094307 25.8985 16.57052364820211 0.018034990876144553 19.272083414566772 r
2459862.6030556 5771.046445887777 130.713659400271 25.9749 16.571763576093012 0.024591002921488865 18.936672556318015 r
2459862.6054282 6030.827440496083 115.861542586443 25.9976 16.546657744447096 0.020857979775948273 19.090326723109335 r
2459863.5997801 6179.764321915976 100.633574379379 25.9957 16.518270218282453 0.017679941501364156 19.241417742751096 r
2459863.6021644 6128.149158544435 84.2550168441372 26.0052 16.536876681405168 0.014927128798772121 19.44378556477161 r
2459863.6045486 6025.109736526532 83.7277110776131 25.9393 16.48938759697239 0.015087389257970612 19.384701942255596 r
2459865.5998727 5903.802807033062 84.6580668276589 25.955 16.527170392040965 0.015568484612205401 19.388404121387204 r
2459865.6022222 5606.029003030389 77.8949565154105 25.8869 16.51526164932219 0.015085643374849796 19.410701641141415 r
2459865.6045833 5416.850886836166 62.9819545788583 25.876 16.54163279838457 0.012623479862153831 19.6305346532022 r
2459911.0530093 8339.867304190891 85.984108620747 26.169 16.36610214844047 0.011193576986846537 19.585529505703448 r
2459911.0554514 8019.945040738768 90.8237737449814 26.1792 16.418771519621785 0.012295267692488197 19.536276131765632 r
2459911.0579051 8612.73353591309 132.138051357591 26.169 16.331147472367306 0.016656997660583865 19.11900524423404 r
2459911.0603472 8059.732611517642 130.224900584891 26.1996 16.43379841511155 0.017542166890620138 19.165439902760657 r
2459911.0628009 8345.880968243671 182.015846473314 26.2002 16.396519534084614 0.023678100043363497 18.80250198985206 r
2459929.0424421 4099.976757389757 62.7441925629385 26.1033 17.07134651317992 0.01661506244951293 19.861941152007837 g
2459932.0213079 6346.353352209096 53.4156528115761 25.8878 16.381489377294674 0.009138062606826222 19.82120363808805 r
2459932.0360417 3117.650160184799 50.7110143762502 25.8217 17.087131549379652 0.017659758304963677 19.811519244509753 g
2459934.029537 602.3685305319726 45.1523123757532 23.2747 16.325044312525147 0.08138185024882083 17.390574997535367 r
2459935.9935764 4389.87534232868 33.7894388227117 26.1689 17.062769530207593 0.008356773454609726 20.599522541553394 g
2459967.9340162 8040.3508913835385 62.8480041330406 26.2111 16.447912494153023 0.008486455256618888 19.967946263332152 r
2459971.9487963 4488.130005582688 39.6093652591014 26.3074 17.177236428906568 0.009581693892181107 20.565480281954983 g
2459977.9634259 8447.397626564094 47.0056771974907 26.2723 16.455492656765976 0.006041394757224578 20.34449920460552 r
2459993.9759259 4897.37431367581 28.4914692296693 26.3468 17.12189175233382 0.006316280145520369 20.9625878760748 g
2459994.9368171 5493.82399351104 30.0837938185941 25.4935 16.14381314563018 0.005945216844847213 20.050243480289623 i
