jd flux fluxerr zpdiff mag mag_error limitingmag filter
2458199.804838 1614.971619412851 34.9613687946236 25.1323 17.111887763271348 0.023503544981256657 19.525903920078218 r
2458199.8139699 2018.1189416535228 29.3241656451422 25.3807 17.118333103447043 0.015775703792188484 19.96521082899544 r
2458202.7915509 3962.1334103227364 49.0161858272618 26.2445 17.249677263190335 0.013431368265896769 20.271226204663584 g
2458205.8088773 4218.538057979478 80.8751791020134 26.2711 17.208195071265756 0.020814362877435277 19.754136850549823 g
2458205.8152778 4182.022998703566 84.5424781972886 26.2663 17.212833957859363 0.021948174031383997 19.701187553729056 g
2458210.7847106 2279.2603573137467 123.232728468155 25.5773 17.182815157555417 0.058700522241153866 18.603059828649698 g
2458210.8047801 3668.6648657657365 90.0928234317876 26.1146 17.203329898585274 0.02666195522862941 19.480449495289054 g
2458215.7618171 2199.5021804965054 53.0907549448288 25.5165 17.160689007862793 0.02620621754991355 19.45652773664516 g
2458218.71625 4297.985538271441 28.9796278829347 26.1542 17.07103762535683 0.007320448547892516 20.751542977783902 r
2458218.7750463 4229.970155865271 34.350882717996 26.117 17.051156741839435 0.008816788769825102 20.529730235043004 r
2458221.7192824 3215.3974347901394 53.8951811324736 25.8066 17.038513347620306 0.01819806084386755 19.730300149529555 r
2458221.7398264 3584.0847523275575 59.5866563579521 25.9736 17.0876543229761 0.018050140350563938 19.788302448824716 r
2458224.6960069 2262.484880309879 33.1665645612919 25.4706 17.084135786019527 0.015915659573054335 19.921423766597492 r
2458224.7204745 3745.987897072639 31.100111886214 26.0198 17.085884075305756 0.00901374814938645 20.5404701105255 r
2458227.7403009 4279.10490967733 28.6814878041593 26.2133 17.134917664758007 0.007277103965960922 20.82187079946192 r
2458230.7275231 2935.78022097438 37.6569576535577 25.8565 17.187191149470582 0.013926164715047444 20.169461914220427 r
2458230.8103356 3043.3095634737983 29.7858099130775 26.0932 17.384834673105097 0.010626080964867533 20.660751455158724 g
2458236.6693287 3661.0972091983103 98.7831891644913 26.2137 17.30467184902129 0.029294198527815948 19.479567381594947 g
2458236.6903241 3545.367269431179 100.828302028355 26.223 17.348846922481922 0.030876712958922404 19.466618855078924 g
2458242.7022222 3671.613327730466 26.469730829825 26.2406 17.32845765587424 0.007827127803707189 20.936301176680672 g
2458242.7920023 4162.044762402304 38.9004822062787 26.1934 17.145133133256813 0.010147477007666654 20.47108752709067 r
2458245.6508565 3980.53991594205 29.1006580350438 26.1826 17.182745041793712 0.00793726104896244 20.775417965341465 r
2458248.6591088 4350.372208067236 29.6093935879394 26.2519 17.155583960490183 0.007389463954098746 20.82590120676476 r
2458248.6700347 3858.0687733405475 19.0957027978756 26.2747 17.30877508739124 0.005373726013106385 21.324935872237027 g
2458258.6676736 3694.493099782152 22.5405404821968 26.2022 17.283312850594502 0.006623984438613267 21.072364175543406 g
2458258.7081366 4025.633998058221 36.8352055357441 26.1431 17.131014281920244 0.009934331503919048 20.48001724539639 r
2458267.6866088 3718.41100971783 99.8403198176418 26.2034 17.27750651933996 0.02915133236824171 19.45771008037902 g
2458267.7746528 1582.4205037688885 154.718472297268 25.0764 17.078095246154405 0.10615247020186294 17.855119567906968 r
2458270.7534375 3118.1462132788442 60.9148034328717 26.0034 17.26865881031873 0.021209782211439415 19.794167871372643 g
2458274.7269907 3464.991010410981 18.5786167265731 26.1374 17.28814471946591 0.005821315010467507 21.217441550642928 g
2458278.6921065 3488.30891660808 30.90844716625 26.1291 17.272562654791912 0.009619933867848972 20.656482022285353 g
2458278.7522454 3724.1668603729427 38.5702622096646 26.091 17.163427171995423 0.01124432262329926 20.37794351088107 r
2458281.6916435 4260.197271437554 32.4167121368722 26.1807 17.10712572529887 0.008261313297148342 20.656352578025505 r
2458284.6720486 3966.4802313553514 40.1476593747323 26.1456 17.149586764660118 0.0109891670298966 20.389024412151173 r
2458294.6762153 3310.400507146173 77.5885874228613 26.1607 17.360998650363406 0.025446446489829796 19.688780376213575 g
2458428.0402894 3677.214173897748 36.6900603527552 26.1739 17.260102686387704 0.010832765414575493 20.5151039238034 g
2458431.0229398 3603.8236770277035 23.7861575516374 26.1577 17.26579116435395 0.007165897548881166 20.969464261210547 g
2458440.0246644 3394.237168921903 20.0461269531272 26.0474 17.22054453766561 0.006412068146647228 21.044898798061915 g
2458440.9823958 2940.06547895884 25.9539714660206 25.8987 17.227807492988454 0.009584217434040712 20.61576543207949 g
2458441.0454861 4417.9140687997 31.9448703711308 26.2227 17.109656839206423 0.007850434667091566 20.714272163782077 r
2458443.9784954 4336.778023852283 49.2061758828206 26.1938 17.100882016154035 0.012318625685278563 20.21632595259196 r
2458447.9983333 4501.603360518126 54.9970176877441 26.2131 17.079681934115605 0.01326422106116236 20.11482713982765 r
2458449.9850694 3616.6799793543605 62.9746235218057 25.9971 17.101324794828916 0.018904506107236492 19.751761039520247 r
2458450.9846875 3916.2647305033574 51.9648950976647 26.1993 17.217119896417127 0.014406147308709422 20.16259985189447 g
2458461.9995602 2916.7643986733647 29.72738449694 25.8107 17.14844662387756 0.011065350826075444 20.380383238222514 g
2458462.0439352 3906.0868482493806 37.3742209330573 26.0293 17.04994526200587 0.010388194948918274 20.350444617802022 r
2458465.0005903 4214.8900789233 36.9649439803592 26.2476 17.18563436739023 0.009521681213031298 20.58069985823659 g
2458467.9619329 298.643549838286 25.2381695641216 23.3054 17.11751715198163 0.09175179142695154 18.05283035451142 g
2458468.0432986 4507.104549029384 31.5651663123494 26.1767 17.0419559192557 0.007603617953059896 20.68125478439758 r
2458473.0224884 4167.008956773807 29.133643116761 26.2545 17.20493891511955 0.00759067154882153 20.846087999477398 g
2458473.0438773 4566.473957018918 47.6357285606863 26.2634 17.114447537066475 0.011325611617437035 20.32114295944691 r
2458476.9714005 4883.020634188066 52.0915215441925 26.2702 17.04847860128279 0.011582126961446627 20.230857381784965 r
2458482.9772338 4896.679081532612 36.2475237825538 26.2591 17.034345894583076 0.008036862517525096 20.613479130465166 r
2458483.0222685 3591.0080979697127 41.614304005128 26.0499 17.1618590387724 0.012581606230270477 20.25436840040989 g
2458483.0451157 4396.879268009548 37.7725359330572 26.2697 17.16183864829842 0.009326988475870782 20.57933463162106 g
2458486.9803241 4946.347373485144 35.0133662957677 26.2572 17.02148846786936 0.007685269334517185 20.64919032111661 r
2458487.0405903 4434.884938087107 33.0575266746788 26.2792 17.16199410835295 0.008092781934987338 20.733599096540324 g
2458491.979294 2340.3813508128114 28.2727799008384 25.6188 17.195583427992084 0.013115707458393333 20.242953708452674 g
2458492.0237269 3971.778030288528 43.056936404382 26.094 17.096537576999133 0.011769770490130243 20.26146717520932 r
2458493.99 4878.745837886949 25.4956485350146 26.2831 17.062329515530134 0.005673717495079475 21.01950983008431 r
2458494.954537 4660.3041297839845 26.356348663466 26.2289 17.057864351205758 0.006140176037234594 20.929261878864345 r
2458494.9986574 4347.849029079075 21.5317651954129 26.2716 17.17591386096769 0.005376690247593834 21.19147590122426 g
2458503.0255324 4797.333223112567 55.1852808038462 26.2433 17.04080028590067 0.012489159410499 20.1413168472872 r
2458506.0220833 4988.108957016342 107.649309433788 26.2378 16.992960171607358 0.02343069412865689 19.410346868695168 r
2458510.0052894 4370.920084428365 55.0650349214912 26.2613 17.159867834616097 0.01367769422901303 20.16168519170153 g
2458511.9984954 3082.4884697565044 32.5978325367065 25.8922 17.169946348088068 0.011481459584469406 20.36180317830314 g
2458512.9571991 643.7033522468274 43.020255053579 23.9428 16.92108557291896 0.07255996220718909 18.111192537023346 r
2458513.9289699 1633.691849050238 21.6894934571828 25.019 16.986074644413822 0.014414152252858078 19.930951465431427 r
2458523.9205787 377.3388284855255 30.2181988961953 23.6884 17.24657125807248 0.08694546138619215 18.240303550664215 g
2458526.9187963 2227.5246218751463 33.3320963378503 25.6694 17.299843717009523 0.016246131081388542 20.114818418230165 g
2458538.7952662 1349.812424779019 37.7805066436872 25.0233 17.197616446435358 0.030388145278605207 19.332705545171443 g
2458538.8353704 2252.502354785156 52.3125230321191 25.5473 17.165636865833775 0.02521449362097954 19.503360822789375 r
2458543.7631597 1969.681119870898 34.0826967172877 25.2971 17.06111019486258 0.01878658603804084 19.718340114071257 r
2458543.7947222 1637.1353417963203 22.8671348495671 25.4938 17.458588540068725 0.015164811162731448 20.34834560704551 g
2458546.772963 3817.488965617527 26.6673288106759 26.1878 17.233355523975085 0.007584231192418748 20.875426199549317 g
2458556.8370255 4144.936105077663 46.0620963404578 26.2253 17.18150539947068 0.012065232546183727 20.31951574082676 g
2458559.7527662 4808.719414034684 47.0194501651222 26.2175 17.012426407539806 0.010615927578407257 20.289381123468466 r
2458567.7730787 3796.240197598646 27.0547559802831 26.1561 17.207715791197078 0.0077374842051284864 20.828065936215715 g
2458567.8146528 4482.876028774926 39.9531385943533 26.1839 17.05500817779839 0.009676181606062262 20.432597734623933 r
2458572.7562384 2360.228961033449 27.198306130323 25.6048 17.172414662394466 0.012511159490544526 20.27102034498995 g
2458572.7733796 2704.363748393374 35.8333017310495 25.6446 17.064437235879737 0.014385718530842206 20.011457922867507 r
2458575.7320023 1407.56529398748 35.3298153937157 24.9261 17.05492862500904 0.027251013318390558 19.308321568775504 r
2458575.7722917 3933.6140325823644 20.6896137809258 26.1598 17.172820638585577 0.005710451888744325 21.122994030061868 g
2458580.752662 4143.135566919249 25.9547256521343 26.1896 17.14627713996105 0.006801381510544097 20.906633882562186 g
2458580.7733333 4537.109621482261 31.6022164969604 26.2089 17.06695181895546 0.007562199134069138 20.71218112924047 r
2458583.7568981 4546.029931788857 33.8077700808149 26.1714 17.027319272843094 0.008074099055106162 20.601433673716624 r
2458586.6707176 4221.770279372416 41.8824048501447 26.1742 17.110463504498426 0.010770772433539818 20.371695962853394 g
2458586.7112037 4643.6987959679245 36.6233666622353 26.1916 17.024439894109804 0.00856256853259169 20.534779326600678 r
2458591.709294 4140.958737036691 98.927265605152 26.221 17.178247742608193 0.025937310436561802 19.485284976296754 g
2458591.8551389 3908.186790246987 155.660412811085 26.0332 17.05326171880914 0.04324269009115468 18.80532954450414 r
2458594.8165278 4221.182348713365 80.426972090476 26.1569 17.093314716433774 0.02068604395288566 19.645970692361676 r
2458597.7518056 3867.2405008177475 25.7994927454173 26.1818 17.213297046588607 0.007243022322448424 20.90534707115419 g
2458597.8335995 4173.90212229305 37.9251901011353 26.1426 17.091244348314426 0.009864960338404331 20.447855573214607 r
2458600.6894907 3886.950074185357 22.1216294129285 26.1962 17.22217759403867 0.006178997053017242 21.086732207557795 g
2458605.7329398 3838.9674064512214 24.2932659052537 26.173 17.21246393777009 0.0068703888313851125 20.96186022959816 g
2458608.7321181 4230.414115047231 23.6137286709168 26.1617 17.095742793691855 0.006060263728513998 20.98136356727549 r
2458608.7751852 3639.620949508862 29.0494804071038 26.1123 17.209659609633245 0.008665468551676664 20.707029067167294 g
2458612.6714352 3920.068474911265 18.9908500744903 26.1713 17.188065866877185 0.005259695349158623 21.227513976159234 g
2458612.6906713 4329.821025604811 24.4083994802859 26.1497 17.058525137406804 0.006120391387781374 20.933426732717464 r
2458619.6683912 1219.8590831465492 242.786425831892 24.9634 17.24762583918725 0.21608497749245195 17.252913984872478 r
2458634.6688773 4134.579730981555 35.7516129310192 26.1329 17.091821571863637 0.009388022165433654 20.502235889814415 r
2458634.6916204 3711.888741216371 21.6912510701809 26.1071 17.183112624101646 0.006344530488049624 21.018963486117663 g
2458637.6809028 4074.48907753486 22.9862401222639 26.1192 17.09401710517428 0.006124979212323929 20.96810514120566 r
2458637.7163426 3396.3787043313387 23.8904111934846 26.0322 17.2046597271423 0.007636904388691465 20.839215927308853 g
2458640.6969676 3455.552363919473 23.9173669304326 26.0612 17.214906303844337 0.007514597535115171 20.86699157329031 g
2458640.7187847 3929.5486770410926 31.0767120086783 26.0885 17.10264331765319 0.008586224271747125 20.60998733127868 r
2458646.6705324 779.7789023262885 122.248224989147 24.2142 16.984271298117662 0.17020837249477144 17.248668584149648 g
2458646.7120833 4309.638788679524 68.5328153867609 26.143 17.0568978214991 0.017265038049326727 19.80582855572695 r
2458649.6728356 3412.1414781555245 76.895887723077 26.0485 17.215932424777975 0.024467292999255714 19.586317201650186 g
2458649.7152315 3925.389727141121 70.0140312530944 26.0345 17.049793046058376 0.019364760957594422 19.67411227894057 r
2458662.6755556 4211.7071286796745 49.7324203987738 26.1184 17.05725459040473 0.012820095789489384 20.129375998718054 r
2458662.6992593 3316.1119181170916 35.1185190311581 25.982 17.180427051305273 0.011497855637447171 20.370734506251132 g
2458780.0257755 3395.913421092609 62.4117338077183 26.0108 17.183408476592177 0.019953517947238587 19.77520937036735 r
2458780.0307755 3256.412296794575 62.0956468010079 26.0113 17.22945153488172 0.020702920142580208 19.781222101301765 r
2458780.0357755 3368.393179085219 74.6151213213231 26.0444 17.225843051882187 0.024049935061488552 19.614907865487403 r
2458780.040787 3343.5516511842743 124.735219511318 26.0743 17.263779908578293 0.040503345529437504 19.08690225001405 r
2458782.0312269 3423.6216957037477 133.149760194055 26.0417 17.20548557533855 0.042224494261177456 18.98342401765801 r
2458784.0286343 3379.0740356664965 78.6854019366304 26.0336 17.211605731772302 0.02528170143089199 19.546439570156537 r
2458784.0334954 3375.4344862765147 90.660723403448 26.0387 17.217875792010233 0.02916079331396039 19.397727038971627 r
2458784.0383565 3552.101002751142 82.7872237220698 26.0739 17.19768673426496 0.025303922587065094 19.531566692340746 r
2458784.0432292 3681.7484298703775 140.837233899486 26.1173 17.20216472429734 0.041531078985224235 18.998081272255515 r
2458786.0322917 3422.2966023120384 52.3644073030586 26.0648 17.229005884733258 0.01661224715897581 20.01978450853657 r
2458786.0371875 3524.176006071807 51.7830364180654 26.0784 17.2107560249427 0.01595290432209704 20.04550620739354 r
2458786.0420949 3525.3206823951205 67.9637235289901 26.086 17.218003427702698 0.020930922682838735 19.757882077800947 r
2458786.0470023 3640.894375111375 98.0366591811288 26.1305 17.22747980017384 0.02923413587621464 19.404603730973875 r
2458787.0250694 1424.2223217418573 81.2092955439844 25.2375 17.353555529610773 0.06190671977691741 18.71606063119236 g
2458787.0479861 495.3138961943717 166.625744513259 23.9998 17.262598718930008 0.3652341923131794 16.69801973183318 r
2458788.031956 3791.722653819448 78.1536397584149 26.0756 17.128508591784858 0.022378062541108912 19.595801967367084 r
2458788.0368634 3474.8048568254994 82.0714821733225 26.078 17.225673950334716 0.02564316900287186 19.54509429752694 r
2458788.0417708 3463.6141660114226 108.587148459235 26.1037 17.254876231954945 0.03403758658775582 19.26682891782135 r
2458788.0466782 3810.3462855167504 121.157014836968 26.1344 17.181988884265586 0.03452184162591327 19.178603578411746 r
2458790.0186806 2587.864580015086 36.69958449233 25.9738 17.441446133851993 0.015396763490263622 20.31472212101677 g
2458790.034456 3525.249334650211 47.5327465175611 26.0855 17.217525401764256 0.014639050460025595 20.14559271604878 r
2458790.0392824 3425.0138922347846 44.7770250920531 26.0734 17.236744156553947 0.01419393254218939 20.198336898088108 r
2458790.0441088 2014.9270699018718 53.6125884239453 25.3902 17.12955167121708 0.028887987124373758 19.31960805032169 r
2458790.0489352 1882.6980880397653 81.5018208034848 25.342 17.155048296096112 0.04699984952896733 18.816656710988756 r
2458793.0193519 3414.4002164753465 40.3741708675153 26.07 17.23671393680263 0.012838049007655887 20.307315947490707 r
2458793.0446412 2837.7104243775584 47.7391132578363 26.048 17.415579811054165 0.018264850006815506 20.10338911957597 g
2458799.9865856 3490.8413207451645 74.3987258175719 26.0758 17.218474729934623 0.02313903417497517 19.649461244889885 r
2458805.017338 3200.6058588209585 80.2213230203243 26.1102 17.34711951026475 0.027212438596000917 19.602050438797807 g
2458829.0665741 4371.871331659328 44.4162815832749 26.309 17.207331570587083 0.011030232423756808 20.442719494863642 r
2458831.943206 4201.469735372224 80.1857632689132 26.2657 17.207196901204043 0.020720768841465023 19.758031820400888 r
2458832.0461806 3915.6155864747875 74.4773666850728 26.3255 17.34349987852794 0.020650667876920353 19.89801420719531 g
2458837.9603356 4545.903522609616 83.1548326089138 26.2681 17.124049463786136 0.019859902726591744 19.720956255018635 r
2458838.0017593 3741.814756123692 60.8714601220951 26.2678 17.33509429167892 0.017662056665526175 20.059340690939607 g
2458850.0008333 4042.9451403742432 24.3781328530326 26.3472 17.330455379162963 0.006546549092201507 21.132273890453387 g
2458850.044537 2758.952023950642 40.7472014009139 25.7687 17.1668396287537 0.016034797334976664 19.996030524437927 r
2458852.9580671 4366.917370982692 24.3127932351296 26.33 17.22956256385692 0.006044629969593448 21.117987847407786 r
2458853.0028241 3881.8429311644195 22.5996784396918 26.3536 17.381005103016108 0.006320830419229067 21.220919339616778 g
2458855.980162 3798.7888262787887 34.5547244481249 26.324 17.374887120239883 0.009875796220575687 20.730306403916295 g
2458856.0409144 4205.355842794358 32.40046850757 26.2994 17.23989312450258 0.008364854241512735 20.775596763891777 r
2458860.8760417 4191.250561013319 104.853767051133 26.2618 17.205940938578273 0.027161281157071185 19.462914894523465 r
2458864.837963 3865.207727101258 47.9829973372699 26.223 17.255067902288086 0.01347796648645921 20.27285655565469 r
2458867.9157523 3641.88935418098 25.960938031408 26.3058 17.402483132073918 0.00773933189055886 21.022574037858348 g
2458867.9645486 4146.083093630954 40.8150091101992 26.2936 17.249504995629646 0.010687884055921335 20.519125244727316 r
2458873.8173148 3656.0044788241335 30.7206281997318 26.1556 17.248083202252918 0.00912290622991144 20.6895997585406 r
2458873.8956134 3492.6977464136235 21.2256020440842 26.2802 17.422297490060174 0.00659794743559615 21.215624945554843 g
2458876.851794 4072.5132488099316 27.2713276640366 26.2861 17.261443735396586 0.007270321454079178 20.949409285566485 r
2458876.8813426 3442.3287144746782 22.9131575150407 26.2897 17.44756915106843 0.007226740145261245 21.142062637545045 g
2458879.8369329 4048.540926868827 74.4220445225715 26.2622 17.24395366516152 0.0199578107762016 19.835520997189032 r
2458879.9656944 3431.2449806992367 50.6620175769043 26.2966 17.457970683752265 0.01603026096727027 20.287468786031496 g
2458883.9383218 3601.6463912909785 38.5382149535351 26.2941 17.40284732085783 0.011617170435228526 20.58194600226792 g
2458884.0026852 3924.266970587582 55.9179437567085 26.2309 17.246503637335053 0.015470433584585679 20.114597006830103 r
2458886.8125 4018.461956098008 69.802903839382 26.278 17.267850347259593 0.01885920870382098 19.920891264436293 r
2458886.9611806 3639.500087046983 53.1818621467555 26.3196 17.4169956647421 0.01586469194992688 20.257766139281948 g
2458892.8150694 3877.1736683722684 57.042629378853 26.2576 17.28631186353399 0.01597328054242691 20.119676148908432 r
2458892.878206 3410.7969424948856 51.3227993941962 26.299 17.466860337496584 0.016336699088724007 20.275799146973327 g
2458895.9243981 3968.4782565870087 31.6866511142625 26.2875 17.290939987161238 0.008668863703020904 20.787884133961875 r
2458898.85625 3918.6752124657073 23.0069313559271 26.2987 17.31585182553488 0.006374252526382 21.146628247362386 r
2458898.8791898 3594.513454150256 18.5234434886509 26.3413 17.45219971624721 0.005594888669121009 21.424570677314314 g
2458901.8774306 3893.674895468622 29.7626103598553 26.273 17.29710078239838 0.00829891219354251 20.841397442206794 r
2458904.7487963 3681.8921503516685 33.3795732551867 26.2085 17.2933223423999 0.009842820268294602 20.652373038926683 r
2458904.8128241 3242.943785204801 23.737676810549 26.2575 17.480151448844055 0.007947099123577772 21.07147945763984 g
2458908.815463 3339.5622865658943 25.7827389552098 26.2871 17.47787613011662 0.008382032518535856 21.011352360422805 g
2458911.7323495 3672.6863219317074 51.3114895014649 26.1823 17.269840406111665 0.015168429663886863 20.15933843464594 r
2458911.8790972 3479.6111619461685 41.3084714093227 26.2642 17.410373211725645 0.012888971014800845 20.476677177873103 g
2458914.8569329 3350.7001610070665 53.8902935755241 26.0604 17.24756108368416 0.017461631576536376 19.984198615441606 r
2458940.7338657 1980.2281883553349 49.4762512313995 25.5323 17.29051190410189 0.027126351537569118 19.548883023852646 r
2458940.8540278 459.3581267094312 42.8969900856069 24.1421 17.48672148980862 0.10138769606530446 18.313607937898084 g
2458954.7562963 4024.544336457943 27.5529218860052 26.2379 17.22610820958456 0.0074329426615197276 20.89005583675467 r
2458954.7743403 3582.4516302054794 27.0165203337914 26.2402 17.354749161696166 0.008187643310822576 20.913701458787322 g
2458962.7092477 3635.772420344964 21.5293718011542 26.2813 17.379808272702206 0.0064290159729786765 21.20129659449819 g
2458962.7522569 3993.403682585393 29.3214328637471 26.2501 17.24674196477348 0.007971715907158228 20.83471201577767 r
2458965.7093056 3701.006694421832 21.7168654449377 26.2735 17.35270032336879 0.006370699315163546 21.184082137858574 g
2458968.7069329 4463.427165281691 27.9335137742751 26.3214 17.197228869249123 0.0067946478752088 20.95866106587636 r
2458968.7306366 3761.7278744136206 25.3380429809944 26.2909 17.35243156191303 0.007312999287263386 21.034042317899598 g
2458971.6885995 4348.262067169418 46.4302125832897 26.2935 17.197710722816858 0.011592972323881227 20.37907330888003 r
2458974.688831 3666.0163672690555 72.6846873611185 26.2306 17.320114001054 0.02152575361433861 19.829567672295227 g
2458977.6694676 2875.4485092849854 61.9265976514593 26.0026 17.355836012291896 0.023381989575917615 19.775481939619937 g
2458977.7304977 996.7293161048286 122.990765506495 24.9374 17.44095691987559 0.13396924516300454 17.96529372763723 r
2458980.6693056 4030.4233866622844 20.6360151620139 26.2977 17.284323324577123 0.005558850649671413 21.263710393427495 g
2458980.7535764 4299.652151825569 22.0805892824376 26.2493 17.16571669515183 0.005575543075912307 21.141848340215432 r
2458986.6934144 3694.9460148877865 20.7259126205263 26.2567 17.337679756236227 0.006089973504738414 21.217990832017033 g
2458986.7501389 4050.745447868391 31.5811551202363 26.248 17.229162618441663 0.008464530925309964 20.75200496209374 r
2458992.6946181 3769.8438030501234 22.0415700686649 26.2498 17.308991609153107 0.006347884388257056 21.144268671619933 g
2458992.7352083 4146.417764255183 29.9806747989455 26.2422 17.19801735885521 0.007850154152294411 20.80267148007407 r
2458995.6701157 3624.613507345985 24.2071577452618 26.229 17.330845738646694 0.007250900298960353 21.021715488501975 g
2458995.7124074 4142.212243113432 24.4941857712494 26.2483 17.20521913006499 0.006420080848357733 21.028217470813058 r
2459005.6697801 3746.064681168691 72.5548873685258 26.2616 17.32766182045045 0.02102815832625534 19.862508308504292 g
2459005.736331 3990.77579380859 86.6203854127432 26.2227 17.220056676685587 0.023565280863063674 19.631224709739833 r
2459011.6894792 3418.382973555019 34.5359097242536 26.1208 17.28624820835036 0.010968822825789985 20.52769773811489 g
2459011.7373495 3809.5741466641625 44.2639611276249 26.1204 17.168208923075092 0.012614896244595634 20.25784929963205 r
2459025.6711343 3271.1198162375713 60.2302725887629 25.9874 17.200658870062192 0.019990709794553935 19.790437917422793 r
2459025.7111343 3216.3070712427248 41.7685908935132 26.0434 17.27500623611187 0.014099449501743485 20.24385042880982 g
2459150.0260301 3626.713252459679 76.6624048463891 26.1425 17.24371695182466 0.022949808034940584 19.683618892539332 r
2459150.030706 3751.779719420038 78.0082512892708 26.1547 17.219106671367268 0.022574235365250474 19.676923633078903 r
2459150.0353819 3893.441010962884 97.923621164944 26.1729 17.19706600214822 0.027306353223131755 19.448256326449666 r
2459150.0400694 3816.998176674066 107.496143976293 26.1744 17.220095118767926 0.03057600714306736 19.348492774573998 r
2459150.0447569 3673.5973287749084 128.999115406884 26.2044 17.291671123528918 0.03812457573948642 19.180508158668154 r
2459152.0295718 4035.243857945249 56.2009915775695 26.2643 17.24962553713801 0.015121122465901566 20.142515043970935 r
2459152.0343056 4267.410988122989 68.2352987310931 26.2633 17.187888822147116 0.01736018959470624 19.9308522461308 r
2459152.0390278 4039.327550310103 74.0423870467059 26.2761 17.260327320823244 0.01990128768102432 19.854973960429238 r
2459152.04375 4099.109924568845 93.4454930730327 26.2754 17.243676087964808 0.02475019545616669 19.601579089257875 r
2459154.0280324 4074.907545858324 83.4956528245965 26.2759 17.250605600916792 0.022246205405028394 19.724315327499948 r
2459154.0327546 4257.235010571085 84.1945726299274 26.2753 17.20248093740831 0.021471694016734592 19.714664747134208 r
2459154.0375 4075.970379557575 76.7254216305743 26.2563 17.230722451777766 0.020437045048731776 19.79652677991843 r
2459154.0422338 4207.36752928783 80.8828208007397 26.2968 17.236773872697043 0.020871596772109712 19.779734266826186 r
2459154.046956 4237.169900162847 122.484033000208 26.2909 17.223210303754993 0.031384371588029786 19.32327629458949 r
2459156.0284144 4009.733645348517 60.5654800995111 26.2634 17.2556111882733 0.016399079729477604 20.06041207865556 r
2459156.0331481 4075.934128047011 50.4950919045806 26.278 17.25243210831323 0.013450296191874779 20.272452071702265 r
2459156.0378704 4150.169261791122 55.836345948314 26.2857 17.240535476314438 0.01460699961184754 20.17098251573147 r
2459156.0426042 4045.8123845882938 51.8852382210662 26.2895 17.27198565130999 0.013923483785653588 20.254465451524982 r
2459156.0473264 4079.597202304121 65.4981059597622 26.2933 17.266756786792655 0.017430959507558928 20.00530313548267 r
2459165.9844444 3859.5362173229305 39.4327766900262 26.2266 17.260262198397506 0.011092567407504994 20.489531590815083 r
2459166.0315972 3403.1338124568715 26.8477250289928 26.2825 17.452802434879427 0.008565215671885042 20.962806261204506 g
2459169.0049769 3391.947963378222 32.520994411868 26.2481 17.421977047429117 0.01040937066670089 20.72026544720972 g
2459169.0409722 4339.34235886492 42.2847933783967 26.3276 17.234040210526032 0.010579621604904669 20.514714457200704 r
2459170.9981366 3436.38349587327 33.1650829535785 26.2493 17.40904593860966 0.010478263152509359 20.70017226939205 g
2459171.0459028 4155.347921641111 37.023386288483 26.3144 17.26788151867502 0.009673387463914431 20.645784643342953 r
2459173.9832176 2837.348684926553 35.4543161273159 26.0669 17.43461822498488 0.013566450688249933 20.445302207275144 g
2459175.0406134 1782.1789780829445 32.9569617127667 25.5633 17.435921708533165 0.02007731758234526 20.021007070508105 g
2459177.0192245 3436.904859950958 30.5811630504977 26.2633 17.422881224479596 0.009660427063552503 20.802239993401166 g
2459179.0052778 3643.185347914049 25.2814902553571 26.2998 17.396096833404506 0.0075340975956540235 21.045368312898873 g
2459181.020787 3661.941032544258 60.3152426679965 26.3137 17.404421633323672 0.017882390345086027 20.11520729048196 g
2459181.0441667 4390.384752821356 87.2089430927711 26.3463 17.24004354637349 0.021565934387635707 19.747472431166546 r
2459182.9853125 4113.243569010924 78.2789263965565 26.3006 17.26513893158483 0.02066190075127926 19.819062837575494 r
2459183.0637384 3843.5965847560683 66.9975434453404 26.3661 17.40425550295643 0.01892478341954361 20.053527791650126 g
2459186.0100579 3789.594972502058 58.3151663194103 26.3456 17.399118011100335 0.01670700339545307 20.183721192646427 g
2459186.0389468 4227.083206273917 49.778912240765 26.3273 17.26219800849111 0.012785403641826591 20.337261483518436 r
2459187.9846412 4475.651595793618 83.9453995858245 26.3254 17.19825932050302 0.020363408183064553 19.76798273735643 r
2459188.0302199 3953.131138111082 87.2891776917502 26.3507 17.35834694617309 0.02397336615177834 19.750873983564553 g
2459189.9661343 2688.7299990715055 102.815833973763 25.7591 17.185232018057167 0.041516682963280996 18.981524982718653 r
2459190.0065278 2663.6056718179443 83.8490991291024 25.9764 17.412725172505674 0.03417734384922449 19.420228986842304 g
2459193.9627662 3371.5981321329996 38.4049011527857 26.2584 17.438810488586448 0.012366895326045532 20.55000836002603 g
2459194.0172338 4235.258064419378 34.0333185168509 26.3384 17.271200304809742 0.008724373663121893 20.761214243419452 r
2459195.0198611 4439.199387287859 33.1801944065843 26.3418 17.223538370341412 0.0081149175615735 20.792177673466867 r
2459195.0297917 3867.5925564664676 34.1559848578813 26.3648 17.396198210696134 0.009588174612188688 20.783707958279862 g
2459196.0039352 3904.1107483177884 31.0162859115164 26.2407 17.261894677884076 0.008625365361021852 20.764300510680837 r
2459196.0048843 3950.2607840517294 33.3978429245625 26.2387 17.247135581607196 0.009179150452443312 20.681978944601983 r
2459196.0252315 3347.8204379596536 36.4628473923987 26.227 17.4150946091451 0.011824921362286146 20.574948539654258 g
2459196.026169 3251.6842360731516 37.6616253532727 26.2029 17.422629086038416 0.012574783920417637 20.51572734210349 g
2459197.0079745 4377.837239426482 41.1966885510123 26.3266 17.223450972002976 0.010216744550716451 20.542019218605084 r
2459198.961956 4192.387532920445 39.1961222275567 26.3169 17.260746447915125 0.010150595470551374 20.58636723095048 r
2459198.9763889 4351.493952198964 52.0141816799821 26.3218 17.225204039332905 0.012977565330504339 20.284070563454968 r
2459199.0043171 3651.9211414677166 32.4024806289941 26.3588 17.452496522665804 0.009633114148998357 20.834929340013442 g
2459199.0052546 3838.0205946397546 33.7072277803685 26.3589 17.398631747975827 0.00953510704248346 20.792167399551122 g
2459200.0061227 4249.013887224049 41.3413432388563 26.3325 17.261779623714837 0.010563461910393975 20.544113530749996 r
2459200.9445718 1713.300049610707 35.515252549237 25.4753 17.39071643135009 0.02250563741095315 19.851837720933723 g
2459201.0235995 2226.7729990054336 38.045773246114 25.655 17.285810133553355 0.018549845912338183 19.956808951232684 r
2459204.0000463 4334.3878730476345 45.5899474535906 26.3251 17.232780568496366 0.011419606966452804 20.430502260060443 r
2459206.0342014 2074.935003486761 28.0020729187515 25.8113 17.518788757101586 0.014651953201811454 20.445899533674712 g
2459216.9071181 3444.9032734044804 90.0699250122721 26.115 17.27205741945361 0.02838654958494157 19.48112548623 r
2459217.0413194 996.7634583103415 126.852290448687 25.0906 17.594119729443683 0.1381707270585549 18.084929206003746 g
2459220.9532639 422.61705439767263 81.5294271247484 24.0482 17.48333245324621 0.20944847849430945 17.5224890123648 g
2459222.9054514 3421.881254813449 26.0199971804399 26.315 17.47933766325414 0.008255666645084593 21.02930687624779 g
2459222.9660185 4019.8196532153183 35.983538321367 26.2889 17.278383577096264 0.009718676688457781 20.651215324134 r
2459224.9554977 2828.196170400835 31.6924652725165 26.0834 17.45462617533509 0.01216623864584843 20.583584931369785 g
2459224.9842245 4244.785086887341 39.458089356642 26.3287 17.259060732891452 0.010092300726094029 20.590934859218535 r
2459226.9843287 4133.08314200743 36.0914757880402 26.3167 17.276014645668305 0.00948069852861547 20.67576338712158 r
2459227.0249306 3611.3463194057485 26.5564111074276 26.3512 17.45702715445568 0.007983807973331824 21.04335153131631 g
2459228.9378588 3614.944347659649 26.5170668709069 26.3597 17.464445960785564 0.007964045012306284 21.053461279593282 g
2459228.9763542 4168.427072967101 24.6172626817432 26.352 17.302069480310628 0.006411761948984813 21.126475589473717 r
2459230.9428588 4267.571679798116 34.9523210055358 26.3432 17.26774793893123 0.008892114242708022 20.73708493835285 r
2459230.9638079 3683.201330801246 22.1260662950806 26.3836 17.46803635283133 0.006522117044126716 21.273914465886605 g
2459232.9355093 3698.448579283121 23.1770233182051 26.382 17.461951037638954 0.006803743158017014 21.221930844893674 g
2459232.9830903 4242.547902418894 27.1034611723787 26.3621 17.29303311345751 0.006935980093017725 21.032113102187783 r
2459249.9167014 3987.5853213536398 48.3577635529368 26.2706 17.268825028365654 0.013166370035588598 20.312009470592486 r
2459249.9205787 3615.990096930987 46.8748385525313 26.306 17.41043191898043 0.014074156967320516 20.381225526833344 g
2459251.9007292 3829.0057931670867 28.1886224671642 26.355 17.397284941444312 0.007992776471431337 20.982390356374072 g
2459251.941794 4351.925181766577 27.2903673024087 26.3411 17.244396449075033 0.006808286113089326 21.003651536909377 r
2459253.8520139 4269.771196382017 25.3914976540362 26.3281 17.252088492069227 0.006456446431215429 21.068954195650168 r
2459253.8780903 2929.7824197117197 24.3345037295999 26.0805 17.41341157831889 0.009017724497720977 20.86751875465628 g
2459255.8588426 3851.475885880281 19.4620092002787 26.3607 17.396632042288275 0.005486183482598439 21.39030580534775 g
2459255.9004861 4411.248905886475 22.2889040362006 26.3461 17.23469609087295 0.005485762338146729 21.22845320319177 r
2459257.8706944 2533.7980141693265 22.644730001333 25.8889 17.379470021409674 0.009702976805950036 20.75405712203427 g
2459262.8374537 4355.329150752278 28.2161206219889 26.3214 17.223847544836154 0.00703373754289088 20.947731731053313 r
2459262.913044 1862.6241526295673 30.3464306640205 25.5658 17.390486924630483 0.017688549633276165 20.11310594701397 g
2459265.8111458 4134.660482451447 42.925922205455 26.3251 17.28400036682129 0.011271705122165318 20.495875903751237 r
2459265.9167245 3533.3482245955024 28.5176635526121 26.3448 17.474333897802776 0.00876268778252544 20.959590136751586 g
2459267.8183912 4270.215068508098 44.4701312657855 26.3271 17.250975628178573 0.011306508159583523 20.459503960684785 r
2459267.859213 3874.50863557066 55.4233445213031 26.3634 17.39285841701751 0.01553051775245718 20.256743164824467 g
2459269.8390741 3787.701387130806 54.8863433352223 26.1827 17.23676066751486 0.015732523995031857 20.086614244244288 r
2459269.9220255 3579.996023126833 49.0051068054223 26.3147 17.429993639490192 0.014861704905520239 20.34167163899428 g
2459271.7971528 4350.444563688321 96.7084624105095 26.3325 17.23616590261826 0.024134631783486953 19.6214137931617 r
2459271.8807292 3662.1684810083925 161.703221598587 26.3532 17.44385419876884 0.047939134586523574 19.083978308154744 g
2459275.7271875 3412.8438570739454 83.1480245057312 26.2553 17.422508952290805 0.026451198468619663 19.708245150714635 g
2459275.728125 3319.945706691439 83.4539087296821 26.234 17.43117254637027 0.02729138266484215 19.682958282817786 g
2459275.8374306 4304.585064716993 58.3925198134658 26.3442 17.259371763713247 0.014727728180148737 20.180881947226666 r
2459275.8383681 4248.868851438431 58.8193721437098 26.3374 17.266716684853073 0.015029927862990221 20.16617402815674 r
2459276.8670486 4214.786103840599 45.6235863733392 26.3376 17.27566115122136 0.011752323013592176 20.44220143603393 r
2459278.7973264 3618.549180069511 33.3051270190852 26.3417 17.445363801143483 0.009992782909731298 20.787997253389392 g
2459278.9069792 4226.293055658683 47.5560842649676 26.3207 17.255800979494904 0.01221676774575405 20.380259769379926 r
2459278.9088542 3980.5157756886433 55.7847313711601 26.3161 17.316251626334285 0.015215486198943775 20.202386623924102 r
2459281.753125 4092.6040731842113 26.7471967335659 26.3127 17.282700669628216 0.007095587790645639 20.997079308962075 r
2459291.7905556 3440.5566855871966 25.2974537434431 26.3276 17.486028206130282 0.007982849300030839 21.072482962981518 g
2459291.8365509 4063.5000782952766 25.9007842833178 26.3382 17.315949318857975 0.00692026109377984 21.057492702049466 r
2459293.7343866 4188.534347621407 32.5329553183742 26.325 17.26984479705552 0.0084327897679094 20.796766197373675 r
2459293.7976968 3594.830997540937 27.848817471253 26.3488 17.459603805317254 0.008410815737713987 20.989358092415475 g
2459296.8162269 3333.9604047597168 74.2903337708489 26.2638 17.456398905763493 0.02419255347479861 19.83904421529278 g
2459296.8373611 3896.744690161778 58.6355579755879 26.2475 17.270745119266145 0.01633687355879937 20.079672333532315 r
2459298.8076852 2627.5141060788656 111.314338632342 25.9033 17.354437359347525 0.04599555799663755 19.039497213367696 r
2459298.8160764 1949.7362983335643 104.77321365871 25.6242 17.39926030739235 0.05834239131029428 18.82614932660447 g
2459302.7546296 4063.029049354614 90.0996118749328 26.3204 17.29827518149057 0.024075916618945366 19.68616768876385 r
2459304.7541782 3682.8574352149103 62.9999223154103 26.297 17.381537731302743 0.018572268099172184 20.051224954335897 g
2459304.7551157 3510.8524469045756 68.3807814883262 26.2901 17.426568556386258 0.021146150567316516 19.955339839624177 g
2459304.8076736 3981.710526104554 70.5849732004191 26.2692 17.26902579188981 0.019246528571394875 19.89999435376677 r
2459304.8086111 3938.561112045341 75.7498052109661 26.2628 17.27445602870606 0.02088111906300646 19.816921188168365 r
2459305.7733333 2528.7122194052704 45.845722729805 25.854 17.346751482032218 0.019683814071755398 19.953327930393197 g
2459307.7482523 4064.5087463285768 27.4312329066079 26.3119 17.289379843902527 0.007327352805823339 20.96886167024857 r
2459307.776794 3772.999505690017 25.5307836845044 26.356 17.414283129242484 0.00734661422681452 21.09091462423784 g
2459309.6923032 3559.9509665831097 25.8317910660363 26.3041 17.42548995948427 0.007878079171217953 21.026288690806673 g
2459309.7339583 4160.649485589458 24.214481190442 26.3262 17.278297174640628 0.006318643836621654 21.118587067993662 r
2459311.6866088 2326.8320785509336 34.8040922280293 25.6757 17.2587873937279 0.016239591709386977 20.074199212083357 r
2459311.7316319 2938.946842863541 28.6594802447663 26.0605 17.390020672501198 0.010587329191509134 20.669904214243623 g
2459313.7131597 3700.8425575636616 27.5901307670808 26.1825 17.261748476019143 0.008093996031417057 20.83319059195918 r
2459315.7110185 3702.562693801881 19.0519154100309 26.3186 17.397343947586304 0.005586580504172648 21.371328377688613 g
2459317.7352083 3805.348979027698 17.2611937260436 26.3591 17.40811377251852 0.004924772506187831 21.518997922255018 g
2459320.6741898 3479.6389379422635 28.2660072152438 26.2612 17.40736454487098 0.0088194219517897 20.88561382545779 g
2459323.7573958 3396.685553246187 34.5891640209664 26.2734 17.445761639750852 0.01105591164942356 20.67862482476214 g
2459323.8169907 3926.994239262296 37.2124453873528 26.2549 17.269749339552774 0.010288161758199715 20.58075446343843 r
2459325.7279977 3609.1666486242 35.3880963951923 26.327 17.433482661222126 0.01064535389932913 20.707431985172764 g
2459325.7573495 4022.056474366752 34.506207674457 26.3057 17.294579589237763 0.009314486236311825 20.713531909719826 r
2459334.6891667 3468.4880911552327 24.5737482912712 26.3034 17.45304948071453 0.007692031172852336 21.079796475446674 g
2459336.7498032 3425.3340728515814 23.8975581741128 26.2719 17.435142663406516 0.007574612682387106 21.078591170438735 g
2459336.7965856 3785.667716666631 38.6605683572444 26.2264 17.281043771196806 0.011087549728854477 20.510804403172244 r
2459338.7063079 3300.7875847883925 27.3606688252923 26.2665 17.46995605718582 0.00899951220142638 20.926258215642136 g
2459338.734838 4013.6036774881277 27.6312493685323 26.292 17.283163785138083 0.007474392055119463 20.941073683347835 r
2459340.7904398 3720.4079782435724 26.5825572998245 26.2501 17.323623582429207 0.007757397207293586 20.941183092434503 r
2459342.7350463 3397.643752418646 23.3813482967738 26.2723 17.444355398621525 0.00747139244005104 21.10270111078603 g
2459342.7915741 3532.480125152517 36.4901498052086 26.1898 17.319600682375704 0.011215167315854178 20.536935873400985 r
2459344.7264815 3709.895033238983 24.9864841324824 26.2452 17.321795945052678 0.007312289318048916 21.003512112877857 r
2459344.770081 3075.61598978257 21.3197950204079 26.1904 17.4705697247849 0.007525940016748717 21.121017427055712 g
2459346.8333912 2330.813921615808 34.5551468480254 25.9311 17.5123309914894 0.016095889330750745 20.33739313186539 g
2459349.7125116 2993.614119699187 23.2541233489347 26.2486 17.558110453607874 0.008433619267694845 21.084925059652548 g
2459352.7372454 3586.7174966429047 54.0829052632988 26.1914 17.304657071608613 0.016370904677974276 20.111324955923223 r
2459357.7045949 2897.356346356873 94.1672460295962 26.1917 17.536695218895055 0.035286435906610375 19.509525315570045 g
2459359.6921181 3589.9794570556883 67.1598521979075 26.2375 17.34977009144618 0.02031082695695133 19.92230065992702 r
2459359.7545833 2687.0560748667594 82.1693833557117 26.1238 17.550608175979697 0.03320038623076366 19.589599919657516 g
2459362.6840741 3203.6188307143234 24.8480244818358 26.3027 17.538597905599556 0.00842094568844629 21.067045323462654 g
2459362.7330671 3766.0801878248126 48.8716539360356 26.2755 17.335776092928576 0.014088907307361363 20.305432397004957 r
2459365.7064699 3013.428705412406 29.9933995868968 26.2246 17.526947697575167 0.010806240039130874 20.784610755558507 g
2459367.694537 3437.0274924233304 27.8375683900725 26.1834 17.34294248493189 0.008793426316119554 20.82439674666409 r
2459367.7460648 2645.275111601603 30.8581672405585 26.0981 17.541922885407274 0.01266511450024186 20.6272496680687 g
2459369.7048611 3738.0429286184653 33.2110148647788 26.262 17.33038928845566 0.009646009831143549 20.711369621645545 r
2459369.7263426 2677.774092365953 24.6035417187028 26.1595 17.590065161455342 0.009975473778818335 20.934580916709 g
2459371.6855208 3171.7240030519592 28.346274833885 26.2711 17.517861527823793 0.009703098553826086 20.89243500528405 g
2459371.7275 3619.1130731404883 33.2073682501429 26.2369 17.3403946196861 0.009961899222423277 20.686388843504112 r
2459373.7148958 3749.5257113883417 37.6174990115813 26.2427 17.3077591599833 0.01089239595099388 20.55680019357856 r
2459375.7283681 3648.0211393540094 49.9960933883689 26.2342 17.329056634275858 0.01487950768875318 20.239434812627813 r
2459377.6876157 3035.2002477967326 26.0591568021294 26.2772 17.571731627497957 0.009321436554510534 20.9898740913888 g
2459377.7129051 3700.3431726289014 32.1598551084495 26.2668 17.346194993165007 0.00943586934031247 20.751089780584483 r
2459379.7138079 3562.5018400841464 31.0012302498028 26.2663 17.38691225665986 0.009447864785219563 20.790427667469498 r
2459510.0341204 3477.374138080074 80.5883488747532 26.2208 17.367671450339436 0.02516116095049442 19.707694344484793 r
2459510.0365162 3413.210205058793 91.0286117488097 26.2181 17.385192411382267 0.02895507684501967 19.57273019045646 r
2459510.0389005 3448.134572784837 102.698658665573 26.2138 17.36983948249724 0.0323363057211428 19.437463060739887 r
2459510.0412847 3568.443007031977 112.576691634034 26.2388 17.357603087837326 0.03425149676377484 19.362753785131233 r
2459510.043669 3658.6830183648376 133.471838048884 26.2418 17.33348803841678 0.03960725043473093 19.18090088614774 r
2459513.034537 3544.421918039095 68.1964839827378 26.2289 17.35503646627837 0.02088942128566359 19.89707002855461 r
2459513.0389236 3816.730609904033 83.4570412918211 26.2551 17.300871230177606 0.023740032764012244 19.704017528917237 r
2459513.0413657 3608.7531692672355 97.6580426424117 26.2553 17.36190705426599 0.029380600978701862 19.5336049504539 r
2459513.0438079 3681.9660222035923 143.515124234891 26.2673 17.35210055888852 0.042318253194680217 19.127630810951082 r
2459518.0248148 3680.1724482499158 43.9140750831666 26.2401 17.325429575891874 0.012955238372176485 20.386165638939705 r
2459518.0272685 3949.7988639790206 48.5543762897081 26.2722 17.280762548584555 0.013346372347839152 20.30920403986211 r
2459518.0297222 3822.449807064298 41.3389676157949 26.278 17.322145521596248 0.01174161059159555 20.4896759228707 r
2459518.0321759 3700.6205212886553 42.3858903936584 26.2797 17.35901361795663 0.012435309412479317 20.46422171229929 r
2459518.0346296 3753.832454575697 40.3015692630149 26.2904 17.354212788048713 0.011656197840028809 20.529670096573973 r
2459519.0254398 3640.905616207663 56.5256556373873 26.2543 17.351276448017714 0.016855670208071414 20.12626096816011 r
2459519.0278935 3658.894956483666 47.3057496692659 26.2358 17.32742514632608 0.014036984670716188 20.301090165968716 r
2459519.0303356 3631.1410134632574 47.307235356173 26.2583 17.35819221290104 0.014144717937354417 20.323556067814774 r
2459519.0327894 3825.5569568944748 46.0274814052547 26.2818 17.325063319120765 0.013062682669414892 20.376831961099786 r
2459519.0352431 3633.3903752162173 42.2714462419962 26.2575 17.356719846456418 0.01263120789276715 20.444957222427853 r
2459522.0276042 3658.5111347792053 57.3971857765614 26.2677 17.359439047103457 0.017033192547977184 20.1230484912518 r
2459522.0300926 3762.835036812357 54.2034819129775 26.2713 17.33251205197638 0.015639463260332748 20.188807025257614 r
2459522.032581 3674.8168876621307 49.7855343096738 26.2589 17.345810741217623 0.014708802166847586 20.2687170580689 r
2459522.0350694 3837.7248212474215 47.0699304233364 26.2762 17.316015422423902 0.013316177120798738 20.34691609827891 r
2459522.0375579 3570.764290936776 53.9000134471196 26.2701 17.38819704248506 0.016388436713134447 20.193702805320697 r
2459523.0278241 3595.8025707047955 33.9103904292622 26.2733 17.3838104035868 0.010238746473178519 20.700043013955522 r
2459523.0303125 3721.2841108786374 34.9625581696836 26.286 17.35926792849592 0.010200470663838394 20.67956698429329 r
2459523.0328009 3623.641363529355 36.0923084920015 26.2699 17.372036978886747 0.010813823830402523 20.62893833726176 r
2459523.0353009 3696.3159272667326 37.9123771376445 26.2895 17.370077290866757 0.011135808915764886 20.59512244939461 r
2459523.0377894 3737.4411941085764 36.8795184335348 26.2778 17.34636407979592 0.010713236967154146 20.6134118854717 r
2459527.9998148 2921.0282101313096 32.2987953305444 26.1808 17.51696062190608 0.012004951533417645 20.660409177995795 g
2459531.9831019 2899.9395017841935 30.1571677132283 26.1639 17.507927655524465 0.01129045518574012 20.717998611042585 g
2459537.0033796 3732.4342888625224 60.9080137790669 26.2552 17.32521957369965 0.01771707830389848 20.04608889587577 r
2459537.0327894 3279.138690918636 61.3799001320449 26.2707 17.4813005362262 0.020322457771583983 20.05320954546236 g
2459538.9843634 3543.3775263545517 70.4523351016369 26.1915 17.317956434099408 0.021586776924258668 19.82433650885563 r
2459539.0161921 3254.552082301053 64.1122379815705 26.3011 17.51987193522846 0.021387476683850576 20.03632264622989 g
2459550.9837384 3162.44956291923 22.6820625928494 26.2262 17.476140980524924 0.007786974896233484 21.08956862772119 g
2459622.9434722 3860.909490096299 57.0184344796167 26.3297 17.362975948162404 0.016033764705780714 20.19223676671396 r
2459622.9604861 3270.3749866127346 64.8183671379046 26.3292 17.542706118899936 0.021518419597047995 20.05252977323442 g
2459624.8109606 3030.751382518074 64.904217881195 26.3045 17.600624220140823 0.023250508029156427 20.026392686950786 g
2459624.8828704 3844.681921112286 53.2429517012753 26.344 17.381848961255788 0.015035280901820628 20.280919679063484 r
2459630.8789815 3129.1982698423517 46.9777263382202 26.3576 17.619017296376718 0.016299292370494385 20.43044500502596 g
2459638.9014236 2905.618650876797 34.2982353207819 26.3094 17.65130346364257 0.012815719666631451 20.72379554985202 g
2459640.8698958 2958.896183669627 33.1205734790063 26.3331 17.65527568075368 0.01215284497800823 20.785430369314767 g
2459640.8948032 3727.962750645693 34.2040106961921 26.3297 17.40102108928619 0.009961283654570807 20.747082405225797 r
2459671.899919 2812.7582091118356 22.6924749751483 26.2279 17.6050689978502 0.008759096320724285 21.090770326195972 g
2459674.817963 3729.845023658112 27.8948787089305 26.3066 17.377373032253328 0.008119766269694184 20.945363795725754 r
2459674.8581713 2928.726470121736 23.9540327332556 26.258 17.59130296893866 0.008879932490730212 21.0621283924489 g
2459676.8380208 3541.227591708029 49.2158094136863 26.2224 17.34951540151293 0.015089005972267025 20.24471340915987 r
2459678.7543287 3414.477144723257 29.6254110675161 26.288 17.454689474865617 0.009419980697691607 20.86141402637275 r
2459678.8176042 2964.1781417034476 32.0657478173501 26.2652 17.585439249004057 0.011744834736987264 20.752671557369666 g
2459680.7468403 3514.498208777213 68.6233606070727 26.2754 17.410741684231866 0.021199152250249938 19.93679503313959 r
2459685.7316551 4041.134781419371 67.6037120647711 26.3696 17.353341661414692 0.018162559320266617 20.047248630778295 r
2459685.8778472 2897.1439019640547 194.162385302321 26.2093 17.554374831824212 0.07276204042878964 18.741462242401653 g
2459688.7772454 3226.657195355664 60.9888527324276 26.3374 17.565517930520016 0.02052142307119115 20.12684882946886 g
2459688.8356713 2045.1270195702175 97.6544383950413 25.6771 17.400299283707206 0.051841974973161876 18.955445022259248 r
2459690.7749884 3007.979127865291 25.4900685337898 26.2825 17.58681295401447 0.009200385451735408 21.019147481321745 g
2459694.7326042 3420.7927035094467 26.6617429065144 26.2083 17.372983107032013 0.00846197264274618 20.896153648413936 r
2459696.6916898 3231.5467584821304 24.7255781125082 26.3084 17.53487388930851 0.008307031326806222 21.07810885242654 g
2459699.7114005 2953.3489412866365 23.2071409763219 26.2412 17.565413094132815 0.008531329503860105 21.079720887986493 g
2459699.7612616 3646.9404427763875 31.3113141958401 26.2653 17.360478322442702 0.009321428291969502 20.77862174873283 r
2459701.7573958 3023.89076543988 26.941161225607 26.2387 17.537284753184636 0.009672974657993829 20.915234211972727 g
2459703.7758102 3661.086416652193 40.5643861365262 26.2367 17.32767504966707 0.01202942214860328 20.468912718767022 r
2459708.7362153 3885.3149856983496 78.3163710584236 26.2944 17.320834417057654 0.021884476386371414 19.812343600708235 r
2459708.7699769 3908.48438771125 74.4852356368255 26.2825 17.302479046189504 0.020690531753219287 19.854899499131857 r
2459712.7347338 3173.673259559367 69.3034650822607 26.2897 17.535794468428946 0.023708417939109827 19.940387615888593 g
2459714.6915046 3938.0599744854885 61.4101756350409 26.2957 17.307494185204146 0.016930424655524655 20.077674140460275 r
2459714.7909375 2655.2366741792216 81.9066356872175 26.1446 17.584341905186047 0.03349081278907108 19.613877269996927 g
2459717.7099074 3639.4786189746796 34.0512413079624 26.2454 17.342802069119493 0.010157892533098567 20.66764261826098 r
2459717.7814583 2999.7027750061425 68.7968345927005 26.1517 17.459004437842175 0.024900041410650095 19.810353848169605 g
2459719.677662 3949.072149369718 25.1733483616852 26.3032 17.311962329126033 0.00692079133592018 21.053422524555284 r
2459719.7369792 3859.813884833331 29.0657851788934 26.2788 17.312384089835238 0.008175711034338435 20.87291984061285 r
2459723.6766319 3288.16131840345 28.8832866816083 26.074 17.281617209905818 0.009536814442379042 20.674958461992937 r
2459723.7333102 2837.384529567167 32.0940828446159 26.0677 17.435404508807366 0.0122805158699145 20.55421256584341 g
2459726.7140625 3594.439497502787 21.9868547672878 26.3025 17.41342205535842 0.006641126728500695 21.199667219862917 g
2459731.7352546 3869.459457595515 35.8134801733367 26.2286 17.259474248292328 0.01004861166018093 20.59605867513636 r
2459733.7132986 4084.753314434411 34.2031497779433 26.2885 17.26058541540226 0.00909096752126751 20.705909733654742 r
2459735.7350694 3716.0470035249086 33.3794721364471 26.2417 17.316497003352076 0.009752323601979354 20.685576328017348 r
2459740.6888426 3837.120645481028 65.9241348645185 26.2487 17.288686364108088 0.01865300568714204 19.953663891234083 r
2459740.7485648 2654.9309457308736 73.5697202511643 26.0516 17.49146692588947 0.030085394652214003 19.6374272275574 g
2459742.7363542 3580.9047455038026 100.472674812764 26.1645 17.279518078405935 0.03046246432027636 19.411955078341418 r
2459873.0335069 3320.856911704381 71.9692075113089 26.1922 17.38907459194049 0.023529158489073658 19.801908187956034 r
2459873.0358912 3256.863029579865 88.0482934579868 26.1836 17.40160126427901 0.029351566626880196 19.57437263181346 r
2459873.0382755 3528.26139655085 91.9670180824885 26.2094 17.340498117471395 0.0282996581913595 19.552894726038943 r
2459873.0406597 3507.5609575897997 127.68408495907 26.2443 17.381786931672142 0.03952222433657113 19.231533067951197 r
2459873.043044 3876.647869289385 868.577466851604 26.0441 17.07295911456339 0.2432551491796048 16.949653593037397 r
2459874.03375 3129.306535897159 80.5059753076261 26.155 17.416379732012985 0.027931216194015628 19.64300469982964 r
2459874.0385185 3055.9211997483153 99.4169583992546 26.174 17.46114462176877 0.03532060700484044 19.43292380907632 r
2459874.043287 1773.4819204366468 283.430608281231 25.705 17.582933086340148 0.17351212203796754 17.826458117060923 r
2459875.0329861 3482.288187895801 72.5451823412148 26.1764 17.321738225756505 0.022617974222130546 19.77745354757353 r
2459875.0353819 3324.1785966191414 75.9553439471143 26.183 17.378789127801546 0.024807547045532632 19.734179152448384 r
2459875.0377662 3356.223862397908 78.5382205575215 26.2091 17.394472697855026 0.02540621530483349 19.723972346098332 r
2459875.040162 3451.699359317552 84.0997689105109 26.2235 17.378417595163935 0.0264528018234457 19.66408798304888 r
2459875.0425463 3372.952594891464 103.13989334551 26.2191 17.399074406381967 0.033199097542852815 19.438108294216402 r
2459877.0340509 3475.844517649596 72.0305182673538 26.2025 17.34984914689694 0.022499146117084694 19.81128364020094 r
2459877.0364815 3479.711133954661 80.3169169466489 26.2216 17.367742018105208 0.025059573445073473 19.712157416038195 r
2459877.0389236 3332.0154079322647 107.782152019602 26.2113 17.404532497481487 0.035119610242228726 19.38250786256988 r
2459877.0411458 3450.110876746612 150.910574972332 26.205 17.360417369283866 0.04748937558840492 19.01077580471083 r
2459877.043588 3372.8119943072606 204.313110120184 26.2486 17.428619665934885 0.06576789457339552 18.725434402116555 r
2459878.0364468 3287.1857546132287 62.0297405980013 26.2322 17.440139384514428 0.02048733913887806 20.00327507667524 r
2459878.0388889 3625.217614245845 92.4922730032375 26.2369 17.338564796298318 0.027700091824833836 19.574211358183362 r
2459878.041331 3485.043564387017 104.744518389199 26.2383 17.382779471709306 0.0326311914081211 19.44054672857521 r
2459878.0437731 3281.2109173993967 141.103241204344 26.2513 17.461214630284054 0.04668879655471076 19.130032514643077 r
2459879.0341898 3385.8663153857274 56.3248978405645 26.2243 17.400125482989772 0.01806094390307737 20.100123957425467 r
2459879.0365741 3560.8297331092936 56.5189220176115 26.2553 17.376421980823476 0.01723266716854203 20.127390314209958 r
2459879.0389583 3457.4821451169023 79.5418160531184 26.2457 17.39880013491375 0.024977294477380663 19.74678623334582 r
2459879.0413426 3440.655726842141 97.785426593194 26.2507 17.40909695213903 0.030856222209035233 19.52758965233834 r
2459879.0437269 3611.871554038596 119.190824916087 26.2819 17.387569256336626 0.035827818535435346 19.343867925349016 r
2459880.0362037 3402.833585155856 62.5963350944805 26.2293 17.39969822365758 0.019971837973077004 19.990502722221617 r
2459880.038588 3595.275650216914 74.8645839444347 26.2536 17.364269516485912 0.02260757913890938 19.8204839507544 r
2459880.0409838 3282.2668491091995 79.6319345684912 26.2557 17.46526528399608 0.026340451686454134 19.75555682278118 r
2459880.0433681 3609.9979264295084 109.481024739802 26.2575 17.36373261887885 0.03292620964953456 19.41172785480198 r
2459880.0457523 3259.2463661055817 133.274499810497 26.2677 17.484907025044418 0.04439557744054542 19.20840733601173 r
2459884.0269444 3514.2616634923356 42.8198388153935 26.2361 17.371514762779036 0.013228809762467514 20.409562418739437 r
2459884.0293981 3549.803404319794 44.1687322098714 26.2358 17.360289246082907 0.013508915029463789 20.37558765482193 r
2459884.0318519 3553.4012072057876 42.38191324365 26.2459 17.36928938611868 0.012949295766355043 20.430523593805567 r
2459884.0343056 3600.953640003928 46.4732837373268 26.2458 17.354756174647378 0.014011856079757993 20.33036658864836 r
2459884.0367593 3581.835270670056 43.1658007124813 26.2392 17.35393597829736 0.013084105295767515 20.403925485778664 r
2459885.0278935 3526.5517819890724 38.3168340200851 26.2338 17.3654243370651 0.01179639184885087 20.52790094485099 r
2459885.0303472 3477.4835774707917 35.4049114896415 26.2215 17.368337280752193 0.011053715006257752 20.601416206631384 r
2459885.0328009 3451.352300921291 38.3447250897439 26.2429 17.3979267682905 0.012062190237380917 20.53621091798992 r
2459885.0352546 3636.893109253593 33.1783290376354 26.2536 17.351773657415123 0.009904528605613477 20.70403871456599 r
2459885.0377199 3661.6708388422894 33.3238281851535 26.2715 17.36230174654917 0.009880647893533786 20.71718777261508 r
2459888.0269329 3797.5572214742538 49.8208998381001 26.263 17.314239183700277 0.014243511762866005 20.272046071002556 r
2459888.0294213 3808.910981947993 48.4505813225586 26.2475 17.295497942790096 0.013810455637112107 20.286827508672104 r
2459888.0319213 3788.143188445729 55.891625912216 26.2623 17.316234033532687 0.016018807957940598 20.14650813011247 r
2459888.0344213 3850.524474096836 61.8648490901765 26.2595 17.295700279674897 0.01744351116556894 20.033465094488893 r
2459888.0369097 3859.7383256785893 47.7204856455516 26.2719 17.30550534425717 0.013423223776774173 20.327712852203273 r
2459896.0298611 3890.7808174858724 47.7205208138197 26.2925 17.317408084926885 0.013316136754535178 20.34831205205534 r
2459897.990544 2987.0219034545826 75.8592065804675 26.1518 17.46370398189395 0.027572727367402735 19.704354249014408 g
2459900.0191088 4232.367115687104 110.660917258835 26.3067 17.24024167154715 0.02838708329969913 19.449289324853204 r
2459903.9848727 3629.3752316801533 46.2786348593273 26.2505 17.350920322248832 0.013843901679879977 20.339623640351633 r
2459904.0167708 3201.8432473982866 35.1574330892035 26.2791 17.515599834115143 0.011921390947531326 20.666632091919134 g
2459906.9684954 3706.722635884362 48.0598639316277 26.2441 17.321624774615564 0.014076746332577772 20.292218646951284 r
2459909.958044 3782.019150956678 36.6619910640734 26.2561 17.311790690886525 0.010524516695849072 20.59813487110106 r
2459909.9823727 3281.751752773571 32.2093747966554 26.2834 17.49313568532356 0.010655808498364977 20.76601925169919 g
2459913.9850694 3938.1683011611876 48.9028960588548 26.2954 17.3071643195909 0.013481870298799489 20.324638541497272 r
2459923.9638657 3416.726631176786 70.6551016343972 26.291 17.456974418177776 0.022451384651175493 19.92071617555001 g
2459923.9990972 4087.5035738982174 46.1475694046233 26.3332 17.304554636518077 0.012257461112093236 20.425402910043235 r
2459932.0062037 1971.5519378203155 51.4435463487878 25.5278 17.290779443875252 0.028329082891231046 19.502047739708697 r
2459933.9369329 2055.737451150224 34.0952356049029 25.7472 17.46478088031744 0.018006772837422046 20.16804074952789 g
2459936.9837731 4194.85655752057 30.7241677047148 26.3377 17.280907213037178 0.007951935523803733 20.87157467166694 r
2459951.9236111 1854.3386873726438 182.498926301865 25.2367 17.066227352092188 0.1068516154223542 17.83612420488484 r
2459951.9645718 3457.9330278751104 89.9911018197905 26.2803 17.433258555638133 0.02825483849980315 19.64737606616198 g
2459965.9152199 3697.1914068923566 39.9057930441249 26.327 17.40732016258175 0.011718549228270408 20.57698512434942 g
2459968.9135648 3870.2090181501544 36.925528742738 26.3547 17.38536394857809 0.010358625688685029 20.688958182252836 g
2459968.9431019 4346.584461193807 41.3963589495561 26.3414 17.24602969227461 0.010340079046615144 20.551569628969773 r
2459970.8958449 3793.376188866452 57.1386651840021 26.3431 17.395535215515924 0.016353624239099973 20.20334976262353 g
2459972.9202778 3837.481425227838 34.5759390516032 26.358 17.397884284122775 0.009782222470587422 20.763640029181175 g
2459972.9641667 4449.520944076531 33.3264604287325 26.3299 17.20911686161709 0.008131782846340625 20.775502013882015 r
2459979.8073958 3481.5515012301403 100.028335661018 26.2342 17.379767940231034 0.03119320911633656 19.4864673822086 g
2459979.9335764 4438.173526514239 56.0889508031845 26.345 17.226989303629612 0.013720908730408573 20.22538169866768 r
2459985.892419 4382.038924032813 60.0918382442975 26.3405 17.23630942270187 0.014888436618858582 20.146036265316575 r
2459985.9373264 3870.8576685499424 68.2604832328654 26.3505 17.380981993492714 0.019145732804400524 20.01765159308072 g
2459992.860463 1289.5853721537 68.6753493792172 25.0086 17.232474754350257 0.057817674138544384 18.669172795336166 r
2459996.8788194 393.74907093968665 30.8032057774458 23.7804 17.29235114482328 0.08493490646913962 18.31148519636626 g
2460016.7055671 2486.0729076957264 29.1149324173903 25.8774 17.388615347979247 0.01271486529124328 20.469685523296157 g
2460016.8521991 2481.182655031638 45.7933530594359 25.7179 17.231253158694305 0.02003796186298731 19.818468878162502 r
2460020.8223264 4362.21959293845 25.1208585862018 26.3243 17.225031189854672 0.0062522565831371535 21.0767887923333 r
2460031.7130903 4004.2313870437383 38.2487476341059 26.332 17.32570208621558 0.010370695719711458 20.628031939749675 g
2460031.8157986 3812.4496871947695 30.6063766328116 26.139 17.185989697452474 0.00871600829824825 20.677045193549397 r
