jd flux fluxerr zpdiff mag mag_error limitingmag filter
2458202.7667708 858.9257309211823 53.2862710572419 26.2916 18.95671096715517 0.06735495561973832 20.227636665097656 g
2458202.7751736 1037.2549123267809 35.540483810977 26.3002 18.760486249306375 0.037200405430735 20.675966650308958 g
2458206.8774653 1060.1022491053513 101.611477339399 26.291 18.727630610232822 0.1040650381040953 19.526218075007545 g
2458206.8962616 885.9542069793001 103.50515786217 26.2248 18.856271813144012 0.12684126222968944 19.43997000899487 g
2458210.7305208 854.4740061591631 69.3119762361657 26.1123 18.78305286089336 0.08806822917628686 19.762854284885027 g
2458210.7552431 913.1991056641097 58.0162054180769 26.1137 18.712286306263017 0.06897531308530895 19.95740168884659 g
2458234.7075231 1140.1715776278675 86.2248073293841 26.1049 18.46247447339118 0.08210542619583386 19.518394407652387 g
2458234.7262384 1074.4588166113651 63.6201887265921 26.2699 18.69192556527825 0.06428579470202696 20.013487606436403 g
2458237.7106713 1119.8272197175831 77.0204020421255 26.2855 18.66262245071691 0.07467317191863279 19.821560535947036 g
2458245.7116667 556.1306462363972 33.2754510182853 25.6323 18.769357929882673 0.06496163700929297 20.079565112532833 g
2458248.6737963 1068.0638273283962 20.8071206156527 26.3223 18.750806982902937 0.02115069368927175 21.27934502736879 g
2458278.6968056 968.2852529081576 32.1556542347583 26.1377 18.672691706123796 0.036054864718659985 20.622131613890666 g
2458290.6947917 903.0221988044316 62.9393210016812 26.0149 18.62565393346383 0.07567169544890033 19.770169855729886 g
2458422.9983565 884.658433082469 48.0477735826617 26.2208 18.8538609454616 0.05896678969863262 20.269191818366362 g
2458426.0072685 984.3609798154989 38.8410682811938 26.2679 18.78501402528037 0.04283971906403288 20.547247073669975 g
2458426.0082176 963.1424395868729 38.2412226615814 26.2678 18.808573700277833 0.04310732632806393 20.564045566061843 g
2458426.9977083 959.7930476809231 21.8769218997552 26.2296 18.774156000576475 0.024746766153343033 21.132209448204733 g
2458428.0083218 951.8706852185041 33.3364335647208 26.2576 18.81115511987565 0.038023406417762626 20.70287714965097 g
2458429.0445023 1013.79255796248 30.7078010048476 26.2838 18.76892725291296 0.03288587915654922 20.818253195174872 g
2458429.0490046 923.2282209006806 41.3401453495824 26.2898 18.876527321578646 0.048615277122112645 20.50144499103878 g
2458429.9839699 922.2638371783154 18.7366593060914 26.2275 18.81536205029598 0.02205701903141013 21.298344589251116 g
2458431.0363889 1065.3495993478625 20.6038615645293 26.3386 18.769869632785582 0.0209974383191233 21.30630343107684 g
2458431.0472106 1078.058166466818 27.4225036442769 26.3287 18.747094515558565 0.027616888524825082 20.986007231985276 g
2458431.9831366 921.2072475383595 42.4707142449141 26.2071 18.796206634776638 0.050054376557413245 20.38945107732273 g
2458431.9981366 893.9450647334552 37.399718178053 26.2114 18.83312292229482 0.045422113312991085 20.53180416508774 g
2458432.983125 1018.469473048855 26.8169033776126 26.2723 18.752429959332883 0.02858712290110769 20.953853421111027 g
2458435.0373727 1003.2038301384496 38.206107167216 26.2941 18.790627046036143 0.04134789890676735 20.591343015321282 g
2458435.0382986 1011.8753756468407 36.8400771161326 26.2997 18.7868824316895 0.03952786349743607 20.63647366260934 g
2458438.0050116 1072.6530627470956 27.0242201228522 26.2988 18.722651807150797 0.02735292221348769 20.971992064810173 g
2458438.0068403 1009.7918845786896 28.1452197483149 26.3124 18.801820309831317 0.03026095331860856 20.941463379576845 g
2458438.9976736 1031.5652012522507 21.4223000937032 26.3055 18.771758291866053 0.02254650620581199 21.23090974211098 g
2458439.8977662 1188.7402410115285 28.3078798096776 25.9879 18.300182588474367 0.025854147145901923 20.61070663166375 r
2458439.9830903 628.3764506961174 20.228040727178 25.8763 18.880750247830832 0.034949724473550915 20.86399044073302 g
2458439.9853704 777.0728122718328 17.3975150984512 25.9745 18.748345713981223 0.024307223009342616 21.12585693398464 g
2458440.9620255 898.1504198172005 20.0675977823242 26.143 18.759627306923274 0.024258064608714148 21.139336519615558 g
2458440.9629745 930.0434069651545 22.943901077596 26.2021 18.78084195397667 0.026783904077370958 21.053006835321575 g
2458442.0178819 928.4575583953858 22.6411757168827 26.1629 18.743494859794254 0.026475657668512887 21.0282275510124 g
2458442.905 1229.9445949644037 60.1227352882436 25.9658 18.24108612921285 0.05307170255448396 19.77077816260099 r
2458443.0200926 940.7013660864202 20.8106934892065 26.1849 18.75127056323052 0.02401843000954654 21.14175860728569 g
2458444.0396644 1089.0047528341365 21.7784753970201 26.3193 18.72672556203128 0.02171238525544435 21.22680630495363 g
2458444.0407292 1034.4676732359146 17.7519768513295 26.3158 18.77900769085381 0.018631148914687333 21.44525818190483 g
2458448.962338 1468.3426401838892 60.7936622774859 26.2623 18.34523147314517 0.044951142416187286 20.05522922277833 r
2458449.9367245 1443.4426413352521 45.9951195355659 26.2616 18.363101172940183 0.03459569493774268 20.35739560947886 r
2458458.0477662 820.9676811529212 19.2264085462503 26.1722 18.886384848289154 0.02542622838617656 21.215029572923523 g
2458461.9759722 719.6926538215478 23.9199690329987 25.984 18.841132325749825 0.036084723445803144 20.789673456471707 g
2458464.9690394 851.0860310456552 19.8311676465006 26.1221 18.797166343854485 0.025297911055305197 21.13130427430948 g
2458467.9521875 74.86431217096413 23.0706436951772 23.7105 19.024812903042015 0.33457594324320256 18.555425709254756 g
2458468.9990741 1463.998757913602 22.4683274109247 26.2871 18.37324822935441 0.016662488911401492 21.160748129567676 r
2458476.9582292 1642.028053347017 47.6562365685605 26.2831 18.24464856854429 0.03151004389786246 20.340375631756686 r
2458481.0011111 1052.2573201365465 49.2896833162957 26.2986 18.74329511088772 0.0508562004297181 20.319284919550537 g
2458481.9604282 1653.2996870026088 34.3492477384884 26.2688 18.22292104118524 0.022556695899028506 20.68158191344402 r
2458483.0103356 1021.914641651901 35.8285575218363 26.2679 18.744363445942938 0.03806488655312566 20.634901680223706 g
2458483.011713 1074.1013842994605 33.1456126727402 26.2541 18.676486809245446 0.03350353346976141 20.705609861540065 g
2458486.9342361 1038.250179537384 33.2185971465114 26.3079 18.767144962796383 0.03473674421904478 20.75702176959348 g
2458491.9367245 999.4385598048456 26.9873916405798 26.3109 18.81150974713098 0.029316670661474947 20.98557271022922 g
2458491.9376389 970.2361452168367 30.2687885244479 26.2868 18.819606375460687 0.03387095385283613 20.83688739131726 g
2458491.9560532 608.3654651146705 28.7642253507341 25.7961 18.8356886184338 0.05133315622609448 20.40154328282088 g
2458492.9448958 492.84732097308756 31.2848082691283 25.1144 18.38261899961902 0.06891772541388602 19.628641244856823 r
2458493.9401042 1455.2446191207162 22.7770388354552 26.2844 18.37705999469369 0.016993040715447154 21.143231833460455 r
2458494.983206 1078.2405870107043 20.3172983628241 26.3455 18.763710811339337 0.02045785615775484 21.328410093334327 g
2458502.9411921 1004.8209819125476 59.1519132398214 26.2934 18.788178262257393 0.06391310826555117 20.116052998573444 g
2458507.9695255 987.5125339849502 76.6061198214357 26.3271 18.84074345847919 0.08422299609151117 19.869016325570772 g
2458508.0102662 1089.2835235781758 100.321733792461 26.2677 18.674847663559753 0.09999169547767238 19.516787416239005 g
2458508.0107176 980.4561555166773 101.097828490927 26.3025 18.82392955634927 0.11194984270842535 19.543220420769394 g
2458511.8933565 1419.2979237710233 28.5749117825143 26.2751 18.394916081354367 0.021858540904397795 20.88771274340997 r
2458513.8801273 309.97002303233944 14.4835932775328 25.0675 18.839200761068668 0.050730186963197976 20.417884187578807 g
2458513.9335648 543.955764585339 20.581530453351 25.3502 18.511291041092854 0.04107938378084328 20.319080824180894 r
2458522.9090625 1004.387510693253 25.5185674437998 26.2755 18.7707467406712 0.027584481466332075 21.0109342631668 g
2458522.9108912 1046.6189481912036 26.6446205799455 26.2834 18.733928517435395 0.027639538356955158 20.97195113851789 g
2458522.9287269 1023.0705019464978 28.9384819312508 26.2707 18.745936092769192 0.030710014386087784 20.869585626778537 g
2458526.9226736 659.5317008852294 39.2630898520397 25.7973 18.749210812315845 0.06463364322767792 20.064913804432997 g
2458538.7786921 445.6724822209355 26.3532699457297 25.3109 18.688360450843245 0.06419903925298868 20.011388712463322 g
2458539.7667245 647.9047999243543 20.7709245064318 25.6834 18.65462200656152 0.03480602819930634 20.64233542101597 g
2458540.7258102 1614.1028408990064 26.816504088902 26.2936 18.2737719952677 0.0180376849303511 20.975169587236945 r
2458540.9350463 1084.6636220963885 28.182284161408 26.2618 18.673562312873717 0.02820921186137247 20.889434515231077 g
2458541.738044 997.337396429062 23.4622445370415 26.0927 18.59559474058165 0.025540964356767486 20.919351096797392 g
2458543.832419 1062.1142510612256 31.3373723072386 25.4209 17.855471909792158 0.032033262975216116 19.933318545866697 i
2458558.680544 1585.2248562998643 56.9246682536098 26.2488 18.248572816385185 0.03898696899517539 20.11312371839244 r
2458559.705787 1709.2235222345234 56.4471323829489 26.2641 18.182102847695898 0.0358552587364631 20.13757027948158 r
2458567.7060532 975.7809155843335 27.6169246940045 26.2074 18.734019200283363 0.030727896663489622 20.857036699895207 g
2458572.7072454 625.1032285290502 27.086654143424 25.7866 18.79672064512529 0.047044998428045666 20.457286582962247 g
2458574.7177315 166.63317305010156 42.081241153228 23.9036 18.3491963392789 0.27418072094397894 18.095953637885042 r
2458575.7561921 854.684088336162 17.6608202086618 26.1357 18.806185953077836 0.022434432513972945 21.270747815826173 g
2458580.7042361 917.2814559083668 22.101637334481 26.257 18.85074346564253 0.026159634536908286 21.14851386840983 g
2458580.7331944 1058.160094689993 22.3533019929359 26.3207 18.759321551497518 0.02293507390376552 21.199920775480074 g
2458582.7165046 1492.2318384894172 23.9171160423968 26.2434 18.308809245183244 0.017401326132751832 21.049202962489353 r
2458584.7326157 1002.4235736004019 29.0868366416373 26.2649 18.762271821903802 0.03150322814975444 20.858233759588572 g
2458585.7036574 950.2958997926278 27.3193608622078 26.2368 18.79215286141491 0.03121199417420565 20.89819865219105 g
2458585.7484375 1103.1087770279328 25.8740840754078 25.5345 17.927954149693512 0.025465750672708974 20.254912526624256 i
2458592.6668171 976.1240801410901 68.2978364178065 26.2501 18.776337433559966 0.07596468779675494 19.916657624051684 g
2458593.7685301 1404.719302203347 52.4882534964513 26.2342 18.36522612477667 0.04056788906631527 20.186619683619526 r
2458597.7554745 955.6703370773943 22.3453040149172 26.2155 18.76472973447463 0.02538563312866632 21.095109319784605 g
2458600.7087153 960.9534444589917 19.5562637814642 26.2618 18.80504413047569 0.022094967982022526 21.28616027280654 g
2458605.7127315 958.6069787568761 17.7039167484758 26.2141 18.759998534061154 0.020051118800268077 21.346501592454267 g
2458608.7061458 980.575938116293 20.4754182378457 26.2159 18.737196919758894 0.02267051506845425 21.190393035235907 g
2458612.6765046 990.4190730976138 19.0640913057214 26.2181 18.72855251193144 0.020898107167794604 21.270134715767266 g
2458618.7654745 1341.1410323019109 58.1924798856127 26.1523 18.333613875039305 0.04710882292771954 19.992707826298066 r
2458633.7212153 830.5275278198768 25.4030147062464 26.101 18.80261492072821 0.03320787348129083 20.84136184007119 g
2458634.7012616 899.644128410022 19.7299643974745 26.104 18.71882312537943 0.023810328628716744 21.118759235227945 g
2458634.7021644 820.4974751989304 22.3109298580042 26.0955 18.810306877504857 0.029522304795590357 20.976780812017733 g
2458637.7185995 796.5972629278828 25.9951625661385 26.0281 18.775002975350745 0.035429381083137916 20.743443644838273 g
2458640.6738194 932.3921391623437 38.5981802621229 26.0963 18.672303491495146 0.04494465638485006 20.382457914057504 g
2458645.7017824 928.0138660771823 55.7079504825594 26.0359 18.617013836619286 0.06517372643857078 19.9236820369392 g
2458648.6726736 942.9187409205111 85.7702149802094 26.109 18.672814330962655 0.09875795056645661 19.5282337426005 g
2458759.0045833 804.2911528395538 31.5231534572219 25.9084 18.6448667712192 0.04255260994439065 20.414400848733635 g
2458765.0178935 942.1739347009678 29.4556864008821 26.0334 18.598072286786923 0.033942818356132616 20.613052120457844 g
2458767.9886343 870.7620674888419 46.7584256308474 25.9451 18.59535124535405 0.05830022299181234 20.023025289359 g
2458771.0369444 963.1847170784123 87.1408708657205 26.1357 18.676426042533862 0.09822502560659993 19.53772024950974 g
2458772.0111458 1297.5622953726001 89.6984296612035 26.0904 18.307579456748627 0.07505272419710993 19.461012889226527 r
2458772.0162384 1383.2729863078252 95.3962194227185 26.1028 18.250530260594566 0.07487435701588788 19.406547079558663 r
2458777.0417593 978.8905310158239 91.2417739826209 26.1717 18.694864681201956 0.10119741776451016 19.523790687845334 g
2458781.9693403 914.134037032946 55.6284802935627 26.0737 18.671175300392257 0.06606891178754383 19.963031999973662 g
2458784.9928009 880.8585671245719 47.6821400391505 26.12 18.75773454352224 0.058770501159449526 20.17668564192172 g
2458789.0175694 974.3140361650748 27.4039277913191 26.1864 18.714652602177416 0.030536811847791435 20.84444295292622 g
2458792.0298495 989.6715167626752 24.3905235637876 26.2498 18.76107232191454 0.026757152231505855 21.034322181854165 g
2458795.0513542 977.4227246685695 43.5054930163515 26.247 18.771793920064596 0.04832495968811161 20.403214752745676 g
2458805.0066319 971.8216401219876 71.2143036745323 26.2055 18.736533586188994 0.07955921776935786 19.826656908753716 g
2458815.0172917 714.9186777945582 29.103553722874 25.7375 18.601858391279492 0.04419765388477422 20.330209933533368 g
2458824.0083102 223.80294615731327 26.2628645108655 24.3742 18.499535501719325 0.1274049001097787 19.078419756233316 g
2458828.0478009 1142.4534546119864 26.7408244190591 26.2673 18.6227037118804 0.02541242529800291 20.95193800810449 g
2458831.9583218 1985.6344928170483 71.312624465951 26.3351 18.090351728928937 0.03899212904628802 19.95475893975586 r
2458831.9587731 1923.6521500238512 67.4598494791498 26.3274 18.117083644393023 0.03807401383800331 20.00736156959028 r
2458836.0078241 1285.0078865400544 61.8264057323101 26.3718 18.599535517270787 0.05223697800354065 20.146439990169625 g
2458837.0201736 1931.5200315949767 31.8631913332791 26.322 18.107251958681346 0.01791017761383236 20.816351810573856 r
2458837.020625 1943.0375473504587 31.2368404670675 26.3335 18.1122970174795 0.017454031056342873 20.849407240256227 r
2458837.9499074 1809.6838836849497 69.467911213417 26.3298 18.185793203105064 0.04167651150809333 19.9779143877969 r
2458838.9723958 380.66197542225234 39.9866802382186 25.0014 18.550051257458797 0.11404747922740936 19.249186614739482 g
2458846.9207176 1830.5598983187406 27.8110399139118 26.3223 18.16584013966344 0.016494650659760343 20.964331918255418 r
2458846.9238889 1823.6876654952314 25.1761843190616 26.3338 18.181423848087704 0.014988193336155815 21.083900215511363 r
2458847.0036806 1302.5182257767713 23.8612655919742 26.4034 18.61644047755881 0.019889300234364825 21.21174130228327 g
2458847.0045949 1352.165399008472 25.4386752597311 26.4106 18.58302545389421 0.02042558532391274 21.14943876086689 g
2458850.0212616 1332.7481472006677 23.0475382135703 26.378 18.566129781407394 0.01877527445153948 21.224013629852216 g
2458852.0212269 1025.4002020716136 31.0488988625905 26.0294 18.502166503277234 0.03287476385026129 20.551859482417953 g
2458853.0139699 1357.347006224778 24.8216507228951 26.3907 18.558972776533516 0.01985407273619791 21.156198338758628 g
2458853.0153704 1370.090558488356 21.9946471843058 26.3906 18.548726816138192 0.017429204442038902 21.28738248951074 g
2458853.0158218 1365.5564620784626 23.859613972912 26.3855 18.547225845617348 0.018969836553636505 21.19391645691702 g
2458853.0185301 1243.428204904565 22.5249993045709 26.3624 18.625848214191638 0.01966771515115311 21.23331302355285 g
2458853.0189815 1252.872991336667 23.5922376696369 26.364 18.619232382285965 0.020444284947508995 21.184652152472957 g
2458853.9852199 1353.7833238625583 20.6163005287112 26.3878 18.55892709980113 0.016533751812039737 21.354848148152847 g
2458853.9957639 1261.2946985560202 22.0228041999042 26.3566 18.604558574202247 0.018956837404620255 21.251993445190294 g
2458853.9975694 1229.034576365757 21.1635560224785 26.373 18.649089747394072 0.01869538352740936 21.311603383778255 g
2458853.9993634 1359.3497290584194 21.9522786696464 26.368 18.534671987564884 0.017533081032902333 21.26687597130341 g
2458855.0024769 1330.3786288776955 43.2700006382142 26.3461 18.53616185053237 0.03531193201182125 20.508207735148993 g
2458855.0165856 1219.4243474307505 45.7552989217201 26.3128 18.59741284489985 0.04073768753590725 20.414271496749326 g
2458855.017037 1242.8985046743558 45.3845651010453 26.3144 18.578310836198703 0.039644445741058215 20.424704543756253 g
2458855.9852199 1340.1255560702257 32.5283586064534 26.3852 18.567336276934967 0.0263527837216887 20.857119616241587 g
2458855.9861343 1293.5377446042219 31.4558618674844 26.3786 18.599152235818195 0.026401726097275223 20.886921016576217 g
2458859.8159491 1939.2926544539223 97.1417930943294 26.2974 18.078291618840236 0.05438418204714514 19.581459700042302 r
2458859.8164005 1997.6614883523382 92.3049462869465 26.2901 18.03879525698676 0.05016639744424121 19.62961255437496 r
2458860.0061574 1285.2248571451225 95.3230433778551 26.3914 18.61895220870278 0.08052460829712334 19.695980240131554 g
2458862.9193981 1280.995057087309 99.3191284550523 26.3888 18.619931365107153 0.0841773566315181 19.648792739461243 g
2458862.9203472 1474.6848394794674 95.8099528634125 26.3679 18.44615196124795 0.07053769255573558 19.666948422905676 g
2458864.8721181 1381.1015402592795 27.1150315755015 25.608 17.757435975977078 0.021315442002906842 20.27754970288883 i
2458864.9028241 1439.700480870623 34.0115643645813 26.3836 18.487919625725798 0.025648637283426912 20.807108469657415 g
2458867.9171528 1400.3288226235625 24.7314890982051 26.3669 18.501324930299187 0.01917476615500571 21.13634932344234 g
2458871.9383102 1377.9510222092408 24.9470787292952 26.3853 18.53721554671373 0.019656027638029473 21.145325745125703 g
2458871.9397222 1419.1509733136363 26.2175376231134 26.3919 18.51182850150905 0.02005733084969214 21.097995239397218 g
2458873.854919 1436.892715120367 22.5206525319003 26.3685 18.474939142591722 0.017016352158091323 21.239622564242552 g
2458874.8509028 1422.1898614407805 20.6725600146191 26.3777 18.49530605424785 0.015781436091194163 21.341789335644567 g
2458874.8518171 1456.6110046871538 20.5559342570678 26.3644 18.456041033193056 0.015321577106780003 21.334631939072914 g
2458875.9386227 1375.4499101741922 24.9953525370722 26.3504 18.504288051773614 0.019729874602312857 21.1083268229932 g
2458876.859294 1421.7069721248163 23.3173358967804 26.3636 18.48157476693256 0.017806504490372535 21.196977666762123 g
2458876.8753009 1416.576941732349 23.1251341344646 26.3526 18.474499579222627 0.017723681213591275 21.194964337936185 g
2458877.8573611 1323.8049831636226 33.1904216223153 26.3505 18.545939971104147 0.02722065652693937 20.80054306580024 g
2458877.8728356 1351.7843568499582 26.6321370633504 26.3671 18.53983145904011 0.021389884461348967 21.056159945989577 g
2458877.8737616 1372.430949913918 32.1857234727004 26.3494 18.50567374164956 0.025461419371592135 20.83281679997703 g
2458878.8796181 1386.3439226065734 32.1288031127292 26.376 18.5213225427057 0.025161318898347586 20.86133862122102 g
2458878.8805208 1328.876097673537 31.8326007583292 26.3773 18.56858877526767 0.026007431922226116 20.87269468314708 g
2458879.7682176 1199.4316345420957 43.0343869328143 26.3189 18.621461252498534 0.038953811578259404 20.48693593817613 g
2458879.7691319 1277.8569608089783 44.9703213235006 26.3073 18.541094392455093 0.038207936692707146 20.427560012372375 g
2458880.9225463 1354.199918290224 28.7280421330713 26.3759 18.546693041857687 0.0230320759310451 20.982709916503197 g
2458880.9234606 1305.2910102627848 25.4450904507643 26.3809 18.591631632573264 0.021164425775699713 21.119464991616333 g
2458881.9444444 1376.2235816701896 26.6026194279943 26.3702 18.523477511912386 0.020986752659710683 21.06046398525947 g
2458883.9410301 1242.0999596875226 38.4226936946143 26.3356 18.600208630781367 0.03358467103946868 20.626705467615515 g
2458883.9577546 1263.4316458624844 39.587166083214 26.3164 18.56252062323582 0.03401829165613879 20.57508895632997 g
2458883.958669 1225.679296622793 35.4480614166499 26.3118 18.59085787415041 0.031399698425273306 20.690393765473143 g
2458884.7954282 1323.7397799255373 66.7184247299802 26.3512 18.546693449721207 0.054720870995819265 20.043160529796232 g
2458884.7963194 1476.9500232038558 62.924314276006 26.3446 18.421185500064748 0.04625540941545474 20.100128760463118 g
2458885.7956597 1201.0972508190223 66.1386205442666 26.2348 18.535854567703918 0.05978425167149923 19.93623715772106 g
2458885.8120023 1190.1613394053084 63.0569386276928 26.255 18.56598540310706 0.057522384572073364 20.008242783619202 g
2458886.7476389 1520.1084496619026 68.4076665973585 26.3356 18.380913567293355 0.048858490090803106 20.000413047200844 g
2458886.7485417 1403.5056604021704 69.3301674905093 26.3187 18.450664578741524 0.05363124992518879 19.968969365696196 g
2458886.7494444 1408.1533070268542 70.6894144547333 26.3416 18.469975151387942 0.05450223131993137 19.97078902850407 g
2458887.7535069 1319.3488246381737 88.6090396770088 26.3449 18.544000913736312 0.07291690611367445 19.728779914645997 g
2458890.775 1453.695521705293 105.728788540919 26.3428 18.436616368648593 0.07896409117654765 19.534891849128172 g
2458890.7759491 1663.0847278512115 98.258867803434 26.3423 18.290014061405657 0.0641456511431163 19.613945600083106 g
2458891.7329398 1427.0348311244413 58.8554503471595 26.3086 18.42251356619633 0.04477771743774548 20.13670827124993 g
2458891.7338542 1590.7340694627214 55.6023765616518 26.3238 18.319806043369493 0.03794946081300365 20.213641602581006 g
2458891.7400231 1530.2280581783577 57.0052822495849 26.3358 18.373909597747694 0.040445366693936675 20.198587238331477 g
2458892.6706019 1242.7695099331222 33.4960267077075 26.1677 18.431723525632762 0.029262575164492936 20.607791753751236 g
2458893.7335185 1367.8238414266152 22.3310036721003 26.3055 18.465424576756448 0.01772506806250171 21.18580438172105 g
2458893.7492361 1408.9826753527464 22.9960195288022 26.3227 18.450435867199925 0.01771971993635052 21.171143317190037 g
2458894.7997569 1430.6818551974382 25.3002461085835 26.3544 18.465542327014823 0.01919957054064852 21.09916312465125 g
2458894.8100926 1478.621652151117 26.3358927200271 26.3894 18.464757346284806 0.01933752199863715 21.090604878096364 g
2458894.8110069 1427.4386128132305 23.9203665794015 26.3514 18.46500639893073 0.018193666447114832 21.157055411844006 g
2458895.7327315 1417.2200489273039 26.930837827277 26.3243 18.44570678119977 0.0206311014660042 21.001250327493118 g
2458895.7476736 1416.5357894325118 26.0327285876534 26.3433 18.465231120884457 0.019952713964917348 21.057075762849944 g
2458898.7570023 1351.1370768973215 21.8216460594432 26.3246 18.497851470671858 0.01753468358750244 21.22995622073698 g
2458898.7579167 1386.5183468628998 22.9311574373648 26.3308 18.475985948304732 0.01795602466139508 21.18231004902345 g
2458899.7977546 1902.8500458120784 25.8655264479636 26.3162 18.117688587404288 0.014757969040366213 21.03697168379354 r
2458899.798206 1880.4194012997882 25.4274594840529 26.3274 18.141763191526454 0.014681082710991993 21.06671756170273 r
2458899.8579051 1370.902000925635 24.6132903519994 26.3941 18.55158397421953 0.019492749530690433 21.168750801896234 g
2458900.7914468 1309.5620776285054 26.5462862917503 26.3604 18.56758477434448 0.02200835189053885 21.052965554694367 g
2458903.7572454 1332.99458546072 25.3371411479896 26.3387 18.526629036647847 0.020636643572610306 21.081880962169407 g
2458903.7581597 1291.6296585387456 23.0496903387927 26.3246 18.546754978059777 0.01937478644547287 21.17051225107756 g
2458903.8115394 1341.295999934297 22.4364075894947 26.3392 18.520388426451166 0.018160948605757135 21.214391686683104 g
2458904.7578009 1295.3287592978145 26.7935472703407 26.3347 18.553749980060026 0.02245742948468015 21.017199452064514 g
2458906.7884722 1349.1069216389458 31.0814637539768 26.369 18.543884073860173 0.02501295090584647 20.890321330849837 g
2458906.7893866 1327.8407170573296 29.4522490831042 26.3575 18.549635045574995 0.02408143267393543 20.937278827338073 g
2458909.7540856 1301.885064440276 42.7184168843908 26.3422 18.555768388272643 0.03562479244765216 20.51823711501185 g
2458909.7550116 1314.630980446955 43.0318428505344 26.3435 18.54649034349942 0.03553824037140918 20.511600126005597 g
2458911.861331 1294.7715286041698 43.1736392129758 26.3215 18.541017147721952 0.036202232639498955 20.48602834426817 g
2458912.7340046 1400.1229179633767 40.7423109427106 26.3511 18.48568458892958 0.03159288832643616 20.578560841760556 g
2458912.7442708 1375.361150745122 39.6712195675269 26.3525 18.506458117891246 0.03131616961925207 20.608886109898833 g
2458913.728044 1789.3195502839255 48.1109281499253 26.2576 18.1258802322426 0.02919212204666602 20.304565650816308 r
2458913.7284954 1858.2261135388826 47.2573226100564 26.2678 18.095053602756675 0.027610889107583653 20.334202207166257 r
2458913.775081 1392.7026229889775 41.2344588504026 26.3075 18.447854016158775 0.032144875176440615 20.521924240719294 g
2458914.7134259 1275.5272455416412 64.762181394187 26.237 18.47277565082439 0.05512410698041291 19.961271317326634 g
2458936.7545023 1212.8761909586356 23.7627832757959 26.3193 18.60975882291137 0.021271135499939482 21.132131721353453 g
2458936.7554051 1257.8223555298305 23.0507075114491 26.3209 18.57185172683915 0.01989641306274809 21.166764339075442 g
2458939.6616782 1681.8845278526749 31.4020580045913 26.2732 18.208709561532366 0.020270841315790485 20.783379710477778 r
2458939.6621181 1692.2649945644541 29.8886323880868 26.2646 18.1934290727078 0.019175535916641513 20.828409880375375 r
2458939.7945486 937.7731236362553 27.4062189510048 26.0649 18.63465554549892 0.031729350271555976 20.722852181593872 g
2458939.795463 822.6034538136591 31.3069053437284 25.951 18.663023678444862 0.04131991784632783 20.464474638751177 g
2458940.6761111 1161.542043304455 34.1306015396531 26.3205 18.657912664520175 0.031902068724247314 20.74021513258218 g
2458941.7519792 1118.076912688152 41.8449009655318 26.3455 18.724320800589247 0.0406331697423657 20.543968628286017 g
2458954.685787 986.810216570233 26.3220014644378 26.3038 18.81821590713414 0.028959770085544297 21.005577716782998 g
2458954.6866898 1052.0492932350596 26.1343334949717 26.2964 18.741309777645696 0.02697026276044573 21.00594641729946 g
2458955.6868866 1100.0943565241607 21.0562263789741 26.3431 18.739525158103678 0.02078071289437626 21.28722363633295 g
2458956.7320833 1092.7343301384287 21.9424120929643 26.3202 18.723913531492265 0.021801160769162834 21.219564071322573 g
2458962.7155556 1105.165115868928 22.1357695337544 26.3359 18.72733207971258 0.02174589537591542 21.22573842789572 g
2458962.7164699 1157.332458561883 21.7483535843402 26.3367 18.678054666193027 0.02040225115249855 21.245709026312646 g
2458963.6930903 1061.947233469855 22.5255613624114 26.3011 18.735842655363772 0.023029394682126902 21.171985931923462 g
2458963.7445949 1080.8097496831049 22.7136311203339 26.2792 18.69482686579761 0.022816401604978977 21.141058568244517 g
2458964.6989236 1021.3194341915482 20.3764440884623 26.2693 18.74639601008717 0.02166090706415992 21.249053996252435 g
2458965.7134144 1085.7809841821334 20.7915978294173 26.3132 18.72384442156796 0.02079004706497218 21.27105532405228 g
2458966.7500694 374.2447145599215 26.9427307286964 25.1939 18.761010811154122 0.07816201970024643 19.870370962409034 g
2458967.7191319 1097.683116011753 25.709396716378 26.311 18.70980753958299 0.025428734037914028 21.03834527458723 g
2458968.7129282 1117.9616028232222 29.1221901464783 26.3468 18.72573278085646 0.02828179587043571 20.93881490624198 g
2458968.7138657 1051.8960117559097 25.8261119254522 26.3309 18.775967978765596 0.026656066192947924 21.05332741705036 g
2458972.7280671 1045.3316234163426 64.2474218291382 26.3234 18.775264777776094 0.06672851401158983 20.056335727550227 g
2458975.7293403 1068.0229568907182 56.9421258628617 26.323 18.75154853038521 0.057884585392516695 20.186990796776286 g
2458978.687037 1102.3250668090172 29.6448915186055 26.3321 18.726325791605973 0.02919779263926171 20.90480032555222 g
2458981.6721181 1151.3490213778712 22.1956198770879 26.3452 18.692182509601945 0.020930042978379772 21.23210679299917 g
2458986.6722685 1113.3317836837277 21.9993357436154 26.3318 18.715238481008434 0.02145333418741985 21.22835106974508 g
2459005.6735301 1181.9628554252097 81.1306885088994 26.2913 18.60979042863974 0.07452314436939232 19.770912085165435 g
2459013.7145486 942.3860513825339 43.2791260814221 26.1792 18.74362787667158 0.04986082626930407 20.341078782541672 g
2459141.0051968 1049.5564338195102 31.2120572898764 26.1957 18.64318551195721 0.032286906647123914 20.712469000675522 g
2459142.9986111 1134.2141310710304 23.3621424955529 26.257 18.620262365451843 0.022362865540628097 21.08829331778841 g
2459145.0066898 1152.388443161512 21.9077141372498 26.2874 18.633402764334562 0.02063991996792224 21.188482325651663 g
2459146.9961574 40.261937835047895 29.2671055765114 22.855 18.842763315122717 0.7892142860733874 17.44162555361746 g
2459150.9333218 922.5960896771078 85.630020854207 26.1338 18.721270976084103 0.10076838031467257 19.554809864686895 g
2459153.0345833 1266.8128112795857 47.9685364002151 26.3672 18.61041888314316 0.041110604112938355 20.417383820106288 g
2459158.0092824 1127.1879499846427 62.9101517899334 26.3471 18.717109156567076 0.06059464333278339 20.102873156524453 g
2459160.0112153 1190.88397663345 46.5391435746851 26.3489 18.65922637035342 0.042428606959574386 20.43192902159681 g
2459166.0249421 1226.8591895688764 20.8152471017682 26.3914 18.669413199340738 0.018420299550701628 21.3480210620449 g
2459169.018125 1331.9751432362018 24.4734285916855 26.4109 18.599659699280817 0.019948421377771235 21.191737949501036 g
2459170.9761111 1297.3089438219613 25.8720019388821 26.3653 18.582691469543544 0.02165192234186831 21.085799901387627 g
2459173.9786227 1255.0710595241085 25.8512650503797 26.3014 18.55472921158175 0.022362652896991696 21.022770487997406 g
2459176.0282292 435.09633281656824 24.7453249505528 25.1672 18.57073644279234 0.06174724370784707 19.93604208603233 g
2459178.0301505 1383.2785487498008 25.2172173746953 26.4186 18.566325894621578 0.01979234979711864 21.166932083873416 g
2459181.8886111 1901.4202043715231 86.8475567645244 26.3146 18.116904739039207 0.04958945537786056 19.720280976203608 r
2459181.8890856 1745.9871668658998 86.4861731944892 26.303 18.19789738178776 0.05377934043227063 19.713208286547665 r
2459182.9166667 1830.6247790189532 53.0305944243766 26.3198 18.16330165849878 0.031451183785134146 20.261058751187242 r
2459182.9204282 1988.1603911957677 48.7046183901221 26.352 18.105871456535063 0.02659674964873032 20.385649626870514 r
2459183.0431944 1525.7873922847673 49.2926177975663 26.4001 18.441364945098172 0.03507500154571308 20.420720281729697 g
2459183.9954861 430.3499565335231 167.648418745722 24.7409 18.156345591408005 0.4229485456403244 17.432476335327127 r
2459183.9959491 204.32452876311976 169.408994698462 24.4499 18.674098735070533 0.9001726158749805 17.130133825941183 r
2459184.8985995 1417.7975187881698 41.9078641475926 25.6394 17.760364470047335 0.03209158395476023 19.836236170680195 i
2459185.9881134 1300.1260404856412 55.5636266716794 26.4071 18.622136357629046 0.04639967787654552 20.297698527521256 g
2459188.019838 1254.1557351821093 84.5777612554538 26.3964 18.650521328757755 0.07321744247472793 19.8308345258201 g
2459193.0407755 789.7486567127769 42.0627028610401 25.7719 18.528177760289303 0.05782532975277983 19.964732048911866 g
2459194.946169 1273.9788543756883 28.531456975554 26.3787 18.615794451006707 0.02431484850157817 20.992965114846648 g
2459199.0168981 1335.8721105821578 27.3291446150868 26.4326 18.618187792388856 0.02221114736474987 21.093609892251877 g
2459199.9790162 1306.1014794253417 39.7326524027632 25.6428 17.852857696545374 0.03302786299014051 19.897506094427793 i
2459200.9232986 652.0662912897383 27.358687167398 25.6887 18.65297062540241 0.045552617969091845 20.348536855373297 g
2459202.9435185 1335.8949899951547 34.098216637706 25.6395 17.825069197199905 0.027712083719762796 20.060245825011314 i
2459203.8857523 1222.3245418137387 33.5078392012921 26.3606 18.6426336709831 0.029762521962343486 20.800308932494218 g
2459205.9029398 133.47680412257188 29.1730817251362 23.1066 17.793085500857988 0.2372937757776612 17.6967192175616 i
2459205.9299074 1030.079523924746 22.0376237918594 26.1786 18.64642311428437 0.023227573789312332 21.073263076972566 g
2459218.8399769 466.14876025978896 92.8042405716689 25.7194 19.048088666160396 0.21614894767178577 19.053055436145147 g
2459219.0081481 1246.9006533687152 35.8018312301767 25.628 17.888420368734536 0.031173332102753155 19.99581188673873 i
2459220.9459259 541.3630805402943 47.5085846418465 25.4847 18.650978413085127 0.095278145480801 19.54534475848092 g
2459221.7788773 1288.007492729085 41.4866380150176 25.5919 17.81710402636631 0.0349703267622051 19.799704384172706 i
2459222.8958912 1252.4618472632833 23.1169478359843 26.4159 18.671488737055775 0.02003898986653302 21.2586487566456 g
2459224.8822106 1242.7626977311309 34.3804730258176 25.64 17.90402947707794 0.030035403888672048 20.051795370012364 i
2459224.943588 1124.44091182666 31.3122556293565 26.3547 18.727358403354025 0.030233439195632022 20.867989104523758 g
2459227.9046181 898.9485779369688 21.5957698450684 25.2229 17.838562875663985 0.026082167430087146 20.13955326323406 i
2459228.8732292 1188.6709288699503 20.9197333788583 26.3925 18.704845896582373 0.01910752082665882 21.343684626246965 g
2459230.8831019 1221.0028787334065 21.7237257149874 25.6472 17.93040828031683 0.019316456512557874 20.55743921233982 i
2459230.9709259 1161.0916957852041 20.4958787898635 26.4144 18.752233702589393 0.01916504586410493 21.387808629051417 g
2459232.9238773 1150.057558927318 20.4156421320282 26.4126 18.760801058031273 0.019273176799443854 21.390267378376393 g
2459233.8840856 711.5421836430123 26.2085751432331 25.016 17.885498369376776 0.03999010977441101 19.72246646238026 i
2459248.8001273 1104.047674639423 23.5334633495735 25.6254 18.017930431585466 0.023142371244952404 20.448760374903994 i
2459248.9169444 1061.2163964429897 33.6013019530364 26.4173 18.852790121305638 0.03437652645840121 20.85398472574004 g
2459250.8017593 1076.5972916812784 27.2069946092953 26.3973 18.817166792606223 0.02743703172537488 21.06317356274129 g
2459250.9469329 1583.3469705808138 35.6489582287946 26.3638 18.364859761333058 0.024444467743418623 20.736257881747512 r
2459250.9473958 1545.5053787150036 34.5537487966559 26.3466 18.373923697882827 0.024273616633881164 20.752937060073876 r
2459251.786169 1105.4784395983372 26.7289109480322 26.3984 18.789524307870966 0.026250696148196695 21.08352182897787 g
2459251.850787 1224.3752826661325 24.8202110780003 25.6475 17.927713615993802 0.0220090225185745 20.41306131281029 i
2459252.7818519 1105.8656768581018 23.8603345875438 26.3963 18.787044052700434 0.02342523672069832 21.204683665708348 g
2459252.8841898 1118.0155421179388 21.325968318394 26.4229 18.801780397633063 0.02070955450173689 21.35320308993763 g
2459252.8851389 1171.5310206086695 21.711001976881 26.4225 18.75061551841273 0.02012036764852633 21.33337532193466 g
2459253.7640625 1122.465992560916 22.8128259319661 26.3806 18.755167019947162 0.022065599562466433 21.237727272390835 g
2459253.8948264 1155.6283278329379 21.770826315228 26.3844 18.727354552170972 0.020453449920846904 21.292287706482185 g
2459254.7362616 927.4892551491431 25.0071062117135 26.1454 18.72712778233206 0.029272808351501076 20.902816392480325 g
2459254.7918056 1111.016394679116 21.4844600631335 26.4067 18.792398830896843 0.020994900167320186 21.32896387995472 g
2459254.8102894 1165.1117950301082 22.3410855788068 26.4133 18.747381002828227 0.02081835984870769 21.293114308769745 g
2459254.8493634 958.6449034178326 22.2209876527206 25.408 17.95385558073005 0.02516607161686808 20.29366659403013 i
2459255.8812616 1171.804752487016 20.1476279426301 26.4169 18.744761862393403 0.01866717096930009 21.408915183322854 g
2459256.7793981 1089.1945990486188 20.3597881210673 26.3507 18.757936302119194 0.020294465270347964 21.331341853909016 g
2459256.8082176 1116.374413060996 21.2190654924038 26.3513 18.731775314894563 0.020636033158388137 21.287059356037084 g
2459256.858669 1128.5617907407075 21.8968988133365 26.4033 18.771986643873465 0.021065273728642038 21.304918460464254 g
2459257.9230671 1033.4179667718508 29.3411357979584 25.5148 17.979109980446857 0.030825544126499845 20.098682685633914 i
2459258.8953472 332.94048123822074 33.5042222920869 24.9859 18.679983492661506 0.10925536602589295 19.425726135552583 g
2459258.8962847 266.37492389977416 34.0252138119818 24.6431 18.57936665337655 0.13868112694259493 19.06617283176233 g
2459260.7884838 801.3328774204806 35.7516193718827 25.9718 18.712267596194405 0.04843871285676141 20.341135694212667 g
2459260.8637037 946.9396866842252 28.088327755602 26.1824 18.74159420395535 0.03220426588206392 20.81366027876126 g
2459260.8722222 1019.3524556523117 20.6666396663015 25.4344 17.91358906628699 0.02201178852445594 20.3988003206954 i
2459262.7921181 1190.3292636594047 25.225839910664 26.4111 18.72193222338655 0.023008502963970227 21.159060900996206 g
2459262.8091782 1212.3192439345567 27.3173904684631 26.4016 18.69255750235807 0.024464258057435746 21.063076963136524 g
2459262.9033449 1035.9628301876 26.7757763225298 26.2804 18.742039566433554 0.0280612967051205 20.96361981068937 g
2459263.7909606 1186.1069372712113 45.8974628533016 26.3883 18.702990384990187 0.04201212711433234 20.48640329161665 g
2459264.7555787 1182.2182465772864 31.2213865802267 26.4021 18.72035585488308 0.028672421110306507 20.918544522391272 g
2459264.8328356 1233.8589971227589 26.7213687071268 26.4263 18.698136169376053 0.023512727202200052 21.111728240249175 g
2459264.8853704 1239.6159946177013 24.5829534325284 25.6491 17.915882071866427 0.021530629370369828 20.425089842987653 i
2459264.9002431 1207.7538116450207 24.2387307730664 26.44 18.73505395803812 0.02178920053622063 21.23130030198015 g
2459265.6935417 1218.552876833441 36.6276437688534 26.3606 18.645989051674682 0.03263431041513981 20.7036525349159 g
2459265.9133796 1268.0792966840356 25.931679069308 26.4062 18.64833396977229 0.02220210048312363 21.124198393830614 g
2459266.666412 1136.0972209686531 68.1336325957677 26.2808 18.64226125623773 0.06511122775756356 19.949971128427478 g
2459266.7838773 1261.1899263353246 53.1069308652753 26.3879 18.635948767016274 0.045717297320926484 20.327596980235995 g
2459266.9045833 1146.8464420173987 49.5645682618451 26.3766 18.727836821090364 0.04692193286768627 20.39124667026918 g
2459267.7582407 1213.2653463211384 49.5727971808221 26.4022 18.692310516711196 0.04436060591561037 20.416666426720443 g
2459267.8386343 1269.7201206932994 31.2446723777836 25.6681 17.908829995708352 0.026716392256615734 20.183735051294263 i
2459267.8621644 1198.4659664118942 48.5544733538566 26.4153 18.718735735968554 0.04398588962697718 20.45230186938927 g
2459268.6694907 1127.9577681716578 56.7053108938284 26.3335 18.70276790113293 0.05458090522061129 20.2020156495172 g
2459268.7132292 1252.9316375675721 54.7411772888952 26.3925 18.647681560816928 0.04743474775522081 20.29928965588222 g
2459268.7222685 1228.3536962356113 50.0708000274505 26.3934 18.670091407486257 0.04425587496207268 20.397013662713242 g
2459269.7408333 1202.5827193271898 59.283782173899 26.365 18.664712602745436 0.05352180874693773 20.185235231958814 g
2459269.9257755 1220.1271321106544 62.9746082231057 26.3575 18.641487288277148 0.05603640010000629 20.112161303282914 g
2459273.8367361 980.7454703191646 134.30021336988 26.3412 18.862309222576577 0.14867235798522505 19.273583232520036 g
2459273.8371991 1012.367424224426 139.370976478155 26.3542 18.84085459484528 0.14946655289531394 19.246344132009995 g
2459274.8112384 1268.4141635613844 56.2415458330233 25.6577 17.89954729283003 0.04813999091548173 19.53513186660183 i
2459275.6924306 1192.9046222192073 35.0390818205411 26.3661 18.674585696565522 0.03189016994652144 20.757293196154503 g
2459275.7066204 1215.8785923500216 43.3851428228512 26.357 18.644774469946007 0.03874009285065995 20.51622241046692 g
2459276.7331019 1191.9123639970896 23.192482941798 26.3764 18.685789187898077 0.02112578029266217 21.215606874550986 g
2459278.8641435 1310.817484116223 30.5443485666504 25.6428 17.84894443621974 0.02529871598498761 20.18304782123763 i
2459281.7966551 1270.5283042115484 20.3545182458334 25.6474 17.887439138761565 0.017393473554463815 20.628322919454696 i
2459281.8371875 1186.4910681460904 29.1553309886542 26.3903 18.704638816961456 0.026678618747498554 20.981080048774317 g
2459290.7764352 1259.4223085065203 22.1266858747894 25.6551 17.90467154545953 0.01907457307370261 20.545384063252254 i
2459293.800081 1109.8625503566993 27.5295617405859 26.397 18.783827006451858 0.026930222280360867 21.050076745017364 g
2459294.7998727 1174.0355102535373 25.0607424551517 25.5846 17.91039691769986 0.02317514917217661 20.3396901557749 i
2459296.802581 1062.533932326308 78.4333914676368 26.3235 18.757642979342922 0.08014344815320384 19.83982250327837 g
2459297.6995718 1223.9883842807176 55.5559027365169 25.595 17.875556759125498 0.04927909805000478 19.48574946689451 i
2459301.7552546 1097.6187079771714 116.845848460322 26.3694 18.76827124848559 0.11557705490202894 19.45294177292349 g
2459301.7561921 1015.9795296898591 112.892581510934 26.3731 18.855887605701845 0.12063970991997876 19.49401147878332 g
2459302.7797685 1120.194803539774 40.3570247338546 25.6458 18.0225661157671 0.039114287635588205 19.883577136705817 i
2459303.7583449 1086.3770163210465 58.792241641405 26.3748 18.78484857753773 0.05875560306516106 20.204074940748278 g
2459306.7914468 985.2410266354814 22.9737606323198 26.3385 18.85464377976397 0.025316253834543022 21.18799475975047 g
2459307.6979167 1123.1415392690797 22.3972262970846 25.6404 18.01431377530776 0.021650582531716887 20.51748939404524 i
2459308.7678009 1019.1122493372097 23.294407186423 26.3907 18.870144945815817 0.024816439895357503 21.225145832478514 g
2459310.7648495 1015.0699352409307 21.6815165012859 26.3667 18.850460087867276 0.023190148430372814 21.27905085063952 g
2459310.7859491 1066.7717043111475 23.5401309374109 25.5848 18.014621280788045 0.02395781595580511 20.407852803677642 i
2459312.7346528 1033.7004601979984 24.9264935044838 26.3883 18.852313225952017 0.026180402389135427 21.149222016402412 g
2459313.6875926 1057.2548273494783 22.6679093937122 25.5517 17.991250808047937 0.02327778373966058 20.415746319042363 i
2459314.7354398 1011.2757081297523 20.7167953092938 26.3833 18.87112606207223 0.02224143671847639 21.34506855152666 g
2459316.7458796 1096.8633004393707 20.4120837875547 25.5825 17.982118735448243 0.020204340284947945 20.560356633268583 i
2459316.8327662 918.3337269231187 18.4601038658449 26.2504 18.842898663492527 0.021824456817347956 21.33738963851913 g
2459319.7379051 1018.2205908578741 24.4325597033682 26.3755 18.855895311839483 0.02605175175999705 21.15815256744743 g
2459321.7369792 1053.5417119466192 20.5828263278306 26.3111 18.754470662693972 0.021211096144295755 21.27991246514653 g
2459322.7148495 1159.1758127861085 28.6920981807363 25.5723 17.911926723438295 0.026873413550575348 20.180469218492927 i
2459323.759838 1022.2603487811501 40.66938934842 26.3084 18.78449621050389 0.04319325900513083 20.53780586037387 g
2459328.6940972 1080.8895609888125 78.9457653973983 26.3461 18.761646693662875 0.07929710914549436 19.855352889963683 g
2459334.6730903 1086.7478798990398 24.5626974272912 26.3514 18.761077995968066 0.024539013224748614 21.128284843017582 g
2459336.6708449 1185.5492411970752 23.3427596319403 25.6232 17.938401007765613 0.02137678744309934 20.455394494197122 i
2459336.7473843 1057.231066963507 25.0058198021508 26.3241 18.763675208788904 0.02567917213894381 21.081572246098503 g
2459338.6950463 1022.5446839431893 22.4444452659897 26.3106 18.786394261930056 0.023830679096893976 21.18540279939996 g
2459339.6772454 1193.495898155139 26.2613670199112 25.5836 17.89154767312956 0.023889454683162562 20.287881665949975 i
2459340.6940972 1026.0692386530982 22.0608209671975 26.3095 18.78155833063751 0.023342901650113712 21.20302081376699 g
2459342.6866782 1137.3751650122847 22.1551093040506 25.5951 17.955340647383615 0.021148520656460734 20.483990246658962 i
2459342.723588 993.0759097857398 22.4407471476409 26.2822 18.78974388293817 0.024533793376832938 21.15718170833513 g
2459344.6800694 1056.3573673339902 20.0104521895488 26.2997 18.74017283612116 0.020566286196330563 21.299132732186255 g
2459346.6785185 1029.2016306696535 21.5481505867863 26.2469 18.71564883590969 0.022731043553489094 21.165949984405337 g
2459348.7196528 943.8272160405329 22.8089913375957 26.2895 18.85226875892735 0.026237558606451723 21.146809788484994 g
2459350.6808796 988.5573925933365 29.4844956345988 26.3043 18.816795279550455 0.03238184970374546 20.88289073145332 g
2459358.7458565 834.2137907436537 88.6390815035681 26.1573 18.854106587309246 0.11536065677197149 19.54081187126311 g
2459361.756088 916.3515269115135 96.4073598441149 26.1812 18.776044730372995 0.11422414598416754 19.473499514940283 g
2459364.6952546 1165.4061401321615 23.4184522619437 25.5907 17.92450674522148 0.02181678364755221 20.41937951683542 i
2459486.0032407 529.1410157260902 93.4928386387874 24.6965 17.887571433378696 0.19183010179402846 18.022129123977848 i
2459500.9655787 771.5809113419174 47.9921679701859 26.0157 18.797246312994886 0.06753030822731312 20.06534906680743 g
2459512.9915625 1051.100730770239 62.0115239820915 26.3073 18.753189154930826 0.06405276831842825 20.078693977641475 g
2459522.0192593 1086.7991604169617 31.9677239111524 26.3896 18.79922676439692 0.031935392586264356 20.880395699701893 g
2459523.9764236 1208.0455940532786 24.4233066086205 25.6394 17.93419168566124 0.021949820532857985 20.422463835155984 i
2459524.0271296 1103.0113016023108 23.3687739387619 26.3924 18.785950094243187 0.023002010793957802 21.223385170695238 g
2459525.9839931 1079.4204465444284 26.7000209926013 26.3743 18.791323399303757 0.026855348983306566 21.06059598209989 g
2459527.9854861 1114.688545684874 23.8405630778628 26.3762 18.758316153928604 0.02322056634908048 21.185483717747758 g
2459528.0244329 1172.4093862723598 26.9951509318403 25.6331 17.96040178317959 0.02499863589448472 20.307460589195223 i
2459529.0271875 1156.958875576409 25.4587667325114 26.4202 18.761905194728783 0.0238907221552856 21.15818158456554 g
2459530.0286921 1107.3860348339367 34.4817876720806 26.3986 18.787852394115482 0.03380652789358314 20.807200555965437 g
2459530.9862269 1062.2783917149613 47.9568988864091 26.3516 18.786004131531964 0.04901427490859226 20.4020472595183 g
2459531.0238889 1146.650741879593 41.1876178178136 25.6535 18.00492210906621 0.03899827125345888 19.869158303545206 i
2459531.9928472 1096.7541846684235 24.9705988999477 26.3808 18.780526749670347 0.024718920250912407 21.139802592450252 g
2459533.0193519 1184.2487525278532 22.7105765962299 26.4037 18.720092660199732 0.02082068734114785 21.26570458762844 g
2459536.9465278 1099.6554441245066 66.1658444853504 26.3397 18.73655842836851 0.06532615078802029 20.040690339559912 g
2459537.968206 838.7512850512941 98.0044364821528 26.0127 18.70361700359908 0.12685931882914034 19.287160649517812 g
2459538.8829398 925.4201284796359 92.5522574460411 26.1614 18.74555264637665 0.10858201893041924 19.498007448876805 g
2459540.9506597 1208.2268831994481 64.9503907937243 26.36 18.654628763481107 0.05836373967943398 20.081120567956525 g
2459540.9853009 1196.9929344636237 39.4112078870636 25.662 17.96677103278204 0.03574686798143777 19.925525625502182 i
2459550.9654051 1113.5836833243234 23.5084950015177 26.3888 18.771992852860464 0.022919851830941678 21.21331292224484 g
2459623.7035301 1062.9233782363915 36.5179051113765 25.6348 18.068545102117156 0.03730042107569862 19.981110349634683 i
2459623.7429514 1112.795044034076 61.4050838175358 26.3673 18.751262042985402 0.05990995364161339 20.149364167882617 g
2459628.7049074 1035.4439133614733 77.8233060815542 26.3593 18.82148355114242 0.08160052159507648 19.884100797878936 g
2459628.8260995 1198.2843915928522 45.2136751617726 25.6717 17.975300244011397 0.04096564009974653 19.786100464683756 i
2459636.735162 1011.9553305932241 25.6350576107801 26.3589 18.845996643901202 0.027503172528088184 21.08938924469396 g
2459636.8648843 1177.2243418306603 29.0430303965912 25.6384 17.961251916096714 0.026785054454909363 20.233370165713957 i
2459638.8607523 382.97848105200353 49.6824045618194 25.4458 18.987864069144514 0.14084390977947128 19.45786847178926 g
2459639.7141667 1090.7319039701017 37.8226983686459 25.6472 18.052904958851073 0.03764820985741009 19.955393715908993 i
2459640.8559259 1003.39480790882 24.5407904753314 26.3834 18.879720376424903 0.02655379119869681 21.161253620327408 g
2459671.8051505 1087.063478368542 21.0469781951011 25.6205 18.029862737069806 0.021020579461206314 20.56510061134339 i
2459671.9051968 783.8167414382228 28.2124810786166 26.1896 18.95406366180098 0.03907838285113766 20.81607178712043 g
2459674.8639352 811.6125567669778 33.0722951202997 26.2544 18.98102810612845 0.04424104890040351 20.708314152352365 g
2459676.8113773 837.8491884962497 38.7426557798402 26.2795 18.97158536660502 0.05020342796496101 20.56160151925302 g
2459678.8098264 900.2264646204683 34.3312206452327 26.3058 18.91992055983774 0.041404477339203154 20.719151876600193 g
2459679.6801736 1078.9683622549874 35.3977857692245 25.6237 18.04117822401914 0.03561863104987386 20.00383474781604 i
2459683.7779282 953.8786524240675 74.5582603611823 26.3523 18.903567176276 0.08486184596795913 19.923635573559125 g
2459683.8165856 962.3804322409723 51.2161179613342 25.6024 18.14403303985674 0.05777895872336006 19.581458346481433 i
2459685.8210648 793.751688033902 106.877627655088 26.3133 19.064088345264004 0.1461880863933016 19.493657975969633 g
2459688.6726157 969.8863906834356 28.1176270796971 26.3926 18.925797836470785 0.031475137720940606 21.022728322550584 g
2459688.8085532 508.81576976759345 108.700471825067 24.8063 18.039898592569145 0.23194269767696124 17.968296416189425 i
2459690.766331 901.0249745642633 25.5462172593177 26.3492 18.962357927754542 0.030782196788556457 21.083458485813733 g
2459694.6971528 945.5393185603602 29.5429378628395 25.5434 18.104201017711652 0.033922193406531825 20.11984078658661 i
2459694.7598843 758.683663636235 26.0621115513993 26.2238 19.023648168214095 0.037295694987998444 20.936350990844126 g
2459697.7464699 930.4192342983946 20.8968374017895 25.5783 18.15660330034403 0.024384380213540054 20.530673580447036 i
2459699.701956 738.229087439882 24.2865810368452 26.3003 19.129822117216392 0.03571782998031775 21.089459036785 g
2459700.7293056 954.3134374228324 25.6491900220158 25.6195 18.17027240237443 0.029180481501031308 20.349390851556272 i
2459701.6833912 762.5124952647468 18.9028635683499 26.3655 19.15988258788715 0.026914757598866485 21.426755989609102 g
2459703.769375 758.0181502392427 33.9096526252669 26.2623 19.06310098837905 0.048568375102407045 20.68906663707558 g
2459710.677662 831.7274034953723 62.268208553879 26.3661 19.066147473203987 0.08128215295400278 20.133009060859205 g
2459712.6865394 874.9531513089067 60.8706844539504 26.4105 19.05553800079486 0.07553238937740736 20.202054526263282 g
2459714.740463 762.8675937736447 69.7199805147549 26.2828 19.076677083302293 0.09922427359960624 19.926981846505097 g
2459717.7838889 661.3188640287315 77.0334762477059 26.1392 19.088172722323904 0.12646735139631632 19.67507624797534 g
2459739.7287037 963.7128672762699 44.3178095555556 25.5225 18.062630855939226 0.04992757435153477 19.658629271944086 i
2459742.6878125 995.1094338582103 44.3261027799705 25.5691 18.074422891333242 0.048361364238730664 19.705026116334402 i
2459865.9649884 856.0755670252552 81.7809415928683 26.0368 18.70551974457587 0.10371697512161064 19.507744722812227 g
2459867.9900694 530.3833464379168 68.4759052818571 24.7988 17.98732530211748 0.14017086106457252 18.4625305328356 i
2459874.9753704 927.4550818592035 28.4151165492439 26.232 18.813767786959033 0.0332633813118698 20.85070138487448 g
2459878.9530903 863.5686870493882 37.6205946552127 26.197 18.856257783862723 0.047297545904218835 20.51101084914662 g
2459879.9855556 1251.3477412082655 45.5048149175194 25.6007 17.857254964971247 0.03948109380710367 19.70813160842513 i
2459881.9615972 940.1250298082983 31.8706712326521 26.2503 18.81733596136001 0.03680572972761517 20.74439696339317 g
2459882.9568634 646.3125723557964 38.9598423701879 25.0535 18.027393489770756 0.06544619843481474 19.32953201147565 i
2459885.0070023 98.05216244248884 28.5710315822384 23.6936 18.7149570598991 0.31635782644804333 18.306360186034233 g
2459888.9338657 276.7966400917844 76.1553925629229 25.2892 19.18379796471499 0.2987099470504717 18.837523336283095 g
2459889.9286111 1180.4068180645897 48.8181644095288 25.5827 17.90262072666775 0.04490136814554154 19.613821374982212 i
2459893.9252083 924.3798594007278 96.1677554690335 26.2441 18.82947381399275 0.11295067828545927 19.539101289556 g
2459897.9661111 993.6416681138736 77.8030754087755 26.3208 18.827725511888918 0.08501132921654712 19.845883078733834 g
2459898.0167361 1168.1894134297652 40.1406589074236 25.6417 17.972916834544588 0.037306204691444925 19.885313746315575 i
2459902.008588 1016.8555156577712 33.3838097814979 26.4306 18.912451878288774 0.035644004208726425 20.87433524632854 g
2459903.0001389 1170.8392566216658 49.1342292124086 25.6381 17.96685681175134 0.04556136323087896 19.66221462041857 i
2459904.0046065 1023.1125732876653 29.3865193519516 26.3899 18.86509144536804 0.031184197021341113 20.972104614975244 g
2459905.9690046 912.4211565496748 28.5278938036336 25.468 18.067511632945248 0.03394565555639739 20.082400716276034 i
2459908.9585417 884.7153377256942 53.4289264596201 26.3833 19.016291108966442 0.06556660994069355 20.316433869038033 g
2459910.9915972 970.5060839703938 28.477458719612 26.4322 18.964704344335395 0.03185758177362022 21.04852191169283 g
2459913.8842708 1103.659605333675 51.9407379072071 25.6168 18.009712131553908 0.05109551792357704 19.58060470107346 i
2459914.9672801 985.5492752040464 22.8888774105543 26.4195 18.935304142783444 0.02521482672644025 21.2730137563112 g
2459923.9141551 1156.8315141604537 70.1121623882777 26.3992 18.741024722323974 0.06580109010964848 20.037291584758684 g
2459930.9508102 1110.2022971164592 33.8641050672775 26.4175 18.803994696014335 0.033116720229310094 20.845725981868497 g
2459933.9238426 563.396821613844 27.8292015550512 25.6397 18.76266401850635 0.05362856688074836 20.281023123631147 g
2459935.8811458 1077.167911675292 26.3196879027242 26.4007 18.8199914812397 0.02652816227281153 21.102573151323426 g
2459936.9788426 1173.2057315610014 25.0839647941705 25.6532 17.979764559977017 0.023213030625749965 20.407284532752353 i
2459937.9067708 1093.8584111563018 35.0917683337212 26.3897 18.792297223418387 0.034830040607949496 20.779261855154132 g
2459965.8627431 1064.6358388100582 43.2962743053407 26.3797 18.81169729568181 0.04415290496499516 20.541148673117604 g
2459971.8753472 1164.0929045216405 33.8831599796038 26.4106 18.74563089476731 0.03160138391615115 20.83821522337596 g
2459977.9834259 1007.6518679444206 75.0625026792689 26.3718 18.863523714233224 0.080876502839349 19.935817388538403 g
2459984.857963 1177.9197594472207 46.8489883531524 25.6468 17.969010732310753 0.043181164291604394 19.722624445998385 i
2459993.8393287 1069.333140778261 22.5424273320669 25.5872 18.0144174332776 0.02288745426576102 20.457273293273783 i
2460013.8221181 520.244492248899 90.6908602667665 25.6198 18.82928127225779 0.1892630646909781 18.978466185393827 g
2460017.7177778 979.7644227393098 22.4523876028435 26.4266 18.948795836797416 0.02488001876231953 21.301018661713112 g
2460017.7363426 1124.9704889805157 29.0040160325551 25.6146 17.986747175306036 0.027991543347134388 20.211029647859004 i
2460021.8230671 1001.0738483610869 27.3373961292708 26.376 18.87483470951667 0.02964837312066479 21.036682124383645 g
