jd flux fluxerr zpdiff mag mag_error limitingmag filter
2458198.859294 1682.3814784831952 26.5053580168552 26.1779 18.11308880372401 0.01710484070761668 20.87214080224785 r
2458202.7925579 825.760664672302 39.8306017511583 26.193 18.900864521752823 0.05236878695159658 20.445032819971093 g
2458202.8130324 811.9859120738267 35.1851763893692 26.2131 18.93922876421749 0.047045823625650414 20.599775657754567 g
2458205.806956 807.859074202048 65.4753189088313 26.2369 18.968560981214395 0.08799375535830052 19.94928093313849 g
2458205.819456 882.9334455495175 65.7135446868514 26.2417 18.876880079447773 0.08080472636542947 19.950137753369823 g
2458210.8094213 795.5160729808549 127.594882874869 26.0893 18.837677603097006 0.17413823433908066 19.077291845198857 g
2458210.8450579 434.13011656390836 190.045014058719 25.6611 19.06705021287484 0.475276567764165 18.216533788858186 g
2458214.7992361 14.381880755253723 42.9810925738286 22.3188 19.424260791103535 3.2446780084975377 16.488181361646337 g
2458214.8256944 728.5906121023684 59.3105746614076 25.2455 18.089291072367445 0.08838089571876453 19.06524465930469 r
2458217.8186111 1212.6330698878928 30.7408036565804 25.915 18.205676480583342 0.027522992204917246 20.448286946486817 r
2458217.8467593 1474.2548568209663 27.6805312881492 26.0145 18.093068581993805 0.020385045828743842 20.661638935346893 r
2458218.7588194 1494.1905619467884 30.0234797124991 26.0007 18.0646850278472 0.021815485088722646 20.559622425591137 r
2458219.7152778 1503.2749658680295 36.7910808829227 26.0594 18.116803937026987 0.026571370788127536 20.397618621335788 r
2458224.8004514 1266.3978478766178 38.8126124795361 25.8466 18.090174590468685 0.0332745775268704 20.126742798873863 r
2458224.8231134 930.4904532401602 42.4164708684141 25.6215 18.199720195845092 0.04949170865910137 19.80523866028173 r
2458227.7721991 1178.027434547459 34.1475023099432 25.8048 18.126911488359056 0.031471205313777215 20.223977631464475 r
2458227.7936343 812.08741613014 27.9933562058411 26.1976 18.92359304789594 0.03742501882064774 20.83253756308239 g
2458230.7521065 1593.3651800779796 29.3888912332451 26.1004 18.094611694336987 0.020025239418356468 20.682516985220914 r
2458230.8142245 771.6270974875697 25.6198987689485 26.2068 18.988281323738452 0.03604788398957888 20.937931465663063 g
2458231.7596065 1602.4011819675534 29.1757713422711 26.1184 18.10647185842219 0.019767917861499142 20.7084191225452 r
2458232.7936574 1238.7530818605117 25.9201571118641 25.4752 17.74273813008938 0.02271761417867431 20.193680915086325 i
2458242.7308333 809.2616669787697 23.5985727813614 26.2147 18.944477576838572 0.03165968624755857 21.035060644014592 g
2458243.8372338 1186.965531296281 27.9662148263849 25.4678 17.781704731225936 0.02558028741057615 20.10379076560306 i
2458247.6496065 1128.301575941074 49.3639568521581 25.4603 17.82923701315536 0.04750010909954365 19.479350079071466 i
2458248.7117708 779.3974888423819 20.1258500210195 26.2287 18.999302494509635 0.028035290953111785 21.221889409213308 g
2458248.7512616 1533.035048648731 24.2694853654183 26.1319 18.168019790194883 0.017187722018788737 20.921823571128705 r
2458254.6885648 1612.3118026933487 25.8830240229013 26.1296 18.11097741703678 0.017429134448263175 20.84963745061574 r
2458256.7761458 1515.5502672544965 25.179185051405 26.1311 18.179674136315448 0.018037700102044772 20.881070815060504 r
2458257.7301042 1517.101808348064 24.8970620232444 26.0843 18.131763184947843 0.01781735417484577 20.846504736116795 r
2458257.771713 1456.863475435365 25.3625468376458 26.0764 18.167852861555012 0.018900959194823135 20.818492833998555 r
2458261.7918519 1096.6028790053351 33.3293363877993 25.4075 17.807376545651476 0.03299796235174544 19.85300832261934 i
2458267.6639815 689.5067846395757 101.973646999932 26.2106 19.11425364019229 0.16056809158984392 19.441955109785596 g
2458267.7321875 1120.609869820416 37.1517668935669 25.4397 17.816063891959928 0.03599439412648543 19.767326306376155 i
2458270.7383796 807.2468499488449 43.9519386682422 26.1605 18.892984102545363 0.05911279779553737 20.30562989903418 g
2458273.7388194 827.9800495345071 21.4804508495036 26.2171 18.922050318911772 0.028166530703749904 21.13956650802077 g
2458276.7354861 800.5498342858468 18.1424173396954 26.2194 18.96092907009966 0.024604617554232287 21.32523710658542 g
2458278.6694907 1175.689828721648 40.4811580138347 25.4723 17.796568097525004 0.03738264309338163 19.706742670302866 i
2458279.6700694 1802.443622635387 45.4049912964707 26.275 18.135345775968304 0.027349648239483538 20.3848159972504 r
2458279.7152199 769.9230922059071 19.8096445613926 26.2144 18.998281636090656 0.02793438892537082 21.224783281183186 g
2458282.6904861 1499.8490900724669 28.2473239490332 26.1144 18.174281090103896 0.020447470225143507 20.73953171268436 r
2458282.7327431 750.4877192173398 22.4275176165354 26.202 19.013641025106676 0.032444975784101944 21.07762197295802 g
2458283.6817014 1131.3216383568206 29.6738697636004 25.4584 17.82443476552655 0.028477242289057757 20.030039523486767 i
2458285.6707755 910.3737746485448 780.120517871923 26.275 18.87695065398024 0.9303616490715885 17.297170738191394 r
2458288.6878241 1133.6426118031195 30.3853936296266 25.4474 17.811209595056155 0.02910037212805026 19.99331282211778 i
2458288.6930556 810.7405863312396 31.8682493709585 26.207 18.934795213261378 0.04267623815235221 20.701179471942112 g
2458292.6905556 763.3842583659346 59.55845307191 26.1844 18.977541999542417 0.08470519504631459 19.99961646621859 g
2458292.7319907 1680.1194107201152 57.6501022569781 26.1094 18.046049626676584 0.03725373066999693 19.9599747842548 r
2458295.6727546 822.4572114638943 78.1962039147835 26.2273 18.93951671766533 0.10322435916048556 19.746910812996212 g
2458295.7324653 1679.6785594953863 47.8353777735667 26.0776 18.01453455341479 0.030919528831971153 20.130801968921475 r
2458298.6734954 776.6324798288682 65.5792543407407 26.2235 18.997961126557456 0.09167707800919046 19.934158803460118 g
2458298.7534028 1493.1455611455378 52.1074886627347 26.0583 18.123044631188403 0.03788853673296816 20.01862463238959 r
2458302.6920486 815.1803146854504 20.3998729710791 26.166 18.88786579099864 0.027169623316096358 21.144506331395593 g
2458305.6790741 1432.4311267728956 36.7520213545478 25.9495 18.059315625812527 0.0278559079308242 20.2888719136717 r
2458305.6938426 647.7730291224549 24.3333772195925 25.9015 18.87294284592087 0.04078395743506231 20.68856901748574 g
2458316.6683102 583.0600172562359 59.4167703427295 25.9718 19.057516847143425 0.11063833165008793 19.78960238515134 g
2458324.6645139 1439.3983514523322 87.3282065853882 26.0012 18.105747497617852 0.06586935006149743 19.400888635742678 r
2458338.6748495 582.2455648048016 28.2799895364702 25.9305 19.017734527434627 0.052733050272420895 20.554376878067572 g
2458438.048044 1534.6758209095563 69.4895610685568 26.0259 18.060858373038595 0.04916009975801811 19.67367606800226 r
2458438.0485069 1469.1125696116337 66.2108550108027 26.0141 18.096462313641958 0.048930985121331885 19.714351998762048 r
2458438.0489583 1557.6811090105186 66.2208793335834 26.0074 18.02620361757697 0.04615579419727431 19.707487630753945 r
2458438.0494213 1449.6056989365015 75.2667727009995 26.0193 18.116175280728914 0.056371974241979504 19.580366752422083 r
2458439.0453125 1346.1572748503079 45.1613557303929 25.9855 18.16276049365039 0.036423443852011926 20.10115756206223 r
2458439.0457639 1444.5144583751687 48.0163878431382 25.9907 18.09139526718856 0.03608921460013216 20.039801274097208 r
2458439.0462269 1464.2527042280362 50.003961264362 25.9974 18.083359913076315 0.03707645585216079 20.002463963964427 r
2458439.0466782 1392.9369047848595 49.1092433712178 25.9933 18.133471387914188 0.03827732996733702 20.017966881698808 r
2458440.0405093 1029.1267164396334 61.2287574190137 25.6082 18.077027868093193 0.06459463238871473 19.393386374358855 r
2458440.0438657 897.8634908872647 39.5242384422165 25.4959 18.112874218635056 0.047792861734816214 19.756316212543666 r
2458440.0472222 1002.1381172540655 46.3554639827676 25.6236 18.12128104690157 0.0502207493952966 19.710922658184842 r
2458440.0505787 1119.4555254895677 46.2654563610733 25.7821 18.15958288924128 0.04487038995966382 19.871532863179084 r
2458442.0399537 668.280510053744 53.805450179328 25.2287 18.166303011486512 0.08741325892475672 19.154209315657425 r
2458442.0433102 822.1242923161974 45.10608669589 25.5295 18.242156297431997 0.05956724400851638 19.646487113396525 r
2458442.0466667 579.335951306368 53.5833529583804 24.9978 18.090473800150995 0.10041746274459827 18.927800274314585 r
2458442.0500347 697.1070283685485 61.681261713251 25.0967 17.98845134650011 0.09606465451768782 18.873891867185876 r
2458443.0406829 1237.576527415283 38.413841838658 25.8807 18.149269840770692 0.033699659908171566 20.172055629350865 r
2458443.0455671 566.9716299769127 41.3141644101237 24.881 17.99709667927889 0.07911293251462655 19.093327555507955 r
2458443.050463 812.6403375766182 38.9993597119454 25.3603 18.085554060266002 0.05210374489349912 19.635231296968808 r
2458443.0553588 878.6342490253213 45.1815884742949 25.4684 18.108879680024778 0.055829431485237155 19.583571250195007 r
2458444.0426273 1427.3716039690007 41.7178623203626 26.0167 18.130357368293105 0.031731809008441886 20.218469872938627 r
2458444.0474306 1505.234776881073 37.8902160425048 26.0446 18.10058939078697 0.027329562264423873 20.350857285302094 r
2458444.0522338 1491.393461922513 39.5209373004749 26.0407 18.106719412831133 0.028770329710185446 20.301206899143434 r
2458444.0570486 1469.7601633867382 60.1147199368447 26.0544 18.136283819958926 0.04440625964785977 19.859522918778744 r
2458448.0469444 1565.2104926109841 121.235263608325 26.0476 18.061168123517042 0.08409420095311898 19.091102586387276 r
2458448.0520486 1458.144121957817 115.049732396072 26.079 18.16949887132485 0.08566333915930219 19.179360957051262 r
2458448.0571528 1374.0198874705607 99.2947051847197 26.0725 18.227517453205333 0.07845902552219061 19.332759762442336 r
2458448.0622685 1714.1155588984618 124.554289399006 26.0865 18.001399757519497 0.07889117585946333 19.100678268265433 r
2458450.038831 1565.5764417247083 57.1364138644744 26.0699 18.083214306050696 0.03962310806383977 19.93019254253916 r
2458450.0492361 1620.1229483638322 56.8292455324505 26.0829 18.059030065850422 0.038083228150611693 19.949045263233792 r
2458450.0542245 1572.285000631038 55.7961519588371 26.0833 18.091971821659563 0.03852856330588695 19.96936436819008 r
2458450.059213 1570.8322458080872 63.0788953177294 26.0911 18.10077548044577 0.043597753247819296 19.843964791532347 r
2458450.0642014 1529.1239578723237 82.9466207012198 26.1084 18.147293268094685 0.058893293530382064 19.563978245950633 r
2458467.0408449 86.70361104951104 39.2494070438317 22.2272 17.38210703640698 0.4914798900723339 16.49519223897506 g
2458470.0441204 413.02483833615156 36.599919526913 24.8653 18.325359575290193 0.09620857861828828 19.20917466290453 r
2458473.0408912 844.924976538838 27.2202619422131 26.2002 18.883154629169237 0.034977115378601105 20.86554423883678 g
2458475.9903356 1595.3016407855405 65.827090605831 26.0723 18.065192970321043 0.04479934731061834 19.778863337217214 r
2458476.9929282 1675.6896622458403 51.5543770882606 26.1223 18.06181602401052 0.03340271678331379 20.09421112963203 r
2458481.0209259 811.3494758520108 77.4375145205622 26.1689 18.895880100162714 0.10362231321673938 19.699096476269634 g
2458487.997662 826.0960105311605 26.8645523371603 26.2062 18.913623687931647 0.035306845815296146 20.88582596912978 g
2458488.0446181 1691.5017154307855 31.5902272232569 26.1415 18.070818893593717 0.020276367078679112 20.645193114848826 r
2458492.0016782 793.2398739296858 29.0342177053754 26.1457 18.89718865790036 0.039738862352651075 20.740999666794 g
2458495.0051273 822.5882602336188 21.0141109162836 26.1883 18.900343732302158 0.02773565017245631 21.134597438628717 g
2458502.9999769 690.7812219691133 61.0167719388162 26.0494 18.95104869175261 0.09589998567872882 19.838351919694492 g
2458503.0413889 1575.2530154324772 44.2972463318177 26.0211 18.02772420090654 0.03053066388147854 20.157733164576687 r
2458505.9608102 933.5159609080175 98.5338621906555 26.2164 18.791095630615537 0.11459709170514719 19.485011224202875 g
2458506.0446644 1802.9255511121376 68.7829037084171 26.1341 17.99415551598481 0.04142023419112534 19.792973724521588 r
2458507.989294 928.6267079974041 99.1029017975429 26.2336 18.813997074641726 0.11586573975847043 19.49595906141775 g
2458511.9929167 801.830155742461 32.1822033013185 26.0923 18.832094036382756 0.04357558502135447 20.575835554074352 g
2458512.0407407 1567.4110349295004 48.144932463127 26.0053 18.017342750063982 0.033348593323874395 20.051498534606203 r
2458522.9593403 971.2947596024169 34.6329094278644 26.1905 18.722122385984804 0.038712192559572436 20.594352546353896 g
2458526.9759606 710.8331142674958 34.2620728729255 25.8505 18.721080871804354 0.05233061287031853 20.2660409030036 g
2458526.9813079 1286.139082358347 41.6334826760697 25.7292 17.95598016127699 0.035145088708854536 19.933168135391462 r
2458539.8561806 1498.8463742136978 42.7438031970635 25.8155 17.87610719581519 0.030961776956892704 19.99089208520667 r
2458539.8959375 648.807909417876 47.8521001735451 25.7115 18.681209661035098 0.08007458664465306 19.764322481120953 g
2458543.8745023 1862.124453375327 32.9965493757823 26.0295 17.85447824178096 0.01923843145518596 20.485903674723698 r
2458547.8555324 988.1290216437251 21.7881865929446 26.1668 18.679765862899423 0.023939620905587614 21.07382227442663 g
2458547.9393171 1354.2350155285621 23.5590272207654 25.431 17.601764902845094 0.01888744240127465 20.253181604238993 i
2458556.8758333 876.071859201525 41.4774605413527 26.1974 18.84105067414957 0.05140226619171406 20.405444592061187 g
2458556.9004282 1413.34846913083 37.1494006619326 25.4342 17.558576867914965 0.028537268182321638 19.76189546015771 i
2458559.7719329 1795.938826008508 47.5220264954443 26.0523 17.916571151325755 0.028728519824237856 20.11263760887864 r
2458559.8526273 925.5365530539666 51.4506078259554 26.1716 18.755616061466913 0.06035409917881728 20.14569871469375 g
2458560.7942593 1319.339627491374 39.9329854792339 25.4407 17.639808482401918 0.03286132049049494 19.68994553857466 i
2458562.8558565 1237.556013159988 138.363469731864 25.9821 18.250687838247046 0.12138538982515094 18.882121378525518 r
2458567.8111921 1007.9487467367574 62.4229019958243 26.1301 18.621503877006294 0.06723808617876716 19.89431510206797 g
2458567.8604398 1650.7265495958322 45.325909296574 26.0814 18.03721215911658 0.02981132140592224 20.193108675745037 r
2458572.8341435 554.6517816093382 26.6210105991302 25.6787 18.81864896916451 0.052109146974367276 20.368213643310426 g
2458572.8562269 1334.090813765859 35.8627090963282 25.782 17.96903651567575 0.02918552685028612 20.14796725565766 r
2458573.8512731 1242.799793148512 29.8408075483859 25.3943 17.658297069252484 0.02606869178277298 19.95984855969672 i
2458575.8142708 571.1858989265963 20.6872513470946 25.7046 18.812656306712235 0.03932195950521352 20.66791801141892 g
2458575.8745139 728.7763623419097 29.4872327816172 25.245 18.088514305067594 0.0439288241019844 19.823489943509752 r
2458580.798912 885.7188586105071 22.2704372271595 26.1923 18.82406027070562 0.027298745490706256 21.075553130513036 g
2458580.8451852 1658.7411295609088 31.7471830730505 26.0936 18.044153466487646 0.020779563518470816 20.591911998168985 r
2458581.7732176 1219.659523180597 28.8108769965164 25.3771 17.66150347216777 0.025646476381823963 19.98078379339377 i
2458583.814375 1536.0928117865765 31.1798727856294 26.0326 18.06655635784943 0.02203772299668909 20.550489141839623 r
2458586.8315394 1608.5388186819891 34.5050244965774 26.0752 18.05912113464212 0.023289525040266004 20.483069138994548 r
2458587.8391435 1052.3198734458163 31.0254013525238 25.279 17.723630569284943 0.03200954300913855 19.802281468281066 i
2458589.7565972 1529.7342807718553 72.1332941142073 26.0105 18.048960002068142 0.05119524247065939 19.61773557519122 r
2458593.8162269 1782.0519480586831 83.3084945822943 26.1267 17.99939910031801 0.05075499211261964 19.577551772493905 r
2458594.7966435 1368.0812991466114 60.1911456754653 25.4089 17.568620234022134 0.04776728320211433 19.21264346479891 i
2458596.7310995 743.1272813918938 31.6158605608819 26.1595 18.981841986890764 0.04619039116240943 20.662312470429605 g
2458596.7735532 1603.5002649688493 36.3136134879613 26.0656 18.052927409927406 0.024587267632690726 20.4180013222757 r
2458600.731794 876.2345050992467 23.8927398848916 26.1591 18.8025491220194 0.029604343976489127 20.966010101530717 g
2458600.7761343 1734.3558709423628 26.1499526499122 26.0722 17.974354463041706 0.016369768204828355 20.781097722107788 r
2458606.7508333 1719.1589250367415 29.235293519907 26.0486 17.960309934407796 0.018462957503410964 20.636406342971092 r
2458606.8793403 826.3329775790103 22.5503621449728 26.0808 18.787912287312558 0.029628405068047793 20.95049118722806 g
2458607.753669 1205.5815066232233 23.9402560558283 25.366 17.663008556579875 0.021559667145703794 20.170753011302416 i
2458612.6507639 1121.8205420171773 28.5433711967056 25.34 17.71519152936897 0.027624327552907977 19.953811825652167 i
2458612.7492824 1629.8158354043996 22.1790675578405 26.0371 18.00675366718997 0.014774561103446762 20.92481677968987 r
2458612.7518519 819.4528887840784 19.2927820103662 26.1321 18.84829002356573 0.02556116857399205 21.171187846095517 g
2458616.690787 1141.9279318442605 34.6214587208613 25.3282 17.684103259905783 0.032916716269941936 19.732411583555706 i
2458617.6945139 835.8511394556525 67.3099169040075 26.0912 18.785877652902123 0.08742989431141195 19.773577353139256 g
2458617.7530208 1729.9414855825169 55.9504190861237 26.0728 17.977721466048536 0.035114118314441105 19.955866629465103 r
2458628.6706597 1200.93052297632 26.4481570964129 25.3292 17.630405292401967 0.023910429129913695 20.025786449530855 i
2458633.7057523 1753.933652226101 25.0092836110554 26.0471 17.93706709785978 0.015480961427509342 20.804421860215697 r
2458633.7504167 888.2872006513912 21.4884908840128 26.1096 18.73821648901027 0.026264089514815143 21.03166019796035 g
2458635.6633796 1176.9962002399768 33.8708376328603 25.3516 17.67466234802624 0.031243574457163668 19.77961014673417 i
2458636.7037153 1691.4453916163388 23.5129852129745 26.0293 17.958655047161955 0.015092445888147716 20.853605562326003 r
2458639.6721181 1783.5954092093907 29.5393388159192 26.0366 17.908359135375477 0.01798101743638118 20.613173063667606 r
2458639.6900579 1239.9156854680898 24.8191204916684 25.3424 17.608919614878523 0.021732218919088643 20.10800902050609 i
2458639.7344792 922.106641503108 22.0455926024233 26.1174 18.705447124865533 0.025956759024569183 21.011670545440616 g
2458642.6937847 1146.5419156626722 24.1673249958844 26.1713 18.52282515890237 0.022884871795434122 20.965803533167588 g
2458642.7255903 1965.9817927260583 24.589269993933 26.08 17.846051271390962 0.013579256192090782 20.85571090016317 r
2458648.6909954 1894.6597309897518 70.5003644814395 26.0586 17.864771938148248 0.040398940488123404 19.69069658349462 r
2458649.8263773 1207.065247118118 69.2064017526413 25.2636 17.559273134413857 0.06224799410158982 18.915809315256027 i
2458651.6896991 922.1998965735148 80.057322967272 26.1378 18.725737327058916 0.09425097082369752 19.631872330007653 g
2458651.7324074 1768.2884676881552 68.8716759310169 26.0401 17.921217213542207 0.042286074882377025 19.697573360949704 r
2458653.7391435 1163.8039325207487 38.3010759697586 25.3248 17.660100449122254 0.03573065618561617 19.61934755285686 i
2458654.6924421 1853.1506187875916 27.552892860176 26.0403 17.87052320257976 0.01614233375043427 20.6924569805321 r
2458654.753669 900.6921670164044 43.5003729080052 26.0546 18.668159035342075 0.052435622952809666 20.210942539233432 g
2458658.6754398 1742.5070428681504 33.7362303218055 26.037 17.93406364473544 0.021019958232189315 20.46933360664977 r
2458658.7075694 909.968318859721 19.4564095854755 26.0982 18.700634319153075 0.023213801457858407 21.12811823862516 g
2458661.6941319 1793.795666237537 25.8017594665102 26.0389 17.904467573909333 0.01561658932510801 20.762351683501652 r
2458661.7145486 958.7606834159925 28.2184825644196 26.107 18.652724459242965 0.03195459205839951 20.733240848996303 g
2458667.6940741 989.0002442723182 25.9903618131649 26.1308 18.642809002841968 0.02853157618915963 20.84634417571261 g
2458667.7146181 1830.8013988340122 28.1642942410423 26.0594 17.902796911048732 0.016701961379849233 20.687727806965167 r
2458670.7085185 916.6971896434687 32.9882276053984 26.0521 18.646535250206124 0.039069955832536925 20.508777533266674 g
2458676.6717708 985.6568382403417 61.6951090978648 26.0994 18.61508565179245 0.06795709962012043 19.876348147796488 g
2458676.6910417 1837.034533631867 56.0329014568956 26.0229 17.862606698749918 0.03311582879799177 19.9043672106952 r
2458679.6712384 1069.184332543058 60.4625245308149 26.1414 18.56876853467453 0.06139648785066923 19.94025929766442 g
2458679.691713 1929.643572164223 63.5197380113028 26.0558 17.84210725719247 0.03573892119440714 19.801103243748383 r
2458683.679294 979.4203215084503 35.3334205927752 26.0771 18.5996772231566 0.03916755033068308 20.459210781458932 g
2458686.6669907 1928.292816441538 41.0758166055197 26.0242 17.811267541605744 0.023127200240734187 20.24280947375856 r
2458686.6709954 1052.367637495109 40.8856806967319 26.0616 18.506181289610552 0.04218068092449122 20.28524690760519 g
2458692.6662269 1419.9678639618812 59.9283002637086 25.6723 17.791603710630305 0.04582086485730149 19.48079508903523 r
2458692.6995486 907.9367730307122 32.4838549453332 25.9395 18.54436098464428 0.03884380758852167 20.41290608289239 g
2458695.667037 542.8946094872599 43.7250068640019 25.3307 18.49391117630637 0.08744282798660002 19.481450273343036 g
2458804.0396991 1562.7398938233787 71.529681849702 25.8257 17.84098325245297 0.0496946266561482 19.44205925568442 r
2458804.0444792 1518.1785246618683 66.2265724468506 25.8211 17.867792890408346 0.04736082650198197 19.521094292315002 r
2458804.0492593 1598.9996754869562 68.8134325329336 25.8595 17.849879060981877 0.046723426431124045 19.517891934794978 r
2458804.0540394 1483.028805766171 76.7004600748959 25.861 17.933126033312732 0.05615109374783394 19.40158006666073 r
2458806.0454745 1272.8682824559492 69.2841101219507 25.6454 17.883441338002978 0.0590962626661295 19.296390880899988 r
2458806.0503935 674.8210403192159 93.4507316867491 25.0184 17.94542846239134 0.15035017186824723 18.344518223902426 r
2458806.0553241 1101.645929733521 111.239427200708 25.4842 17.87909491450764 0.10962927638739843 18.621128129389202 r
2458812.0488426 778.6523489366404 56.2814986188768 25.3248 18.096441004851652 0.07847510270014828 19.20146085675018 r
2458812.0537037 1529.0749553330145 48.9680939546372 25.8592 17.898128062320023 0.03476916512243246 19.88699198973793 r
2458812.0585764 1727.2549658937166 62.3764061934448 25.9728 17.879408875091663 0.039207914026278254 19.737824115821024 r
2458835.9826736 2128.6128525390063 116.844199489352 26.093 17.772758299780392 0.05959643964109008 19.17655709533451 r
2458836.0465625 1295.251253829452 67.6590469636463 26.2144 18.433514946586953 0.05671287873395339 19.891160298958386 g
2458850.0781134 328.82001845441806 67.0595711908761 23.7259 17.433504376555305 0.22141771290006432 17.41232305909242 r
2458853.046875 2344.64709662945 36.9482676003734 26.176 17.750806289110113 0.017109071207941005 20.50958978823516 r
2458856.0427662 2367.6593296904443 35.1968992499472 26.1615 17.725701964626857 0.016139684048491813 20.547813976626095 r
2458859.9798611 2492.871692757181 66.9924803786381 26.1622 17.67045018476899 0.029176686533209418 19.8497098448459 r
2458872.9393866 1208.2715433468577 25.3283035432731 26.0955 18.390088631744685 0.02275890656231197 20.839059733442802 g
2458876.0030556 2274.8175535104483 32.5190926554247 26.146 17.75363357299082 0.015520356277148992 20.618228940538735 r
2458879.0434722 2186.312089469925 45.6755602897789 26.1066 17.757319609327737 0.022682011431696434 20.20996528058364 r
2458883.9805093 1285.9264705843398 42.2753036477212 26.1886 18.41555965926907 0.03569278510105963 20.375958150019734 g
2458884.041331 2341.2830068828775 40.8081340188169 26.1387 17.715065217468297 0.01892355216092246 20.36440814715808 r
2458887.0387616 2485.4601723501105 45.5430239072962 26.1883 17.699782979287875 0.019894127295308095 20.294820331748635 r
2458894.8347106 1091.639729037453 35.1242781858384 26.1012 18.506001667601172 0.03493316321492766 20.48975646884354 g
2458895.0216204 2267.6481456133097 49.2181695905523 26.1752 17.78626082712975 0.023564575848256324 20.19746134320664 r
2458898.9386111 1189.4963739129998 21.0306946140155 26.2255 18.537092193843954 0.019195539930335796 21.170940946524972 g
2458898.9764583 2241.8051698150975 26.8306117078063 26.1506 17.774105334114985 0.012993990523078293 20.831598553632137 r
2458901.9179977 2150.0454976946753 30.5107420093824 26.1378 17.80668087441021 0.015406889126348423 20.679243065050514 r
2458904.9198843 1134.4411339757278 46.522906531903 26.2106 18.57364508671687 0.044524055157160576 20.294007890219746 g
2458904.9770486 2273.7886933282944 37.025232596539 26.1538 17.761924743563885 0.017678993280251343 20.485130500442462 r
2458908.8542361 1112.6200996508533 26.6450291653046 26.1894 18.573532746821595 0.02600034654582381 20.877934489284154 g
2458908.9555556 2210.626186499965 29.4266140616037 26.1478 17.786511724360214 0.014452228550348644 20.728524255670923 r
2458911.9164815 1141.2624414316342 41.7576851942155 26.1987 18.55523618746524 0.03972470938278536 20.399433949473924 g
2458911.9545255 2124.3912429989796 36.6008396420313 26.1294 17.811313743660705 0.0187053734712521 20.473247368042898 r
2458914.9021296 2054.1113012220117 49.717416246952 25.9662 17.684640070058936 0.026278127571375324 19.977503612146645 r
2458914.9759491 1049.4528289005827 42.0750027377538 25.961 18.408592693581948 0.04352823606205816 20.15351460689316 g
2458936.8101968 1263.6710838746294 24.4141344121122 26.1509 18.396814880496276 0.0209757317940338 20.93437166102627 g
2458937.8906366 1363.2134542308727 23.0239361856667 26.201 18.36459034072052 0.018336884395614872 21.048126056957123 g
2458939.8340046 776.1475328498634 33.5538082573849 25.677 18.452139296684983 0.04693614046711094 20.115220443075685 g
2458939.8835995 806.2724432199608 50.1896327428979 24.9287 17.662495458160134 0.06758371159424394 18.929739944680673 r
2458940.8565278 231.32891296314637 42.4883320065259 24.4161 18.5055252073557 0.19941122563799107 18.598000784087414 g
2458940.9152083 12.18277637941523 61.2497584103047 23.1721 20.457734318491042 5.4584325144823636 16.95691403906969 r
2458941.9410069 1221.8413293993844 32.6771019019197 26.1433 18.425762971814 0.029036118423292952 20.610266158050614 g
2458955.7773958 2393.739285335073 36.7888858799716 26.1198 17.67210788159321 0.01668589960677116 20.458083399679108 r
2458955.8148727 1337.3822329814611 28.5676013846117 26.2083 18.39266112666519 0.023191458700724994 20.821190545812335 g
2458962.7757639 2309.5867910934785 33.8437215317978 26.1176 17.70876428230442 0.015909394965701328 20.54647970668087 r
2458962.8395255 1309.7846780751768 31.655355598666 26.1919 18.39890023568865 0.026239595063807176 20.693356997890813 g
2458965.752581 1406.1103281009614 24.9019829205712 26.2153 18.345251504468266 0.019227568645611225 20.97729016186498 g
2458965.8099074 2517.5116366322645 28.9544892288416 26.1536 17.651171283352447 0.012486889235517445 20.751885218727978 r
2458968.7952546 1350.3248535215316 27.7057124262984 26.2499 18.423804347058592 0.022276189246451233 20.896051683877364 g
2458971.7139236 2412.0596741363906 39.4534497632975 26.1537 17.697729879982738 0.01775852018393721 20.416062530647366 r
2458971.7723148 1325.070603201334 47.0350332823616 26.2621 18.456502451933332 0.03853827525211571 20.33362134998177 g
2458976.7072685 1051.8056925942265 109.76441991886 26.2388 18.68396120755719 0.11330156467586365 19.390221022687406 g
2458976.7529167 2440.955463907737 87.7441890446908 26.1847 17.715800360915818 0.03902728560778919 19.579229078007316 r
2458980.7720023 2254.6996348127473 25.524539959844 26.1388 17.756078263768703 0.012290769292072073 20.8739801807936 r
2458985.7083102 1119.1377114253216 22.8008589837094 26.2049 18.582691174134272 0.022119612578407114 21.06259696761738 g
2458992.6894676 1169.6453945019239 24.7866324757318 26.2137 18.54356446220202 0.023007697038264833 20.98073117088407 g
2458992.7319329 2195.4285005135607 26.7189035516241 26.1402 17.78640175547215 0.013213235402206215 20.82572840847319 r
2458995.7477778 2276.0923667383 28.9670031127628 26.1491 17.756125294235037 0.013817310641305168 20.746916074149773 r
2458995.8022801 1151.2122663474845 30.4385665027455 26.1786 18.525711478927228 0.028706392919944587 20.722614500205246 g
2458998.6913194 1197.5825577371415 31.649282040325 26.2165 18.52073634481731 0.028692489957525685 20.71816533277586 g
2458998.7473958 2277.011534814632 29.9512236086248 26.1517 17.758286923359314 0.014281018332448278 20.71323856545024 r
2459009.6695023 1965.7093270582313 53.4237690168351 26.2016 17.967801754138243 0.029507000461955705 20.134838679166315 r
2459009.7504167 949.4503997400802 39.6003961555458 26.253 18.809319295805665 0.04528319764554955 20.511326162773763 g
2459012.7257292 2065.871020848119 27.7974189802055 26.2215 17.93374199102273 0.014608684415554275 20.8640638064414 r
2459015.7163889 1911.1589079013506 26.9265844240899 26.1442 17.940958002462562 0.015296578734699022 20.82132182006184 r
2459018.7036458 1029.772271888417 20.8342571092536 26.2672 18.73534701589999 0.021965781717967682 21.222829940772083 g
2459021.7371875 1875.7269289780938 29.4353352105615 26.1449 17.961975966424966 0.017037631088186962 20.725302524319616 r
2459024.6987847 898.8337017562012 21.4205650820217 26.1858 18.801601630206292 0.02587387128910636 21.11129768044058 g
2459024.7193056 1798.5620716623298 27.5027580526312 26.0469 17.909586423227445 0.016602009398621245 20.701034368495495 r
2459027.6857176 1908.9354791852056 45.720577720157 26.108 17.906021875594377 0.02600340963433814 20.210295715522715 r
2459027.6919907 933.235552889792 49.4239277036613 26.1472 18.722221811296293 0.05749840770822184 20.164931849958684 g
2459032.6952083 975.8486535045887 74.0433312871341 26.2442 18.77074383197203 0.08237839391358394 19.823060114448268 g
2459032.7134722 1966.511651162842 58.32856911067 26.1907 17.95645869036068 0.032202874285543935 20.028571682533844 r
2459036.7285648 1140.2664389927288 71.115284301682 26.2082 18.56568414476346 0.06771212545248691 19.83086761270431 g
2459036.7541204 1986.8204148854081 67.9752030747565 26.137 17.891603465528192 0.03714511760868919 19.808698704887924 r
2459037.7364931 876.29894576031 105.763095090743 26.1939 18.837269276971337 0.13103632372898893 19.385639609951035 g
2459038.6922106 2124.540595879766 30.7187103432478 26.1825 17.864337414909777 0.01569812498963027 20.716567542024936 r
2459038.7561921 1037.5107217581128 67.9441957151167 26.1399 18.59991851635576 0.07110000093579794 19.812094083970802 g
2459039.6735764 1149.5110085276265 38.1973172998744 26.2683 18.61701716316181 0.036076929307177624 20.5657928333711 g
2459039.7113657 2161.654571986036 29.4792670258056 26.1644 17.82743426053814 0.014806084480237621 20.743183286664383 r
2459040.7120486 1027.275920514535 30.6760125129883 26.1914 18.66218222921875 0.032420643879854445 20.726977723535487 g
2459043.7077431 834.7032288406848 30.7436089378119 26.0662 18.7623697663398 0.03998826777050017 20.599387871118893 g
2459043.7376389 1909.2274370930154 37.4704836886865 26.038 17.835855832773078 0.02130794024348864 20.35635174108174 r
2459170.0377431 1775.922497530177 71.868569981379 26.0827 17.959139977628645 0.04393643671798651 19.69392748044701 r
2459170.042419 1818.0999547609506 75.393335987814 26.1019 17.9528556099801 0.045022026796503696 19.661142588398732 r
2459170.0471065 1885.763664115476 84.7127940700424 26.1057 17.91698184183072 0.04877211406286437 19.538402473533548 r
2459170.0517824 1887.93190951434 101.362820526119 26.1179 17.927934182742447 0.058291092857007246 19.35577827230972 r
2459170.0564583 1787.709217494304 166.521276208563 26.1365 18.005757801528745 0.1011306244944239 18.835400662577392 r
2459172.0518519 1956.071492045066 57.6737177598608 26.118 17.889538190801932 0.03201128160526265 19.96813011971233 r
2459172.0565278 1932.9854311391882 80.8834390226939 26.126 17.91042854806326 0.04542980424595631 19.60892596811224 r
2459174.0384954 466.176253243788 57.5782565114411 24.6365 17.965124632421773 0.13409673414184062 18.488428713756697 r
2459174.0431944 676.1032123977074 43.9065069550705 24.9078 17.832767501443232 0.07050594306757903 19.05405277025917 r
2459174.0478935 837.9196878725413 51.6551653830253 25.203 17.89499401304621 0.06693005769889654 19.172790598277917 r
2459174.0525926 916.0660192245574 52.4150751881309 25.2375 17.832683065962094 0.06212112002574344 19.191434456365638 r
2459174.0572917 1089.4819039438898 66.0821387553511 25.4775 17.88444994723541 0.06585274871199669 19.17986476284434 r
2459176.04 126.84573180009264 58.0209640738399 23.1768 17.91861035415359 0.49661395618927695 17.020412637297447 r
2459176.0446759 385.86854972714696 47.5607318144418 24.273 17.806901543054312 0.13381937078689748 18.332453667999758 r
2459176.0493634 614.626836287036 44.544261882763 24.7395 17.76797120295484 0.07868466241771856 18.87009557194014 r
2459176.0540278 406.92217681524204 52.2077115984199 24.4268 17.90302160231423 0.13929423293176818 18.38503834576923 r
2459176.0587153 237.72334076113526 86.4806353931315 23.3957 17.455520437916494 0.3949634291092422 16.80597780961374 r
2459178.0412384 2001.769277448974 56.3239027539206 26.1206 17.86706495113915 0.030548406306775466 19.99644313919377 r
2459178.0459144 1938.3995225643614 47.0877580361655 26.129 17.91039176459756 0.026373912242937746 20.19930495639043 r
2459178.0525463 1970.2315110868924 52.322992840047 26.1334 17.89710684819993 0.02883268946150445 20.08924354571156 r
2459178.0572338 1988.5872912937582 75.9086243192114 26.1487 17.90233835102725 0.04144348793949597 19.700547187054177 r
2459180.0484144 2106.236575409784 45.5756942090109 26.1648 17.85603212463242 0.023492864847385976 20.270541757781718 r
2459180.0589468 2022.4726097652022 66.6329689216733 26.1823 17.917593378255084 0.035769786947403646 19.875652078472942 r
2459185.0118866 1959.4233446074056 84.1946581351377 26.1111 17.88077930515875 0.04665155214614131 19.550463644497157 r
2459185.0281134 1203.5177615015136 104.820306233472 26.1345 18.433368740071508 0.09455897546181534 19.335961428750746 g
2459189.0135185 2243.7145309108314 57.7813638483548 26.1416 17.764180998593968 0.027959540247168783 19.98970551780106 r
2459189.0386806 1215.3270309731327 63.0776799174863 26.2106 18.498867106324077 0.05634980160984246 19.963485711631748 g
2459190.0465972 1609.0830543550453 38.7641646541585 25.5131 17.496653846997326 0.02615542650275995 19.794598915145677 i
2459195.013287 2231.9864930663734 40.8288718811507 26.1407 17.768971094681675 0.019860293213722024 20.365856538284596 r
2459195.043044 1243.760159993192 46.51105090241 26.231 18.494158396447794 0.04060030992231087 20.314684608239606 g
2459199.0002778 2218.6783170671233 58.3213563924754 26.1572 17.791964152317682 0.028539286722291834 19.995205949388364 r
2459199.0433796 1268.935229988057 35.595263426297 26.2441 18.48550136236896 0.030455279819360352 20.618194460848603 g
2459200.998912 558.813816067248 56.0623398886088 25.0928 18.22463216240935 0.10892157757555841 18.973696938996355 g
2459201.0436227 1721.0098341471864 41.2973407960496 25.8189 17.729441620079335 0.026052450144475173 20.031669770114796 r
2459204.019294 2327.5884367933168 51.422705417245 26.1711 17.75383452250277 0.02398604082619457 20.145787684857627 r
2459204.0400231 1226.0855813801443 36.597830882672 26.2446 18.52329803697475 0.03240741559377126 20.588536624280643 g
2459205.0400231 1609.6370745247123 27.7983348339993 25.5115 17.49468008367636 0.018749973274680365 20.154028034802238 i
2459207.0101505 378.66933200118365 56.5412729510345 24.3971 17.95144966617856 0.16211204566929724 18.268761034604516 r
2459207.0538079 611.7007489552941 37.7870373831842 25.4309 18.464552469398978 0.06706773950659559 19.74011788099829 g
2459216.0080787 1388.5167372106575 95.8403164691441 26.2472 18.390822202217834 0.07493883854765758 19.545904391389932 g
2459216.0090162 1275.2916100406446 97.7747257498681 26.2403 18.476276243661257 0.08323901679494981 19.517308472996774 g
2459216.0394097 2076.014266190753 76.6791912536656 26.1892 17.896124165947878 0.040101168522728894 19.73008117999865 r
2459216.0403472 2183.0220251228666 77.1362743084872 26.2063 17.858654706374118 0.03836280717873704 19.740728342760374 r
2459216.9829514 1592.0351827302238 48.4710184379928 25.4964 17.491518347311267 0.03305516441406828 19.53526962690929 i
2459217.0136806 2092.259965788059 70.3082223055363 26.1051 17.803560887116042 0.036483820464618684 19.740159696058743 r
2459217.0342824 1280.7395206640183 74.0134960195463 26.2121 18.44344797236204 0.06274222926045057 19.791397692792025 g
2459217.9809954 2334.9004771330165 57.1922224474247 26.174 17.75332906521051 0.026593679910251525 20.033232556068356 r
2459222.9762963 2120.716825541483 41.7117686553661 26.1259 17.809693294897986 0.02135432071067196 20.32782847636623 r
2459224.9603935 1121.5654224156845 56.8248447035388 25.1722 17.547638470905973 0.055007699650503526 19.038429345368854 i
2459225.00125 2149.874850717099 53.5572324208708 26.1779 17.846867051635307 0.027046731217840077 20.10842967246419 r
2459225.037662 1110.9604534098557 26.1491736299411 26.277 18.66275350064864 0.025554607027540477 20.98593006720596 g
2459227.001794 2148.1103721552404 38.3476938362306 26.1736 17.843458519737414 0.019381728116802156 20.46682686077566 r
2459227.0255324 1123.1699501807825 36.9265761563539 26.2612 18.63508631094621 0.03569467267754133 20.595427385164903 g
2459228.0246991 1417.3701326098749 49.8367204822576 25.3967 17.517991807762606 0.038174733742946734 19.405401349821506 i
2459228.9816319 2071.3491623779996 32.5078179298094 26.185 17.89436671738177 0.017039009437634024 20.657605442445767 r
2459229.0029398 1120.9568482393397 30.1399540252213 26.2688 18.644827763633547 0.029191978385769198 20.823518525368687 g
2459230.9808565 1113.3174305101497 35.7448603502308 26.2669 18.650352478507557 0.034858157986857985 20.636440977453645 g
2459231.0430093 2190.7432313310096 36.3561134681682 26.204 17.852521303645972 0.01801755305134901 20.555131363672423 r
2459232.9622801 1418.8913791235805 30.8584062132708 25.4791 17.5992271249096 0.023612076384904243 20.0082412599115 i
2459233.99 1941.605301939788 33.7408434371346 26.1574 17.936997626867413 0.0188670857476022 20.589585152484283 r
2459249.9115278 2048.855346953445 57.5831778290969 26.1792 17.90042175631221 0.030513650591298222 20.031035917886484 r
2459249.9425463 980.0990723432158 83.2206395190979 26.2744 18.79622505465334 0.0921872603244792 19.726397367014023 g
2459249.9628356 1408.9757903233713 52.0840017400193 25.5251 17.65284117269023 0.04013383414924456 19.485914127312135 i
2459251.9213079 978.3619946264051 28.6479633689416 26.2615 18.78525106553403 0.0317909873855401 20.871340607438935 g
2459251.9781829 1970.898763633069 45.0865922511191 26.208 17.971339207343863 0.02483664514396811 20.325456460244986 r
2459253.884213 875.6804102400447 29.4212219926211 26.1342 18.778335914356514 0.03647748692771659 20.715123221849524 g
2459253.9636921 1383.2824562110911 31.9220348578871 25.5041 17.651822827657078 0.025054719005211758 19.996448570418675 i
2459253.986088 1930.6801614399349 25.0238074002036 26.1709 17.956624164886836 0.01407190493641289 20.927591517223384 r
2459255.8942824 919.2008458573544 22.6623969806377 26.2371 18.828573961694197 0.026767343081510388 21.101410381960036 g
2459255.9203125 1866.8429512056236 27.189024215987 26.1788 18.001030539210873 0.015812322923164684 20.84539093536376 r
2459256.9651042 1367.0334886416979 32.4198448781434 25.5037 17.66425211563942 0.025747888311919636 19.979247657876208 i
2459257.882338 625.0120946697789 36.9212742566693 25.9133 18.92357894624972 0.0641354428215421 20.24768328582875 g
2459262.8728588 1937.4678681008918 31.7035601741229 26.1633 17.94521372827631 0.017765742517724593 20.663104903240246 r
2459263.0031597 956.1328463242588 31.6954589652092 26.2761 18.82480440524774 0.03599056337288236 20.776182376803312 g
2459264.8962847 1375.5489716672535 23.5401420941384 25.5067 17.66050985861238 0.01857987814176379 20.329752289098508 i
2459264.9134259 992.6482656601958 24.2360201102952 26.2916 18.799611529676596 0.026507926265550954 21.083021728688237 g
2459265.0114005 2002.0693785860121 33.5075018904435 26.2215 17.96780219199815 0.018170746324559305 20.66121986224835 r
2459266.8790046 1820.7975690904298 45.6914444436632 26.1834 18.032745837755776 0.027244764643038363 20.28638777009879 r
2459267.8485995 1471.5620079805321 53.7974525440573 25.5247 17.605253582710798 0.039691086009510324 19.45037071134401 i
2459268.8735648 1973.0529062003102 43.8691456176368 26.2052 17.967353173130554 0.0241396118914983 20.35237704841537 r
2459268.9850926 1115.0965972622778 38.8527304572046 26.3186 18.70031877360042 0.03782848011638714 20.597621126245034 g
2459270.8738657 2018.0826205835626 58.7130316926961 26.1844 17.922052644146405 0.03158678334503832 20.015138723941604 r
2459270.901331 1071.1108690586057 69.2478040925227 26.2677 18.693113934198788 0.07019099803303211 19.919259973902523 g
2459271.8396644 1423.0534793736674 66.4570069681077 25.5181 17.63504694627479 0.05070250240843456 19.21432304412889 i
2459272.9038542 1163.8813185488536 114.498883908555 26.2777 18.612928256533117 0.10680765837406148 19.383271855760977 g
2459272.9583912 2026.774297929737 102.091297964655 26.223 17.95598652937909 0.05468814278602446 19.453103175739795 r
2459276.8789583 1904.509064828735 73.7218855509176 26.1857 17.986242389752626 0.042026500488108166 19.769283903059364 r
2459276.9385995 1014.2065881628762 66.0831174063637 26.2835 18.768183931636873 0.07074144597901881 19.98584868362856 g
2459278.8950579 1417.055588606521 37.1474665154729 25.5147 17.63623278201801 0.028461130755998727 19.842451989400914 i
2459280.8740394 912.0033245669331 34.3339548232218 26.1456 18.745608946288495 0.040873068932366766 20.558865410760287 g
2459290.8575 2074.4057563284523 29.713494840958 26.1801 17.887865727751826 0.01555141333869313 20.750290650051333 r
2459291.831713 1345.2439425163482 24.4174048212966 25.4843 17.662297387141876 0.01970644548296084 20.267626230359248 i
2459292.831956 969.1579402540231 29.2389519102681 26.2083 18.742313604351047 0.032754960538895816 20.795970486686258 g
2459294.7697106 835.9947795341045 60.1241782150432 26.091 18.785491086386344 0.07808280851281252 19.89595210558511 g
2459295.8543866 1326.3321060416918 31.8793463113844 25.4444 17.637769293594346 0.026095580535680764 19.93820147023161 i
2459297.7909491 1856.7330805963716 60.4282834830307 26.1282 17.956326312212227 0.03533463590601502 19.927674344364384 r
2459297.8004745 977.5777069276152 70.4229101544708 26.2007 18.72532177703345 0.07821184240688735 19.833990069463354 g
2459300.8363426 1217.268458487197 136.044439241714 26.2231 18.50963407787968 0.12134007634461551 19.141473001966695 g
2459300.8391898 909.3822230752064 130.774072043273 26.2309 18.834033849474523 0.15612952003531697 19.19217087163447 g
2459304.768044 946.3261585113671 91.3882173121208 26.1845 18.7443978872494 0.1048477701301731 19.534849474830608 g
2459304.7689815 1103.916231198451 97.635318967908 26.1859 18.578559702632454 0.09602419351002515 19.46445761563434 g
2459304.8205208 1959.1386695459107 84.9712276983308 26.148 17.917837057936573 0.04708868409680272 19.57739525626241 r
2459304.8214583 2107.837388786472 88.3537118498968 26.1451 17.835507240618284 0.04550902525296766 19.53211299045946 r
2459305.7996875 866.8929218748815 105.69800570459 25.4214 18.076486357551666 0.13237658527108856 18.613808006219262 r
2459305.8193403 142.69132924768758 69.6647699836544 24.6208 19.234806040834485 0.5300605241399369 18.2658419703769 g
2459305.8574884 1445.17753244526 46.0180521449317 25.5038 17.603996997103543 0.03457139215914622 19.599054409467623 i
2459307.816956 1172.931483979789 28.1503450043525 26.2531 18.579918390424254 0.026056790177994872 20.881965684569128 g
2459307.8179051 1121.5447803407574 23.3035490528805 26.253 18.628458453738794 0.022558763279184713 21.087019819995547 g
2459307.8408681 2166.680776777498 30.4295496031289 26.1809 17.841412674511265 0.015247913932782237 20.72523617845213 r
2459307.8418056 2143.53739635524 26.0437837093956 26.1646 17.83677233836208 0.013191155900228008 20.877914789348672 r
2459308.7760764 2116.2924529805387 33.2465175232815 26.1611 17.847160792041826 0.017056122854943935 20.609309586838858 r
2459308.7940856 1328.4377956889498 31.2308762413408 25.4119 17.603546941714463 0.025524237902038005 19.928014565773008 i
2459308.8575231 1194.9656796540746 27.1173399953463 26.2696 18.576211419532065 0.02463777540579267 20.93905727340695 g
2459309.7911227 2109.1383502969184 34.6843832934061 26.1725 17.862237328745373 0.01785413220348954 20.574740046860736 r
2459309.7920602 2165.853800269889 32.6795098976946 26.1687 17.829627156302344 0.01638159689795582 20.635586152428445 r
2459309.8153935 1078.2562334755582 30.6547018200057 26.2376 18.655795056219084 0.030866327253868474 20.773932248967075 g
2459309.8335301 1089.649181304505 29.8243500336553 26.2578 18.66458325777993 0.029716258578540437 20.82394751965126 g
2459310.8673843 330.336033819318 24.9136768272631 24.8897 18.592310124692673 0.08188261697830478 19.651180422631658 g
2459311.775463 961.4911906721011 26.9165173624192 26.131 18.673636726197717 0.030393687621777268 20.808527820945745 g
2459311.7966088 1450.4265294979482 35.445129196038 25.7722 17.86846066308874 0.026532041427468185 20.150883579968806 r
2459311.8370139 1402.831235580196 22.2590124099216 25.4782 17.610686431596577 0.01722702571806995 20.362010260146626 i
2459313.7575347 1004.1347844138688 34.6275325278337 26.0964 18.591919970471572 0.03744030447806266 20.500421124401612 g
2459313.8126968 1757.2111637711423 33.9034837008665 25.9532 17.84114011568387 0.020947404053042278 20.380164174748877 r
2459314.7947222 1450.8249837380367 29.226407196645 25.4888 17.58476243579259 0.02187108069482135 20.07693641215652 i
2459315.7686806 517.7945642220923 30.0788267053814 24.5264 17.741006282690012 0.06306860753375065 19.083322760201746 r
2459315.7947222 325.85236011153756 27.583593640501 24.7777 18.495147822778783 0.0919051425781942 19.428647873667536 g
2459317.8178819 2134.2293534536775 26.6585500728538 26.1649 17.841797278132844 0.013561423362142682 20.852883676773175 r
2459321.8119329 2065.562803890528 28.8832640316895 26.1346 17.84700398916894 0.015181605565389169 20.73555931341427 r
2459321.8622338 1068.021431416337 21.4774635161781 26.2052 18.63375008116082 0.021832972123594675 21.127817514232333 g
2459323.7736574 1111.1602096859233 38.8352437824589 26.2155 18.60105829736806 0.03794540499837859 20.495009899864854 g
2459323.8387847 2158.787931257926 36.1829027835876 26.1641 17.82857504632753 0.018197145251433008 20.520416475862877 r
2459324.7958912 1478.600706216978 29.0531197527524 25.4861 17.561472726771143 0.021332988671611316 20.080693053655793 i
2459325.7953241 2243.3030384197414 43.6789588030891 26.2054 17.828180138574997 0.02113947369585862 20.357294295839864 r
2459325.850787 1103.3598396302164 48.2586632462022 26.2536 18.64680706912678 0.047486258611661426 20.297236769452986 g
2459334.7139583 1125.8964977956307 29.1572050369174 26.2252 18.59645382944498 0.028116241209169585 20.815910261994723 g
2459334.8305787 2263.0843930342353 53.3504933768362 26.2054 17.818648125999523 0.025594551770811855 20.140128888997406 r
2459335.8723843 1025.2276794531879 63.1154417859706 25.0724 17.54534919274039 0.06683826092519884 18.82463592298332 i
2459336.7764005 1113.0121514173097 23.2652595768865 26.2293 18.613050235468982 0.02269435449600505 21.065105233062326 g
2459336.8149421 2085.56466015506 24.4676743849417 26.1496 17.851540852218328 0.012737343793385984 20.930693258443423 r
2459339.7531944 2124.3025413908017 30.1813033649261 26.1325 17.814459078322283 0.015425223302631293 20.685730012557965 r
2459341.7313194 2127.0447338305735 31.6416830379937 26.1592 17.839758440909044 0.016150753544559034 20.6611260496722 r
2459341.7547801 1468.5407876360746 31.4446724212716 25.4725 17.55528496691274 0.02324721324405927 19.98120730222959 i
2459341.7962963 1133.4052071885826 23.0585866146586 26.2381 18.602136991041334 0.0220880470009782 21.083593280361097 g
2459343.7134491 2041.6791031300736 27.8640974582345 26.0937 17.818731290651424 0.014817240654530944 20.733662538027016 r
2459343.7712037 1089.9539355292063 21.8623186990696 26.1735 18.579979640396644 0.02177699317178514 21.076834436753312 g
2459345.675162 1065.9799808504642 26.2209328913987 26.1512 18.581827378254417 0.026706005132928545 20.857154641638694 g
2459345.6959375 2023.8783603310283 33.427754689994 26.09 17.824538982822332 0.017932161328603976 20.532306973081923 r
2459345.7459028 5812.209248655025 62.4429871136983 28.1546 18.743746897024003 0.011664127736803389 21.918465813082864 g
2459345.79875 11567.623395334276 60.1517153837636 28.1337 17.975589647632205 0.005645646919875795 21.938154946916256 r
2459346.7563889 15252.355046089911 75.7340483735817 28.4432 17.984857734308438 0.005390935109412936 21.99754705737459 r
2459348.7693866 1117.4167750473312 23.4024675450382 26.2271 18.60656203286964 0.022738211543827727 21.056520860090227 g
2459348.7866319 1436.4113453260957 22.0904469979621 25.4725 17.579302933271308 0.0166968872696022 20.364563729496727 i
2459348.8128125 2051.525695076052 25.3428405562367 26.1261 17.845907597961467 0.013411833962375103 20.86903676105893 r
2459348.8841551 1518.4365081610074 28.5017112059372 26.0474 18.093908407342234 0.020379059440399628 20.662797650982004 r
2459348.8846181 1649.6473561820817 30.0105642446438 26.0487 18.005222211635758 0.019751172563218688 20.608089586899755 r
2459348.8850926 1673.8564945529788 29.5118154962449 26.0529 17.99360444574832 0.01914201019534233 20.630485171463214 r
2459348.8855556 1632.0021011209167 25.9823592104721 26.0557 18.023898216123545 0.01728493325801149 20.771578532481833 r
2459348.8860301 1573.1088319627017 28.2671458476808 26.0555 18.06360307664926 0.019508911032262703 20.679870089901076 r
2459352.6897801 1173.5007396241326 56.3904813369876 26.1666 18.49289158085461 0.05217137366882015 20.04116048503942 g
2459352.7548611 2110.7665923482527 33.3616994709098 26.1163 17.805199470330546 0.01716002008316358 20.560754574590497 r
2459353.7535069 1427.771171239731 34.1568236913298 25.4581 17.57145347830297 0.025973394216579355 19.87698129411939 i
2459354.7548611 2168.6480133399536 42.681107861405 26.1657 17.82522732820459 0.021367634821365274 20.342685779766548 r
2459354.7974769 1079.8303962990017 77.3902822933708 26.2207 18.637311129189335 0.07781095047323255 19.75155891210789 g
2459359.7133796 2180.405087527945 90.0914325537058 26.1475 17.801157033265213 0.044859677168729226 19.513366257316143 r
2459359.7526505 1282.295587167438 99.1478148689983 26.1972 18.42722963072701 0.08394693367155412 19.459067121217984 g
2459362.689838 1216.7366685923232 28.1071331572597 26.2587 18.545708508722047 0.025080130529921137 20.88923361130965 g
2459362.7354051 2268.8137223313597 41.2133678843981 26.1987 17.80920289942887 0.019721915938569052 20.413679724757884 r
2459364.7957523 2142.456796179287 35.7865480529471 26.1429 17.815619817759423 0.018135000570547465 20.511175467539417 r
2459366.7115856 2071.423964342205 28.2296569447535 26.1346 17.843927509248353 0.014796072205648957 20.76041098790404 r
2459366.7327315 1052.2301686839883 25.8696233535617 26.1883 18.633023126559195 0.02669249648115448 20.908899724931466 g
2459367.8177083 1313.2074507893713 29.5373254063 25.3789 17.583066654661174 0.02442011288798535 19.95554707027405 i
2459368.6926736 976.3878867221257 21.772285082047 26.2096 18.735544042930165 0.024209814803146684 21.11741495853655 g
2459368.7257986 2037.848715853906 29.290755112701 26.1489 17.875970149828582 0.015605168616520256 20.734648569425737 r
2459370.6901389 1336.1472273497259 31.6500073830261 25.4655 17.650864212991877 0.02571753494853255 19.967140450005815 i
2459370.7172222 991.3491912718567 24.954511782251 26.2307 18.740133358412045 0.027329536030821448 20.990402295124092 g
2459370.7708449 1889.8136468008174 24.7713497565726 26.1381 17.947052547974685 0.014231167436132647 20.905800810820036 r
2459372.8085417 1679.296517656722 32.9725940163047 26.0302 17.967381531524623 0.021317465347605653 20.487392201022168 r
2459374.7206944 1008.6283226031126 26.9175942146206 26.2521 18.742772102197257 0.028974431298329877 20.92958438464158 g
2459375.6915625 1373.424416937435 28.136722950959 25.4919 17.64738808980806 0.02224224335254976 20.12129120339178 i
2459376.7148727 998.0808183120856 25.6937243087054 26.2411 18.743185727127536 0.027949316297990284 20.96910733948188 g
2459376.753669 1977.0852516827208 29.9522276536987 26.1567 17.91663650888941 0.01644801787679275 20.718202169280566 r
2459378.6930324 1057.241908762082 26.5377328128775 26.2801 18.71966407473009 0.027252056767856393 20.97301544612783 g
2459378.7504398 1988.7911245366106 36.4042992658285 26.1762 17.92972706710676 0.0198734533884845 20.525893299462574 r
2459379.7557639 1314.156767828948 30.7874106417366 25.4224 17.625782060034197 0.025435239198253842 19.95404207830937 i
2459381.6978009 1231.9715768513558 44.9646562803877 25.6571 17.930598279452948 0.03962601754854212 19.77749679435823 r
2459386.6920949 1868.587500393996 72.4782542174489 26.1415 17.962716401548803 0.0421118307744713 19.743555679283716 r
2459386.7318287 1294.058963566173 60.803925005916 25.4598 17.67991483666441 0.05101376617105537 19.252545952434048 i
2459390.7111227 1058.9518681140437 69.1979778424279 26.2375 18.675309447907686 0.07094585391999426 19.88984148078926 g
2459390.7882292 1930.2039270887512 77.8997583548764 26.0952 17.881192012803425 0.043817011487201525 19.618934712928045 r
2459392.6950694 2010.9837153450608 32.2563922042981 26.1288 17.87027861560712 0.01741474321695206 20.60983551157919 r
2459392.7146296 991.2270098208892 35.9429181020824 26.1742 18.683767181086765 0.03936860658234304 20.537741655851256 g
2459393.6928356 2039.2209668330736 32.6448378465475 26.1296 17.855939280482545 0.017380411944782577 20.597638699864696 r
2459394.6961921 803.9183176088613 28.1831832097919 25.9729 18.709870189117254 0.038061680323296807 20.600499879507257 g
2459394.7777778 1396.3266821846585 43.2703250155225 25.7758 17.913332407591106 0.033644413208412834 19.937899595863982 r
2459395.7057292 515.5268221850939 33.730060329639 24.3622 17.581571835049417 0.07103554058481329 18.794732194235728 i
2459396.6917245 1946.6517680077645 27.8614088411445 26.097 17.873779328645867 0.015539056381814013 20.737067306170424 r
2459396.736794 845.9002352226661 24.6161112636123 26.0371 18.718802135686058 0.03159440189996977 20.811626373576107 g
2459399.6872801 2043.7124749112486 34.8475083995247 26.1193 17.843250510265662 0.018512359411519942 20.516445660551305 r
2459399.7381713 857.2668390122781 38.450982348844 25.8678 18.535009938561743 0.048696893005028545 20.158106389984567 g
2459401.6918634 1393.0878156473186 40.8271302949017 25.4608 17.600853765564302 0.03181853639325533 19.686002852167086 i
2459401.7128472 996.0265884675607 34.0450850422517 26.1794 18.683722670329765 0.03711020293870047 20.601838930777227 g
2459409.7244097 764.8007010076847 36.707135914697 25.8143 18.605429306655893 0.05210891858503421 20.15499873948863 g
2459531.0450579 2129.746759279631 126.534841165104 26.056 17.735180084813862 0.06450479450402857 19.05304967849571 r
2459531.0474074 1932.1926528043884 110.022310123201 26.0739 17.85877393408885 0.06182159006110885 19.222773090333593 r
2459531.0497685 2235.3689599077816 130.723353646448 26.0798 17.706426959823123 0.06349123907482533 19.04149203677769 r
2459532.0452199 2476.5285959373887 50.1029624271746 26.0815 17.596891632371474 0.02196493365609364 20.08441647650087 r
2459532.047662 2457.806147698976 58.9709650586398 26.0691 17.592730934527726 0.02604956327581242 19.89507940151921 r
2459532.0501042 2414.3119164768427 61.1280825845627 26.1046 17.647616555093634 0.027488891890533936 19.891573055632005 r
2459532.0525579 2483.060738528783 79.7077898828844 26.1042 17.616731642429272 0.03485164343064839 19.603023070932224 r
2459532.055 2373.1796863604795 101.024126406586 26.1153 17.67697344434239 0.046217273251583896 19.35681223009978 r
2459533.0464815 2194.2973580528947 86.8391700568187 26.0758 17.722561299456913 0.04296650432753945 19.481585828800796 r
2459533.0489352 2236.217567982433 89.853095570885 26.085 17.711214862454277 0.043624335689896605 19.453742379698966 r
2459533.0513773 2368.479072370648 113.826202314316 26.0944 17.658226120747386 0.0521774117805308 19.206369373321174 r
2459533.0538194 2354.0112159279656 167.557691686358 26.0965 17.66697868061759 0.07727974473229769 18.788664067187867 r
2459533.0562731 2364.8759225738913 192.3011810341 26.125 17.6904791009043 0.08828429020558856 18.6676201104018 r
2459537.0492477 2376.595602907593 76.4604809959631 26.0672 17.627311776818697 0.034929436087383386 19.611182424804785 r
2459537.0516088 2438.3837873564935 77.2023235684712 26.1186 17.65084484481143 0.03437463910845584 19.65209906028371 r
2459537.0539699 2414.112336078129 78.9149027776721 26.1233 17.666406311773425 0.03549044038476997 19.632977424642583 r
2459537.0563194 2442.943514170011 85.6109022765774 26.1393 17.66951643670873 0.03804744402093106 19.56055230360421 r
2459537.0586806 2576.8771131860894 110.397208101444 26.1317 17.603965729270485 0.046512985901583495 19.276879763137796 r
2459551.0668403 2551.5889815037967 62.0507249254809 26.1621 17.645073204815496 0.0264025564226612 19.932807840072794 r
2459622.937338 1346.948717887999 41.82765182937 25.5316 17.708222346925325 0.03371492989157967 19.73051627835217 i
2459623.8987384 1851.9603539274517 48.9822829782001 26.2039 18.034820786919816 0.028715552423491626 20.231377431750865 r
2459623.9363542 944.5493010470598 51.0473297469212 26.2914 18.853338422534566 0.05867569415889186 20.27404241578176 g
2459625.841713 951.6014049427886 95.8840651726065 26.2192 18.77306231360655 0.1093959393262535 19.517408893095162 g
2459625.9138426 1887.7431058540517 54.3579850566139 26.2133 18.02344276781341 0.03126297439145753 20.127716614364424 r
2459627.9351505 1304.304001465419 71.2561006290492 25.5248 17.73635293337434 0.059313433345324164 19.145319857595034 i
2459636.8800579 1325.9779559735773 32.447081168966 25.5141 17.707759239750082 0.026567406996808606 19.988735901128376 i
2459636.9621181 1914.150630347548 38.4975328065976 26.1994 17.994459723144658 0.021835675158194876 20.488392744792208 r
2459639.8424421 949.716292668975 53.9097562980668 26.2349 18.790915278699078 0.061628744146660426 20.158306567705782 g
2459639.8592708 1322.166714653746 44.9200010614528 25.5101 17.70688445083766 0.036886154077166645 19.631575594530624 i
2459641.8403009 135.55438952034052 30.9710751580707 24.3267 18.99641603634492 0.24805759826812354 18.851884283879677 g
2459641.8606713 1935.477660860857 33.2424644651027 26.1861 17.969129592276733 0.018647254060121462 20.634441956199268 r
2459671.8944213 1396.0104678533557 21.5455877812011 25.4847 17.62247831296068 0.01675635333166231 20.40387912292607 i
2459673.8118056 1806.8691608763634 27.7917966365406 26.0142 17.871883236149813 0.01669935724270009 20.656983431130314 r
2459673.8356134 954.3843788946434 24.4398435146204 26.0733 18.623991694235364 0.027802569583709157 20.855628937049786 g
2459675.7118171 1833.271306413767 32.2070563070677 26.011 17.85293314725164 0.01907366406175091 20.49369740778588 r
2459675.7984606 1323.3557288022268 27.4125848066291 25.4035 17.599308495559644 0.02248967732319015 20.06120001848622 i
2459675.8189236 1084.439628178145 27.4354932038905 26.1816 18.593586551445593 0.02746737964703992 20.838393059531658 g
2459677.7992824 1115.1176048953341 39.5218195288852 26.2047 18.58639831928911 0.038479205488409565 20.46518266245523 g
2459677.8606019 2111.513996850088 35.2279710844034 26.1408 17.829315088421964 0.018113547086778897 20.526155911168647 r
2459678.8621991 1461.5913395164162 28.4884674007323 25.4789 17.566835097518954 0.02116181741143087 20.09480227403847 i
2459679.7290162 2105.728041812187 34.6734712482954 26.1374 17.828894298411697 0.01787742148405693 20.539981683799212 r
2459679.7574306 1143.2865434810844 40.8766847192366 26.2121 18.566712270344823 0.038817754702637625 20.435985825803154 g
2459682.7132292 1158.0118680259325 79.7806629753114 26.1679 18.508617474164456 0.0747987720885395 19.66573088674724 g
2459682.7562963 1523.3409363241396 53.4611928304782 25.487 17.53000721770432 0.038102315556561475 19.419478377803976 i
2459682.8533681 2165.4501452404547 64.8161103536207 26.1835 17.844629526252117 0.0324971005061453 19.906867576023473 r
2459687.870706 2123.100995354869 79.0088535051109 26.1524 17.834973365171372 0.040403123750672586 19.66078558963715 r
2459688.7939815 461.83873548384963 164.757897078563 23.7285 17.067274111519204 0.3873162537369089 16.438959388878786 i
2459694.8375463 1046.6316438890601 30.1995062663274 26.1286 18.57911534731724 0.0313267844946097 20.6811753823931 g
2459695.8195602 151.46246792291475 35.9325550337273 22.9096 17.45883742769553 0.2575685946169349 17.27345474063784 i
2459696.7154167 1116.5724255748792 30.0736171160858 26.174 18.554282753789067 0.029242103203581872 20.731110823707233 g
2459699.8010417 2314.5807465774596 33.3604278115758 26.1354 17.724219159495725 0.01564837024095402 20.57989596075834 r
2459699.8934375 1128.3156432199462 30.6889954264985 26.1226 18.491523476651388 0.029529894878940748 20.657718307984997 g
2459699.9040278 1409.9273499874234 28.19569422831 25.3979 17.524908162177937 0.021711803252805355 20.025018008756945 i
2459701.7935764 1102.7914933310983 29.408005540747 26.2067 18.600466481491857 0.028952228783653652 20.7881110603319 g
2459701.8737384 990.7073283984691 24.546902419341 26.1203 18.63043656114877 0.026900549933107476 20.897883248731773 g
2459702.752338 2127.908161172949 29.7375464485236 26.1156 17.795717799444006 0.015172672753585994 20.684912155681012 r
2459707.7525694 2108.402444590366 46.4663975844306 26.1781 17.868216222283507 0.02392739013695167 20.262827478925118 r
2459708.6857407 2283.470173201428 56.5051715905534 26.1763 17.779811641988996 0.02686598034685705 20.048654493927486 r
2459709.7203588 2187.4998359473775 50.7767251505841 26.1329 17.78302992718944 0.025201506116737066 20.121313270210997 r
2459709.7722338 2262.491257466823 38.1059369379377 26.1724 17.785932725711596 0.01828586766776739 20.47249337815211 r
2459714.7116667 2289.7692393771686 87.5956517873799 26.181 17.78152070803118 0.041533704580391184 19.577368617906878 r
2459715.8036343 1658.7668400810442 65.6317737556958 25.5171 17.46763663768554 0.0429574639694856 19.226889635157086 i
2459717.7317824 2237.3818750317428 52.5624368366767 26.1391 17.764749711120754 0.02550616786093803 20.089986261013628 r
2459717.7784722 1211.9146840256385 58.8663060388365 26.2087 18.500019881037055 0.052735682889879676 20.036608029291664 g
2459719.7082292 2345.338503093835 27.5697359383465 26.1761 17.75058616657666 0.012762533966324105 20.827593472976787 r
2459719.733206 2116.877567773618 33.1212255337748 26.163 17.848760648028843 0.01698714895440986 20.615308994307437 r
2459722.7404861 1257.9335837925896 25.3905562131661 26.2139 18.464755720267075 0.02191413540095107 20.954794452251058 g
2459724.7703125 2297.9829448570104 29.1737220470115 26.126 17.72263299719372 0.013783352960616191 20.716095386928295 r
2459725.6939468 1525.1673547300281 34.8496102307206 25.4466 17.488306247763457 0.024807914823347894 19.843680176230826 i
2459726.7322685 1256.0872339705406 22.3325938442209 26.2624 18.51485049561237 0.019303195256611685 21.14262707010533 g
2459726.8730787 2088.0782626650825 36.9246271949924 26.0893 17.789933069243155 0.01919902546872753 20.42358469114819 r
2459730.6909722 1150.0751484081316 29.9642404403428 26.2714 18.61958445243623 0.02828700010700115 20.832466805916564 g
2459730.7482292 2197.409299893105 28.0424561369924 26.1784 17.82362260447946 0.0138552679418503 20.811434866063593 r
2459731.7604167 1384.768481856525 32.3147770862727 25.4593 17.605857074543753 0.025335753912834446 19.938372078110596 i
2459732.7050463 2078.731824788458 35.6013359560106 26.1706 17.876103837429966 0.018594207288558817 20.54450925072796 r
2459732.7570949 1111.6751892121874 24.5512271984466 26.2369 18.62195521744891 0.023977567933528593 21.014291975895055 g
2459734.6950579 986.9686203882313 30.6143869880862 26.1583 18.672541637598645 0.03367689637375783 20.69606106991977 g
2459734.7188542 1459.1236958941465 37.2171258161969 25.7128 17.802569724058102 0.02769239757557629 20.038517912576342 r
2459736.6933218 2198.1778823210184 27.9569540015873 26.183 17.827842915604123 0.013808193232967234 20.819350359419765 r
2459736.7492477 1110.93662798546 31.6516897002347 26.2542 18.63997678536878 0.030932673063323084 20.755782740567177 g
2459737.7494213 1406.8399951643194 26.6808822634989 25.4812 17.610588233969445 0.02059042533127398 20.16827452314069 i
2459738.6945602 1105.703063258714 65.0998359720132 26.247 18.63790371807222 0.06392212725404847 19.965625253397665 g
2459738.7482292 2114.6884476883 46.9559865743939 26.139 17.825884018023093 0.024107624307282263 20.212347564721696 r
2459741.7140046 1111.3347662637366 74.2521898215329 26.1792 18.564587748144103 0.07253944080258079 19.755001823534162 g
2459741.7909144 2058.6679604385604 78.1663533367438 26.1095 17.82553423614776 0.041223359691100366 19.629525360497535 r
2459742.7120833 1431.5828360764763 41.7022272975726 25.495 17.605458793031783 0.03162660730207015 19.697176861484955 i
2459743.6898727 2139.268047527222 64.3675500417768 26.2101 17.884436988701445 0.03266717752417036 19.941007540851512 r
2459743.7790625 1128.464286179419 98.5776847959824 26.2355 18.604280452477155 0.09484198453931546 19.50362845400801 g
2459747.6913773 2081.2983553280465 26.1503023052279 26.183 17.887164147398714 0.013641188511058517 20.891883204647566 r
2459747.7968287 901.3782701074743 56.0561510136821 26.1331 18.745832289631338 0.06751900414495027 20.014116802999652 g
2459749.7496644 957.5169344321635 42.4446979942373 26.2165 18.763633841138798 0.04812678184085756 20.39951636965096 g
2459751.6933449 972.1829808379749 31.5127146399866 26.1996 18.730229965026894 0.03519229914428577 20.70596044723693 g
2459751.7470602 1909.0781834163015 39.3209270270403 26.1312 17.929140713417368 0.022361960261293466 20.397215618727774 r
2459752.7477894 1204.6318847146604 25.6824205114907 25.3426 17.640464114800587 0.023146825435332193 20.071085107602794 i
2459753.6917477 1871.6428567822595 28.8834098145361 26.1079 17.927342547283004 0.016754648421309373 20.708853833378672 r
2459753.7476968 932.2166991073334 29.897912176397 26.1391 18.71530780418116 0.0348204052566289 20.702572834563636 g
2459755.7151157 1321.0610361708011 25.5243333773316 25.4971 17.694792791202502 0.020976902647960653 20.232288968220168 i
2459756.766794 855.9843597842637 38.8471572856977 26.1778 18.846635426278628 0.04927234730750434 20.45697687921371 g
2459758.7151852 779.3071447348711 26.8437993645955 26.1477 18.91842835526145 0.03739772330722895 20.82816502875747 g
2459758.787037 1603.770477229698 38.962920081777 25.9966 17.983744463579036 0.026376618682903117 20.27254624493461 r
2459760.6924537 1169.9692551363894 25.6918004962064 25.4273 17.756863876617608 0.023841299825848497 20.155388636807935 i
2459761.6918634 1766.3305195675262 28.3144858680205 26.163 18.045320067590524 0.01740389862846088 20.785553288778466 r
2459761.7561574 817.6074780872859 30.5497510094562 26.0859 18.80453786250362 0.04056697811590426 20.625955801785523 g
2459763.6933565 842.3942799142852 26.2428861246885 26.2426 18.9288114769748 0.033822524849614836 20.947645999376945 g
2459763.7335301 1270.4719827103902 39.8062621594379 25.4839 17.723987269643906 0.03401701053989586 19.73659649193066 i
2459765.6944097 1839.1296043091115 46.4180006046438 26.1717 18.010169161879027 0.02740210539723957 20.25755891453616 r
2459765.7332755 902.4577731812839 45.4296508517846 26.1886 18.80003277495021 0.054654049635932 20.297826491484273 g
2459769.739838 765.083819296564 64.1624104353406 26.1735 18.964227457005286 0.09105032318380145 19.90787331157195 g
2459771.7102083 906.7132136684515 85.8481241441954 26.2182 18.824525137962368 0.1027946951453984 19.63644796443408 g
2459771.7311574 895.3314254688609 75.1790565932215 26.1531 18.773140429563547 0.0911638968782062 19.715432810314056 g
2459773.6950116 1863.324662656431 51.4739059275792 26.1426 17.966878669367397 0.029992207362242777 20.116207177897614 r
2459773.7195023 1865.0257439037393 61.6256738028535 26.1349 17.958187922562935 0.035874568630732726 19.91307078715824 r
2459784.6947338 1265.0348731344293 29.1688362185064 25.3416 17.586343755388206 0.025033780613467033 19.931877234316147 i
2459896.0435764 1708.6289997211545 84.954493261378 26.042 17.9603805671087 0.05398193133145389 19.47160910480779 r
2459896.0459259 1823.9421406129559 83.9991079468794 26.0481 17.895572356371904 0.050000397198607924 19.489988304237542 r
2459896.048287 1761.6575288317194 102.965822358211 26.059 17.944196289461953 0.06345727901406897 19.279842258086838 r
2459896.0506366 2048.808321945702 112.939785560029 26.0735 17.794746676245886 0.05984880277432471 19.193957592154714 r
2459896.0529977 1707.7496323240066 136.151883413155 26.0754 17.99433949874028 0.0865584140811672 18.992915855684593 r
2459897.0445602 915.3129301091807 78.4718296642699 25.3038 17.899876006403893 0.09307949518022798 18.81959054210762 r
2459897.0470023 353.06970349112396 82.9809873116486 24.0928 17.72314886788162 0.2551690417881516 17.547928494710828 r
2459897.0518981 1858.635188893972 107.098401193014 26.0713 17.898314611904368 0.06256027803091833 19.24941752025572 r
2459897.0543403 1945.6686435845336 136.573874986293 26.0992 17.87652780034907 0.07620940829854929 19.01335590980053 r
2459898.0454977 1992.4178814231916 98.6205376682861 26.0472 17.79874892311031 0.053739889982304355 19.31485657434207 r
2459898.0479514 1794.0485736323615 105.126952791405 26.0618 17.92721450666499 0.06361942163836717 19.260089798806042 r
2459898.0503935 1872.377765476651 109.666922029148 26.0487 17.867716311924045 0.06359046739520298 19.201085852914247 r
2459898.0528472 1967.9124991779781 138.049708256595 26.0711 17.836085539620676 0.07616221164141812 18.9735862562289 r
2459898.0552894 1920.4509082435147 164.3031830249 26.0676 17.85909197515413 0.09288650131301077 18.78106004653761 r
2459899.0478356 1817.629725618116 59.7054514758182 26.0803 17.931536458586923 0.03566304388274236 19.892840022401145 r
2459899.0502778 1969.0953384512432 64.4006924082697 26.0855 17.849833139871933 0.03550860660848074 19.815848647333627 r
2459899.0527199 1887.4736173807903 68.536292113453 26.093 17.903297775281395 0.03942298936651258 19.755773476823858 r
2459899.0551736 2048.798430923213 91.6838727000841 26.1175 17.83875191786221 0.04858515073424128 19.46434261545194 r
2459900.0521991 1852.85466707251 170.486312653315 26.1281 17.95849661058532 0.09989827747265 18.80145119473527 r
2459901.0463542 1669.5330227767533 87.5157496104897 26.1095 18.05301246583088 0.05691163220843582 19.506859446506468 r
2459901.0487616 1785.2855321116506 106.678616369076 26.1424 18.01313078626951 0.06487532201916844 19.32478155361695 r
2459901.0511806 1916.8585571340955 117.281255490869 26.125 17.91852483011895 0.06642757161843572 19.20450347309506 r
2459901.0535995 1824.1445504866192 169.430155966815 26.1256 17.972951874734882 0.1008419646809785 18.805698212596774 r
2459901.0560301 1895.4746040482908 169.676082926281 26.1288 17.93450507490945 0.09718796698178818 18.807323414968153 r
2459902.0501852 1914.0390318528096 59.596040410991 26.1046 17.899723025403354 0.03380465079208931 19.919131474238156 r
2459902.0525347 1996.1792329239263 69.4261938775261 26.1256 17.87510116717173 0.037760145707167896 19.774366597237684 r
2459902.0548958 1996.8677761740435 80.7310055049328 26.129 17.878126728132624 0.04389356857900749 19.61397408501928 r
2459902.0572454 1871.8838999021366 89.1363082275994 26.1405 17.95980272766395 0.0516994081992821 19.51793838195934 r
2459910.0410301 2092.6156753999176 61.8477736570964 26.1402 17.838476314460593 0.03208813192450016 19.91446481194073 r
2459910.0435532 2076.028735959583 60.9445850523132 26.14 17.84691659841937 0.03187216768495859 19.93023717802994 r
2459910.0460648 1998.190003950178 54.9922156022434 26.1415 17.88990804484997 0.02987956518715741 20.043321945436052 r
2459910.0485764 1970.0119899126953 55.969107442833 26.1543 17.91812782655404 0.030845324932959793 20.03700403633583 r
2459910.0510995 2099.8908986522306 62.775848031076 26.1525 17.84700817190826 0.032456799660917385 19.91059351852395 r
2459911.0423843 1976.1804692911078 57.2371142911446 26.1454 17.905833492945877 0.03144567814101882 20.003780664343473 r
2459911.0449074 1979.4244808345331 62.7114297684049 26.1527 17.911352657086184 0.034396765301625436 19.911908233057563 r
2459911.047419 1882.3633054476159 70.0422178357171 26.162 17.975241379578154 0.04039859663868395 19.801175266042478 r
2459911.0499421 2019.4584633380337 68.5816105463725 26.1636 17.9005126876643 0.036870802703770716 19.825655789866854 r
2459911.0524653 2075.0140033710345 75.6121175712824 26.1705 17.87794742019147 0.039562179297959355 19.726596486761807 r
2459924.0196644 1030.4096358504307 81.6144337924549 26.1772 18.6446752216777 0.08599375208223531 19.650357559123364 g
2459924.0402546 1982.879393379414 57.1958321038849 26.1695 17.926259251277855 0.03131683909900101 20.02866403257222 r
2459932.9872685 1096.3325134995557 43.4664948887253 26.1469 18.547044265002107 0.04304494568901444 20.30408843824923 g
2459933.0453356 2259.376677915743 48.9355472467038 26.1774 17.792428396246116 0.02351503587916898 20.205913865656274 r
2459935.0331481 1174.6962453267404 48.9396190139516 26.2369 18.562086048444186 0.045231901076408204 20.26532352884685 g
2459937.0103819 1138.7444998199992 36.5150660106969 26.2007 18.559634269182585 0.0348141371256504 20.54709476395745 g
2459937.0431597 481.19079367758366 38.4107509790614 24.5034 17.797606725843323 0.08666531630675645 18.794842993515037 r
2459938.0479977 1540.3072860453524 36.9494833104962 25.5226 17.553581575634 0.026044188970371824 19.856154064807082 i
2459951.941412 2268.598610140212 87.5300869184465 26.1624 17.773005845812 0.04188992047450999 19.559581589841365 r
2459951.9871991 991.541940344692 110.303109969623 26.0013 18.51052227809187 0.1207776309012089 19.147405595557085 g
2459967.8971875 2385.7049531469265 62.4510366060788 26.1381 17.69405816941714 0.028420568249138405 19.901825860424456 r
2459969.8800926 1186.0812711474478 43.294465388789 26.1311 18.445813879449613 0.039630337495452125 20.292594036079024 g
2459969.9730787 2469.670521077404 38.3108958649766 26.1964 17.714802455335093 0.016841979237967132 20.490669219965323 r
2460016.8937847 1894.293529441208 62.0633762285357 25.9886 17.794981810507927 0.035571154377113924 19.759086495718144 r
2460016.9009491 1232.3284019436144 69.9792494627357 26.1501 18.423283855131658 0.06165277942297112 19.790251788403346 g
2460020.8660185 2331.7322369983212 28.7726704787482 26.1777 17.758503307457048 0.013397116462647858 20.78282455928975 r
2460029.8979282 1541.608519932322 38.4080417863016 25.4948 17.52486474537981 0.02704941652062114 19.78631957552213 i
2460029.9379398 2167.2312566419623 35.4933320127283 26.1571 17.81733686091955 0.017780802324680257 20.53430806018969 r
2460032.6928125 1118.938079066387 52.7857081305792 25.1273 17.505284865591225 0.051217707565361766 19.073584108971932 i
2460032.8379745 2229.280522585602 48.7672727458996 26.1657 17.79528819606564 0.02375054529199122 20.197953817042066 r
