jd flux fluxerr zpdiff mag mag_error limitingmag filter
2458249.9798495 2971.791047326569 55.1074570624193 26.0228 17.340254324916003 0.02013269613504355 19.922349061815822 r
2458256.9200231 3060.5603078819195 28.6947944140744 26.0075 17.292997645932093 0.010179161709419432 20.615567195260045 r
2458259.9212153 1138.516673022153 22.1949949603679 25.429 17.788151512427767 0.021165351899947584 20.31593736228551 g
2458263.8775579 3003.264907126121 56.9907053218198 25.9782 17.284215896418157 0.020602514490507897 19.841264909478546 r
2458263.9602315 2151.5190203961843 23.9907689129208 26.118 17.786137025514574 0.012106227071123831 20.92046457044013 g
2458267.8975347 895.9138353345509 156.082218795886 24.6427 17.26203439168777 0.18914594045019353 17.41189141373774 r
2458267.9387037 1841.245081915944 101.936698485021 26.0779 17.915121000440653 0.060107518891523486 19.30964858016783 g
2458270.9585648 2074.8271561242796 90.8399951632768 26.0748 17.78234519107614 0.04753407167322718 19.431682233100105 g
2458278.9177546 2146.996405608208 25.3452105164549 26.1345 17.80492170659199 0.012816647007808987 20.877335232136026 g
2458278.9596875 3226.5672813606875 26.159623152448 26.068 17.296148186055067 0.008802389778351528 20.776496280701323 r
2458281.9795255 3315.2610926973193 39.8047234632543 26.0937 17.29240565785198 0.013035470527268297 20.346438461468953 r
2458284.8969097 286.1554865008962 27.1942253190126 23.9974 17.85589480721074 0.1031773697225949 18.66378326017241 g
2458284.9601042 174.86324210894466 47.7425828744909 21.8007 16.193953684236398 0.29642663376068873 15.85601021254828 r
2458287.9179051 1988.9518816070838 25.6408322245271 26.1539 17.907339308912523 0.013996442952493962 20.8841446967296 g
2458287.9599074 3208.637785998741 22.6850563270246 26.0917 17.325898266018392 0.007675894662128209 20.954925334267095 r
2458290.9182986 1964.191508960091 22.5223514000631 26.1478 17.91484042677254 0.01244915111561321 21.018840663724767 g
2458290.9615162 3035.775295503199 21.3664784999723 26.07 17.364325943877 0.007641404072884381 20.998242613798205 r
2458293.9178819 1860.17502367584 34.2596518663635 26.1593 17.98541547784159 0.019995808758795967 20.574917625371214 g
2458293.980706 3049.4730201210373 34.633438507513 26.084 17.37343801165551 0.012330499053280498 20.487835959917717 r
2458297.9084259 2780.435175846112 60.6836253573253 26.0603 17.450018064451434 0.02369564758164121 19.85519619295161 r
2458297.9400579 1833.1365267117485 84.4998197125802 26.1371 17.97911297208776 0.05004616564294462 19.572535533292086 g
2458302.8809722 2656.8703458928458 40.4739212182791 26.028 17.467074096131977 0.01653920987699483 20.262636784150608 r
2458302.9202315 1710.7892421555587 51.8174202547938 26.1189 18.035908723380782 0.03288433886791661 20.08528551987991 g
2458305.8984606 2494.721865456159 39.0002406611 25.8713 17.37874466621459 0.01697285852666143 20.14620677175619 r
2458305.9410764 1645.7605125745927 32.417466722792 26.0228 17.98188340524328 0.021385641077191698 20.498427304897433 g
2458312.8554398 1590.292837485606 16.1346270556989 25.9763 17.972607242667287 0.011015181720914246 21.209477660800832 g
2458312.8991435 2363.4271731518984 22.8766842906764 25.8816 17.447744438855977 0.01050898306346547 20.735692292289848 r
2458318.8567824 2853.5495649203745 19.4424241264181 26.0542 17.415736448856013 0.007397327221348317 21.084898957142613 r
2458318.8972917 1683.9330671647272 21.792309577504 26.1294 18.063587936988068 0.014050386544242387 21.03621683970172 g
2458321.8978009 1765.8914198296527 16.5701897203783 26.12 18.002590009000514 0.010187633722774505 21.324256286904355 g
2458324.9178009 1647.0954280081462 62.434886275145 26.0074 17.965603095796375 0.04115460153447143 19.771406676687917 g
2458329.8556134 2566.3376976223635 88.7995658713493 26.0268 17.50351549133277 0.037567031320875924 19.408347882712842 r
2458329.8990046 1529.853610551395 85.5887033230599 26.026 18.06437531049096 0.0607402267491164 19.447533872099566 g
2458332.8346528 2885.0630647858225 42.7895029839067 26.0351 17.384711722831163 0.016102442943678352 20.20933188410929 r
2458332.957338 317.39955156717554 67.0262932346019 24.343 18.088984227916683 0.22927079198914968 18.029961983651603 g
2458338.8225926 2725.1089757952345 22.8174309734022 26.0545 17.46604031453237 0.009090603358566094 20.91140812568566 r
2458338.825787 2881.0445233950895 25.2199129057135 26.0614 17.412525075302618 0.009503934847027785 20.80961603303531 r
2458338.859294 1564.5709512014423 21.4593474946294 26.0717 18.085711843492327 0.014891247697669556 20.995233708108202 g
2458338.8602083 1543.4838690480497 18.3572344880268 26.077 18.10574476242593 0.012912638663300635 21.17005685051728 g
2458342.8536574 2493.9312015635414 23.860776638392 25.9393 17.44708882821971 0.010387473872599593 20.747663550895517 r
2458342.8545718 2341.7464763790667 25.425814002915 25.9358 17.511950311448484 0.011788127596822028 20.675187824965004 r
2458343.8356366 2666.6099042403434 21.9457766088785 26.0366 17.471701280448265 0.008935138816656809 20.935797603903673 r
2458348.8309491 2686.4559011609113 21.1991080731683 26.0255 17.45255071022069 0.008567373700455261 20.962281016914723 r
2458348.8544444 1456.8603862147756 19.219710974064 26.0409 18.132355163817547 0.014323157113742142 21.084107858002536 g
2458351.7098032 2877.0911443736823 49.2032748146673 26.0626 17.415215949313506 0.018567362932088608 20.08518996666185 r
2458357.7126273 2923.775026425623 92.250165675434 26.0929 17.42804011941954 0.034255715288826975 19.433057102167243 r
2458357.8099074 3002.4485873846884 66.6783325749428 26.1245 17.430811051324962 0.02411120909140154 19.81711316193574 r
2458360.7920486 2937.5052809080116 37.79685773693 26.0939 17.423953359913586 0.013969693505470147 20.40283574910635 r
2458360.8576042 1623.8042515224754 70.2288804237673 26.1052 18.07886581459598 0.046956088090417715 19.741485626593377 g
2458363.7889352 2772.6224119341277 31.9638710329631 26.0571 17.449873176379 0.012516372453427503 20.548026564866486 r
2458363.7961111 1645.989008280111 31.0476445524093 26.1018 18.060732673203105 0.020479132923112663 20.62430334476201 g
2458366.77125 1671.9964794420257 18.3781262614257 26.1576 18.09951160336767 0.011933716324982089 21.249421911932576 g
2458366.8156829 2775.7710822870313 25.4115600616189 26.0721 17.46364088246562 0.009939339355091222 20.81209666917917 r
2458369.7752083 1626.0679785103703 21.9303839054008 26.1109 18.083053256210924 0.014642572217617654 21.01085940329289 g
2458369.8644676 2505.304572973271 34.6843535032475 25.9808 17.483648672175548 0.01503082818939858 20.38304097939188 r
2458372.7527199 1682.4294988179372 20.6505975713864 26.1714 18.10655781392021 0.013326177292425386 21.13664343051054 g
2458372.7966551 2757.5955582656843 23.7085501441771 26.0867 17.485373572823757 0.009334353913639822 20.902012498524485 r
2458375.6886574 2887.2046582455127 29.7257825362184 26.0999 17.448706075632067 0.011178037555253892 20.669641748368946 r
2458375.7820833 1611.8444200136953 21.3316782784214 26.1351 18.116792199736675 0.014368510272651087 21.06511242644065 g
2458378.773206 2758.205008793062 31.3375793961885 26.0736 17.472033643008587 0.01233527233906727 20.58601137094388 r
2458378.7957986 1546.2823086554129 24.4374393263191 26.0962 18.122978032353423 0.01715839839081882 20.878635747990664 g
2458384.7506481 1695.1798537280986 97.3888019397375 26.0675 17.994460544038795 0.06237392571262387 19.348802431033363 g
2458387.7098032 1635.629649042598 62.6210872338558 26.16 18.125787563986343 0.041566692343583574 19.9207734801287 g
2458387.7107176 1654.7131298254224 64.0871446323118 26.1549 18.108093217609913 0.0420492299681225 19.890547683505126 g
2458389.6899653 1572.93191788478 42.671359609566 26.0358 18.044025186968234 0.0294534649601404 20.213033787359393 g
2458423.6053009 2895.758160339931 41.2049316810425 26.0172 17.362794277816658 0.015448871020657437 20.232401993149594 r
2458425.6071528 2954.2130022143447 35.5096333280968 26.0414 17.365295486887053 0.013050111442681096 20.418109519642634 r
2458425.6650347 882.1327219565335 41.3416240100759 25.3699 18.006065169605357 0.05088191387820558 19.58150615695855 g
2458426.6056597 782.9893050389865 59.8194876306116 24.5385 17.304110424977342 0.08294623860452506 18.348968266993378 r
2458426.6065741 476.10153630970296 66.4026753277642 24.0873 17.393051042796866 0.15142438976810402 17.78441104613602 r
2458426.6680093 1359.7117575652585 35.1488822213114 25.667 17.833382867615754 0.028065611123353307 20.054796192999028 g
2458426.6689699 1403.7124307124197 33.8862751581601 25.715 17.8468046353349 0.02620930621846983 20.142515406632963 g
2458427.6068981 2476.045927248218 39.8905922687982 25.8015 17.317103260028947 0.017491281381184397 20.051898777981663 r
2458427.6662037 437.5792436768032 53.5911033954275 24.5298 17.9271582167461 0.1329675979772714 18.45964324193195 g
2458428.6483218 2075.155976577628 32.1971986778764 26.138 17.84537313626994 0.01684523910449425 20.621029770453294 g
2458429.5846065 3133.7760379304855 25.8741602389451 26.0845 17.344330111377655 0.00896412999251028 20.804909330631382 r
2458429.586169 3129.800870110927 27.4865483285315 26.0852 17.346408232621958 0.009534838399872061 20.739974474217576 r
2458429.6678125 1972.4620501858426 28.7577826020437 26.0771 17.8395783594642 0.01582911294445291 20.682786498445285 g
2458429.6687384 1913.0212890690993 25.9381189357901 26.0735 17.86920049224254 0.014720701692917818 20.791228795856526 g
2458430.644838 1961.7946647728756 24.3610360342481 26.1179 17.886266127230655 0.013481929223946199 20.903735603725305 g
2458430.6731019 3121.7979940958835 34.8709837892655 26.0393 17.303288006937876 0.01212744295806692 20.435714489215684 r
2458431.6025579 1892.7645984026694 42.6274764002426 26.0867 17.893958488825113 0.02445135077378364 20.265050932576745 g
2458432.584537 3284.13727663742 50.3982280105543 26.0761 17.285046744259017 0.01666110504585335 20.072636821596088 r
2458432.5854514 3220.6759577806474 63.7837497736396 26.0577 17.28783242175018 0.021501702759615837 19.79849987082761 r
2458432.6475926 1917.6871104403392 46.7736326166889 26.0868 17.879855627029904 0.026480927287600403 20.164372238746235 g
2458433.5860185 2502.89285120398 41.6032284781187 25.8355 17.339394355331123 0.01804656764949637 20.040257404430385 r
2458435.6274306 2089.932331058801 71.3169502247707 26.1466 17.846269438697878 0.03704847841643111 19.76619308198442 g
2458457.5916088 2123.152189953835 66.3587002365483 26.0905 17.77304718499456 0.033933337981007866 19.788330311813766 g
2458457.5925231 2130.385758680535 72.6708115829438 26.0908 17.76965437438741 0.037034935956607395 19.689974963177082 g
2458469.5748264 3377.6844271613236 54.1808950098749 26.0434 17.221852321152127 0.017415539841197737 19.96135955207934 r
2458469.5797338 3373.9273044891543 50.2236175972213 26.0393 17.218960697668464 0.016161516447835624 20.039605010037363 r
2458469.5846412 3515.8247741632536 54.9083953056253 26.0393 17.174231944853403 0.016955920335223532 19.94277810999467 r
2458469.5895486 3320.2382934478046 55.5317837208046 26.024 17.22107686467391 0.018158593527656194 19.915220930291195 r
2458471.5755324 1269.7176446723504 213.349190506222 25.1326 17.37333211295306 0.18242891803900071 17.562447490685898 r
2458471.5804514 2091.32385862567 131.360241739873 25.4197 17.11864676979336 0.06819499231013536 18.37611514165903 r
2458471.5853704 1706.9632307153827 113.834160625253 25.2407 17.160139584543863 0.07240328670644015 18.352593465278115 r
2458471.5902778 1730.7201473300765 117.493838791192 25.3081 17.212532876666195 0.07370519201061153 18.385637255601054 r
2458472.5845255 3459.3774753045154 82.596566112971 26.0395 17.192005116720786 0.02592232055305236 19.499670008546282 r
2458472.5893866 3337.0356198067366 84.1207961000062 26.0279 17.21949789405904 0.027368586593350803 19.468216553916097 r
2458473.5751736 3293.7309923064336 71.7792435010874 26.0511 17.256879684232924 0.023660318602570406 19.663677796944647 r
2458473.5800463 3393.874608124816 73.4015399133771 26.0448 17.21806051848535 0.023481142082613652 19.63311206113861 r
2458473.5849074 3331.934395409365 76.5341583678512 26.0285 17.22175889570829 0.024938406906948464 19.57143671239752 r
2458473.5897685 3392.016326450712 75.3524869059479 26.0319 17.20575516516096 0.02411845556161901 19.591731013700972 r
2458474.5749653 3229.8387860256476 109.530333059751 26.0371 17.264147886189875 0.036818271895638625 19.190838968475656 r
2458474.5800347 3549.952761589151 96.6584296303287 26.0206 17.145043564909916 0.029561536194264774 19.310075651518176 r
2458474.5851042 3399.45316015112 94.2790316105388 26.0137 17.18517734609234 0.03011035593001426 19.33023720663889 r
2458474.590162 3245.034482821117 92.5078769561994 26.0005 17.222451709701893 0.030950611632339392 19.337628203989034 r
2458475.5744213 3182.1487895883893 78.1372912391396 26.0171 17.260298794135224 0.026659236480676033 19.537529110160627 r
2458475.5793287 3235.2685763846257 68.5640211409249 25.9911 17.216324151166575 0.023008895859857156 19.653434288776147 r
2458475.5842361 3121.8048892159604 75.6335296410977 25.9892 17.25318560887328 0.02630379733691909 19.544989068201325 r
2458475.5891551 3183.621086468963 79.4645623312407 25.9253 17.167996568611205 0.027099542621360613 19.427441249757702 r
2458608.9587731 1404.2566569114779 25.0104067708161 25.5471 17.678483771659515 0.01933677757369305 20.304373101208725 g
2458608.9842708 3205.0761354661668 24.8559440286546 25.9424 17.177804123771566 0.008419799496583651 20.706399333432607 r
2458618.984919 46.433829754486624 29.0967680167716 21.929 17.761913738139725 0.6803307244489465 16.521963110375122 r
2458632.9535417 3074.1743717037625 32.4839919923029 26.0322 17.312878755785395 0.01147230633065787 20.505601502261705 g
2458632.9601852 4376.168951939521 40.4585680778712 26.0975 16.994764798565782 0.010037516340103091 20.33254871910387 r
2458634.9478588 3032.5115733521084 25.6101113398562 25.9998 17.295293832515085 0.009168933805896944 20.731346322744827 g
2458635.898588 3856.13973891469 27.1570788635726 25.919 16.953618091266936 0.007646102713715236 20.586867355482937 r
2458635.9822917 2977.9623947779087 57.5675188047501 26.042 17.35720197687227 0.020987859106588354 19.89413121040779 g
2458638.9439583 2889.9166722524856 28.5985413145411 26.0155 17.363286698733774 0.010744059371440783 20.62721528354026 g
2458641.938831 3031.7134177601447 26.618637141726 26.0589 17.354679635376787 0.009532515235600132 20.7485104489335 g
2458644.9395602 3116.174471997175 32.7610956992812 26.08 17.34594558633664 0.011414226616750825 20.54417894323738 g
2458647.876088 3072.6548289541624 52.4414039296723 26.0313 17.312515560228036 0.018529784637679063 19.984689214550187 g
2458650.8543981 4130.710757930479 71.0216488285082 25.9803 16.94023803569615 0.018667054812558027 19.6043981126559 r
2458653.918125 4017.1998860308486 80.1968807434754 26.0029 16.993091395751442 0.02167423974245394 19.495081297322393 r
2458665.9816667 3265.657776992563 53.6662790972279 26.1016 17.316673322230933 0.017841881542627124 20.02992127686752 g
2458668.9427315 3306.182617563545 29.0478238939967 26.0974 17.29908290442976 0.009538862806360416 20.692190981787125 g
2458674.9234259 3431.166682836104 28.5859169067121 26.1068 17.268195459539243 0.009045241124795513 20.718994671726932 g
2458677.7732986 4016.705457832927 49.4556361906663 25.954 16.94432503401897 0.013367667800360725 19.971035506808217 r
2458677.7927894 4340.774754566108 44.6656704909282 25.9952 16.90128187345152 0.011171627461431834 20.12284034488575 r
2458677.8154861 3262.1209901256675 56.0397052713688 26.0153 17.231549838183035 0.01865115003315106 19.896635382803822 g
2458677.8298032 3347.3188395878788 48.9322334527724 26.0418 17.23005729538385 0.015871128029804244 20.070387391509666 g
2458678.9823495 4274.977689415526 31.9847926404195 25.9972 16.919865368648882 0.008123057450260325 20.487416140404655 r
2458680.8299653 4515.213391572723 83.3822194515922 26.0335 16.89680429964831 0.020049567497198897 19.4833913618859 r
2458680.9426273 3483.683083903159 117.675522644844 26.0816 17.22650340078861 0.036673920060593744 19.1574596495067 g
2458684.884537 3445.1114784218325 83.3022278547219 26.1109 17.26789180109616 0.026252047095817552 19.561833448065734 g
2458684.8854977 3404.8172349538545 92.6968205060237 26.0826 17.25236548836574 0.029558396553627034 19.417512893830267 g
2458684.9406134 4345.837008558853 73.3223337435795 26.014 16.918816415017393 0.018317773443556475 19.60348429047525 r
2458685.8884375 4504.665272315064 43.57057556607 26.0201 16.885943686400076 0.0105012406099979 20.1746917466813 r
2458686.8554167 4405.7629683343475 42.2670513278876 25.9874 16.877347179398402 0.010415752721267388 20.1749701110527 r
2458690.7989699 3182.7552829528454 28.5377113083874 25.9456 17.188591880787207 0.009734770792296331 20.559627138516337 g
2458690.8734028 4061.0813845323905 28.571001474964 25.9307 16.909095767779974 0.007638245423870059 20.543461330150258 r
2458690.8743056 4186.8389164579075 31.4902254581487 25.9222 16.867484369350144 0.00816581159726969 20.42933556407865 r
2458691.8939236 4363.811618041433 32.7034203920843 25.9701 16.870435014486837 0.00813648860846605 20.4361920463682 r
2458692.8566782 1800.8187262313018 33.1039033733479 25.3407 17.20202500468033 0.019958093154473045 19.793576974995716 g
2458693.8140509 3587.717285728562 30.8189408015739 26.056 17.16895446736246 0.009326298970481449 20.586530717605022 g
2458693.8149537 3635.004692552807 32.2275421445995 26.0633 17.162037560397177 0.009625693902975168 20.545307026631136 g
2458693.8407639 4643.395752917234 33.825746454503 26.0055 16.838410750460007 0.007908999120434976 20.43495651608228 r
2458693.8416667 4644.156659693467 31.8390244422546 26.0044 16.837132846960667 0.007443252105805885 20.49957560828579 r
2458695.8354745 4530.712726975312 30.9788504506074 25.9942 16.853783684236774 0.0074234982354924595 20.51911174387027 r
2458695.8863657 3693.856879450981 31.6986423230152 26.0447 17.12599983888049 0.009316878561687194 20.54467333552801 g
2458696.8555671 4664.508053588135 30.3389035758662 26.0052 16.833185381871964 0.007061612335941818 20.552775284977407 r
2458696.8652546 4466.2008839161535 30.3590994953783 26.0047 16.87985436705855 0.007380069812988514 20.551552775481138 r
2458698.8326389 1595.9523873508842 30.5723156180522 25.0458 17.038250173157493 0.020797840417792892 19.585054153053285 g
2458698.9017477 4333.2484871072875 33.7359896509673 25.9332 16.841166014844674 0.008452587954056174 20.36554135220913 r
2458699.870544 5157.878919912771 36.1158390986774 26.2308 16.949622142617606 0.007602149472344957 20.589130715384044 r
2458699.8714468 4647.247350010014 32.1274362960279 25.9769 16.808910528892348 0.007505681311867838 20.462284811361982 r
2458701.8817708 4353.3749800502355 31.6878038997317 25.9574 16.860334807667737 0.007902707405540728 20.457744634737143 r
2458702.8847569 2544.922871941459 30.9002949795113 25.2775 16.763313437834558 0.013182501768182128 19.80516842592452 r
2458702.8856597 2295.7550384866877 32.9421543853589 25.1646 16.762286134662812 0.015578882074352266 19.62279499364531 r
2458704.8704977 3877.0143868665514 39.6613648151084 26.0524 17.08115646851295 0.011106573121222041 20.30905585181202 g
2458705.6696412 4517.375595450236 62.1151488773927 25.9053 16.76808449672578 0.014928671683644635 19.67488116297258 r
2458708.9228009 3752.2914922120926 89.3648827058143 25.9835 17.047758578356387 0.02585712047027142 19.358157764969288 g
2458712.7062963 4081.253104228809 70.8916588743711 26.0695 17.042516177633487 0.018858686798952737 19.69558714160911 g
2458712.7071991 4202.897486946858 68.9033626497184 26.0418 16.982928006901854 0.01779923994366631 19.698773946561364 g
2458714.7433333 4209.179570843917 48.846172197517 26.0493 16.98880636526698 0.012599198552180451 20.07979864878913 g
2458715.8337384 4985.70387621771 42.2527550566416 26.0153 16.77098379951029 0.009201071163455641 20.203237409088437 r
2458716.8674074 4878.887181969239 42.2308261508214 26.0057 16.784898060691205 0.009397636436725434 20.194201045411003 r
2458716.8683102 4764.242388205714 42.3860417990564 26.0065 16.811515378057983 0.009659148681259019 20.191017833979714 r
2458719.8146065 4684.468974709389 62.6566128205741 26.0067 16.83004908260456 0.014521664014973535 19.76685770546629 r
2458722.803912 5122.170783598451 40.4930266312414 26.0673 16.793664863410726 0.00858293892782964 20.301424391390455 r
2458725.8160417 4059.565001113924 33.6869974724108 26.0565 17.035301250870525 0.009009333055576323 20.490419229240104 g
2458732.7312616 4685.334767992995 36.618204515388 25.95 16.77314843312623 0.008485281545716905 20.2933323743752 r
2458732.799213 3669.041617317302 33.8751655797146 26.0049 17.093518405218504 0.010023943881232766 20.432771422429397 g
2458735.7993171 4687.058880521188 78.9402743257314 26.0304 16.853148976704688 0.01828555134897652 19.539728410957487 r
2458740.8536343 3936.159058656641 99.7109216960367 25.8708 16.883118400537498 0.027502991132257102 19.126518162273975 r
2458743.706169 3228.6830048248316 52.4992617701807 25.9315 17.158936480840026 0.017653776607585416 19.883691997854157 g
2458747.752037 4086.5011531529926 34.8993238396413 25.9485 16.920120935483464 0.009272038468278393 20.34403245726038 r
2458747.8007407 3051.7517514343517 42.9900137492402 25.93 17.218626993771245 0.015294251213458877 20.09915602912283 g
2458750.7064699 2888.2218874678792 48.2260972625114 25.9527 17.301123612935005 0.0181284803723346 19.997069694915886 g
2458750.7548843 3796.7228680120334 40.3438643774903 25.8993 16.950777754770733 0.011536615938886167 20.137431251156254 r
2458757.6440162 3148.5129296637606 30.7386860677446 26.0504 17.305136297218045 0.010599604387622547 20.583761740304304 g
2458757.7137731 4185.445219018429 35.7469980000889 25.9929 16.93854584484668 0.009272732934681288 20.3623760491136 r
2458758.7756713 3980.7888905471236 39.3234328913748 25.9489 16.948977133345394 0.010724871944741032 20.214846428575143 r
2458761.7075463 3925.3771848294846 43.2980843205891 25.9823 16.997596515182344 0.011975595702889278 20.14370328450066 r
2458766.6165162 3966.911572444596 81.5172522366732 25.9727 16.97656870099977 0.022310373986687143 19.44715115877402 r
2458766.6916088 2906.923419065599 87.9695379034112 26.0273 17.36871602318428 0.032855536088540575 19.419044212499045 g
2458769.6221644 3664.644231877267 61.8748063031672 25.9757 17.065620452033407 0.01833124116633172 19.749490358158305 r
2458769.6930208 2686.7079160559892 73.4252179213194 26.0134 17.440348862703946 0.02967116694031999 19.601361878772924 g
2458773.6856481 1807.6901731773178 56.24890374472 25.5458 17.402990007120962 0.033783131480049355 19.42308983230182 g
2458773.6915972 1568.2464535382621 65.2571283252384 25.0781 17.089564214777866 0.045177633950876164 18.794105092880265 r
2458777.5964005 3734.357104227429 37.751792713408 25.9824 17.051860385638008 0.010975683418853582 20.292631039839343 r
2458777.6212037 2831.950547074656 33.2254484250599 26.0432 17.412985836954356 0.0127378175414645 20.492097861457502 g
2458781.6033102 3706.4726438883717 44.8802530626535 26.0013 17.078898002245705 0.013146324128539937 20.123736746469497 r
2458785.5811343 3914.631877763522 49.7457982919287 25.9959 17.014172679144586 0.013796702957521261 20.006583977746615 r
2458790.5981019 2666.335442374215 45.7417912864938 26.0384 17.473613036022634 0.018625512008168543 20.140192069320083 g
2458790.6063889 3681.544848732012 49.2223202651872 25.9946 17.079524761404166 0.014515828356761604 20.016769784586106 r
2458794.6280093 2470.4842598481246 55.4958410300161 25.9667 17.484744771945902 0.024388673745281232 19.85862389556018 g
2458797.6284838 2301.233655199875 62.926551420847 25.9731 17.568198207769754 0.02968814432347578 19.728590160027025 g
2458801.573044 3321.7401290733046 39.0906159550975 25.944 17.14058586719206 0.012776641186042876 20.216393704880794 r
2458804.6735648 2010.4229548386315 55.6269826625476 25.9013 17.64308141412411 0.030040551880574567 19.790661230578102 g
2458812.5908681 3256.1793416980204 43.2108477622583 25.9457 17.163929208347692 0.01440768842634426 20.109293021897322 r
2458836.5745255 3558.433168697093 104.443721469146 26.0676 17.18945296572558 0.031866426323968536 19.27296914436387 r
2458836.579456 3441.317327633151 82.3044941279607 26.0455 17.203688196908978 0.025966216064179426 19.509516114322285 r
2458836.5843866 3489.8439381665667 79.6049902516343 26.052 17.194984984398985 0.024765330326376987 19.552224255405697 r
2458836.5893171 3229.9568220804 86.8005624020815 26.0249 17.25190820814868 0.02917666575469599 19.43116864144541 r
2458838.5740509 2682.865107894141 114.428887360981 25.662 17.090502906812464 0.04630700315206421 18.768235801317743 r
2458838.5789005 2040.869674735093 111.011561861295 25.4784 17.203861818624475 0.05905583007325164 18.61755445680885 r
2458838.58375 1357.3084770564094 142.072327532141 25.0532 17.2215035962919 0.1136424980827958 17.924501250541717 r
2458838.588588 2059.888710590856 133.141800703444 25.5007 17.216090606458046 0.07017469064251826 18.442488923260733 r
2458840.5781481 340.17897310560886 117.738966484774 23.9935 17.66423133546843 0.3757704209214438 17.068774441043928 r
2458993.9798148 2962.231709343003 33.5501146626281 26.0849 17.40585243361766 0.012296593603507862 20.523239967222196 r
2458996.921331 1681.4943953634552 25.0639750709902 26.1182 18.0539614397654 0.01618319859382713 20.873150114364996 g
2458996.9642593 2984.064374890465 22.1269653597603 26.0996 17.412579530278805 0.008050512077834639 20.989870349267388 r
2458999.9145023 1824.838033194428 26.3752322849211 26.1408 17.987739190226236 0.015692126737194025 20.84038425634674 g
2459002.9628935 2723.7976623218647 28.2344427927744 26.0302 17.442262892963555 0.011254189312279703 20.655826935789396 r
2459016.980081 3066.4134480651533 34.3330294943569 26.1277 17.411123222768296 0.012156015734128521 20.540994672655504 r
2459020.9711458 3062.7803687978258 29.6626902435517 26.1224 17.407110363059537 0.010514884816917125 20.694448647635884 r
2459023.8416898 1787.985386811951 24.0591377903014 26.1421 18.01119008752596 0.014609183101605224 20.941474840588867 g
2459023.9791667 3289.802877026844 32.4791853464104 26.1607 17.367775309824363 0.010718773388169189 20.63426217018751 r
2459026.8769329 1933.5542758050278 23.8885144566404 26.2161 18.00020908140839 0.013413515446715986 21.02320213083209 g
2459026.9604398 3111.456923452178 19.8070049822413 26.1553 17.42289051806349 0.006911381336226266 21.16582796210331 r
2459030.8352778 1702.2559284512276 52.9828079241173 26.1203 18.042737861571112 0.033792471274017535 20.062537562088405 g
2459033.834919 3149.7550387814854 52.0931630363247 26.1481 17.402408051591273 0.017956173230035562 20.10872316893602 r
2459033.9410532 1977.0798964567534 56.0547079331694 26.2306 17.990539449769468 0.030782062228294594 20.111644753989836 g
2459039.8506481 1937.2848319630016 54.3653873991977 26.225 18.007016304609422 0.030467642199779637 20.13926877142736 g
2459042.8558565 1915.8629780540045 31.1849435683287 26.1272 17.92128888689497 0.017672189305794964 20.644912582917556 g
2459042.8910417 2910.909808369391 32.0235822058989 26.0846 17.424528126332802 0.011944033133895166 20.573500211329293 r
2459045.8551042 3325.7775007378054 24.6299310343111 26.1566 17.351867022663527 0.00804044050391804 20.930516999702277 r
2459045.9401505 2091.315536717443 26.6009362123793 26.2338 17.932751090221778 0.013809793854021493 20.92413268473311 g
2459050.8766782 2066.8103286228115 24.9737784444534 26.2125 17.92424844197323 0.013118780606834926 20.971364352801558 g
2459050.9555787 3252.970957485553 32.3374741017287 26.1175 17.336799535201507 0.010792840173213499 20.595809754386977 r
2459053.8560648 2086.9913689529903 17.9015643909806 26.231 17.932198367542213 0.009312797718487082 21.351347526698575 g
2459053.9415741 3148.5639436730717 18.6940252211762 26.1323 17.387018705640884 0.006446146098895437 21.205617928446042 r
2459056.855081 3250.289037144382 32.8061368427136 26.1359 17.356095042433314 0.010958293974195864 20.59858725887235 r
2459056.8984491 2024.2146495728798 25.6912241772495 26.1908 17.925158591015574 0.013779646390329874 20.91891299233628 g
2459061.9043171 3245.9725970867494 39.7236612820822 26.1193 17.340937877158822 0.013286612182944453 20.37425181398949 r
2459067.8121528 3327.1262608315433 48.1466883591605 26.1664 17.36122679453522 0.015711113872328996 20.212558937393503 r
2459067.828125 2208.82381675446 67.1156914819371 26.2398 17.879397308853356 0.032989279493104685 19.925314816631538 g
2459072.8145949 3255.17275417974 28.6220285059401 26.1169 17.335464895469038 0.009546324786909702 20.727723964367378 r
2459072.8350231 2100.0979339819555 29.5699227809394 26.1895 17.88390113078873 0.015286937167922452 20.76494951313851 g
2459076.7940856 1866.8734699784543 24.1558854102381 26.0664 17.888612789959005 0.014048110496850213 20.86141758728077 g
2459079.7936111 2908.7338344597915 23.0958162560579 26.0323 17.373040043319257 0.008620633284536673 20.87604169976163 r
2459079.8155556 1755.5252261480066 24.1250852345151 26.0774 17.966382313818755 0.01492009607665118 20.873802848181086 g
2459082.7706944 2517.0885681365135 24.4164233938229 25.8965 17.39425375694134 0.010531576526247931 20.679869871064046 r
2459082.7927199 837.980646605632 24.3670866985548 25.1708 17.86271502851213 0.03157035444169546 19.95636596783679 g
2459095.7752315 1681.7544011724226 85.8045158761344 26.1424 18.077993567723876 0.05539332189157629 19.561199625934577 g
2459095.8574306 2772.908101977416 112.898493961359 26.0162 17.40886130826365 0.044204095623088836 19.137054617709666 r
2459098.7262153 1610.1959386172134 38.4288787295567 26.147 18.129803182773493 0.025911277401748683 20.437930706939387 g
2459098.7992477 2783.80931153256 43.7995318813305 26.0869 17.475301292073123 0.017082043502965823 20.235801316920334 r
2459108.7727431 614.8973738942127 22.351474932539 25.1811 18.209093404344337 0.03946511623650632 20.0604095223997 g
2459111.7498032 2424.2706365501544 26.9195866485824 25.9639 17.502447246949764 0.012055830229399085 20.641304021678504 r
2459114.7097917 1283.491376437981 26.4270377212102 26.007 18.236017612335225 0.02235452094235736 20.704453777644837 g
2459114.7767014 2446.5814364348694 26.6131406737198 25.961 17.489600809554027 0.011809901930573559 20.650834665165934 r
2459123.6695255 1298.710027728241 84.143473552052 26.1214 18.33761951534188 0.07034254551438567 19.56142389842937 g
2459123.7721875 2219.3109661491126 124.454121556143 25.9806 17.61505460221558 0.060883689502945454 18.99565177979862 r
2459125.689213 1545.5392993720297 55.0042987614639 26.1746 18.201899868472864 0.03863904799417623 20.076183408359448 g
2459125.7701736 2672.260447695773 56.7461820298744 26.0859 17.51870304074869 0.023055136666397507 19.953633372036123 r
2459127.7694792 449.7499443173944 106.493268926616 24.2058 17.573372204378764 0.25707561175823657 17.390069593206885 r
2459130.6879282 1480.4620799030604 21.9947620240378 26.1837 18.257706780041254 0.0161299052867747 21.080476820616475 g
2459135.6873148 2585.525507809376 28.3661081581652 26.0964 17.565027933217294 0.011911343954758829 20.716975602911106 r
2459135.732419 1383.549892176299 30.8505432702871 26.0986 18.246112937881175 0.024209054561714842 20.62801794852769 g
2459137.7037731 2446.370987604723 28.700753940882 26.0638 17.592494205890016 0.012737401118431834 20.671641725716608 r
2459137.7283449 1052.570670685413 31.874465594882 25.8323 18.276671838829685 0.032877704329181606 20.326267708781547 g
2459139.7502662 2161.6388688806896 32.9006230740208 25.9185 17.581542147779768 0.016524594827423942 20.378064682351376 r
2459141.6471644 2361.4213070614414 28.9003596420975 25.9848 17.551866306118498 0.013287387714169067 20.585116871056943 r
2459143.6327894 2686.381625325071 23.9142522398996 26.1244 17.551480729354424 0.009664934948964001 20.93033297482937 r
2459143.6864699 1419.112574250215 24.0125451169633 26.1479 18.267857879509148 0.01837093174039509 20.949379504503298 g
2459145.6250579 2643.521694106526 33.0808416928545 26.1254 17.56994280299766 0.013586372264696394 20.57903361166305 r
2459145.7179745 1302.014400102068 38.5224914113719 26.1063 18.319760531258503 0.03212243191937647 20.394589071635846 g
2459149.6272454 2802.8386720702097 114.033755773 26.1014 17.482404747434856 0.044171806917199845 19.211391418363824 r
2459149.6708449 1225.1073747387354 93.2948441733711 26.1223 18.401864614548778 0.08267864058905859 19.45023088003286 g
2459150.6480671 1451.4754090265328 67.1162964761562 26.2209 18.316375794025394 0.0502028230247687 19.906405029633113 g
2459151.6098611 2705.7445214135487 54.3783094389015 26.1603 17.5795830305972 0.02181969882617453 20.074310734836374 r
2459151.6492245 1387.9787946325555 79.5825434619716 26.2235 18.367542922318936 0.06225078349236328 19.724030451397436 g
2459152.6908681 2552.6082411739135 61.7270522981983 26.1301 17.612639582409336 0.02625434627968355 19.90648614354247 r
2459152.7388194 1259.5015139953703 104.662237957482 26.0169 18.266403265294702 0.09021965475053484 19.219999946970017 g
2459154.6953704 2692.51960004771 62.1091379473638 26.1223 17.54690281648945 0.025044159778171354 19.891986235571963 r
2459156.6051042 1440.8953998798493 33.2810113919354 26.2168 18.320218862857146 0.025076902925248615 20.663883699675857 g
2459158.6278588 2697.6178257673964 34.8667582497163 26.1425 17.565048943106536 0.014032691758680958 20.53904606276953 r
2459158.6792361 1364.5874263864687 56.0324479248693 26.1305 18.292996586810244 0.04458082167232392 20.011975998712973 g
2459164.6458102 2713.8450416576784 45.5032231469402 26.1455 17.561537384574155 0.018204005244329132 20.252969588431828 r
2459165.6228125 2630.2368842284745 31.6929324412773 26.1482 17.598212840866417 0.01308209802615856 20.64836892698847 r
2459165.6618519 1340.5457288806242 37.5253194266212 26.1364 18.31819591678801 0.030391532659987803 20.453163994724544 g
2459167.6078588 2632.2183333930293 38.6068349172944 26.1754 17.624595225852687 0.015923998453303053 20.461314492759627 r
2459167.6640162 1327.2324752786624 52.0840394375424 26.1472 18.33983250088719 0.042605679615748696 20.108013341474845 g
2459168.6174884 2660.910232260719 42.0574995116869 26.1524 17.589824441103133 0.01716022835578486 20.345366367770517 r
2459168.6630787 1253.6098872307002 40.1063521296149 26.1232 18.377793978105206 0.034734463209534064 20.367742082773802 g
2459170.6237384 2618.6226410214986 36.4617164349313 26.1446 17.599417703659988 0.015117292928454411 20.492582216138672 r
2459170.6748611 1224.4204276862151 50.8207577435026 26.074 18.354173583595376 0.04506303181039452 20.061472148798295 g
2459172.5957986 1385.8542944226278 31.6931993973928 26.2336 18.379306070152214 0.024828949712989063 20.733759781646697 g
2459172.6452662 2555.2914244407516 46.2467777193983 26.1317 17.613098906328958 0.0196494717157123 20.22157129336076 r
2459178.6090394 1359.162110709204 54.9130946127548 26.173 18.33982185193683 0.043864632740504304 20.076385191789043 g
2459180.5936574 2673.1715170573525 92.7910903309288 26.109 17.541432937450395 0.03768680241034005 19.442809294460737 r
2459180.6660417 907.7447334515964 163.537549777752 25.9444 18.549490655237747 0.1955976292129851 18.662931272679376 g
2459182.5939815 2675.5742223471107 88.1580058173188 26.146 17.577457492205838 0.035772936559352854 19.535420595064274 r
2459182.6295486 1266.708176855833 92.5966800743394 26.1391 18.382408564959675 0.07936493771299948 19.475186449324493 g
2459184.5920718 2587.5661761466845 63.1890052267951 26.1454 17.613171336139178 0.026513062199976137 19.896371193166274 r
2459184.6282292 1259.391566371026 97.6282515067263 26.0956 18.34519804829076 0.08416365131480152 19.374236210924444 g
2459186.5940625 2640.8952145162248 81.0548474232409 26.0885 17.53412207598705 0.03332250646057279 19.5691275076325 r
2459186.6284954 1032.463198499699 119.841373271663 26.0724 18.53771354887224 0.12602074257960338 19.128458046664157 g
2459188.5933449 2516.0541028635007 50.1577882946896 26.1374 17.63560006116465 0.021643537271145413 20.139129044034565 r
2459190.6118866 2597.3010408352666 62.1341274126765 26.1318 17.595494276103345 0.025972739036152975 19.90104948002606 r
2459199.569838 2445.2926288172725 129.485715002905 26.1317 17.66087290323637 0.05749113178599419 19.103720341043605 r
2459199.5745486 2683.451642687999 108.196588818904 26.1306 17.558865566344814 0.043775350601442546 19.29764106737406 r
2459199.5792708 2703.3636289454025 90.8225306165218 26.107 17.527238833752687 0.03647530818072909 19.464090992619315 r
2459199.5839699 2639.3687546371434 79.960238631095 26.1002 17.546449822179923 0.0328915127638975 19.595589785299225 r
2459199.5886806 2903.0483496743304 102.571441905847 26.1434 17.48626432755662 0.038360303055121656 19.368408837442743 r
2459200.5781134 2466.8488317253928 59.9613224111266 26.0489 17.568543658054153 0.026389946114463422 19.856796983192247 r
2459200.5828125 2071.718608971599 60.7507175951673 25.9232 17.632373082343392 0.03183687871868575 19.716896458554828 r
2459200.5875231 2433.4925869201716 49.1616661765591 26.0357 17.570124930993725 0.021933422462338956 20.059208505463662 r
2459200.5922222 1675.1472809345903 67.7481747370823 25.6429 17.58276750815704 0.04390909035234994 19.318230991669914 r
2459202.5745023 2575.5606480342585 101.452631576595 26.0976 17.570420547775818 0.042766270010677725 19.334516697494273 r
2459202.5832292 2430.334351011221 69.2937001982834 26.0838 17.619634936569664 0.030955481608517556 19.734640607301735 r
2459203.5748495 2518.01215664532 98.4861601507988 26.1003 17.59765544376019 0.042464617890557554 19.36943697617579 r
2459203.5796065 2500.9911973690632 72.0690089116217 26.0903 17.595019592085947 0.03128572505879207 19.698503614883187 r
2459203.5843634 2507.951282837584 63.9675522151256 26.0815 17.583202259914607 0.027691754586789335 19.819175658395555 r
2459203.5891088 2521.9234590824185 71.0718387361873 26.0689 17.56457024623385 0.030596763370429006 19.692231110549315 r
2459203.5938657 2503.358789094682 75.0972488078391 26.0644 17.56809225376895 0.032569475612465704 19.62791492193116 r
2459204.5718403 2533.8448915069166 130.976133839969 26.1153 17.605849934586846 0.056120557728963974 19.074894572270274 r
2459204.5742708 2242.9405437585965 131.631437144607 26.0872 17.710155596537223 0.063716468858517 19.041375931847526 r
2459204.5767014 2686.3720287708616 104.251416157053 26.086 17.51308460793402 0.042133316349895186 19.293370081244113 r
2459204.5791319 2462.751222496425 76.5293349113336 26.0774 17.598848641691184 0.03373783683640239 19.62040514153451 r
2459204.5815509 2687.745042917622 75.4389285338564 26.0802 17.506729826122857 0.030473145109142785 19.638786210539926 r
2459205.5854051 2457.9189506503467 63.723900182774 26.0647 17.588281104951875 0.028147811143297424 19.806519117475744 r
2459205.5878588 2518.306138617817 60.0921164342758 26.0647 17.56192868970981 0.025907100734186988 19.870231239006166 r
2459205.5903009 2481.2458492384785 62.1865669833737 26.0592 17.572525506008432 0.02721050628440153 19.827533533664578 r
2459205.5927431 2433.7346421521506 63.7325269354374 26.0654 17.599716940091817 0.028431367699403663 19.8070721436758 r
2459206.587581 481.36100973067187 144.468925794362 23.9394 17.233222726285604 0.32584673366606604 16.792538880205527 r
2459206.5900231 564.398045813882 185.49705046349 23.8607 16.98173624656831 0.3568299875981916 16.442432468131543 r
2459334.9807176 1515.1350516199686 63.2122235729851 26.1348 18.183671636453255 0.04529596953077674 19.885372320471824 g
2459342.9467477 2377.0135018686583 22.6803947271248 26.0147 17.574620878483085 0.010359261542217356 20.878148467408444 r
2459342.9684722 1322.6478994891795 21.441431589729 26.0615 18.25788938359931 0.0176002716111819 20.98594054234932 g
2459345.9275347 1194.7318191821432 31.6174645280986 25.9828 18.289623924070547 0.028732039012449966 20.485557389180077 g
2459345.9745486 2539.013078098652 28.5457734940242 26.0537 17.542037655327064 0.012206375205310342 20.667420450621446 r
2459348.9225116 2313.740170003744 23.8247963449693 25.9922 17.581413533371453 0.01117955323034017 20.80220199674806 r
2459348.9444907 1240.6586146889708 20.510138228382 26.048 18.313869261307776 0.017948416116174568 21.02065352087906 g
2459352.9253241 2405.349856820969 28.4271539018405 25.9938 17.540854367002495 0.012831131780563016 20.612041537313317 r
2459352.962662 1282.6776653271781 25.1857259853989 26.0675 18.29720616841118 0.021318015773957366 20.817188804083266 g
2459354.9446644 1306.170965266313 45.5725605287768 26.1067 18.316699935883058 0.03788028541578013 20.212516413080287 g
2459357.9218403 1294.8861985196875 57.0055389088126 26.0877 18.30712099503146 0.04779641150245595 19.950482349949603 g
2459357.962338 2538.7751080442754 30.861121430611 26.0833 17.57173942117251 0.013197671361692757 20.61234573067191 r
2459361.9201273 2621.2992140177935 69.3743790874966 26.1335 17.5872085067903 0.028733752702671738 19.783077216313508 r
2459363.9016551 2659.4686703503467 60.2466485499122 26.1226 17.560612803708292 0.024595058050457457 19.925342757588872 r
2459363.9542824 1390.6195987119136 72.2577956594348 26.2071 18.349079135433577 0.056413909900388554 19.812463217708302 g
2459367.9389931 1349.89317958975 39.7396216241205 26.1245 18.298751492373995 0.0319620158466317 20.37901566987889 g
2459369.9010532 1299.9239486926094 22.6990287033939 26.1018 18.317005137750762 0.018958290204639006 20.964356804082573 g
2459371.899838 1388.6914004439818 21.653313131733 26.1366 18.28008563471053 0.01692888863544946 21.050364098320546 g
2459371.9576389 2659.200422733197 21.6513056579722 26.1144 17.552522322140415 0.008839808519848039 21.028264761344705 r
2459374.9003819 1303.5965546717773 26.6951582221107 26.1018 18.313941990049706 0.022233054527397843 20.788293741001326 g
2459374.9402431 1277.9643859519638 30.9561139178631 25.2967 17.53040312209517 0.026298896315164817 19.822408898696526 r
2459376.9389005 2673.1609380976524 28.1173735037028 26.1276 17.560037234212576 0.011419825861548992 20.757738114197593 r
2459380.9059375 249.43766337376016 30.2873518822288 24.2147 18.222294926056733 0.13182843959399826 18.764121730985522 g
2459382.9181944 1170.7261721743687 22.6839678177037 25.9724 18.30126168166205 0.021036502339347035 20.83567743298429 g
2459385.9182755 1326.0534507562659 25.4186076008158 26.1235 18.31709742493247 0.02081136492383983 20.863195597242502 g
2459387.8579514 1234.42208088294 68.2148777760549 26.0014 18.272740795943264 0.05999640961419743 19.669277225855325 g
2459387.9193403 2214.024601932731 41.7729318963382 25.918 17.55504389402686 0.020484357816197542 20.11833759428685 r
2459391.8202315 2609.1279447250713 101.89850652909 26.0977 17.556461559315693 0.042401603479161866 19.32985544207147 r
2459391.9189931 1598.6870495980113 79.5951709432286 26.2117 18.202291357730395 0.05405465510888617 19.7120581896753 g
2459394.9210764 2363.842858852533 56.8502588171338 26.0381 17.604053493547973 0.026111010622645068 19.903843873654345 r
2459396.8970833 2539.442621104832 33.3910280138139 26.0643 17.55245398910172 0.014275825259176507 20.507800514311235 r
2459399.88 2539.571200663704 26.3153973361226 26.0953 17.583399016429002 0.011250177541925786 20.797350159624543 r
2459401.8851736 1463.5762312788308 24.3539845687137 26.201 18.28746163035676 0.0180661044373131 20.987149922856695 g
2459403.8528125 2209.34046733999 29.4745596555191 25.9328 17.572143381560295 0.014484200100007769 20.511756675319468 r
2459403.8912847 1274.1796399428126 20.6971031517502 26.0589 18.295823346924642 0.017635539124501883 21.0217010788086 g
2459405.8933565 2345.270992322893 25.6221981975224 26.0325 17.607017420036705 0.011861324629055973 20.763534023403572 r
2459407.8336806 2201.0420750803783 26.391622627694 25.924 17.567429138504657 0.013018099477194687 20.622909757585777 r
2459409.8109722 2167.6703674059677 23.9980277880386 25.9328 17.592816898162674 0.012019659059441261 20.734936109460772 r
2459409.8993403 1070.6456039721782 26.4832795302135 25.9606 18.386485654642684 0.02685566211571535 20.6557455778673 g
2459411.8333333 1015.2171345840366 20.1410393366244 25.8361 18.31970265234125 0.0215393590817719 20.82847029500195 g
2459414.8998264 1215.3719581378882 26.3799127190694 26.1011 18.38932697050341 0.023565354661444528 20.800491603409412 g
2459416.857662 1117.896911655589 58.6869482365153 26.0746 18.45359560911003 0.056996686399304546 19.905821172971045 g
2459418.8374769 869.8375970534446 157.627287574821 25.6982 18.349604561807872 0.19674471039157465 18.456696483285416 g
2459422.7806829 1115.323672950069 56.6095408158014 26.0914 18.472897699303708 0.05510595709059883 19.9617509087835 g
2459422.8797454 2546.8924620692756 55.5163878740286 26.1102 17.595173479871953 0.023665758649998866 20.001721985736136 r
2459424.7767708 1242.7220759798897 33.9352797194556 26.1325 18.396564966738943 0.029647444029158105 20.558446405870534 g
2459424.8405208 2370.309424506102 34.0434288578482 26.0851 17.648087391742685 0.015593302008942269 20.50759174965272 r
2459426.8511227 1222.6636633099015 28.7589908634296 26.1269 18.408632486308434 0.025537388013887056 20.732540882078 g
2459428.8206944 1173.2025782993062 24.0907435025761 26.1417 18.468267478148057 0.02229395051165167 20.939649480023032 g
2459428.8556597 2442.9541269835822 26.5852030321692 26.0762 17.606411719984486 0.011815021253659455 20.767175035695637 r
2459430.8127546 1263.7728450472282 27.0465903288815 26.1821 18.427927451621493 0.023235570565665442 20.854393681975637 g
2459430.8381597 2428.2894222459877 23.1073576428721 26.1159 17.652648879871833 0.01033141188321037 20.959099273745384 r
2459435.8793634 1044.277837753992 24.2166192308874 26.0473 18.500259846844187 0.025177191881733917 20.839591206123906 g
2459438.8746065 916.5069403353074 24.8283052227787 25.8942 18.4888606048834 0.02941176961574219 20.65940729997103 g
2459440.7911921 1010.217506979557 24.7356332174852 25.9949 18.483862773684262 0.026583856247471605 20.76416740785319 g
2459440.7969329 2093.9745200176544 25.9870962568588 25.9722 17.669771518060152 0.013473989361548547 20.687880601495884 r
2459440.813588 2057.153007093514 22.9573014972626 25.9683 17.685133512784184 0.012116134361241985 20.8185728945798 r
2459440.8140625 2108.140130479836 24.0364853806729 25.9657 17.655951311125662 0.01237887927870181 20.766097575775802 r
2459440.814537 2148.923491201465 23.8922209501712 25.9668 17.63624761639065 0.012071059947833656 20.773733683268738 r
2459440.8150116 2107.0365939042376 26.4613156301812 25.9635 17.654319804320192 0.013634813207707125 20.659546406469673 r
2459440.8154861 2056.206841712503 26.6345613760982 25.966 17.683333000339722 0.014063343579747211 20.654961116356773 r
2459440.8159491 2032.9565093907572 27.247540501564 25.964 17.69367978008178 0.01455154332416755 20.628256722151754 r
2459440.8164236 2071.7532069941312 27.1589981797268 25.9595 17.668654950531547 0.01423264326280969 20.62729062420368 r
2459440.8168981 2109.885081739642 25.5028188375851 25.9597 17.64905299650161 0.013123184125808646 20.695804524550546 r
2459440.8173611 2097.964784320044 24.5906855397929 25.9642 17.659704514979413 0.012725717557364092 20.739848398708126 r
2459440.8178356 2106.394242301053 26.6879976873054 25.969 17.66015085254397 0.013755810050759836 20.655785010852185 r
2459440.8183102 2087.029928937927 23.0135037694529 25.9602 17.661378307284387 0.011971922729066983 20.807818128288254 r
2459440.8187847 2044.421386321781 24.7067977198755 25.9624 17.685973961542835 0.013120666054432895 20.73293384021475 r
2459440.8192477 1993.9504606073326 23.7419300342625 25.9594 17.710114089674917 0.012927409154562225 20.773184937116525 r
2459440.8197222 2115.975802690768 27.5896314042634 25.9698 17.656023257492368 0.014156146198608638 20.620510243232356 r
2459440.8201968 2088.6087258371463 25.0570009433089 25.9714 17.671757279807228 0.013025123177749122 20.726652265822175 r
2459440.8206597 2106.909324730483 27.2311272567322 25.9616 17.652485386913042 0.014032324274997501 20.626510939863895 r
2459440.8211343 2057.305070697539 25.6225759172616 25.9658 17.68255325873504 0.013521781999953438 20.696818017713117 r
2459440.8216088 2095.9864873083206 25.6122992901347 25.9656 17.662128803870523 0.013266914413656133 20.697053568936333 r
2459440.8220718 2016.8965557236654 23.9487725944174 25.9662 17.70449093918606 0.012891678718956268 20.770566838742916 r
2459440.8225463 2071.136310640679 25.5865791284656 25.9634 17.67287829331326 0.013412612591965 20.695944425374137 r
2459440.8230208 2075.9263467648652 25.2011529883401 25.9663 17.673270147965784 0.013180087936202655 20.71532396210501 r
2459440.8234838 2010.6163165585986 24.9418714839902 25.9655 17.707176993447774 0.01346820357875025 20.725752396308017 r
2459440.8239583 2086.2029805092643 24.291040737153 25.9637 17.665308596165787 0.012641522984445713 20.752659683341037 r
2459440.8244329 2060.4541598141036 26.0427607200182 25.9603 17.675392607618242 0.013722520920472566 20.67365743746889 r
2459440.8249074 2051.9211533823477 25.1441941497425 25.9609 17.680498328331417 0.013304142580418453 20.712380685641442 r
2459440.8253704 2063.2507354566765 26.5716520460739 25.9604 17.67401997853004 0.013982228204579839 20.65192859728279 r
2459440.8258449 2062.027324324343 25.3344238962763 25.9653 17.679563960234724 0.013339097741199832 20.708597406907707 r
2459440.8263194 2100.7684088300157 25.010282700286 25.9624 17.65645455521898 0.012925586568023102 20.719678487294676 r
2459440.8267824 2059.9021149450355 24.2633099189963 25.9623 17.67768354124855 0.012788314254319404 20.752499875254927 r
2459440.8272569 2050.689453660216 28.4393179948011 25.9624 17.682650255189692 0.015056676422578208 20.580177045816434 r
2459440.8277315 2098.1150347945872 26.1957595617966 25.964 17.659426760319302 0.013555375031677907 20.670997500169648 r
2459440.8281944 2075.707636850072 26.6140584597596 25.9624 17.669484542093002 0.01392049764465364 20.652197222897772 r
2459440.828669 2057.4695096658925 27.1796171036827 25.9614 17.678066480060764 0.014342331757937055 20.62836665350808 r
2459440.8291435 2026.5668290081173 24.9159744134633 25.9666 17.699697675474475 0.013348325371503824 20.72798029861069 r
2459440.8296065 1974.261284383003 24.591050553798 25.9606 17.722088427473313 0.013523287822869058 20.73623228260682 r
2459440.830081 2043.1235058984762 26.434238207303 25.9645 17.68876344916905 0.014046949359063842 20.66165799104666 r
2459440.8305556 2146.85090534539 24.6724209410352 25.972 17.64249528857652 0.012477274201476228 20.74404557411545 r
2459440.8310301 2110.7550855344743 26.7242657552579 25.9696 17.658505389222015 0.013746045445692528 20.654910534469174 r
2459440.8314931 2111.544141217697 27.1212329504483 25.9646 17.653099588360064 0.013945018737482284 20.633901416713993 r
2459440.8319676 2025.5218440285767 27.4215370800967 25.9674 17.701057672129252 0.014698218582845837 20.624745501730207 r
2459440.8329051 2114.229245634707 25.5092502226065 25.9676 17.654719809936296 0.01309952221305572 20.70343075452984 r
2459440.8333796 1999.9811947451603 24.2781519372612 25.9662 17.71363521966105 0.013179518701246163 20.75573592668528 r
2459440.8338426 2112.4885152646534 26.156595727601 25.967 17.655014108632948 0.013443015560204677 20.67562193904734 r
2459440.8343171 1997.4738534457174 26.3327509047353 25.9707 17.71949724202312 0.014312811958941647 20.672034411814355 r
2459440.8347917 2061.233403237222 24.8994654842457 25.969 17.68368207052928 0.013115132732561466 20.731099928622843 r
2459440.8352546 2073.4046358640635 27.423950775306 25.9697 17.67798983693322 0.014360044750426506 20.62694993739556 r
2459440.8357292 2090.598465225741 25.5109342234629 25.9661 17.665423431923315 0.013248465330439697 20.70185908169215 r
2459440.8362037 2121.6785209902537 26.3228444237751 25.9639 17.647201050541067 0.013469859787030341 20.665642946751618 r
2459440.8366667 2101.8382596857323 27.5224825288339 25.9666 17.660101766949957 0.014216678730561701 20.619955977392642 r
2459440.8371412 2038.3813409303166 24.47922718721 25.9649 17.691686412000116 0.013038334105346609 20.745480731786202 r
2459440.8376157 2056.495233178088 25.1657088727161 25.9693 17.686480732049855 0.013285909776160329 20.719852068661947 r
2459440.8380787 2104.149619304721 27.4219959863593 25.9663 17.658608455344993 0.014149212950088572 20.62362733181605 r
2459440.8385532 2068.433284970376 25.7918289782653 25.9686 17.679496205577784 0.013537873773919512 20.692469638176895 r
2459440.8390162 2100.367729803847 25.8205723202188 25.9687 17.662961657161006 0.013346898721720311 20.691360328420096 r
2459440.8394907 2015.2346131557774 24.5793140754599 25.9645 17.703685965286546 0.013242012179384897 20.740650591542952 r
2459440.8399537 2076.197442052217 27.2225281833228 25.9584 17.665228370897562 0.014235398931721755 20.623653848905725 r
2459440.8404282 2095.064149057767 27.5532078653819 25.962 17.65900668692884 0.014278568889119157 20.614144567657583 r
2459440.8409028 2091.3186344578207 30.8548783820655 25.9633 17.662249481986997 0.016018191062546167 20.4925653918255 r
2459440.8413657 2048.596102897842 28.8930382527133 25.9568 17.678159144472072 0.015312521383106006 20.55739195775735 r
2459440.8418403 2141.2411653997287 27.1444181812474 25.9615 17.6348360397229 0.013763370187159039 20.629873645812843 r
2459440.8423032 2122.568423168739 27.4409571522165 25.9587 17.64154575232645 0.014036130404542917 20.615276849973657 r
2459440.8427778 2080.087030469684 28.2026041615607 25.9596 17.664396234633934 0.01472032991393276 20.586451959427283 r
2459440.8432523 2077.735484453189 27.5923147813587 25.9562 17.662224357724963 0.014418089493237446 20.606804649288428 r
2459440.8437153 2075.755173138293 28.8681383996405 25.9563 17.663359677667366 0.01509914958472879 20.557828042346195 r
2459440.8441898 2080.7962216634423 27.3016415240667 25.9541 17.658526123522442 0.014245216275423222 20.616203089194347 r
2459440.8446644 2077.1353317205135 28.0074571133318 25.9562 17.662538017322873 0.014639246525529618 20.590590790091113 r
2459440.8451273 2045.7974032525879 26.9860324399327 25.9548 17.67764344245163 0.014321425657033898 20.629527393932452 r
2459440.8456019 2056.5270723311696 24.6696315912006 25.9513 17.66846392255131 0.013023810568273134 20.72346832936988 r
2459440.8460764 2079.0855155216113 27.742550280046 25.9505 17.655819117994852 0.014487180356065953 20.595209034623746 r
2459440.8465394 1974.4233435131493 26.72217115091 25.9546 17.715999307433812 0.014694042852492121 20.639995636036574 r
2459440.8470139 2017.4134138261447 28.2476622854893 25.9611 17.699112739661533 0.015201885113468698 20.586218708197972 r
2459440.8474884 1974.4222695432734 26.4830028238828 25.9517 17.713099898010444 0.014562536398326107 20.64685692206848 r
2459440.847963 1991.1356903654964 26.40256531956 25.9503 17.70254785750431 0.014396439833884172 20.648759674825968 r
2459440.8484259 2042.160106028847 26.394490805285 25.9539 17.678675530207656 0.014032444656370706 20.65269176881742 r
2459440.8489005 2028.2300136495119 26.4067982110385 25.9523 17.684506987259162 0.01413540901415671 20.65058562222501 r
2459440.849375 2017.3704663375036 27.2225333532216 25.9535 17.69153585348607 0.014650509142849768 20.61875364271085 r
2459440.849838 2077.425687334856 27.5065432757319 25.9519 17.65808625659445 0.014375413867523067 20.605884948173085 r
2459440.8503125 2063.6999301184514 27.4424414156295 25.9552 17.668583626342325 0.01443730176568782 20.611718124801115 r
2459440.850787 2124.5374059947744 27.3522833451136 25.9513 17.63313904508631 0.01397780709532157 20.611391022377447 r
2459440.8512616 2012.7418609588572 27.1974018973815 25.9531 17.69362980215977 0.014670643967190132 20.61935644189824 r
2459440.8517245 2119.2979264776222 27.8619720780594 25.9585 17.643019966965014 0.014273473638237196 20.598545357512595 r
2459440.8521991 2030.0919520245184 26.491718523621 25.9549 17.686110726211506 0.014167860117081016 20.649699659185345 r
2459440.852662 1993.213316168559 27.0761902171987 25.9508 17.701915550191337 0.014748356074261075 20.62190609799408 r
2459440.8531366 2039.8568292278728 25.7745012532842 25.9489 17.674900782977282 0.013718303956304096 20.673499313489515 r
2459440.8535995 2054.6823761511573 26.2486717771977 25.9515 17.669638260438457 0.01386987267681076 20.656306658321967 r
2459440.8540741 2046.9247298348628 27.5811406012388 25.9566 17.67884531764564 0.01462918685494644 20.607644433673745 r
2459440.8545486 2181.857302021093 29.450383542381 25.9563 17.609234141439945 0.014654616221851316 20.536147601347484 r
2459440.8550231 2061.6913516009067 28.6853357216125 25.9481 17.662540877128976 0.015105883317001637 20.556525146520325 r
2459440.8554977 2232.861354565814 31.4568148570239 25.955 17.582845607028496 0.015295470012248893 20.463288123515554 r
2459440.8559606 2208.8161624470063 27.9741326419069 25.9583 17.597901071296093 0.013750132910867359 20.59398341466867 r
2459440.8564352 1972.0363539478615 29.7150212675307 25.953 17.715712708054177 0.016359535424168476 20.5231348755948 r
2459440.8569097 2090.427825078019 29.1821114031298 25.9544 17.653812056186162 0.015156236426959898 20.544183211531372 r
2459440.8573843 1990.3651015695946 31.3144138885322 25.9492 17.701868129260546 0.017081317961196503 20.46241427058655 r
2459440.8578472 2073.1700418036107 26.3900773480401 25.9471 17.655512688821794 0.01382023972902908 20.646073331364867 r
2459440.8583218 2057.094472118504 28.0077660207516 25.949 17.665864407154025 0.014782029693276178 20.5833788150618 r
2459440.8587963 2069.7426149988305 29.8969370284503 25.9526 17.662809145821182 0.01568267682008704 20.516108247427617 r
2459440.8592708 2186.7924849766564 33.6117267526298 25.9521 17.602581068132356 0.016687569573260046 20.388447928465627 r
2459440.8597338 2070.564494020582 32.0625131531379 25.9423 17.652078093825246 0.016811971146461567 20.42988108761406 r
2459440.8602083 2082.6332803555283 30.848935010129 25.9423 17.64576798972398 0.016081894520949692 20.471774550182335 r
2459440.8606713 2065.6583825610833 29.3848270275439 25.9435 17.65585375064703 0.015444522179049621 20.525767142652192 r
2459440.8611458 2030.1609072384613 27.8759654105308 25.9414 17.67257384812786 0.014907653643760364 20.580900196758783 r
2459440.8616088 2082.9824057180713 29.3224034785743 25.9401 17.64338599595616 0.015283534498081107 20.524676075712197 r
2459440.8620833 2044.768104496362 31.8550480071104 25.95 17.673389844628353 0.016913910944360244 20.444629329356175 r
2459440.8625579 2127.1780260187365 30.8826764424955 25.9537 17.634190404906835 0.0157623487096524 20.48198766075869 r
2459440.8630324 2086.261217239152 31.6854911791705 25.9471 17.648678288068176 0.01648927636144711 20.447523879612852 r
2459440.8634954 2126.890503020543 33.1383846489456 25.9482 17.6288371698812 0.016915936275170223 20.399946652544557 r
2459440.8639699 2072.9748447315615 30.818746704979 25.9469 17.655414919946917 0.016141012700966264 20.477437555554623 r
2459440.8644444 2100.8432133397264 33.0415943249005 25.949 17.643015894832548 0.017075647878318577 20.40392250226962 r
2459440.864919 2123.13045684681 31.0340935201257 25.9525 17.63505829891377 0.015869828076811192 20.475477327838277 r
2459440.8653819 2052.7949699355295 30.9424176992531 25.9457 17.664836062852423 0.016365094121959075 20.471889377966946 r
2459440.8658565 1968.1847255448656 31.7147664740369 25.927 17.691835357343145 0.017494659680040766 20.42642119441954 r
2459440.866331 2014.1785515370327 31.8780872440852 25.885 17.62475508258146 0.01718320319441996 20.37884435197496 r
2459440.8710301 1949.074272484585 29.2284247669651 25.9024 17.67782902776313 0.016281216789672127 20.490461463719598 r
2459440.8729167 1944.671045675401 29.5550373683959 25.8927 17.670584629972186 0.01650042774186676 20.468696207178454 r
2459440.8733912 2004.8271275517013 30.8202424355663 25.8954 17.640207674551107 0.016690485056014594 20.425884862644693 r
2459440.8738542 1941.6382154281737 31.3843477949251 25.8027 17.58227922196141 0.01754909134472105 20.313492219382965 r
2459442.7406829 2375.1444084207897 40.8804948569387 26.0423 17.603074950493898 0.018686844096224366 20.26608462846556 r
2459442.7934606 1117.3725642495729 34.4783043256975 26.0534 18.43290499106971 0.03350099707482064 20.462110242457307 g
2459444.7517824 1804.811285282471 85.5150116848321 25.8413 17.700220505233982 0.05144230255169934 19.26376909065464 r
2459444.8163773 1037.2307537550087 52.0003552997511 25.9077 18.36801153734423 0.054430304485818135 19.87025921160208 g
2459449.7316898 1109.0744402740434 106.113026625532 26.1103 18.49789825835281 0.10387662795553507 19.298453234300183 g
2459449.8162153 2385.9520725863645 75.5471747197254 26.106 17.661845710989766 0.03437687141145914 19.663029420601937 r
2459451.7313426 996.015531193349 66.926037554011 26.0501 18.55443472357183 0.07295227503664749 19.738687207219336 g
2459451.8015741 2365.507212928993 62.7312611341243 26.0554 17.62058930839546 0.028791850576937214 19.81426494271875 r
2459453.7103009 1174.692009969378 27.6881072840806 26.1892 18.514389963063934 0.025590518896191305 20.83604181649646 g
2459453.7729051 2408.427758196171 29.7540541465159 26.1494 17.695065939999672 0.01341288999719339 20.718109616645307 r
2459455.7316898 1132.2973377193598 23.5891551117858 26.1639 18.528998784515906 0.02261839258268527 20.984694023853585 g
2459455.7754977 2199.862836250558 29.9602434639044 26.0863 17.730310992622407 0.014786302033358314 20.64751164361069 r
2459459.7329861 2470.637752863474 26.2414844828138 26.1336 17.65157731644751 0.011531589230339633 20.838703990482195 r
2459459.774294 1184.1223522602775 23.5829708021833 26.2071 18.523608551958965 0.021622792062878385 21.02817870590873 g
2459461.7110069 1171.6853009645376 30.0001390112839 26.2054 18.53337254589521 0.027798548721007413 20.765166821386327 g
2459461.7737731 2352.993808291454 28.4044984153302 26.1319 17.70284803908119 0.013106181504113908 20.751007177576824 r
2459463.7120718 1075.1908175016556 24.6830551402397 26.18 18.601286133245598 0.024924313460961064 20.951577705656653 g
2459463.7537384 2389.335766896538 27.5257390184341 26.1287 17.68300703932986 0.012507532539526895 20.781927519521922 r
2459465.6922454 2217.0332265991774 27.0579920341223 26.0358 17.67136949520144 0.013250528498623036 20.707636077690804 r
2459465.7127546 1029.9538273565872 26.0117621825423 26.0957 18.563655610503375 0.02741964683413782 20.81035055232362 g
2459467.7114236 877.9706816327828 25.5983160731412 25.947 18.588299965979886 0.031654920081071264 20.679046496211996 g
2459467.7334028 2244.1979330289905 23.8067960369754 26.0712 17.693547104912938 0.01151727219642275 20.882022611220044 r
2459469.6899769 2323.245386721238 25.6054068255537 26.1236 17.70836229139408 0.011965929363035168 20.855345788129593 r
2459469.7335648 1147.7535057784344 25.6771575852542 26.2087 18.55907843005133 0.024288917306685254 20.937407623043526 g
2459471.726875 2206.5642026867486 43.9811705215344 26.0198 17.66050857925834 0.021640139351979105 20.16420803026568 r
2459471.755625 892.5888312134292 39.0494068065774 25.9264 18.54977137925498 0.047497727382792766 20.199938886750015 g
2459473.7519444 2317.659696652071 46.5659123732638 26.1316 17.718975828519312 0.021813647247990314 20.21400469772353 r
2459476.7346759 1066.1654951443077 92.0915418143639 26.1846 18.615038442191562 0.09377886210275628 19.52662562897818 g
2459478.7104745 2246.6636719560092 72.3914231797802 26.1281 17.749254842701784 0.03498314817983415 19.731457202339154 r
2459478.7939583 895.6108199538978 125.869521218301 26.1112 18.73090167077772 0.1525847345097326 19.113973538576392 g
2459480.7137963 2258.5417352872396 38.4632565138028 26.1096 17.725029699398622 0.01848961077167111 20.399559861030006 r
2459480.7977083 924.1518403517657 78.9760674399902 26.063 18.648641668244984 0.09278163249337898 19.571836227814657 g
2459484.7263657 2140.1422200800544 22.7054964388088 26.0837 17.757593413188154 0.011518560426648939 20.945947484492585 r
2459486.7564236 2293.0560117347723 35.9476824266815 26.1192 17.71816334192544 0.017020255332150323 20.482597748311804 r
2459488.7400694 1088.2228746950777 29.8035892806832 26.1681 18.57630537341071 0.029734494315885856 20.735003564629835 g
2459490.6489352 2224.583709011433 25.2847022108116 26.1166 17.74847811877978 0.012340107085688036 20.862030381361627 r
2459494.6697917 360.35614045618377 26.2763649107188 25.0194 18.6275701829463 0.07916681910138339 19.7230617779994 g
2459498.739838 2241.3877546221 36.1494180188583 26.1035 17.727207512694584 0.01751032281770077 20.46082171456027 r
2459504.6655671 2328.9543483102034 57.7212297277566 26.1412 17.723297560835135 0.02690818699855354 19.9904360516835 r
2459504.6895023 1048.1087007956467 66.2230376077949 26.1971 18.646084184345348 0.06859818249405145 19.897152244961898 g
2459510.669919 274.06710557769463 106.602660634379 24.2058 18.111157716909887 0.4222998904110908 17.3889548788311 r
2459510.7240972 221.99124018934106 92.8999840620369 25.0706 19.204760406356403 0.45434906625201316 18.403135890445224 g
2459520.7295255 2303.589060553427 68.7898984505602 26.0597 17.653687481363924 0.03242123086390697 19.71846331832683 r
2459521.6665278 2404.35963560031 29.7125275757292 26.1499 17.697401428949533 0.013416832786296106 20.72012599466421 r
2459521.6918866 1073.2688631183305 33.935889229243 26.1488 18.572028674716904 0.03432895167492339 20.574726905194368 g
2459522.6286343 1071.0789941842008 28.266022108152 26.2161 18.641546244785033 0.028651873829525342 20.840513253400857 g
2459523.6061343 2332.1267630997263 26.6797434192208 26.1614 17.742019617824475 0.012420507276263083 20.84852086759219 r
2459523.6488773 1096.6436333310253 27.6159909569011 26.2151 18.61493619592639 0.027340405279002028 20.864773409605966 g
2459524.5853588 2372.4705692289153 29.1009107420603 26.1686 17.730597915851 0.013317281656700855 20.761408536964783 r
2459524.6277894 1133.4018238560807 25.4853898228607 26.2446 18.60864023208174 0.024412778547101874 20.98144678687094 g
2459525.6488889 2285.707277274351 27.5717858523146 26.1668 17.76924847247711 0.013096466112473658 20.818212747391396 r
2459525.7054398 1049.8436924925106 43.9402394656289 26.0744 18.52158839170896 0.045440972145645034 20.219818940634667 g
2459527.6459259 1111.5579920904738 31.5064196511849 26.1983 18.583469686015977 0.030773490954763658 20.704877355874288 g
2459527.7063079 1731.162135464957 48.1743471817216 25.8315 17.735655638745598 0.030212588216728526 19.87703539372638 r
2459531.6231944 2317.691859452122 73.1826680687624 26.1591 17.746460761564393 0.034281702461101765 19.750654392161508 r
2459537.6083796 261.98206417860706 107.714588327268 24.9284 18.882721100850382 0.44638830109830263 18.100288674253434 g
2459537.6508333 68.02874235183162 163.604441814059 24.2218 19.64006889443117 2.6110337533344303 16.939887262992407 r
2459540.6031713 1110.9955681608833 48.2164342146511 26.1961 18.58181918371694 0.04711862416652422 20.240687265333932 g
2459540.6481019 2461.0058372503104 113.409184783333 26.1129 17.635118390486397 0.05003171876131604 19.228854417600445 r
2459542.6012847 1038.930986321452 36.4289031245579 26.1791 18.637633251547957 0.03806880403324039 20.528059752114967 g
2459542.6485995 2185.898170454786 45.5478524041001 26.0815 17.732425183550014 0.022622876044057858 20.187905227492053 r
2459707.9215972 2195.5848880152075 42.7326400575279 26.0356 17.681724417710882 0.021130964948660503 20.211275677372182 r
2459707.9593634 2248.6634789271743 48.9754415557569 26.0673 17.687488833821238 0.023646329206384258 20.094929088602555 r
2459709.9245023 2155.4259954397485 42.9325063394738 26.0428 17.708967209134826 0.021625340991239646 20.213409382355113 r
2459709.963831 1580.7682163649197 42.6945273042929 25.7064 17.709229511970978 0.029323368103176824 19.883044465172915 r
2459711.9341088 1011.0932158475302 61.4321137722914 26.0158 18.50382200898981 0.06596508104019803 19.797386341922063 g
2459711.9923611 2238.087141251115 100.82933931493 26.0953 17.720607519912676 0.048912489454286556 19.338907685459155 r
2459714.9224769 2138.876662737056 70.5247259697632 26.0551 17.729635645206372 0.03579855553119611 19.686821470810017 r
2459718.9200231 2261.775035405147 76.8904528898527 26.0579 17.67177648453531 0.036909048599326984 19.595793941823302 r
2459722.9210417 1077.4631987601824 34.3017878401613 26.1064 18.52539388609284 0.03456401211745905 20.520683098026673 g
2459722.9579745 1142.7194687205244 33.079601282827 26.1672 18.522350933504665 0.031428993813309145 20.62087432354511 g
2459725.958831 1046.2521762811477 21.90448258895 26.1526 18.60350906408354 0.022730367769798955 21.05384249150752 g
2459727.9158449 1979.3293005031865 28.0293302518269 25.9467 17.705404865805114 0.015374624043948707 20.580243187624998 r
2459727.9427083 923.1145985363821 23.8967385248626 25.9995 18.586360952141124 0.028105599302165933 20.806228410148393 g
2459731.8975694 1102.6465827480636 33.1952926103944 26.1179 18.51180916032595 0.03268511393495133 20.56778373609562 g
2459731.9392593 2337.4637725830125 32.3885400004269 26.1234 17.701537778399803 0.015043757379651397 20.599996560478225 r
2459733.9228356 2340.052495825796 31.7717026477482 26.1106 17.687535999218515 0.014740924669934478 20.608073765854463 r
2459733.9584259 1106.3454658226833 21.4218381624542 26.1753 18.565573099229848 0.02102208614890649 21.100733154204285 g
2459738.9172338 1047.5719501685971 22.7128984781708 26.1242 18.573740346946924 0.023539570598259466 20.986093589899426 g
2459740.9190972 1081.1683536273872 25.8184995122126 26.1405 18.555766687044223 0.02592671606264 20.8632474919813 g
2459740.9415972 2305.1629320023953 26.4294877270558 26.1151 17.70834593168498 0.012447924798243576 20.812453125548327 r
2459742.8976389 2293.7851240913924 55.7105992122561 26.1101 17.708718170306827 0.02636907743863131 19.997830414983305 r
2459742.9394907 1149.5124245654097 45.1698995490729 26.1718 18.520515825686548 0.0426624009383536 20.28725217726454 g
2459744.8979398 2384.909636759705 85.0442030402677 26.1438 17.700120178876325 0.03871529965649669 19.57226319997414 r
2459744.9390278 1239.467592476832 103.57142027764 26.2243 18.491212059881544 0.09072241313766792 19.438775159711653 g
2459749.8693519 2409.8482292448234 51.9861972060367 26.1268 17.671825770406222 0.023421148942761906 20.089654864350646 r
2459749.9198148 1088.285687565778 59.9081593806329 26.195 18.603142705880664 0.059765821955295964 20.0038600478503 g
2459751.918831 2299.341069158583 30.7220428174967 26.1322 17.72819150890045 0.014506295883786397 20.66614976391315 r
2459753.9232407 1158.5875599114656 28.497373111005 26.1451 18.485277847392354 0.026704583284997814 20.760662917732972 g
2459753.9578472 2248.4077171907443 25.5765633362017 26.0977 17.718012331878185 0.012350284426531546 20.830669516871463 r
2459756.8922454 2389.263391486267 24.5907518278363 26.1457 17.700039927881786 0.011174230247956874 20.92134547194012 r
2459756.9404398 1208.7293838197252 23.5117600492863 26.2206 18.514777300513693 0.021118637659690825 21.04496213698966 g
2459762.8671759 1262.096380304422 22.5211736726794 26.2236 18.47086869704804 0.019373511118485502 21.09469743997654 g
2459762.8957639 2457.2420921317785 22.8673454942225 26.153 17.6768801347486 0.010103634917607431 21.00753560564057 r
2459765.8990046 1289.4655350606427 20.2945977008706 26.23 18.453975653072597 0.01708757940769543 21.21412387232574 g
2459768.8775347 1346.4353775590275 21.6163344165921 26.2038 18.380836214511625 0.01743036068960181 21.119419862898404 g
2459770.8765046 1374.9431837588263 29.2111207164921 26.2047 18.358988119111267 0.023066054027915676 20.793404440473818 g
2459770.9260185 1351.542838520043 24.6066206857812 26.2159 18.38882546085835 0.019766601040782674 20.990845052656887 g
2459772.8568287 2423.5604292097164 52.4269947127607 26.1403 17.679165367700037 0.023486102295458333 20.093987581051138 r
2459772.9371644 2458.1392297021707 47.3822850265136 26.1003 17.623783805476116 0.020927596871524106 20.16383498693957 r
2459774.8243519 2416.156911298978 115.243589275266 26.0698 17.6119871624012 0.05178470168516048 19.168333049229453 r
2459778.8784259 1690.6665865514803 51.0249306253795 25.7071 17.636955076064467 0.03276681967966939 19.690218931879556 r
2459780.885787 1074.9566636395416 33.1072854829021 25.9462 18.367722609421133 0.03343816645322911 20.398966054806607 g
2459782.8140046 1247.5156138873465 28.5195007752288 26.0286 18.288485025117787 0.024820228017171733 20.643320191510256 g
2459784.8561806 1257.6552358022814 19.5795254391493 26.1106 18.36169599203922 0.01690247864767474 21.13366958582112 g
2459786.8584259 2450.151078553964 20.272500990721 26.0721 17.599117839538245 0.008983060072612183 21.05740666337375 r
2459788.8806134 2401.271520608244 23.9651728692905 26.0516 17.600496824727472 0.01083550442375549 20.85522357401192 r
2459790.7739815 2166.039748563677 29.5513357123079 25.8979 17.558733944965255 0.014812232879903445 20.47403220002755 r
2459790.8153241 1214.2082572936397 23.3808186205975 25.9943 18.28356704502057 0.02090626103380534 20.824725707105628 g
2459795.8139468 1414.257532629355 19.7291430856428 26.1411 18.264778748596953 0.015145707308526013 21.15590443280326 g
2459798.8026736 1468.8870747831995 40.7679204600731 26.2296 18.312128976629932 0.030132834581606066 20.456378591676778 g
2459798.8360764 2681.9512439355894 27.0325369046607 26.1256 17.554472803983423 0.01094323596812373 20.79845797776225 r
2459801.8239352 1531.7732727540808 79.5954756092825 26.1914 18.22841378140402 0.05641618730794492 19.691754033815993 g
2459801.8361458 2778.304956878982 67.1247135606816 26.1489 17.539450215591685 0.026230850336422022 19.834268875511253 r
2459805.8162384 1664.1760820730892 74.384464610611 25.7232 17.670201810156897 0.04852804585866744 19.29706938545635 r
2459805.898912 1304.071444577033 79.2889484957378 26.0712 18.282946536971124 0.06601172944918161 19.575743343116677 g
2459806.7973495 1425.1639518819502 57.4244522131927 26.2283 18.343637928082842 0.043746354716266055 20.083132836563358 g
2459807.8323843 2548.009619976502 32.8125247040205 26.09 17.574497341651348 0.013981327932146343 20.552475869851293 r
2459808.8315046 1396.40786895165 34.924287105006 26.2137 18.35116928135359 0.027153455199569552 20.60845611465124 g
2459809.8073495 2610.553352922449 36.8183742660458 26.0842 17.542368566281567 0.01531235088372983 20.42161346891331 r
2459809.8709491 1254.262923675862 40.7971819783247 26.0571 18.31112853848284 0.03531436642012537 20.28309957491139 g
2459809.8870139 1245.8643342730065 38.5287212507533 26.113 18.374323116672905 0.03357559206986377 20.40111350107836 g
2459810.8713194 1172.0901839240012 34.8854671094728 26.0319 18.35949742797544 0.03231419575066628 20.42786363298267 g
2459811.7662963 1313.8741356831042 21.4254156287368 26.0539 18.257515591500013 0.01770456782454697 20.979151850417942 g
2459811.8152662 2395.0431851487474 26.0582738401273 26.0614 17.61311662848084 0.01181250846901499 20.77411087999489 r
2459811.9329514 1067.5835055061439 45.6930190052208 25.9629 18.391895362040387 0.046468412520525526 20.065850355456845 g
2459812.8908218 1268.2241219314953 33.4993188539542 26.1244 18.366409976709356 0.028678062379342333 20.56438504776012 g
2459813.7526736 2563.663886126733 28.2002249967793 26.0848 17.562647285996373 0.011942667072968144 20.711743555731243 r
2459813.7937847 1391.4161281715242 26.7140456828175 26.1252 18.26655741739615 0.02084454737199914 20.81092582838474 g
2459813.820463 1396.1434933521891 28.5967989226746 26.2169 18.354574858350112 0.022238075626310864 20.828681435010818 g
2459814.8013889 1390.7159645693366 24.2453437115609 26.2339 18.375803899707453 0.018927782766765874 21.024904126097066 g
2459815.7504282 1294.5267932119311 26.8424432538557 26.2122 18.43192239103014 0.022512350299373114 20.89271987999892 g
2459815.7533218 1329.781794163558 21.3193383071492 26.1124 18.302949043005917 0.017406168216215608 21.04304068597687 g
2459815.7751273 2456.832198721925 22.1742736808356 26.0821 17.606161261890712 0.009799044862651641 20.970051480648145 r
2459816.7622222 1446.3726409773587 27.8604563481072 26.2449 18.344199504341546 0.020913073574663592 20.88500442467577 g
2459817.7499421 2424.7853008967345 24.2957322048777 26.0767 17.61501677333853 0.010878437956993822 20.865450009140854 r
2459817.7937963 1273.3418322460195 21.9224086995726 26.1228 18.36043748275569 0.018691885024419274 21.023154314051784 g
2459819.7523148 2570.2692340842596 23.1354811519603 26.1344 17.609453455530797 0.009772591740037091 20.97627864912188 r
2459819.7749884 1473.9433399312068 23.8639612197128 26.2042 18.282998027332475 0.017578085937449563 21.01241865265627 g
2459819.8932755 1206.1178667229779 28.1985184808805 26.1691 18.465625622765547 0.02538320039804507 20.7961092602481 g
2459821.7645833 2576.955624160081 22.0240367325437 26.124 17.596232650118992 0.009278971068163536 21.019332682362254 r
2459824.7118634 1362.9212503537779 25.0641638855253 26.1348 18.298623092483822 0.019966056530009546 20.889741935215277 g
2459824.7741898 2561.58063065651 30.7274246439187 26.1006 17.579329923304677 0.013023507648616343 20.63435958345918 r
2459826.7502431 1341.5354358656439 37.8424663167614 26.1487 18.32969462802119 0.030625777435090148 20.456326406565513 g
2459826.7579282 2496.5282132347756 48.1729742066109 26.0898 17.59645880406129 0.02094965232872335 20.13536633778927 r
2459828.7316204 1426.9565751502278 72.7351630097212 26.1505 18.264473107612105 0.0553405533530974 19.74871394794181 g
2459828.7529051 2578.1795571626253 61.5315751412372 26.1071 17.578817098789578 0.02591162859283635 19.88692990742104 r
2459838.6493056 1422.8064230551054 37.8139997253215 26.1714 18.288535457304526 0.02885470492438978 20.47984344738245 g
2459840.7326273 1351.7736163367254 20.3525765564263 26.2112 18.383940085719612 0.01634651845565223 21.192226496607503 g
2459840.8115278 1322.7495495273452 40.4937198658821 26.1303 18.326605944245614 0.03323685248964761 20.364405803905946 g
2459842.7100463 2632.2418617870594 29.1363693950218 26.1613 17.61048552091494 0.012017648040404205 20.752786402828058 r
2459842.7730671 1404.0883463522844 29.530859040022 26.1933 18.324813912983153 0.022834498799912162 20.770184787687413 g
2459844.7479051 1349.4259458828112 27.0542081681175 26.2024 18.377027359422826 0.021766851228660164 20.874387920724605 g
2459844.7731944 2651.6691192593476 30.2707969228914 26.1571 17.598301672618604 0.012394081893732995 20.707115352802678 r
2459846.6661343 2580.0600258658324 27.1252930593811 26.121 17.591925474821526 0.011414436245407536 20.79013889175263 r
2459848.6637153 1337.6783247324056 23.6663940304525 26.1425 18.326620775070666 0.019208357886790407 20.95974476174086 g
2459848.693588 2587.968019968507 25.9248171964125 26.1125 17.58010273658197 0.010875935797107557 20.830785732328785 r
2459850.6693866 1402.6887652503797 24.2607573932493 26.1708 18.303396703628337 0.018778153040349688 20.961114101855177 g
2459850.7146759 2621.4678730982987 27.7253373195102 26.1234 17.577038650827987 0.011482650249768479 20.76878289244864 r
2459852.6483681 1364.601960173819 27.9940100585453 26.1282 18.290685023040286 0.022272499679460562 20.76311220337712 g
2459852.6752431 2624.585548581047 24.7857375493225 26.1343 17.586648167002252 0.010252999858148258 20.901370372318368 r
2459854.6693056 1396.064497592447 25.3971718801922 26.186 18.32373629256753 0.019751028378614543 20.926611593792167 g
2459856.6728125 2624.402620283875 41.0008431863863 26.1369 17.589323843254057 0.01696180879542201 20.357493018858825 r
2459856.7339583 1382.2019821876188 62.4955778241085 26.1177 18.2662712213844 0.04908938759894248 19.880651769581128 g
2459859.6677431 1364.4748390722668 68.497186185157 26.1505 18.313086170785546 0.05450257704406541 19.81389316077046 g
2459859.7326042 2521.1596105088925 64.3527267191461 26.1152 17.61119914744215 0.02771254747527636 19.84635760585341 r
2459861.6752894 1317.6167255404857 68.072952293575 26.1818 18.382327252408754 0.05609127667593765 19.85193852373246 g
2459863.7128009 2086.8528941505 58.9432676817618 26.0005 17.701770410051267 0.03066565252465448 19.826989467941345 r
2459865.6488426 2605.668602968922 35.9186591176352 26.1235 17.58370205008302 0.01496617342649911 20.487774700121218 r
2459865.6871875 1332.709613870038 45.5728367575584 26.1719 18.360061173412753 0.037126188895720044 20.27770983213165 g
2459867.6280208 1354.6621367312875 20.6664105615715 26.1718 18.342222519261373 0.01656318674473214 21.13621235693752 g
2459867.6480671 2607.6445221333975 24.3613067084045 26.11 17.56937903139 0.01014289734234018 20.89582354023596 r
2459873.6643403 2694.3383914056335 35.4793653858345 26.1378 17.56166965155198 0.014296625517518867 20.515435381490093 r
2459873.6955787 1381.8148347297183 30.226750278281 26.1382 18.287075372945132 0.02374933453623596 20.68979634401354 g
2459877.6896759 1316.698887510252 40.8086243941383 26.144 18.345283828435495 0.03364924503619358 20.369695100370855 g
2459879.6287269 2564.871451013565 25.5730474898023 26.1385 17.61583599111186 0.010824970447819732 20.871618776334852 r
2459879.6976505 1338.5374361293827 31.0055785344324 26.1101 18.293523694967263 0.025148909329107044 20.634075390964664 g
2459881.7380093 2354.718967573755 53.1845510501158 26.04 17.61015229470816 0.024522020619134506 19.978111245267147 r
2459883.6069213 2658.8551847551944 43.3998282829003 26.1351 17.573363289967823 0.017721609599841075 20.29395496122755 r
2459883.6498958 1330.0471209730108 43.8110832257657 26.1641 18.354432431386705 0.03576241195380853 20.312715011135946 g
2459887.635 2501.708804190979 64.3548396783285 26.1189 17.623308107602597 0.027928929746624268 19.85002195734652 r
2459887.7013889 1176.9494682821226 82.7641369463454 26.0639 18.387005457414226 0.07634739290362455 19.521869512544903 g
2459889.6922685 2579.2784649542546 89.1178164193403 26.1018 17.57305441969922 0.03751251158071209 19.479463647162376 r
2459889.7132176 1441.841837024041 103.008244301267 26.0442 18.14690594244474 0.07756471477392764 19.264595026638233 g
2459894.6636111 2512.8695823856306 63.0611906796853 26.1119 17.61147512662842 0.027245956256884432 19.86506957278393 r
2459894.6741088 1230.7979231090644 74.2077887159815 26.1099 18.384433113168683 0.06545948339384858 19.686351263063123 g
2459896.6065046 2178.667794300802 43.1832783374884 26.0012 17.65572246603314 0.02151961185347105 20.165485965387454 r
2459896.6765509 1208.6267189474775 70.5786967278553 26.0667 18.3609695227301 0.06340029542302586 19.697590902595635 g
2459897.6321875 1163.1365863331885 42.276709438374 26.1455 18.481423208432975 0.03946210958933273 20.332822046377668 g
2459897.6705556 2325.997644251916 54.2880016959962 26.0836 17.667076823641573 0.025339872371323676 19.999415349488167 r
2459899.6070023 2451.4600705726193 46.9756506409646 26.1551 17.681537940392055 0.020804525642949673 20.227992979026112 r
2459901.6069329 326.86848143089304 48.3763796811355 24.8657 18.579767386531444 0.16068308326911335 18.90669157875096 g
2459901.6281481 62.422326561585564 86.9256547173748 22.9749 18.4865501216171 1.5118818622299144 16.379605063058968 r
2459903.6496759 2384.781460293707 56.3938873363887 26.0988 17.65517853310805 0.025673985017300744 19.973294908277182 r
2459903.678206 1072.2754875308115 66.0746090542577 26.0141 18.438334054929186 0.066901839951038 19.716588483641537 g
2459905.609213 750.4966893174949 35.2483900639787 25.7911 18.602728048073146 0.050991800013486854 20.175826774656827 g
2459905.6290509 1830.1607342356428 50.6627897666251 25.8253 17.66907691648521 0.030054513694174115 19.81615223738247 r
2459907.6081829 1220.1190100470303 46.0336650535255 26.1647 18.448694515759964 0.04096219281649106 20.25958610563147 g
2459907.6659491 2345.324676040568 87.0830886610129 26.05 17.624492567604303 0.040312588839033 19.452740428687303 r
2459909.6065046 2533.694771251857 50.7555826867642 26.1459 17.63651426205417 0.021749003371780748 20.134765444287368 r
2459909.6496991 1053.3549774363946 48.6530190134314 26.0763 18.519863120558643 0.05014699116098503 20.11110050353835 g
2459914.6461458 2279.3317458877054 66.3339148837799 26.0743 17.67978115181083 0.03159642360935552 19.772535916227202 r
2459924.5823958 2214.97594164827 54.8627547467479 26.0917 17.728277466453456 0.02689171097010625 19.99608096306691 r
2459924.5867824 2164.155171873479 42.6028580870819 26.0629 17.724679007859642 0.02137273871406524 20.24187815045176 r
2459924.591169 2079.3230929306787 40.5041140375415 26.0577 17.762895057846357 0.02114886174258676 20.291527146366427 r
2459924.5955556 2230.233126513755 47.9066851128285 26.0571 17.68622434432274 0.023321457926823202 20.108684686571735 r
2459924.5999306 2211.35682275488 44.4730530605747 26.0435 17.681852935898103 0.0218347365793793 20.17583262754306 r
2459928.5929282 2205.219266363915 83.0725368896185 26.0183 17.659670554676797 0.040899267785634776 19.4722313060106 r
2459928.5973611 2209.0445567213546 78.2461631330752 26.0014 17.64088881065747 0.03845638108796891 19.520317362303437 r
2459928.6017824 2102.53282082404 66.6678922328201 26.0074 17.700543040202632 0.034425779174664474 19.700183177359456 r
2459930.5851273 2318.153786280922 71.5693660400694 26.0989 17.686044390821294 0.03351928641212549 19.714657063510842 r
2459930.5895139 2257.9038538598643 71.2288947147517 26.0784 17.6941363879 0.034250001770272716 19.699334475940272 r
2459930.5938889 2305.1358723701096 60.6347445723621 26.07 17.66325867689899 0.028558465022075617 19.86577110811663 r
2459930.5982639 2255.967010129507 73.3517328317664 26.0676 17.684268138742425 0.03530103763834608 19.65664904441432 r
2459930.6026389 2121.290725169766 75.0940016432599 26.0518 17.735299517199252 0.03843393864721796 19.615361869594707 r
2459937.5722569 2128.6171864645166 197.757888509184 26.0167 17.696456089188157 0.10086629992452152 18.528940448145548 r
2459937.5746991 2209.645710496369 117.931175803247 26.0947 17.733893386274804 0.057944980483239185 19.168203417695754 r
2459937.5771296 2399.225962062022 92.204113745019 26.0988 17.64862211928914 0.04172429269935489 19.43949924463579 r
2459937.5795718 2156.4438998749843 75.4698422167551 26.08 17.745654588974347 0.03799663311411959 19.638141384105406 r
2459937.5820023 2228.565290901267 82.9268791348869 26.0823 17.712236594360974 0.04039985413231293 19.538136685465428 r
2459940.5739236 355.74519576038 130.90817726222 22.9744 16.596552390574725 0.3995191214031883 15.934558049464908 r
2459940.5762963 307.30366502436976 136.028637781151 23.3897 17.170780650364847 0.4805874737201193 16.308199116744596 r
