jd flux fluxerr zpdiff mag mag_error limitingmag filter
2458204.7941319 2115.4299445968977 73.7278305433183 26.2963 17.98280338089998 0.03783926091494076 19.87979635194484 g
2458208.7799653 1189.9928291678466 180.320541913013 25.8972 18.20833913908636 0.1645169681332127 18.50966197946292 g
2458215.744919 31.87443289181556 1936.68717349188 26.275 22.516393833582903 65.96701724534957 16.30992629848516 r
2458215.7571296 874.3284385687497 54.8353879125803 25.5022 18.148013488597762 0.06809200985632487 19.407122688980607 g
2458218.7420486 2461.497386787849 23.432906393149 26.275 17.797001552383172 0.010335621970430548 21.103009595001502 r
2458221.7265741 1771.8483383964335 46.5188588833357 25.9975 17.87643363588591 0.028504428959956203 20.081002357012736 r
2458221.738912 1848.7715582390808 45.8665579930965 26.0868 17.919591871811924 0.026935357043536445 20.18563461368791 r
2458224.695544 2379.7844237833706 58.726947956488 26.275 17.833655955889913 0.026792278644716023 20.10548141137139 r
2458224.7237269 2378.2944602793086 25.4057681313093 26.275 17.83433593930861 0.011597824794547575 21.015244163830438 r
2458227.7439468 2206.9644078626707 22.8727036701085 26.2441 17.88461167683021 0.011252059292920885 21.098381230506142 r
2458231.6680324 2312.7464301178857 35.4985421734887 26.275 17.864679951836273 0.016664501882202528 20.652048693776415 r
2458235.6708681 2009.784786804088 99.856219818865 26.2881 18.030226113796452 0.05394303836369413 19.542237185975825 g
2458235.7096181 2054.6514319208086 85.3050224319089 26.2795 17.997654612126 0.04507609486234896 19.704638485383825 g
2458235.718831 1881.4395828531603 85.7364844666356 26.2662 18.079974308168655 0.04947493506236664 19.6858608097691 g
2458235.722963 1966.516829260327 83.2746380027303 26.2755 18.041255831470675 0.04597533727365609 19.72679310546847 g
2458238.6491667 2105.793159434968 91.5851746548655 26.2501 17.94156072357864 0.047219273971555634 19.598112044255537 g
2458246.7135764 2263.38686732286 30.6620784456035 26.2643 17.87740302078719 0.014707966653428103 20.800371013152525 r
2458257.6858796 1761.1159391805413 28.2770469802729 25.7055 17.591030130682444 0.017432350263530853 20.329489855691495 i
2458257.7124306 2218.7239487391835 24.2422550462518 26.2019 17.83664182215446 0.011862591702168326 20.993042449125674 r
2458263.7159838 6838.764635756755 112.069498708059 27.4475 17.860055856931144 0.01779178860918287 20.576356415862396 r
2458267.7755787 2093.5399681033496 133.228881260189 26.275 17.972796858772043 0.0690918724208692 19.216079036452925 r
2458270.7538889 1590.1230281060498 72.1610272382675 26.0062 18.002623182342642 0.04926991552716634 19.613018221868483 g
2458277.7087731 1837.7964654913958 26.502538103993 26.0631 17.902356470144845 0.015656687864948948 20.75745632018822 g
2458280.7135185 2063.6089293489695 33.3169751360514 26.183 17.89643150394658 0.017528631220171488 20.628911077352676 g
2458284.6725116 2771.6503951378336 47.0880176148093 26.275 17.668153876923473 0.018445133200811245 20.345298971115987 r
2458290.6929514 1749.059783728645 49.1635743341006 26.0482 17.94118836466848 0.030517477533411802 20.07166636459085 g
2458427.9773727 2109.6284405834326 47.8154467782117 26.1654 17.854885070776902 0.02460776010051679 20.21905444392456 r
2458428.0257292 1633.1298274370488 33.7089738030645 26.1926 18.1600482229435 0.022409628581349175 20.625811160249256 g
2458430.9821875 2013.5469281845787 32.9261211579227 26.1962 17.936295610430538 0.017753690882877565 20.654923559353364 r
2458431.0382407 1734.2895066004885 20.1969948538952 26.2117 18.113896009040708 0.012643723685935521 21.201058102110377 g
2458434.9841088 1983.2916968388893 69.1020893639501 26.1801 17.93663351578399 0.03782809081589935 19.83394704201548 r
2458435.0227778 1496.0619866335285 47.4601109693333 26.2057 18.268326029723035 0.034442050489734956 20.267453115828715 g
2458437.9874653 1460.2973717735404 36.4541644519766 26.1466 18.23549674107002 0.027102895006544402 20.49480711807337 g
2458440.0029398 1292.1428303957202 21.8276655406682 25.9839 18.205623694520614 0.01834030721684679 20.888956762692775 g
2458440.0033912 1232.632147077319 20.7898526126344 25.9968 18.269716275116654 0.018311661784139184 20.95474646301099 g
2458440.0159144 1333.8306813330955 18.1078595125543 26.0464 18.233648242446343 0.014739279391242774 21.15430719811074 g
2458440.9819329 1549.9986946053225 18.7328327221982 26.1459 18.170071668970955 0.013121453945268856 21.216966351568296 g
2458441.023287 2069.4049865863117 29.0917831863953 26.2463 17.956686271851623 0.015262816708280906 20.839449133595004 r
2458442.9577546 349.99565348384704 60.4134571645733 24.2991 17.938943372550753 0.18740487143393736 18.098840766723526 r
2458443.9550694 2035.2746970975813 47.6910786149866 26.219 17.947442416486947 0.025440400809841373 20.27548212702373 r
2458447.9812963 2227.2286082514315 58.3973175780309 26.2385 17.86908800904647 0.02846675346193771 20.07509274243266 r
2458448.0229051 2212.1366378982484 61.1313827163643 26.2613 17.899270128259534 0.030002822193757075 20.04821444139597 r
2458449.9647685 2003.3229879309024 49.2403002002066 26.2077 17.953322563651028 0.026685758736577844 20.22947325915271 r
2458449.9652199 2076.9750640994544 51.7388872669 26.1016 17.80802179379588 0.02704553890733834 20.069632278568214 r
2458449.9754398 576.2134689807183 103.328657804218 24.892 17.990541485775786 0.19469160270842867 18.10902301885168 r
2458451.0201042 1880.1881209484084 48.201889820563 26.2487 18.063196738805594 0.027833806200087807 20.29361482496568 g
2458461.9815278 1568.6461464491879 29.9144563869225 26.0419 18.053087532645666 0.020704558113886776 20.6047722013088 g
2458462.0434838 2058.7591058280914 27.0311765826726 26.1605 17.87648616736707 0.014255066720884349 20.83341261517939 r
2458465.0194792 1968.893683715138 23.7466781358645 26.2752 18.039644335635458 0.013094545767174205 21.088767824590853 g
2458465.043125 2302.3971508805193 25.9376403833578 26.27 17.864549402070658 0.012230946408807872 20.987748827628916 r
2458467.9623843 182.41590867550207 24.2256774953875 23.7115 18.05884322273963 0.14418598820528458 18.503385160725596 g
2458468.0405208 1897.6700572670718 25.9257288993577 26.0636 17.86804823736462 0.014832696420667221 20.78184755070987 r
2458473.020625 1968.8089842436025 23.4625579411289 26.2721 18.03659104372418 0.012938430980631799 21.098736593841746 g
2458473.0443403 2288.2192653904094 29.4208949506229 26.2634 17.86465590556888 0.013959442668376183 20.844335290801368 r
2458476.0203241 1970.703749523756 68.0161579824104 26.267 18.030446642773178 0.037471457969950356 19.938044748239484 g
2458476.9603125 2283.09875148175 44.521730350423 26.262 17.86568825861992 0.021171770432655612 20.39314490171953 r
2458476.9657986 1971.0238875130642 40.1131218830883 26.101 17.864270280813003 0.02209552948818856 20.34535883134885 r
2458476.966713 2238.268038670926 48.2587368210143 26.1443 17.76951976687689 0.023408505889976814 20.187935114148612 r
2458481.974375 2177.55468692835 37.5223752976067 26.1283 17.78337732336908 0.018708160628597814 20.445149181817257 r
2458481.9752894 2350.828006106642 38.2623432989868 26.2536 17.82554786012176 0.017670976358882762 20.549246079201502 r
2458482.0017014 2331.8613660288424 42.4520839406719 26.2682 17.84894318212217 0.019765423539255724 20.451027453433223 r
2458482.0064583 2033.060056513435 37.1288136214619 26.0782 17.807824480326754 0.019827625268459357 20.406497308114766 r
2458483.0062269 1911.3704038071312 32.2373228968163 26.2537 18.050337857530458 0.01831150121366281 20.73537756602135 g
2458483.0185764 1841.3684118845476 42.150326770954 26.1562 17.99334827827618 0.024852500716241267 20.346772624541437 g
2458483.0190394 1614.1214346097318 34.7354808479446 26.0737 18.05385948816584 0.023363986592329515 20.474341701037318 g
2458486.9812384 2497.6063378736776 26.3768946092799 26.3009 17.80709003055913 0.011465936021637209 21.000415828935477 r
2458491.9770139 1544.469480966241 31.4376328531377 25.9085 17.93655167256448 0.022099392969097884 20.41745039490844 g
2458492.0274421 2259.1559799600623 36.7440381964822 26.128 17.743134457119915 0.01765836561255322 20.467607779480755 r
2458492.9462731 659.3109094074803 31.2802153516583 24.8851 17.83737434516118 0.05150973436465044 19.399500653309122 r
2458493.9682176 2113.0099100506454 23.0046693930763 26.086 17.773746165236915 0.011820185717663908 20.934034998482666 r
2458493.9691319 2518.117610638308 21.9254841741298 26.2788 17.776109974233613 0.00945329084999275 21.17900200780123 r
2458493.9695949 2291.2312624268175 23.9031216179844 26.1476 17.747427684133687 0.011326494870342476 20.95403843627311 r
2458494.9809144 2104.095421711938 18.5289668100054 26.2447 17.937036421534287 0.0095608303017243 21.327646980693167 g
2458503.0259954 2405.7570096677277 56.868575419624 26.2449 17.791770600314322 0.025664359320151514 20.110294116311557 r
2458505.9372917 1836.6857778712626 132.39182921941 26.2645 18.104412842236595 0.07825933576406686 19.21242203233773 g
2458506.0046296 2349.2310714172654 132.03688774627 26.2423 17.814985659305563 0.061021008435599475 19.193136791701463 r
2458508.9618519 2379.5004602148333 66.4961828172732 26.2782 17.836985517172785 0.030340362143991932 19.973783200299778 r
2458509.0410995 1844.975326382042 90.2142509114328 26.2251 18.060123593664443 0.05308776264591673 19.589487120822447 g
2458511.9170023 2075.931352300707 25.4244074783807 26.1201 17.827067530009252 0.013296816953357273 20.85954788820822 r
2458511.9212963 1942.5503831534747 28.7669794295356 26.2319 18.0109692706461 0.016077992024044835 20.837239332170817 g
2458511.9648843 1883.6419159653888 29.0855634392265 26.232 18.044504134830653 0.016764436997455546 20.825381285973993 g
2458511.9998727 897.0698680937834 44.2256291644435 25.5075 18.125434326765692 0.05352511247074519 19.645889939151147 g
2458513.9158912 1800.394965559029 22.6914161947293 25.9605 17.822080525371707 0.013683703317270729 20.823420985414668 r
2458513.9225231 1637.7682816402644 20.9454787917997 25.8726 17.836968860107675 0.013885057232566363 20.822449258335933 r
2458513.9229745 1853.2206391702764 18.1115424219893 26.053 17.883182179347457 0.010610556126958316 21.160686395562237 r
2458514.9364931 2028.6558832180315 28.4074976878877 26.1146 17.8465790380279 0.015203179846754181 20.73359253915431 r
2458522.9150463 1880.6100321171327 25.377510358629 26.2166 18.03085312869181 0.014650758278336902 20.958052454864166 g
2458522.9154977 1734.037851018434 28.1950367035641 26.1816 18.08395356716534 0.0176532198135588 20.808743328465003 g
2458522.9310185 1941.4117170976867 27.6559971643041 26.2265 18.006205883962814 0.015466124911501258 20.87460168414957 g
2458526.9207755 1082.0193177783733 35.1835084340844 25.6573 18.071712463762953 0.035303191430367385 20.044027128361 g
2458538.7465972 491.95759020781605 45.1545698461132 24.7147 17.984880836235 0.0996515095157205 18.830520715574984 r
2458538.8153125 1098.6547737143544 40.4446190396224 25.616 18.01384688228148 0.039967716831433575 19.8514231166162 g
2458540.7555208 2004.1477931483628 34.2089849308475 26.1197 17.864875637922545 0.018531914196345745 20.53692451982358 r
2458540.7642824 1791.7501772612022 31.7805404630174 26.0802 17.947006359732136 0.019257223031750797 20.577371792687163 r
2458540.9153125 1500.5147160511558 28.0268641056848 26.0717 18.131099352366444 0.020278885661061796 20.705338719766807 g
2458541.797662 94.52249433437083 40.5490418564647 22.5537 17.614862065955073 0.4657525708941795 16.786323497623485 r
2458556.8401852 1780.0657633129565 40.7855042858846 26.2254 18.09930988170481 0.024875947235102135 20.45171039805629 g
2458558.7078935 2079.284578012086 54.7491152918892 26.1035 17.808715168924316 0.02858729156219356 20.01013222498938 r
2458558.7083565 1898.2910803003265 58.1271653784321 26.0602 17.86429298230653 0.0332449876134799 19.901827127344482 r
2458558.7661574 1600.9009496865833 36.9887857617622 25.7064 17.69548884436678 0.025085077692912423 20.038799801965126 i
2458559.7488773 1788.8230786756415 51.6348367655211 26.0766 17.94518152666214 0.03133900884028752 20.046817968126746 r
2458559.7523148 2174.620834800702 43.0660413669774 26.2411 17.897641138392625 0.0215011280881122 20.408337606101853 r
2458559.8335185 1864.8687454060234 55.8244153003113 26.2519 18.075279324050914 0.032500178814650116 20.13741453164086 g
2458560.7229167 1643.921647005524 77.0766739348482 26.1746 18.134897214380526 0.05090397406926019 19.709867575619043 g
2458560.7233681 1728.6475626092724 76.1297337826471 26.2136 18.11933385460594 0.04781428774472655 19.7622892113708 g
2458567.7333681 2100.4910009308187 23.3240350967888 26.2108 17.904997936891334 0.01205570740048966 21.04386577352712 r
2458567.7531134 1743.1236437610346 20.993440233042 26.1767 18.07337951573242 0.013075709312183678 21.124065956567506 g
2458572.7543981 1170.2793341302483 27.1421261467972 25.7102 18.03947616018143 0.025180489391003813 20.378665327639983 g
2458572.7757176 1165.2980557439919 31.8065503067966 25.6113 17.94520744537356 0.029633939143613914 20.10758356741048 r
2458575.7315509 622.023096106459 31.0819676345837 24.8742 17.889683723460386 0.05425151006787048 19.395503729459257 r
2458575.752419 909.3001478233396 23.1324194254368 25.4179 18.021131845775532 0.027619997456633096 20.259922343877815 g
2458580.7317593 1891.3340228632953 24.1466746349618 26.2509 18.058979412319026 0.013861139457264927 21.046331663565887 g
2458582.7234375 2076.623203532361 25.8042463997658 26.1151 17.82170574406407 0.013490974322434006 20.838447038570074 r
2458582.7666898 1782.0537705191725 31.3532278884566 25.941 17.81369798996299 0.019101668020140756 20.452869341396195 r
2458583.7587153 2140.994852237171 33.418076206013 26.1896 17.863060942281976 0.01694633001987673 20.63222137655026 r
2458585.7018171 1687.7698879349002 27.1993384074489 26.1434 18.07511691443659 0.017496651599288576 20.809579138034806 g
2458585.7027546 1737.3707930153848 32.4403782729069 26.1647 18.064968709243132 0.02027230964886097 20.63956021494854 g
2458586.6702662 1887.7561113632776 42.8877166177157 26.1774 17.98753528771533 0.02466589494880643 20.349142677638053 g
2458586.7134838 2178.6534057197505 32.18738393727 26.1988 17.85332963658709 0.016040111129631086 20.682160788186614 r
2458591.6834954 1789.5754263051579 76.6727435303644 26.1311 17.999224981047767 0.04651583634157589 19.672072480139605 g
2458591.8560532 1677.927261523609 128.509813905685 25.9441 17.8821671746259 0.08315205799249664 18.924334252436452 r
2458592.705463 1793.244067591359 87.4695999413844 26.1827 18.04860149305705 0.052957512238652873 19.580632138653268 g
2458592.7068519 1582.5277419625322 80.9518558221533 26.1279 18.129521669981667 0.055537370711187646 19.60990796563715 g
2458593.8240856 1893.3937672553307 56.6473972752587 26.0301 17.836997642107914 0.03248245572863693 19.899725087816762 r
2458593.824537 2020.7162620391168 64.2914397992679 26.0699 17.80613665866803 0.034542809152052024 19.802092109548756 r
2458594.6568981 2322.9562979230727 27.7005625349231 26.2159 17.80079740140276 0.012946649392868588 20.86225351746162 r
2458597.7527083 1900.1300015937404 24.6661130287124 26.2009 18.003941712034543 0.01409377194866206 20.973223196017504 g
2458597.8488426 2131.5603988114244 38.4829261272164 26.1328 17.811055892237313 0.019601092664142304 20.42220477145574 r
2458601.7281713 1960.9156011016048 20.9493156638521 26.1926 17.961452745515196 0.011599006098715675 21.142250387284477 g
2458601.7561921 2279.94013829286 21.0437568442958 26.2158 17.820991389023405 0.010020967841269353 21.16056680170339 r
2458605.710463 1854.0630092165861 20.6133451493861 26.1569 17.986588776759707 0.012070738004823726 21.124103801313808 g
2458608.7084144 1945.6783234979007 23.3197769197976 26.1603 17.937622398706665 0.013012573299530606 20.99356401019512 g
2458608.7145833 2131.8775180099933 26.7594069361039 26.1507 17.828794375732343 0.013627747309633113 20.834583779128977 r
2458612.673287 1788.1194470838045 23.23953784201 26.1512 18.020208683821316 0.014110447865336448 20.988206271372455 g
2458612.692037 2112.347910069201 24.0840736924725 26.1648 17.85288637659126 0.012378679990769501 20.963050120680382 r
2458618.7733102 1847.694182558598 83.7737781458116 26.0202 17.85362477139632 0.04922524073056293 19.465004733415448 r
2458618.7934838 831.8615755913667 144.910462580438 25.2096 17.909472339196203 0.189129169852252 18.059425632160526 r
2458634.6697917 2037.5423401898395 26.3573284058895 26.1555 17.882733394605232 0.014044445058063453 20.85582151963009 r
2458634.6934722 1589.202985966161 20.6027562963571 26.0647 18.061751569041355 0.01407523941779908 21.03246167558867 g
2458637.679537 1993.8534262586938 24.7067925878554 26.143 17.893766927632065 0.0134534286018045 20.913534065740564 r
2458637.7172454 1540.7700147455146 24.0548424599021 26.0092 18.039855455087526 0.01695018867759397 20.808768696749343 g
2458640.6715394 1634.5789655371293 42.5410407120413 26.0673 18.033785235172086 0.028256088494253977 20.247854713773485 g
2458640.7201389 1970.3620023028645 35.6227406838586 26.0865 17.8501349407387 0.01962868219914061 20.45975666554122 r
2458645.6944792 1585.9477603536643 65.960796690846 26.0648 18.064077805099295 0.045155104573735616 19.769160257858655 g
2458648.6708681 1665.409101663117 87.1855172749592 26.1343 18.080497665497795 0.05683727560447229 19.535764117710073 g
2458648.6974769 1912.4129579849644 75.6443820995816 26.114 17.91004580576537 0.04294423194666591 19.669633289912596 r
2458662.6778356 2079.493032362358 62.5691668741349 26.1264 17.83150632615535 0.03266726236542207 19.888074058499544 r
2458662.7019792 1446.7262513552084 41.8689452682758 25.9669 18.06593409509989 0.03142067397697766 20.164744937656575 g
2458772.0211921 1917.5500117358163 133.302120996236 25.9998 17.792933250927696 0.0754744918671527 18.94028234012581 r
2458772.0260764 1961.9110194065559 140.993940610218 26.0467 17.815001733798233 0.07802449744475001 18.9262738673813 r
2458772.0309606 2009.3178043160772 131.068065382718 26.0486 17.79097841877499 0.07082035419203017 19.007432766371018 r
2458772.0358449 2103.376687174231 171.242051153849 26.0593 17.752007359758753 0.08839001405283407 18.727848936123127 r
2458774.0256134 394.76720629414433 103.98342364727 24.36 17.869147329450225 0.28597816954866867 17.570164708035605 r
2458774.030625 1502.5647585257318 87.4756571053899 25.9153 17.973217003530504 0.06320680714787003 19.31315695533738 r
2458774.0356366 1744.196422079428 80.2210069990314 26.0575 17.95351152181462 0.04993471274010112 19.549354715920423 r
2458774.0406366 2042.4765833199895 113.82105123893 26.0827 17.807307284716174 0.06050278193605418 19.194718508190615 r
2458778.0278125 1881.4939088506862 58.1682435001075 26.0781 17.89184295831753 0.03356548839780406 19.918960115022823 r
2458778.0325926 1887.3810375245632 78.4614646500236 26.0903 17.900651031531474 0.04513429481216879 19.60623396191277 r
2458778.0373727 1884.319657609958 94.030048128329 26.1213 17.93341355300834 0.05417786883485268 19.440708343165397 r
2458778.0421528 2175.927489788249 154.806234917486 26.1472 17.803088952707547 0.07724206345969306 18.92530386871057 r
2458780.0296875 1878.2005196694074 61.7202776651995 26.0971 17.91274510906571 0.035677609903388724 19.87360531119608 r
2458780.0346875 2057.0009197891954 63.6050603625354 26.1225 17.839413785275482 0.03357121203556956 19.86634581638718 r
2458780.0396991 1869.9251930743112 91.6690674963877 26.1247 17.945139417996824 0.0532241112903563 19.471717955380385 r
2458782.0307755 2098.485328154674 94.7898518024044 26.1238 17.819035157176902 0.04904172582057958 19.43447037846594 r
2458782.0357986 1914.8203654213646 127.18998732575 26.1447 17.939379905368313 0.0721165137645585 19.13614267904585 r
2458782.0408333 2110.3756418784137 143.165291056365 26.1289 17.818000586074596 0.07365255427301347 18.991880637837234 r
2458786.0170718 1878.4342667230972 39.301564851672 26.0933 17.908809994712726 0.022715572067313814 20.35985038211985 r
2458790.0191319 1519.4675497427397 30.6289897606123 26.0603 18.106071426058072 0.02188522827534354 20.597543307511376 g
2458793.007037 1903.3744583137402 38.7778644079296 26.1006 17.901789407131417 0.022119203714117238 20.38171526981165 r
2458793.0382639 1662.4174851788287 28.7704734440841 26.131 18.07914975471757 0.018789565976492357 20.736207467518824 g
2458799.9861343 1929.0791592779049 54.6975498785515 26.1285 17.915124877064187 0.03078418509553153 20.036155306692773 r
2458805.0052546 1619.7831592157354 69.9717840097516 26.1201 18.09645780169781 0.0469003307431407 19.7603676219545 g
2458805.0486806 2191.7781462505422 64.2502215307964 26.1648 17.81280851909979 0.03182642624451635 19.897688415593777 r
2458813.0520949 2154.3960607031677 35.8532662453707 26.1643 17.830986134249954 0.018068122139943965 20.53055317368837 r
2458823.8893519 183.90898562970978 150.643459590549 23.6845 18.02299262750209 0.8893181783230805 16.49219928696251 r
2458829.0432986 1889.7994488243994 68.4688962111483 26.3004 18.109360705030255 0.03933575103045291 19.96424167253209 g
2458829.0656481 2339.3551817574944 40.8289261032398 26.3181 17.89535958681242 0.018948796410207813 20.543255096392052 r
2458831.9573032 2434.7262030130923 74.2449627051795 26.2994 17.833274675657503 0.033107523921686706 19.875307505586015 r
2458837.9490046 2572.925751100141 71.8002048448281 26.3008 17.774731865947864 0.03029760278418382 19.913060780961874 r
2458838.0013079 2016.8662294466208 62.3034610098209 26.2745 18.012807264557033 0.03353859895652184 20.040794557274587 g
2458846.9614352 2606.446057848747 28.3176392938912 26.3212 17.781078146649662 0.011795548535830008 20.94363237547597 r
2458849.9998958 2203.8469171122474 25.0512425941644 26.3178 17.959846438981643 0.012341208399412175 21.073301807523578 g
2458850.0459028 156.11617036056154 56.1088041121018 23.4364 17.952780277022885 0.39020511766216126 17.316397458242957 r
2458852.9585301 2769.1383044323848 23.4737299145339 26.3304 17.724538382257755 0.009203378728832916 21.156519730800905 r
2458852.9810417 2406.0394399795878 23.9760519367334 26.3295 17.87624314487498 0.010818941350326447 21.132630812400286 g
2458853.9786227 2018.9342708641818 22.1878722233478 26.2719 18.009094549676135 0.011931727159486736 21.15918584871808 g
2458853.9790741 2053.9543628538863 19.3493812266114 26.2808 17.999323025728202 0.010227891903373528 21.316707285948986 g
2458853.989919 2134.1592358965827 20.8704441613034 26.2591 17.93603294928543 0.01061731516786647 21.21284575979405 g
2458853.9903588 2342.72656531787 24.2374925050276 26.3275 17.90319599436701 0.011232486967226582 21.118855769685766 g
2458855.9811574 2317.627902143221 32.2436945683076 26.3275 17.914890723150396 0.015104659018144779 20.80896299265643 g
2458856.0386574 2720.7288174744854 30.0753303916151 26.3034 17.716686858471967 0.01200148504196991 20.860448971743118 r
2458859.8372917 2234.1710776457458 84.8076663529363 26.1152 17.742408936563972 0.04121245874170368 19.546687206858802 r
2458859.8377431 2337.157068506682 111.241943135833 26.1324 17.710680249728114 0.05167619210964836 19.26930357324906 r
2458859.8654051 2570.4742584291853 83.2988048532399 26.2769 17.75186685235576 0.03518320097258194 19.727878063355064 r
2458859.8658565 2176.5569044089143 76.0390586689761 26.1052 17.76077493515604 0.037929449870885375 19.655183159543082 r
2458859.8663079 2121.7955392325466 80.1047721980345 26.1101 17.79334116991472 0.04098875201088556 19.603529014881428 r
2458859.878831 22267.983516666267 338.650555889969 28.814 17.944797772102294 0.016511279894497764 20.74219550708233 g
2458859.918588 32143.54149933058 229.683723505478 28.932 17.66426568849576 0.007757938515116351 21.281749438941368 r
2458859.9592824 33950.584808422595 181.774299216134 28.9846 17.65748185118451 0.005812929520141779 21.588343791637666 r
2458860.8961574 2563.570507468497 85.906535395196 26.3163 17.794186833472544 0.03638235235069323 19.733809478356417 r
2458864.8393171 2540.2592051322613 42.2186257982998 26.27 17.757804915521906 0.01804412791285508 20.458814756494494 r
2458867.8554282 2625.5915825239026 33.4005954978464 26.2932 17.745132071521635 0.013811373700837843 20.73638946441224 r
2458867.9166551 2195.779652079553 28.6290532209567 26.3018 17.94782810942481 0.014155593004314154 20.91235752442494 g
2458871.9859144 2532.5655859289964 37.4456261761997 26.3063 17.797398247211177 0.016052779270704275 20.625372245718356 r
2458873.8168634 2217.683638216749 29.645524001365 26.1205 17.755751019200474 0.014513407076476892 20.693177161287814 r
2458873.8979861 2185.3125008998722 24.8544979189234 26.2695 17.920716124752083 0.012348132534574984 21.03356250300544 g
2458876.8392708 2706.303068011494 23.6943524991896 26.2902 17.709258925300425 0.009505571941457404 21.10616287631937 r
2458876.881794 2423.7598272173896 27.6799472331468 26.2935 17.832276042619473 0.012398967246490334 20.94066184445746 g
2458879.8624884 2803.33402871905 52.0036582037775 26.2917 17.67251287798023 0.020140436756172126 20.254190251138677 r
2458879.9688542 2118.03036211759 42.5985020984364 26.2683 17.953469546353183 0.021835944637749585 20.447389168740052 g
2458883.7856597 2505.181247727306 59.3890932418071 26.1927 17.695602119561418 0.025738153114120955 20.01100825296209 r
2458883.9392245 2300.8073533020565 36.7648621514669 26.2913 17.886599358261495 0.017348523673901602 20.630292634311914 g
2458886.7952431 2693.737853876776 53.9719371882878 26.2864 17.71051167683537 0.021753168045283953 20.208554973500103 r
2458886.9204398 2479.83655799448 66.7708147527463 26.2971 17.811042354688702 0.029233004628209876 19.98820830009403 g
2458891.8179514 2804.087537769749 62.9834841134664 26.2932 17.67372108181253 0.0243862460714682 20.047708286111067 r
2458891.9199537 2335.854931030679 89.4732395120233 26.303 17.881885331777127 0.04158695595678149 19.676342084392125 g
2458893.8521065 2040.009808712664 30.3507135689701 25.7671 17.493019361019144 0.01615275062948097 20.3142527238259 i
2458894.7745602 2664.3363208269093 25.9257800698152 26.2712 17.707227386948674 0.010564589463338625 20.989445407758993 r
2458898.8557986 2803.9779364558885 22.4826338784917 26.3026 17.683163520016976 0.008705273777129253 21.175557018637964 r
2458898.8782523 2490.6285423845047 23.0274198453582 26.3087 17.81792759808168 0.010037976077383983 21.15566179098169 g
2458899.8183681 2853.025605780094 23.762312206166 26.3083 17.670035826378605 0.009042590543164915 21.121153245028346 r
2458900.8348032 2298.018189775321 26.6117776444325 26.2744 17.871016345029055 0.012572749474792104 20.964290274090946 g
2458900.9008333 2768.718354122444 28.959373806718 26.2856 17.67990305075125 0.011355865104567178 20.883702072145105 r
2458903.8343866 2284.2097718583873 26.6266872310213 26.2697 17.872860037211282 0.012655840406111377 20.958982146925052 g
2458904.7333449 2517.3381241567354 29.5381283071732 26.2367 17.73434611727428 0.012739466977182768 20.813317557557948 r
2458904.7948495 2241.620675143807 28.0587904913593 26.2496 17.873194691026974 0.01358991250137112 20.88200262341358 g
2458904.8337616 1908.5871269160348 25.6894994252949 25.7311 17.529320024347232 0.014613474613082048 20.459285884483798 i
2458905.7327546 2665.337528715977 42.7623875807134 26.2608 17.696419464176238 0.01741885359590714 20.435720125496946 r
2458905.8110301 2191.541871770825 37.1879095795342 26.2759 17.92402556816583 0.01842306275347423 20.602470573350523 g
2458906.7494676 2707.0607807224837 37.4650703116483 26.267 17.685754982631323 0.015025826951140952 20.58550860919405 r
2458906.8111111 2320.803049872816 29.384162004899 26.2944 17.880304283697228 0.013746269719210839 20.87669171476665 g
2458908.8150116 2314.0726966088587 29.0415301199283 26.2811 17.87015750451495 0.01362549642343222 20.876126253069216 g
2458909.7555093 2163.364405942624 50.3350796768986 26.27 17.93217580015358 0.025261022070573066 20.267898088145863 g
2458909.8171065 2640.854659813661 26.7581720448425 26.2942 17.739838749138897 0.011000736932313938 20.97813388476444 r
2458911.7134722 2627.1424040557017 62.9308197524112 26.2265 17.677790964190706 0.026006961365975582 19.981916516630985 r
2458911.880463 2099.270487555642 38.3521922402672 26.2628 17.95762899920321 0.019834973797846264 20.55589950517237 g
2458912.7919097 2313.074269037711 42.1460124945211 26.2744 17.86392605629716 0.019782298552972036 20.465083760236425 g
2458912.9166667 2663.5839172725905 39.8703151735337 26.2745 17.71083404010729 0.016251487667874945 20.525450817260957 r
2458913.7328819 2584.8071595323686 41.6945830484069 26.2432 17.71212963014365 0.017513031348862795 20.445575901186025 r
2458913.7764699 2239.130432558732 47.1068711167214 26.2039 17.828701518519345 0.022840978456525413 20.27376434180305 g
2458914.7319907 1732.2952896641043 74.6209244828182 25.8833 17.786745188791997 0.04676797206249109 19.45372342606787 g
2458915.7338194 2151.485176261274 87.5805766740952 26.2441 17.9122541046532 0.044195625024152155 19.640655487968736 g
2458915.8730787 2617.964918680852 56.6570484943155 26.2898 17.744890443475192 0.023496326139188096 20.15924012282436 r
2458939.7230556 2075.822946048032 31.8972069239733 26.0272 17.734224229218754 0.01668292453520094 20.520393349746882 r
2458939.8101157 1292.339845301159 34.2498535971519 25.6336 17.855158163354062 0.028773442361643226 20.049528190616943 g
2458941.7472106 2141.7753722091315 40.169921822327 26.2067 17.87976519898637 0.02036277225352367 20.44952252286071 g
2458941.7476505 2108.91936356899 43.1769504702412 26.2248 17.914650063959165 0.02222807374019702 20.389245075539804 g
2458941.7481019 2362.661445236318 48.4978018864867 26.2715 17.83799626405239 0.022285911345580896 20.30976985142764 g
2458954.7327199 2644.524320881647 24.3394784901476 26.2569 17.701031086382653 0.009992485827448699 21.043696817703143 r
2458962.6675926 2861.5447836967865 25.0989155032551 26.2761 17.63459863228676 0.009522790877548433 21.029537597920235 r
2458962.7101505 2406.521113929254 25.3412963226046 26.2383 17.78482580907549 0.011432704769637285 20.981302921024024 g
2458964.7004977 2113.441108619116 22.6521063616037 26.1404 17.827924623382163 0.011636658233104025 21.005203508752672 g
2458964.7009491 2027.1602643963715 23.8577959818745 26.1283 17.861079788119966 0.012777681938844692 20.936799188091747 g
2458964.7014005 2406.1502978965946 27.4871771387674 26.2003 17.746993120889783 0.012402728227595647 20.85504963609597 g
2458964.703206 2230.84372846941 22.5627722786927 26.1828 17.81162712789915 0.010980778953882053 21.051893838717582 g
2458964.7036574 2230.1022243019083 20.6222296287525 26.1831 17.8122880728362 0.010039698837099372 21.149835943105955 g
2458965.7111343 2578.802245524619 24.3101168926657 26.2643 17.735754900733404 0.010234787857879265 21.052407371389577 g
2458967.7452083 2231.8978391379924 27.9099408322683 26.1624 17.79071422070045 0.013576706886053943 20.80057769964445 g
2458967.7456597 2200.505090722706 25.9904284795723 26.1719 17.815594055970926 0.012823332388203724 20.88744139075564 g
2458968.7078704 2882.1916343163157 26.6168660715766 26.3265 17.677192866786285 0.010026374079309126 21.016182690759614 r
2458968.7101042 2760.2975933771268 33.3157635118221 26.3388 17.736410233066756 0.013103994486526145 20.784750562576278 g
2458974.7304861 3010.215264908356 65.6783579918052 26.2759 17.579406115650755 0.023688336878417166 19.984919272761378 r
2458977.668044 2382.404720459273 59.3125855574086 26.1346 17.692061147716963 0.027029695494921836 19.95430784857416 g
2458977.7029745 957.6740633559432 93.8713381089722 25.2108 17.757755685997154 0.10642045731902786 18.53204246752714 r
2458980.6707176 2540.4278913406715 22.9640818909818 26.2631 17.750832819476507 0.009814135561187454 21.113052271878402 g
2458980.7330671 2982.0584816854994 24.3649719747278 26.3134 17.627109609430686 0.008870734841528111 21.099060198710102 r
2458986.6708565 2602.4042100952192 27.7484596811925 26.319 17.780563117841055 0.011576411749951943 20.96347778812807 g
2458986.7327083 2803.4662418833695 26.2439872940963 26.2764 17.6571616727964 0.01016352420425747 20.981400442100774 r
2458992.7356829 2786.9182757822814 24.9023067736115 26.2669 17.654089416122357 0.009701193859558348 21.028876041837446 r
2458995.6705903 2436.0256507843915 30.7675059872937 26.2318 17.765095357487617 0.013712614741822901 20.764144254704327 g
2458995.7284491 2742.466753993345 32.4724999678252 26.262 17.66664657132 0.01285535847015536 20.735785676554222 r
2459005.6707176 2314.731104974765 74.7953752505225 26.2586 17.84734863084657 0.03508197506611792 19.826488125691043 g
2459005.7381944 2601.4759471395096 72.9990433681295 26.2541 17.716050462929257 0.0304654215511484 19.848382067032265 r
2459011.73875 2512.1668613136408 46.7179109570477 26.1482 17.64807879396426 0.020190392886380075 20.2270664527064 r
2459021.7006481 33849.58243153835 109.123367735319 28.9513 17.62741671100671 0.0035000502765390107 22.109080587670178 r
2459021.7214468 28200.352410508123 125.612823830586 28.7894 17.66376366102937 0.004836033282408542 21.794390042039087 r
2459138.0224769 2031.2379531376387 41.2069778464181 25.9886 17.719197993455843 0.022025196889782914 20.20374807871314 r
2459138.0271875 2074.5956479571537 42.2018746160155 26.0105 17.71816634373321 0.022085544870262024 20.199745632057372 r
2459138.0318866 2206.258578942538 47.8454611377764 26.0312 17.672058971323047 0.023544754750452472 20.08417312741562 r
2459138.0365972 2238.8370502118178 68.9895815076328 26.0706 17.69554378656285 0.03345575714666256 19.72621621287395 r
2459140.0185301 1779.1334130512598 40.0354337960313 25.8304 17.704878709920166 0.024431259709638675 20.076863642708155 r
2459140.0232755 1690.6969722505744 38.9424065501518 25.8174 17.74723556272138 0.025007302600902528 20.09391802315442 r
2459140.028044 1822.7223553602773 39.9499583964993 25.8724 17.7205986996161 0.023796092533525822 20.121184160709532 r
2459140.0327894 787.0067313317675 49.0612921645935 24.965 17.725053882673684 0.06768156202801857 18.99072753324665 r
2459142.0233565 2584.006505414846 43.9721860213298 26.2267 17.69596599327306 0.018475418797637012 20.371329847773758 r
2459142.0280903 2514.037282655855 42.1955443330008 26.2191 17.718170715261145 0.01822236400326689 20.40850850475073 r
2459142.0328125 2606.888250940337 42.6620007273797 26.2326 17.692293963161035 0.01776759482229766 20.410071942219965 r
2459142.0375347 2567.7876888030187 65.9660254576425 26.247 17.7231022192193 0.02789144684806399 19.95127419406468 r
2459142.0422569 2552.19679830986 95.0534570529788 26.2768 17.75951460120485 0.04043557236289963 19.58445519768366 r
2459144.0239815 2459.2325373048775 37.1486047236735 26.2302 17.75320100949363 0.01640033609537927 20.557918722666038 r
2459144.0286458 2589.012676996416 36.1415286183026 26.2458 17.712964557636155 0.01515591560038756 20.603358696042726 r
2459144.0333218 2650.4194445268777 42.2788279145424 26.2701 17.71181347739516 0.017318814786696002 20.45736764174972 r
2459144.0379977 2541.779897230037 47.2244181303253 26.2599 17.747055148574873 0.0201715147798472 20.327058450353714 r
2459144.0426736 2762.7684465076895 75.1121832304332 26.2897 17.686338781753268 0.029517239288136758 19.852999025457272 r
2459146.0242593 2405.4355200554423 35.4388726317121 26.1815 17.728515700685957 0.01599543354850061 20.560375244610995 r
2459146.0290162 2543.2004311098085 33.5637390197655 26.2116 17.698148528684968 0.014328462282407507 20.649499150395204 r
2459146.0337731 2580.5514154972157 39.8113874230066 26.2216 17.69231870881284 0.016749607493028812 20.474156706738498 r
2459146.0385417 2581.106501677074 45.9914635467466 26.2251 17.695585188043268 0.019345552746567747 20.32098191422667 r
2459146.043287 2629.731887002175 89.0103166451887 26.256 17.706221318824152 0.036748423388456804 19.63497412416521 r
2459151.0178935 2213.881349938101 34.6336758407784 26.2235 17.860614145689258 0.016984551525936312 20.627328519696732 g
2459151.0468056 2781.9311946275675 103.385117668278 26.322 17.711134038989965 0.04034795054213278 19.53842992320617 r
2459151.999213 1956.6065889943554 69.3429664742919 26.1768 17.94804122073566 0.03847766798119267 19.826868947349553 g
2459152.9935648 2766.4236570267535 92.1435112127911 26.2635 17.65870327548025 0.03616228840063011 19.604913095608648 r
2459153.0440046 2404.78079101005 68.6944940783843 26.2997 17.847011264538935 0.031013892201615705 19.959970165695974 g
2459155.9847685 2576.7712847448097 53.6776017469224 26.2642 17.736510319728094 0.022616587107149942 20.19229222961012 r
2459156.9978241 2059.7546218601447 76.2269954564268 26.2123 17.927761284901727 0.04017937286738706 19.75960298398943 g
2459157.0262384 2955.7665505221507 44.8737784638855 26.3155 17.63882467486734 0.016482851553223633 20.438093390270033 r
2459158.9962037 2150.732330419113 64.6539095285184 26.1845 17.853034091018145 0.032637603751199284 19.910588011233887 g
2459159.0293634 2146.589455502945 80.7794880702431 26.0745 17.74512752078946 0.04085657365595991 19.558822247768674 r
2459165.9939699 2905.7185958308146 29.6866853206861 26.3195 17.661366118071157 0.011092207724077057 20.890670716734252 r
2459166.0188079 2522.8771996036244 28.584133969227 26.316 17.811259720349394 0.012300953155891043 20.92826239249154 g
2459169.0035648 2401.4515871702542 36.5587600091749 26.2992 17.84801541058747 0.01652827229747821 20.64429634660842 g
2459169.0405093 3061.258250141373 33.5648969421375 26.3634 17.64865007858719 0.011904062196776692 20.801261694003493 r
2459170.9986111 2388.4534325282616 30.3708294425685 26.2957 17.85040805425088 0.013805422821617628 20.84213335695965 g
2459171.042037 2936.060675457705 32.4178634144831 26.3513 17.68188743426714 0.011987515994919812 20.826914018853227 r
2459173.9827431 2166.9536639241246 30.6824310356965 26.1789 17.839275937802455 0.015372693902061257 20.714250572320175 g
2459174.0325694 1405.8430116991447 38.6279597322958 25.535 17.6651579339935 0.029831478715867114 19.820320564151626 r
2459175.0315046 886.0578840056404 20.452638894829 25.214 17.845344764460993 0.025060924854853492 20.189701612516153 g
2459177.0052315 2349.551310643093 31.8407417602619 26.2841 17.8566376655089 0.014713231914758384 20.77921704794717 g
2459177.050787 2864.104646514233 33.3803512213802 26.3436 17.701127795368023 0.012653534627360687 20.787447734342557 r
2459181.0203241 2507.9549879119127 50.6360080856877 26.3283 17.830000655923975 0.02192045481023683 20.319726337804433 g
2459181.0446296 2961.0257237624246 74.9275033837895 26.352 17.67339454920697 0.027473179233449718 19.917971834253102 r
2459181.9160417 2466.8281563578475 91.7264626709732 26.1324 17.65205275795881 0.04037063557313681 19.478738374792968 r
2459181.9165046 2298.5356090645455 95.4639002648261 26.1279 17.724271909357327 0.045091821118100076 19.43087705443403 r
2459182.9462037 2582.935816974955 67.6267343313411 26.1528 17.622515963544572 0.028425927187585617 19.83007894910914 r
2459182.9466782 2546.4046927861623 61.2947467111769 26.1521 17.63728143505531 0.026133986751144114 19.93611685229753 r
2459182.9528125 2459.6351115973803 58.6301205721604 26.1325 17.65532328993838 0.025879741919871507 19.964773020891798 r
2459182.9532755 2346.6440445752755 61.9231603471246 26.1254 17.69928195559531 0.028649413337437504 19.898342206282127 r
2459182.985787 2957.80362763833 74.1988321949464 26.3348 17.657376656868816 0.027235639094260935 19.911382314078352 r
2459183.0632755 2733.8997817973914 57.6903336763991 26.3659 17.773943524173706 0.022910274798474062 20.215717361932747 g
2459183.0646875 2407.1754705420985 72.4931397878906 26.3147 17.860930626918783 0.03269632929999416 19.91653271387837 g
2459183.0651505 2394.9155217795246 77.4286622488305 26.3039 17.85567450319354 0.03510115402362582 19.834220599330255 g
2459184.9442593 2368.2231603863543 80.2661483940263 26.2531 17.81704343988344 0.03679761213769122 19.744343929991146 g
2459185.0015278 2995.7735647903937 57.216689700973 26.35 17.658727539579658 0.020735933028600835 20.208768169458704 r
2459186.0095833 2710.6939057406566 59.3312331175956 26.3559 17.77319880154221 0.023763627335183335 20.175266552556916 g
2459186.0260764 3011.94331582931 43.6109963867074 26.3593 17.662183014324253 0.015720235679140358 20.51288496622177 r
2459187.0000463 2938.5900170761333 124.773547819952 26.3509 17.68055250278517 0.04609919726158663 19.363168679108913 r
2459187.9841782 3105.018188534023 86.3763402437338 26.3487 17.618539628688854 0.030202332775028835 19.760287991433195 r
2459187.9888542 2957.431873093169 71.8109702269362 26.3551 17.67781312729994 0.026362456929173862 19.967198003028628 r
2459188.0306944 2451.337235056007 82.8108369256165 26.3376 17.864092344830713 0.03667701218926235 19.794957054533704 g
2459188.0316319 2452.4780089758938 86.6981215307244 26.355 17.880987195469668 0.03838083367165994 19.762550769623946 g
2459188.8834722 2753.7927750218973 90.7282215775866 26.2564 17.656571859590052 0.035770167988040606 19.61461899397409 r
2459192.9911806 351.7114075916311 110.253244016851 24.4271 18.061633863300962 0.340341383433545 17.57369654737283 r
2459193.037963 989.3491454164333 57.0611065130316 25.3923 17.90392604257221 0.06261818047573299 19.254024516360097 g
2459195.0193866 2966.028691933579 29.788620016197 26.3574 17.676961630328968 0.010903975689628745 20.924849027633968 r
2459195.0293287 2695.5179232356813 31.2819899566674 26.37 17.79339444020747 0.012599751685266116 20.88433905852043 g
2459198.9768634 2926.180596573553 37.7980307055268 26.3518 17.686047184526277 0.014024193170115202 20.660702055440048 r
2459199.0047917 2497.451209736197 33.1632320295801 26.3597 17.865957468515028 0.01441682659270782 20.810632865389348 g
2459199.9838542 2067.622890044719 38.0218431975177 25.7948 17.50612167132823 0.01996510841425834 20.09729207296607 i
2459200.963912 1064.467924944241 31.7700961037962 25.4528 17.884968550992973 0.032403788344959605 19.95032866776054 g
2459201.0231366 1620.4286600782516 35.9102819364958 25.7525 17.728425210432178 0.024060172508039167 20.117027952049053 r
2459202.9420833 2073.415391875181 42.8328736429736 25.8044 17.512684204573674 0.02242852594632227 19.977531959051017 i
2459203.9828819 2704.4358195977015 37.6319065732883 26.3494 17.769208301431384 0.015107387896044355 20.663084434505457 r
2459206.0337384 1419.0457103790286 29.2342449571703 25.7606 17.880609036998244 0.02236687621677959 20.348445285044384 g
2459206.9741319 48.53598451239512 46.213134363712 22.4366 18.221440391613292 1.0337402338231914 16.527261426297454 i
2459215.982662 2275.1860907870423 95.0813474763594 26.3506 17.958057689938343 0.0453720332473436 19.657936669545453 g
2459219.8957523 2081.1884380251427 41.5799282881224 25.8055 17.50972148869551 0.021691129605376523 20.010865649212185 i
2459219.940544 2355.365323985046 57.793729653338 26.3414 17.91125430744599 0.02663988114526027 20.189273183968297 g
2459219.9774074 2943.130392764784 49.5078022712128 26.3565 17.68447624111203 0.01826307833930602 20.372390869790024 r
2459221.9457176 2729.9244569157713 34.2885219748758 26.2919 17.70152342671913 0.013636658777796816 20.70660307660517 r
2459221.9614699 1241.3059743202552 47.2833592096998 25.5245 17.789802885938656 0.0413560750983114 19.590304181447543 g
2459222.9891319 2053.7651244653857 36.1067001413623 25.7373 17.455923063216403 0.019087403849883493 20.095905491014705 i
2459223.8791898 2436.9557222705284 32.5730709005043 26.3299 17.862780903903467 0.01451178728997509 20.800328227666874 g
2459223.9623611 2894.7970494067217 39.7191236448004 26.359 17.704954696777797 0.014896744678525118 20.614075844814714 r
2459224.9163657 2204.408937454964 30.6296018273965 26.2686 17.910369592148186 0.015085476264851959 20.80582161118927 g
2459224.9168403 2171.85948077115 30.4014693780971 26.2698 17.92772069252826 0.01519751880636424 20.81513855255767 g
2459225.9139931 2685.6523314872175 36.1593790920493 26.2815 17.70887552299679 0.014617766201516535 20.638522578125915 r
2459225.9368519 2137.4500210207398 50.6836542232362 25.7692 17.444460078456984 0.02574434155138246 19.75960519069068 i
2459225.941331 2255.5803140567323 33.7868708695979 26.2937 17.910554261106803 0.01626295702020381 20.72440505921918 g
2459227.9406366 2517.874375961869 24.7476118838835 26.3093 17.806714854739926 0.010671097207567443 21.078041748227562 g
2459228.9545833 2278.8607921151247 25.5014055985694 26.279 17.884705508969603 0.01214943718991682 21.015164692302633 g
2459228.9550579 2223.613222263779 23.010256303899 26.2895 17.92185188045498 0.011234973339342555 21.137271348752023 g
2459228.9583796 2303.49166517431 29.0296237477505 26.3034 17.897433387088437 0.013682472994990293 20.8988714716902 g
2459229.0295023 2145.119249268722 23.7904903023489 25.8102 17.481571399887137 0.012040978761467694 20.621766507710085 i
2459229.9371644 2906.703535103198 46.8912081491613 26.3281 17.669598152973762 0.017514612024489437 20.402946433024354 r
2459231.8477315 1999.3690893419598 33.6079429333521 25.7548 17.50256756614504 0.01824982882712741 20.19127016142528 i
2459231.9199653 2572.2908280147767 26.3128730373618 26.3675 17.841699827062392 0.011106009454891855 21.06965431362918 g
2459231.9662963 2963.077987485789 24.8598332281418 26.3789 17.699542294613227 0.009108879702047667 21.142729462018245 r
2459248.8164583 1831.2821335328535 89.1864902159807 26.1186 17.96171185415923 0.052875398418641924 19.495427305826325 i
2459248.9141204 2716.01670525605 37.7273065471319 26.3686 17.783768907979752 0.01508110632712754 20.679535486989213 g
2459250.8700231 2364.3921482907085 31.5555057668364 26.3488 17.91450122883114 0.014489902885112248 20.853687125729117 g
2459250.8773611 3091.068964358259 41.0220591733606 26.3504 17.625128263380137 0.014408494329327955 20.57043134730055 r
2459251.8782407 2143.6393796930856 31.9850282565191 25.8131 17.4852206833882 0.016199620844376674 20.303308142354126 i
2459252.8187731 2934.9659377679927 26.1856747729781 26.3402 17.67119233665867 0.00968658161758526 21.04761556510475 r
2459252.8790046 2534.993371640733 21.6120240495199 26.3574 17.847457929745367 0.009256108821845539 21.27323638380124 g
2459254.8000231 2404.9023470503184 24.1540167015664 26.3246 17.871856384502117 0.010904399492584448 21.11970158350404 g
2459254.8585995 2205.9513519487004 25.6035086680601 25.8216 17.462610173317536 0.012601243149064374 20.553426277954234 i
2459256.8488773 2403.58669105074 28.5970436413977 26.1833 17.731150523482604 0.01291728332373682 20.795072143801637 r
2459256.8493519 2464.559928816237 27.7530216048988 26.183 17.7036515424364 0.012225896884930363 20.827299304756902 r
2459256.8693519 2383.8089926831344 23.0552725895865 26.3442 17.90102136556255 0.010500467750287283 21.189849335702053 g
2459256.8703588 2051.7394494641994 28.705794665853 26.2823 18.001994477863118 0.015189980032238209 20.88995105417316 g
2459256.8708333 2104.538735098409 27.6504577893388 26.2871 17.979207691082742 0.014264456871819655 20.93541917413249 g
2459256.8928009 2378.2512400885444 23.9434336653203 26.1586 17.717955670318823 0.010930462472699234 20.96320891022352 r
2459256.8932755 2380.8654360111814 23.3369765676648 26.16 17.718162874412275 0.01064190990229264 20.992463513810414 r
2459256.8991204 2926.3620189682 20.4700723178707 26.3825 17.716679871265963 0.007594534569358668 21.357276546744444 r
2459257.9202199 1458.7296725109095 33.3420440859864 25.3844 17.47446295706284 0.02481574067239296 19.829494435639056 i
2459258.8410764 2808.2707233587903 31.5121945583109 26.3446 17.723502568996707 0.012182867323787946 20.850978366231562 r
2459258.8664468 2112.0105275482388 25.9570110461001 26.2242 17.912459803360818 0.013343459478616263 20.941138284336034 g
2459260.8545833 1878.69960851093 31.5202591755397 25.6747 17.490056637821155 0.01821554932563577 20.180800539606327 i
2459262.849213 2776.4465012356113 21.8302202745953 26.3468 17.738076726099834 0.00853647644266884 21.25172969437192 r
2459262.9106944 2031.9072650574437 29.1554231561891 26.2089 17.939140292142618 0.015578487987629506 20.799676616487044 g
2459264.8600231 3006.2797919093423 23.6718024254287 26.3982 17.703126506122928 0.008548930130340632 21.21519667074034 r
2459264.882037 2171.2749475885767 24.4623240980504 25.8209 17.479112946361756 0.012231866490584038 20.602230699701835 i
2459266.7829398 2187.9183829150747 60.6469164879797 26.3398 17.989722206887116 0.030094521690188364 20.13535317756726 g
2459266.8231597 2783.997362854047 54.2018223600881 26.3582 17.74652795111856 0.021137562600282083 20.275740267849717 r
2459266.8325347 2765.3884746508297 57.3719481595082 26.3563 17.751909628758497 0.022524402877842655 20.212125995857058 r
2459266.9160764 2330.0558299700942 44.0264837268016 26.3451 17.926684182029962 0.020514338226308507 20.488389986789123 g
2459266.9170139 2262.989570558876 40.3398451045984 26.3391 17.952393618934614 0.019353588898443852 20.57733942342863 g
2459267.7597801 2385.8232381248645 57.0225235468298 26.3254 17.8813043391649 0.025948843495820217 20.187858906120788 g
2459267.7869676 2391.7249608804213 52.0405934814014 26.3445 17.89772190999471 0.02362331508300145 20.30621938741129 g
2459267.8179282 2764.979752448191 43.1257670866162 26.3718 17.76757011156025 0.01693381128179402 20.537532906578555 r
2459267.8524421 2130.990465100201 42.1141106248866 25.8244 17.502946233719697 0.021456355931320153 20.01590590516654 i
2459268.7752199 2863.4697471741592 37.0019521848741 26.3639 17.72166850222064 0.014029489756880762 20.69591339515781 r
2459268.8260417 2290.958293453334 56.4437999606834 26.3857 17.98565704250877 0.026749083033257865 20.25923437907628 g
2459268.8543981 2813.9712824419025 38.7591322796707 26.3684 17.745100847513182 0.014954235737445656 20.650039874867492 r
2459268.8564699 2857.122950384051 43.7655881213781 26.3791 17.739277675623107 0.016630820531189645 20.52884306694479 r
2459268.9318171 2456.0228503631834 40.1220182703569 26.3494 17.873818992299817 0.01773618483626282 20.593518060789464 g
2459268.9327546 2446.5577508106403 42.6138702680529 26.3357 17.864311320736636 0.018910601613509978 20.51439754067312 g
2459269.7296296 2293.2268598905557 62.6953021118256 26.2685 17.867382450260656 0.029682318262248864 20.027987490486254 g
2459269.7684259 2409.2667033264133 52.708207159456 26.2015 17.746787803478902 0.023752165102357437 20.149379378711593 r
2459269.7689005 2356.4641525949073 53.3680757785646 26.1871 17.75644790625634 0.024588415575506607 20.121471128385604 r
2459269.7848264 2311.2509845205836 44.2899226218908 26.1456 17.735982227092187 0.020804996650141443 20.282412685316153 r
2459269.7852894 2336.488151687717 38.248361072884 26.1472 17.725791042344614 0.017772932247413487 20.44324291280529 r
2459269.8425463 2889.1305116077356 49.0922851215263 26.3526 17.700682097976195 0.018448281841993062 20.377641869463766 r
2459269.8582292 2797.7723219190707 43.3781514980621 26.3423 17.72526907643089 0.01683327078207057 20.501697386175685 r
2459269.9416204 2406.3180882701563 56.2492231261977 26.3241 17.870717410851263 0.025378931341539485 20.201383667505247 g
2459270.7109491 2180.543796832537 98.9706889436674 26.2391 17.89268796494179 0.049277834796175805 19.50290850556595 g
2459270.8095949 2833.690690903884 71.9333013542626 26.3499 17.71901889136535 0.02756051870128825 19.960150007772732 r
2459270.8105324 2880.369339600071 67.0226278042365 26.3627 17.714079551551645 0.02526289459016494 20.049721360339216 r
2459270.8573843 2697.738624199043 70.0293651837192 26.3446 17.76710032528788 0.028183190579679475 19.983974515445386 r
2459270.8824653 2460.0225375845075 78.1938047495981 26.3554 17.878052285184893 0.034509852052004755 19.87504412536093 g
2459274.7060301 2370.7883762251777 150.861989280379 26.2672 17.82996802684225 0.06908708655915505 19.073325413996038 g
2459274.7396065 2340.457573815303 140.076107919547 26.3234 17.900148067632635 0.06497901609912013 19.210064823742798 g
2459274.8328241 2177.1686779117454 69.0796877663393 25.8304 17.485669805844168 0.03444832629130576 19.484599074335357 i
2459274.8589815 3010.7353528223857 86.9124883897011 26.3556 17.65891854451285 0.03134147561533124 19.76046952821501 r
2459274.859919 2956.0031563448088 97.9881840558661 26.3564 17.679637766370973 0.035989735396968654 19.631040715967526 r
2459275.7056713 2325.481211426546 58.7785927083463 26.2605 17.844217912480428 0.02744202696193975 20.090027029472946 g
2459275.8403009 2957.0085579262736 70.5201253329113 26.3515 17.674368546433456 0.025892282208217657 19.983292300449676 r
2459276.7560764 2470.1301291905756 40.1026135198086 26.3137 17.831900417558572 0.017626361860022092 20.558343296995734 g
2459276.7570139 2429.1937424373828 48.5728726154941 26.3109 17.847244615708462 0.021709082679312604 20.34749051778607 g
2459276.8370833 2912.3040099556147 54.5048419016305 26.3436 17.68300822951464 0.020319275271506464 20.255087278525394 r
2459276.8389583 2966.6317040628614 46.7259905574463 26.3561 17.67544091582343 0.0171003390406511 20.434778696960926 r
2459278.7914583 2955.7394794188785 28.0413146501292 26.3451 17.668434618890664 0.010300114583045354 20.978179062578818 r
2459278.7968634 2563.1802422943556 29.8905551916216 26.3515 17.829552133113793 0.012660902747321024 20.91524003474857 g
2459278.8594444 2103.8384146926214 34.2159097484154 25.8111 17.50356904806167 0.017657350942173994 20.228104759889543 i
2459280.7864931 3144.5200918838937 25.6368195384896 26.3817 17.63781406501434 0.0088515557730982 21.112114623329912 r
2459280.8598264 2471.370064137267 33.3538709551308 26.3069 17.82455554566188 0.014652721671056941 20.751609378768755 g
2459290.755706 3141.94742316175 26.2104341903311 26.3493 17.60630271662154 0.009057016101118094 21.055689450824065 r
2459290.7956366 2790.250062038588 25.8436679572546 26.3541 17.739992183843817 0.010055898101366402 21.075789607827385 g
2459291.7278125 2680.8421083430026 25.0691159124597 26.155 17.58432190899528 0.010152608041127923 20.90972744316653 r
2459291.728287 2757.2545913835147 25.7301759289062 26.1749 17.573707828543867 0.01013154610144155 20.901368099936853 r
2459291.770787 2332.624376194494 26.2947059256525 25.787 17.367387975647276 0.012238645242169322 20.489904193859047 i
2459292.7546065 3022.579976291301 26.2958033972193 26.3021 17.601155497629946 0.009445359253451743 21.00495887904353 r
2459292.7696412 2313.789834366581 29.6515531795971 26.228 17.817190228326744 0.013913403373518403 20.80045637141333 g
2459292.7701157 2335.435175726417 33.9279346171294 26.2244 17.803480457115857 0.01577246030918414 20.650581432862175 g
2459292.7947569 2629.4545490463406 28.3573870186737 26.2895 17.739835829257864 0.011708745867974858 20.91040946304923 g
2459293.7077546 2776.4059730515273 40.9746890714208 26.1901 17.58139257486116 0.016022952103055408 20.41138582242357 r
2459293.7082292 2723.825190194989 39.1404705411915 26.1838 17.59585192010097 0.015601151285163628 20.454809883209712 r
2459294.7538889 2493.5905478070795 43.7666922601878 26.2571 17.765037142406932 0.019055854149220237 20.406815675827467 g
2459294.7921065 2553.9564774588384 37.7256721227339 26.1306 17.612566269796346 0.016037376746688245 20.4415825243302 r
2459294.7946759 2159.4458653305915 33.2286025679436 25.749 17.413144196780138 0.016706273765512255 20.197794795742915 i
2459294.8192824 2959.8080217555384 40.1619519677538 26.2683 17.590141142788532 0.01473197955100066 20.511337958136323 r
2459297.7059838 2563.8057242133027 69.6908399273199 26.2454 17.723187217870162 0.029512121060697113 19.890035742281142 g
2459297.7567014 2984.4955334763417 55.9118450618197 26.2854 17.59822266681603 0.020339615021273027 20.169215429191787 r
2459297.8575463 2216.445534789514 47.9272584748922 25.767 17.402857340621736 0.023476608700484923 19.81811852096166 i
2459301.8564352 2693.0091754171003 170.359046394155 26.303 17.727405417226677 0.06868109413013315 18.977161988181436 r
2459302.7400347 3037.1953005147743 80.0072054603285 26.3639 17.657718201955408 0.028600012305285773 19.85865223571935 r
2459302.7750579 2322.6375076724967 50.1381749944511 25.8094 17.394446412328723 0.023436725021299006 19.8115536846629 i
2459302.8296528 2753.8439506385744 84.8753931880782 26.2897 17.689851682798228 0.0334620319945611 19.720320491217876 g
2459303.7786574 2743.6000867934745 63.5020013516694 26.3105 17.714697980186735 0.025129071543398468 20.056106456942235 g
2459303.7795949 2748.7038905628924 63.7317663451311 26.3286 17.73078010712205 0.025173165781323593 20.07028510103682 g
2459303.8028588 2361.7829151453675 43.657112196935 25.7992 17.366100058388803 0.020068959940501122 19.951637476944207 i
2459303.8515625 3033.571053474082 63.1262522867645 26.3016 17.596714570968842 0.02259257188957278 20.05364997249813 r
2459303.8525 3030.8176652192333 65.4460636191213 26.3284 17.624500475289334 0.0234440996192822 20.041266163696463 r
2459304.7761458 2992.835763499842 69.3215100847024 26.2939 17.60369278772144 0.025147508732971398 19.94430495235624 r
2459304.8257755 2484.11501617264 69.3578952681986 26.2771 17.789170749768523 0.03031335763538975 19.92693522519532 g
2459305.7901505 2702.1464068268233 42.6240613634637 26.3063 17.72702780968168 0.01712599410061439 20.48473791820001 g
2459305.791088 2746.4670776849916 46.0328256795806 26.3081 17.711164006412158 0.018197137422978755 20.40300590303385 g
2459305.8741319 2180.231549513683 37.2088163013378 25.7663 17.420043450236292 0.018529046544333072 20.092260353341143 i
2459307.7473148 3123.434390520179 29.2734146070047 26.3228 17.586219030549348 0.010175384613579792 20.909191529634462 r
2459307.7791551 2737.929964177547 28.1596848685339 26.3224 17.72884416311304 0.011166454314674607 20.950905513253105 g
2459308.8110301 2204.230479537242 26.9561538850484 25.7684 17.41025749147679 0.013277330362994182 20.44433017173259 i
2459309.6927778 2818.2844340010624 29.0205027154617 26.3353 17.710337945132473 0.011179694788097067 20.931112660785402 g
2459309.7330093 3011.597792674578 27.1499599168943 26.3038 17.606807574609412 0.009787731799203536 20.971952007283743 r
2459311.670463 2021.6309097048631 32.2975679957159 25.8776 17.613345327240985 0.01734513921637058 20.357250436103534 r
2459311.711875 1491.9662518088255 31.5587055102347 25.6888 17.75440250117139 0.022965188743995914 20.193577037139363 g
2459311.7291898 1815.9417252774629 31.8841699283482 25.9235 17.77574523094222 0.01906263995664204 20.41713720151199 g
2459311.752581 2145.4187584779024 28.6673791280516 25.7354 17.40661981610347 0.014507272016865885 20.344505014053407 i
2459313.7126852 2768.5882130955756 27.3695356958116 26.226 17.62035408596951 0.01073294495887419 20.885406414200347 r
2459313.7337616 2795.7822800827144 30.4084115427537 26.405 17.78874163009868 0.011808649281156096 20.950090653386496 g
2459315.686088 2218.53390210796 26.7083816511916 25.8028 17.437634825768484 0.013070474123089437 20.48875605544596 i
2459315.711956 2552.9399942403015 24.5036374227433 26.258 17.740398482453323 0.010420769469667478 21.037498595047563 g
2459317.692662 3030.139929793361 23.5717824791537 26.353 17.649343289029787 0.008445776376856102 21.174593927249802 r
2459317.7337616 2651.139593944113 23.2614990324827 26.3447 17.786118510464014 0.00952609570512825 21.180680743213465 g
2459320.6737153 2488.877748034148 28.9128617099706 26.2563 17.76629108778557 0.012612388850078784 20.856147291690206 g
2459321.8216782 2129.8172454502196 26.7753644411097 25.745 17.42414415184642 0.01364906460205121 20.4282365122783 i
2459322.7704167 2781.607825031348 28.637160123072 26.2879 17.677160251487905 0.011177479609394213 20.898150119528413 r
2459324.671412 2530.024059981214 43.3600329352668 26.2885 17.780688371895046 0.018606932836112523 20.448350980633986 g
2459324.7120949 2913.975938818726 38.1582299631023 26.307 17.64578509648147 0.014217135330134025 20.605604436703388 r
2459324.7987847 2147.237576293422 29.6782779196673 25.7801 17.450399753412057 0.015006120744684501 20.351578245594265 i
2459329.7329051 2860.035911039216 71.461940848715 26.3367 17.69577128442542 0.027127711536761207 19.954087971373248 r
2459329.8123727 2310.0631803055207 110.684903557123 26.2075 17.79844035494191 0.052020481871008876 19.349854011690525 g
2459335.6911227 2709.555781953459 30.9378953388296 26.1903 17.60805475921598 0.012396597698073983 20.716648074334515 r
2459335.7119213 2315.136797940609 27.0797713836073 26.151 17.73955835520528 0.012699252941482844 20.821962505232886 g
2459336.6795833 2218.2914964976503 28.6728453897953 25.7882 17.423153463994677 0.014033371307986589 20.397098006901007 i
2459338.6922454 2661.361139329815 30.3111328204704 26.291 17.728240472230866 0.012365400702992087 20.839569570173772 g
2459338.7371759 2865.0393844566865 26.3494810418621 26.2947 17.65187350899309 0.00998507445389785 20.99534482386302 r
2459339.6716088 2165.610276200187 25.4218821886963 25.7689 17.429949241073132 0.012744923588327215 20.50845573475742 i
2459340.6922106 2541.3496285320757 27.6222425663744 26.2681 17.75543895593288 0.011800607211859743 20.917527652334627 g
2459340.7334722 2883.674089966487 26.1893666123127 26.2869 17.637034561794888 0.009860266605689255 20.994162501220565 r
2459342.7355208 2581.8813352844213 28.7676226872607 26.2526 17.72275930507277 0.012096995909425987 20.857915054321474 g
2459342.7906366 2807.1942412818985 38.1051459503922 26.2104 17.589718839274 0.014737404469542144 20.51051591565671 r
2459343.6865509 2159.9367364006425 25.7272455500485 25.7295 17.393397422394052 0.012931892875822911 20.456091760172107 i
2459344.70875 2975.4689708130913 27.0488604127138 26.2772 17.593311435859686 0.009869687110888748 20.949402557410735 r
2459344.7691435 2429.624209404637 27.1748367066737 26.1939 17.73005223411394 0.012143326568047876 20.86105763142269 g
2459346.8319907 1806.9463291216812 37.2422496585623 25.9239 17.781536867231395 0.022376929409937248 20.248885221330408 g
2459348.675706 2971.7388376145323 33.9480165125634 26.2866 17.60407339976738 0.012402624706172411 20.71213897728826 r
2459349.7548148 2225.1149509926895 34.4908839096603 25.7543 17.38591887036799 0.016829131746210275 20.16261417835245 i
2459350.6779977 2518.4449859911297 33.7711938198213 26.2716 17.768768829051048 0.01455873975176408 20.70280895585713 g
2459350.7296065 2795.321882602803 38.3396949209438 26.247 17.63092043922085 0.014891096096922513 20.540453357259576 r
2459353.6927778 2869.0008476073144 41.4470607953842 26.2702 17.62587330861895 0.01568458020605916 20.479040643838392 r
2459353.7218287 2348.4050762581774 53.7549643554605 26.2232 17.79626747383109 0.024851660129143468 20.14972854361526 g
2459356.7358218 2775.494490409147 87.0785600145565 26.2669 17.65854907610618 0.03406282842012318 19.669696892500717 r
2459358.6933218 2061.3835376567395 49.2953608075569 25.699 17.413602991450503 0.02596313216394602 19.71955986492636 i
2459358.7571181 2000.4068679888542 92.2526630536357 26.1428 17.89000415765078 0.05006917236693388 19.482927709729747 g
2459361.6945833 3043.775433305269 44.3622885134941 26.3637 17.655168481325617 0.015823814106679542 20.498740134243864 r
2459361.7555903 2229.9369937345764 86.2690408377853 26.2081 17.83736851912844 0.04200221705848425 19.621037565502974 g
2459363.7140046 2353.7594002350847 31.0344991964141 26.2764 17.846994831312784 0.014315038221060974 20.79936313523572 g
2459364.6933796 2109.729876910185 27.1956095795302 25.7801 17.469532867060522 0.013995286147124572 20.44642799463377 i
2459365.6816204 2745.204689558258 29.1671135875186 26.2785 17.682063169718305 0.011535291099573552 20.868841356794228 r
2459365.7045949 2139.204159856876 31.9292100511458 26.2145 17.888869413900615 0.01620487843238315 20.706604554279572 g
2459367.7082292 2478.495596900556 31.6121982310435 26.2225 17.737029620728517 0.013847659710335566 20.725438247629782 r
2459367.7335648 2045.4968530006877 29.7317332458692 26.1142 17.837202960819162 0.015780881176955464 20.683724420051455 g
2459369.7240046 2068.1547524537677 27.1554299472734 26.1512 17.86224241923755 0.014255533953044358 20.819133280926795 g
2459371.7256134 2576.540930933852 30.4545104957494 26.2709 17.743307384862966 0.012832888330344168 20.814345930781542 r
2459373.7172454 2576.93469202623 37.9213730687093 26.2605 17.73274146938917 0.015976825050356618 20.565864854113567 r
2459375.7269676 2533.373142345545 45.6354540106705 26.254 17.74475209488156 0.01955748704808325 20.35831905034296 r
2459377.6944329 2069.2220434641567 31.5336304156817 25.7779 17.488382259226093 0.016545378805741813 20.283540056047375 i
2459498.0261921 2223.3261866123744 86.7395100134837 26.1822 17.81469204202255 0.04235684650713731 19.589232577872313 r
2459498.028588 2211.5990046082243 99.3459317468328 26.1723 17.810534035498982 0.04877008800998413 19.431999770939857 r
2459498.0309722 2329.7895214819173 116.097886294753 26.1933 17.775008280898383 0.05410251612344702 19.28381420680063 r
2459498.0333681 2260.040425643284 135.393226347207 26.2031 17.817809481250094 0.06504150287635783 19.126682645746822 r
2459498.0357523 2213.931939296304 152.270074623025 26.2276 17.864689335836538 0.07467240391805582 19.023638587731995 r
2459499.0272569 2025.7043706291906 73.7666818643534 26.1943 17.927859837188294 0.039536117738272314 19.77722436745352 r
2459499.0296528 2044.371993776791 93.5349611580905 26.1781 17.901700192887567 0.04967339977189416 19.503240063580776 r
2459499.032037 2259.7418095429825 109.625174416358 26.1893 17.804152947592065 0.052669756943564676 19.342099245790237 r
2459499.0344329 2217.8681691925094 124.867684224161 26.1998 17.834960680063386 0.0611257452743596 19.21124984556733 r
2459499.0368287 2592.161160181045 142.627453067042 26.2311 17.696945002372495 0.0597380395067999 19.098167171723667 r
2459501.0278241 2236.4959909806626 59.0045757673664 26.1951 17.821179689957393 0.02864358718682076 20.020460758636734 r
2459501.0302662 2241.14659268543 67.4545389140162 26.187 17.810824338679986 0.03267764506702521 19.867047044133134 r
2459501.0326968 2240.8275739123305 80.8043737948736 26.2098 17.83377890013869 0.03915040570298095 19.69378781669227 r
2459501.0351389 2177.6048211808516 94.2688777079261 26.2059 17.86095232654729 0.04700013497949329 19.522554147311812 r
2459501.0375694 2039.5428175244551 111.286230127061 26.22 17.946167932021414 0.059240462622698234 19.35647141232574 r
2459502.0280324 2312.7496850591215 48.3137043732114 26.2462 17.83587842378071 0.0226804436194982 20.288599145227995 r
2459502.0303935 2178.7340116542664 55.2392998957483 26.2315 17.885989467204364 0.02752667722448482 20.128454574953754 r
2459502.0327662 2386.2999362945084 73.0200345893455 26.2379 17.79358742587732 0.033222081745833076 19.831869903315962 r
2459502.0351273 2260.328036583418 73.4038414357157 26.2249 17.83947132011849 0.03525795785253288 19.813178018161356 r
2459502.0375 2467.88578671326 94.2751220089088 26.2257 17.744887358100193 0.0414745692511923 19.542282231327608 r
2459503.0280556 2328.0785691867327 83.2940337714044 26.1934 17.77590591745609 0.0388441926584997 19.64444025253833 r
2459503.0304282 2286.3938992125118 92.6118584204256 26.2044 17.806522368450068 0.043976978210835606 19.54030849122337 r
2459503.0328009 2412.926439332465 92.0036679004856 26.2242 17.767839794563884 0.041397193304902935 19.56726213500292 r
2459503.035162 2331.006648503385 124.669385174494 26.2328 17.813941219454442 0.05806656603525839 19.245975444921626 r
2459503.0375347 2515.0725290448754 168.935219081866 26.2124 17.711023715874227 0.07292551814672116 18.895674490773764 r
2459504.0308333 2180.573944116582 62.3511293640267 26.1909 17.84447295411213 0.031044405227885534 19.956364178540035 r
2459504.0331944 2125.7577705000563 74.1227499379938 26.2026 17.88381556181855 0.03785712122258839 19.780296181217174 r
2459504.0355671 2165.81885791653 81.5619577180359 26.2065 17.867444672943655 0.04088606818192381 19.68035588533731 r
2459504.0379398 2028.2964310939633 102.548122948033 26.209 17.941171433775132 0.054891629930359835 19.434255700650382 r
2459504.0403009 2366.743841177592 148.748217202395 26.2407 17.805321860862968 0.0682354957925175 19.062145565995493 r
2459505.0311458 162.89726141150982 63.5609467364201 23.0518 17.522015542203974 0.4236297115971982 16.79639909572669 r
2459505.0335301 2208.7917900671587 43.4701271946539 26.2168 17.856413051524072 0.021367119031984794 20.373897711787556 r
2459505.0359259 2169.234564059529 49.4624579687988 26.1673 17.82653371059522 0.0247559169056515 20.184185753589176 r
2459505.0383218 2300.2795610208086 55.9198332671685 26.2651 17.860648448618416 0.026393384528975362 20.148760319585946 r
2459505.040706 2342.289628963383 75.5888444634762 26.2807 17.856598511327867 0.03503700286215931 19.83713072347038 r
2459510.0202431 2353.6153906557374 68.6702707396356 26.275 17.845661261720867 0.03167693125989061 19.935653090038862 r
2459510.0227315 2358.8356901610423 70.3692678843944 26.2812 17.849455774472798 0.03238882405449404 19.91531740743563 r
2459510.0252315 2297.703264053565 67.0295433926827 26.2759 17.872665147023213 0.03167248634754043 19.962809336718966 r
2459510.0277199 2423.2380102757875 70.4715743168725 26.2919 17.830909818481125 0.031573864354793944 19.924440055077863 r
2459510.0302199 2313.22525925389 62.2311125584848 26.2921 17.88155518516427 0.029207842441829134 20.05965607589645 r
2459513.0224306 2308.5875156567618 52.3896639345768 26.2751 17.866734143104395 0.024638207452832305 20.229560957719748 r
2459513.0249769 2428.5557826747577 58.0095347971351 26.2858 17.822429791389858 0.025933500222047098 20.129626532431455 r
2459513.0275347 2357.7344890966574 50.701609452817 26.2983 17.867062758929983 0.023347301249350617 20.288320625077937 r
2459513.030081 2377.797291539434 45.5317886231475 26.2948 17.854362929926488 0.020789771728668582 20.401588211626592 r
2459513.0326389 2379.2571259695633 49.4009839483879 26.2846 17.843496553213345 0.02254260276762154 20.302835991390324 r
2459522.9996181 2349.9127192992823 29.2980295436617 26.287 17.85937067009793 0.01353619239315346 20.872478957651058 r
2459524.9763773 2214.808757280776 33.390859692343 26.2851 17.92175941992663 0.01636821068582266 20.728605987433404 r
2459525.0516898 1980.4746107668507 68.2070464461643 26.3514 18.109476801950706 0.037391234365749884 20.019401879695994 g
2459526.9761111 1640.8823988108438 32.3573496078007 26.1958 18.15810635872875 0.021409440734234453 20.67344263587666 g
2459527.0222454 2349.6183523666195 34.0063645297384 26.336 17.908506685726646 0.01571349233493564 20.759674474387353 r
2459530.0227199 1850.673367233486 44.1213721546301 26.2961 18.127775562147495 0.02588386183991504 20.43705246331178 g
2459531.9500231 2231.2103980916268 32.508855470358 26.2658 17.89444868699564 0.015818707377106025 20.73837078993961 r
2459531.9835764 1907.3696669111368 25.7162883764094 26.2559 18.054812820687143 0.014638050910960864 20.98295427117762 g
2459532.0289005 1879.130017190845 28.2591070196374 25.8436 17.658707924954836 0.016327189822174164 20.468278903815552 i
2459536.9474653 1679.1514198901484 87.2780174423632 26.198 18.135275347419004 0.056431922943180945 19.59831280789315 g
2459537.0179282 2278.113210197926 50.2889216100522 26.2709 17.876961743945003 0.02396662376023449 20.269794182262395 r
2459538.9838889 2292.996170337174 54.3213888137642 26.2765 17.87549167652319 0.025720379561921185 20.19164782702984 r
2459540.9975116 1790.3432824715205 40.5656116550492 25.8056 17.673259222285918 0.024599798823546296 20.03777991734051 i
2459550.9788773 2017.7980264421628 23.7041364643884 26.3053 18.043105767685237 0.012754289885377763 21.12081464239354 g
2459551.0061806 2453.8063103456348 23.1569630622395 26.3489 17.874299302543236 0.010245924745841933 21.189770981896373 r
2459622.8546181 2065.1151139868925 51.6080796813864 26.2863 17.998939337045705 0.027132091441579975 20.257080740598294 g
2459622.9022454 2723.828211951157 67.3137305984854 26.3663 17.778350715608013 0.02683081003057256 20.04861583844631 r
2459622.9208218 2120.3552347453324 55.4314866669606 25.8129 17.49687843309609 0.028382963424309113 19.70608367295125 i
2459623.7916088 2381.6212424277564 45.5238798240242 26.1933 17.75111826183798 0.020752786146028983 20.30027681865595 r
2459624.7975 2253.962454623912 64.8720964472168 26.3157 17.933333306223297 0.031247918512686698 20.038130156437592 g
2459624.8583449 2632.976165415366 50.3570860472272 26.3557 17.804582680639154 0.020764596747821176 20.353123510740367 r
2459624.8717014 2434.910503088672 55.7098342100353 26.221 17.754792492416016 0.02484040662895472 20.108745324108725 r
2459624.872662 2246.2073335825075 48.5210489782208 26.1978 17.819175397930202 0.02345255582067545 20.235549535851664 r
2459625.8169444 2055.136904095555 46.3085919157872 25.8401 17.557998105135432 0.02446417956038635 19.928521049658414 i
2459629.8363542 2890.90608186965 56.982576900233 26.389 17.736415043037386 0.021400205329594135 20.252219775977906 r
2459629.8649884 2380.63518954495 76.3522820180904 26.2165 17.774767877832105 0.034820821329993853 19.76201993469478 r
2459629.9025579 2106.406778439379 89.5069827013437 26.3641 18.055244390838716 0.046134361184902335 19.73703269611123 g
2459630.8842824 2107.301792891371 51.7839406664952 26.3162 18.006883158367373 0.026679531413710524 20.283287248159894 g
2459636.8382176 2617.567758938184 31.8604657412298 26.3435 17.798755168151388 0.013214904384857258 20.837944688920924 r
2459636.8576968 2004.754099165732 28.4265665017755 25.8169 17.561747224597934 0.015394767499825055 20.435163972485995 i
2459636.9415046 2082.0053933546374 32.7446376145741 26.2848 17.988595374502317 0.017075293451023047 20.74952451804128 g
2459639.7477083 2363.491790304844 37.3153433067049 26.1825 17.748614754749717 0.01714127732293248 20.505356385288504 r
2459639.7706597 2585.0666308426025 32.2532432129607 26.3378 17.80662064589867 0.013546012988027906 20.818941510439178 r
2459639.7768519 2121.0854146550487 33.6240826484215 26.3191 18.002704605975858 0.017210842278752893 20.755048877909864 g
2459641.7245949 2161.7828171351853 27.0264769462335 26.3007 17.963669848641295 0.013573355189958843 20.973801397529748 g
2459641.7592708 1793.7473961058113 33.8630420750362 25.9033 17.768896790913125 0.020496255415162184 20.33156006359822 r
2459641.7802778 1722.5888981787866 31.0004410173817 25.9028 17.81234589018037 0.01953871805870541 20.42695530860226 r
2459641.7961111 2615.254516352727 23.8980507365184 26.3293 17.7855150980924 0.009921066390441748 21.13596879211365 r
2459671.8008333 1858.4745965148234 25.1723193382984 25.836 17.663108427245007 0.014705386426503458 20.586266907637196 i
2459671.8371065 2288.7498104631554 22.5953771590375 26.339 17.94000419663802 0.010718428405506986 21.206526001875975 r
2459671.9018403 1685.1902113310034 25.6946776791397 26.2125 18.145877680499098 0.01655404319860634 20.94046705378483 g
2459674.8189352 2330.018226959848 23.4965429673558 26.3191 17.90070170404748 0.010948496627403336 21.14416506546397 r
2459674.8413889 1791.852466187682 28.5952459819165 25.77 17.636744378088572 0.01732612430342518 20.38184039719719 i
2459674.8591204 1829.792775303649 26.2812372462849 26.2433 18.087295228731328 0.015593863777036967 20.94676047234907 g
2459676.8539005 2134.7223118012107 49.5710257705994 26.2182 17.894846526768244 0.02521136467334189 20.232705224583086 r
2459677.7712616 1710.8817310222805 30.3796024436254 25.7488 17.66575002778325 0.019278442089235546 20.294919773512014 i
2459678.7341435 2302.0928502317106 32.6089993639999 26.3086 17.903292909921447 0.015378871710552963 20.777831308410068 r
2459678.8180787 1798.0006656577466 34.9368354284168 26.2541 18.117125379544472 0.02109616695317306 20.648466078857695 g
2459679.704919 2064.387048136365 40.0457890609675 26.1684 17.881422185839828 0.021060834121557834 20.414582850639487 r
2459680.7478125 2348.815199432614 60.6921358392975 26.3363 17.909177878473034 0.02805391071066072 20.131043936218944 r
2459680.7684722 1742.2864725028146 41.545057458201 25.7757 17.67290108830597 0.02588866388750313 19.98197657928734 i
2459684.819375 2405.7351454577165 97.7206692400416 26.3299 17.87678046784133 0.04410100205512333 19.607508907716166 r
2459685.7776736 1890.0556586581854 47.8263115069959 25.8056 17.614413516164504 0.02747274989775105 19.859007768630036 i
2459687.7609028 2054.9691162718027 57.9303735993898 26.2929 18.010886751663847 0.030606302605152458 20.1382091658568 g
2459687.8535301 2306.690904844807 65.7761098715571 26.2372 17.829726491930696 0.030959120850374267 19.944604526968142 r
2459689.7571065 2546.220976913995 45.6596920798547 26.2926 17.777859770667163 0.019469138044404973 20.396342543245005 r
2459689.775 1836.1233462207108 60.8748039969703 26.2712 18.111445368316687 0.03599528040180266 20.06268104942135 g
2459693.7088426 2429.578551635147 31.2354293453908 26.2838 17.819972637581674 0.013958102164454507 20.799756289407103 r
2459693.7137153 2018.6015734852251 31.7226177769731 26.2633 18.00067348138315 0.017061933653898336 20.762452442988614 g
2459694.6910069 1748.2529237882427 27.4686155354248 25.7155 17.608989341926318 0.01705855913696329 20.37098306216639 i
2459695.7115741 2333.733958637618 22.1278506821111 26.247 17.82687163559496 0.010294321422820971 21.137226908728472 r
2459695.7549884 949.5050111916137 28.3950139677417 25.4573 18.01355684712488 0.03246793466217512 20.07676977252853 g
2459697.6851505 2418.1960910023367 24.9781851750296 26.2823 17.823571213002303 0.011214481631755906 21.040972786881145 r
2459697.7133449 2110.4254868264006 21.9501869918627 26.2667 17.95577494238137 0.011292186417300244 21.165679428376535 g
2459699.6695833 2478.0972106912063 24.6160885381717 26.2813 17.79600415285116 0.010784761473678638 21.055827375921474 r
2459699.7128125 2085.0063976352485 25.2724617487974 26.248 17.950231520246636 0.013159821356802093 20.993956119436735 g
2459701.7159954 2523.582035319621 34.3697230614607 26.2936 17.788556432192447 0.014786604043605728 20.705734907243134 r
2459701.7454051 1866.03288191494 30.9833511112655 25.7518 17.574501769227826 0.018026812189386874 20.27655401770473 i
2459701.7588079 2046.0717567442825 28.2370319070877 26.2322 17.954897848588466 0.014983318859895007 20.857727377732335 g
2459703.7588542 2042.1900705103778 31.5004996495426 26.2369 17.961659599388284 0.016746772478901155 20.743681382994023 g
2459703.7767477 2539.9744922148548 34.9706278912897 26.2618 17.749726611940275 0.014948028343570301 20.65511641401493 r
2459708.7065509 2566.819467884391 75.4749833105599 26.3237 17.80021168872142 0.031924017409690926 19.881767425006 r
2459708.7366898 2610.3773379797594 82.7361790475911 26.2954 17.75364177384062 0.03441137351486851 19.753736338468983 r
2459712.6722569 2187.7653724504844 70.7021296290493 26.2946 17.94459813970606 0.035086624509592455 19.923593750558258 g
2459714.6718519 2617.5605699402317 53.8913215932126 26.3286 17.783858150066965 0.022352799979366636 20.2523779040054 r
2459714.743831 2263.161978443772 86.1744606978926 26.267 17.880210904301364 0.0413402190699743 19.68112855375727 g
2459717.6813542 2248.115045553735 29.7015714243904 26.3038 17.924253669622757 0.014344015071309607 20.874426421179407 g
2459717.7292361 2450.6656802969123 38.3305009241546 26.2661 17.792889827852484 0.016981273777136627 20.559813751931024 r
2459719.6804861 2713.854488625625 27.8159335466423 26.3229 17.73893360510366 0.011127994952626803 20.964740888835287 r
2459719.7374537 2565.5376696551984 28.2542438937137 26.2938 17.77085401059664 0.011956804594308566 20.918665764860297 r
2459722.6847106 2134.078058822678 32.1804437891786 26.2621 17.93907424824894 0.016371616622676808 20.745694916643163 g
2459724.6970718 2001.827630295796 26.9613408484579 26.1805 17.926933301699954 0.014622601524810324 20.856221272041992 g
2459724.7361227 2328.2828955046784 25.6842086788342 26.229 17.811410630832487 0.011976785731858357 20.957409514632946 r
2459725.698669 1909.6072456631136 28.8247987509436 25.7446 17.54223986536362 0.01638823065579237 20.34775927961256 i
2459726.6956944 2539.6132655100664 22.5449726731707 26.3376 17.825681032704665 0.00963811189824816 21.207550706076805 r
2459726.7150116 2203.213391023933 24.6648758621496 26.2819 17.92425859364593 0.012154363182719478 21.05427765414044 g
2459731.6928935 2046.6501457516538 39.5621724700896 26.2412 17.963590973161853 0.02098680653356193 20.500574659383332 g
2459731.7380787 2398.0661608107453 36.7155849367985 26.2358 17.786147098048456 0.016622606672538773 20.576248860183576 r
2459733.7242014 2487.978156768522 32.0669892014921 26.2907 17.801083592144106 0.01399334237776394 20.77812952530399 r
2459735.7383796 2372.8204806382782 31.2236815886989 26.2581 17.81993779438224 0.014286605909491969 20.774464715486975 r
2459739.7142477 1803.409476994092 54.0004800307943 25.7394 17.59916413104719 0.03250971114289284 19.66098093803779 i
2459739.7377431 2223.2978043364355 57.901222805778 26.2075 17.840005902274562 0.028274825566607056 20.05335565012659 r
2459742.6873032 1899.300573877545 46.6291215575239 25.7521 17.555615751339705 0.0266546738158716 19.83303190443288 i
2459742.7373032 2518.384511527571 109.158966147068 26.1821 17.67929490073546 0.04705948952727042 19.33952645470739 r
2459863.0254514 2071.3337827532173 98.7424390407845 26.1918 17.901174778928198 0.05175634509474532 19.458115362808186 r
2459863.0278356 1791.7874042883618 118.677311376759 26.1784 18.045183801726104 0.07191029284689127 19.245055742020135 r
2459863.0302199 2107.889163667943 115.169542780533 26.2193 17.90968057197049 0.05931980426297321 19.318530882397354 r
2459863.0326157 1989.6831721029585 118.090586694052 26.2128 17.965840182797265 0.06443787220566484 19.284836788516593 r
2459863.035 1806.7829327100994 132.80239443902 26.2094 18.067135051343733 0.07980126280370309 19.153960225482837 r
2459864.0253588 2151.384785716113 86.1278369549721 26.1661 17.83430476742037 0.043464559758373336 19.580816138341053 r
2459864.0277431 2115.6997996094865 79.324165379155 26.1804 17.86676488769589 0.04070626956057043 19.684461210901514 r
2459864.0301389 1980.057850338126 85.7579667027836 26.1577 17.916005302483036 0.04702257786726414 19.577088800482404 r
2459864.0325231 2057.2255140284715 102.950219446007 26.2236 17.940395245325814 0.054331940028128044 19.44460679744534 r
2459864.034919 2163.1978814609006 107.588164000506 26.2162 17.878459377667028 0.053998051059694824 19.38936374838063 r
2459866.0280324 2166.346630816066 68.5447117916276 26.2304 17.891080129888113 0.03435230195092849 19.893040102407596 r
2459866.030463 2303.910759449492 71.8584011390201 26.228 17.821835867624287 0.033862711824513475 19.839381114524762 r
2459866.0328935 2221.5950319800386 86.4065015921575 26.2469 17.880237761108653 0.04222711044460434 19.658108934485725 r
2459866.0353356 2235.5292961473233 87.4306813813186 26.2734 17.89994908604908 0.042461304774349104 19.671815331591304 r
2459866.0377778 2264.5713952769374 113.214345219999 26.2612 17.87373495684312 0.05427818034870183 19.37902134130559 r
2459867.0278356 2164.8024021140454 69.2591539304473 26.2313 17.892754347107847 0.0347351164008572 19.882682034394556 r
2459867.0301968 2189.522106979346 64.3197895179098 26.2445 17.893626663755942 0.03189371564552712 19.976213452800252 r
2459867.0325694 2241.064680696734 71.6935919921804 26.2487 17.87256402213367 0.03473247938640976 19.862574139279282 r
2459867.0349421 2199.133475454682 77.6454651129041 26.2533 17.89767102630898 0.03833313548903648 19.78058474962164 r
2459867.0373148 2239.1872000055027 99.3456422139542 26.2614 17.886173992793267 0.048169069451372816 19.52110293520417 r
2459870.032419 2213.1922532754547 58.8663126974782 26.2407 17.87815214648541 0.028877362823345146 20.068607906478995 r
2459870.0348032 2129.9671597688957 58.8718649508105 26.2196 17.8986677313575 0.030008530170967548 20.047405504988063 r
2459870.0371991 2279.9804720331754 74.6913642436003 26.2519 17.85707218175824 0.03556715294449982 19.821299009325465 r
2459870.0395949 2021.4100698315613 93.6367263859452 26.258 17.993863937884484 0.050292315920683964 19.581959434131903 r
2459875.0205903 2201.8545154697877 46.120181504455 26.2595 17.902528449577783 0.022741139665489338 20.352347469715824 r
2459875.0230903 2118.553530814399 50.6855814936728 26.2594 17.944301394836508 0.025974956510316068 20.24976390583192 r
2459875.0255903 2191.51198311971 48.4701273018002 26.2629 17.911040375736853 0.024012653189626632 20.301789588274925 r
2459875.0280903 2119.7269798670645 47.1383298057167 26.261 17.94530018113663 0.024143715278500715 20.330139512559107 r
2459875.0305903 2217.121254718365 48.6806011880425 26.276 17.91152638650216 0.023838357328170336 20.31018515672764 r
2459877.0227199 2169.2349745845 61.0212708017904 26.2719 17.931133505120997 0.03054108682817714 20.060771869600213 r
2459877.0252083 2260.664238038317 54.979041021077 26.2716 17.88600983959821 0.026404073560423878 20.173682088318152 r
2459877.0276736 2217.0468697701835 52.2793664911733 26.2775 17.913062813822492 0.02560149222526383 20.234249198499946 r
2459877.0301505 2155.5372644625854 49.7938405496324 26.2829 17.94901116189002 0.025080138291283187 20.29253592848294 r
2459877.0326273 2195.280647306313 55.9901085004693 26.2895 17.935774877865256 0.02769051914776779 20.171796716425824 r
2459878.0243171 2184.627729125334 40.6230796258022 26.2786 17.930156395545072 0.02018855522235438 20.509242878969857 r
2459878.026875 2162.910953685254 37.6638387718124 26.2731 17.935503399875664 0.018905831368084727 20.585863533969718 r
2459878.0294213 2280.3475157951707 46.8940986753282 26.2912 17.896197408056416 0.022326826318860526 20.365979506785745 r
2459878.0319792 2192.35155460872 36.90157542772 26.2887 17.936424508242162 0.018274459840920007 20.623662719767715 r
2459878.034537 2196.9987546858006 42.7544226070876 26.2913 17.93672547312116 0.021128130603402847 20.46642237486152 r
2459879.0220718 2212.8150187462857 43.5180855104085 26.2873 17.924937223988366 0.021351800777915708 20.44320053613834 r
2459879.0246296 2280.8127918090563 42.2833650117737 26.2775 17.88227589993955 0.020127495583217477 20.464651133637457 r
2459879.0271759 2207.450347625192 43.4548146641769 26.2902 17.93047264066127 0.02137257235781209 20.447680234192333 r
2459879.0297338 2323.485432146479 43.1290926679521 26.2903 17.874950115320463 0.020153023239029975 20.455949184824895 r
2459879.0322801 2230.189403180753 43.9258927079147 26.2903 17.919445630201068 0.02138398722770623 20.436073498051144 r
2459888.9762153 1183.5210260012707 52.5521409459502 25.5651 17.882160055373973 0.04820857270089334 19.5161989550394 r
2459894.0208449 2193.9777775090724 88.2431229154107 26.3148 17.961719439116195 0.043667515474123904 19.70317281580256 r
2459897.9858333 1746.982785719149 68.3563221164805 26.2274 18.121678436031534 0.042481505558346046 19.893028270052227 g
2459898.0296065 1946.2216262742113 59.709294903404 25.7988 17.575819264758806 0.03330883831597711 19.611270132398307 i
2459903.9853472 2356.2684437583266 47.6445151619246 26.3064 17.875838082461016 0.02195320751687962 20.36394270951606 r
2459904.0162963 1933.537828434245 34.6778009419203 26.3061 18.09021831703322 0.019471917191881953 20.708546115842587 g
2459905.9513657 360.3156616142422 53.4051611082567 24.2418 17.850092150655158 0.1609199643320263 18.17541691529054 r
2459908.9782407 1778.5428121663856 69.9298033271827 26.2875 18.16233919059832 0.04268819786229557 19.928419222114318 g
2459914.0065394 2183.317552255285 27.7082380990126 26.3439 17.996107734521857 0.013778496890213494 20.989952711893483 r
2459914.9552431 1646.9161414409355 27.6591080327468 25.7918 17.750121284766344 0.018233772100186906 20.439779562624608 i
2459923.9575579 2477.977951934028 47.303526821189 26.3398 17.854556405307463 0.02072554319124636 20.405141184784732 r
2459931.0071412 2530.5449578675925 41.4175735293559 26.3403 17.83226485643889 0.017769713768971712 20.549913359338035 r
2459931.0237847 2007.558827227278 45.0732492224809 26.3348 18.07812929947455 0.024375886782075057 20.452577823041164 g
2459933.9586227 1066.4173829344563 35.6508639183236 25.5782 18.008381961003998 0.03629549140470348 19.95059984300197 g
2459934.9467245 1946.2085422090381 33.9398756521669 25.7938 17.570826563974286 0.018933491553650667 20.219599372084176 i
2459935.8939815 2004.6310475261855 28.1983128635643 26.2795 18.02441386904104 0.015272091247789504 20.90651717722355 g
2459937.8804514 2461.357762764731 47.0079547589363 26.3045 17.826563140568236 0.02073511508723142 20.376646598810613 r
2459938.0451505 1932.8933696469187 27.4328371509923 25.8134 17.59788025920082 0.015408936552083549 20.470298175644245 i
2459951.8537269 2081.4890852450544 139.199157251415 26.1493 17.853364655229427 0.07260596565178187 19.042783474288395 g
2459951.9240856 1858.7481088281345 139.128960980181 25.9954 17.822348650850056 0.08126561755127483 18.88943113461979 r
2459951.9640972 2305.663434184776 98.8917734068671 26.2729 17.86591021977612 0.0465665529478277 19.53757457646133 g
2459957.9573843 1858.9481462347012 67.8580157522981 26.0928 17.91963181082875 0.039631792770280116 19.766372098618817 g
2459957.963206 2548.1185383807097 51.0590814563302 26.2376 17.722050931258536 0.021755206401176962 20.21999249501226 r
2459965.9166319 2206.154121603139 36.4371596321351 26.3381 17.979010377718122 0.017931577773842144 20.68681370096576 g
2459967.9187153 2472.6312932731794 47.1529530066413 26.2055 17.722601596718075 0.020704243782153933 20.274302748898098 r
2459967.9409375 1982.7286505993193 52.7719535980667 25.8094 17.566241794429992 0.028896798361239505 19.755967059423245 i
2459968.9163889 2294.8020734888382 35.2330745775391 26.3558 17.953936915946937 0.016669214966621503 20.740998631434124 g
2459968.9471759 2783.5380346567053 48.184826295434 26.3584 17.746907100138454 0.018794162414024505 20.403699244893104 r
2459970.8665278 2857.7415465767267 63.0218694375298 26.3502 17.71014262813056 0.023942978234084696 20.104046785052873 r
2459970.8953704 2168.8520490530627 58.4651587143803 26.3545 18.013925182287466 0.02926692156983075 20.18983215668234 g
2459970.9093519 2124.451397788365 45.6388838053598 25.8148 17.49668300012029 0.023323732517045448 19.919037453426238 i
2459972.880463 2740.1108932317666 37.2508919340062 26.3565 17.762079651941647 0.01475972869296926 20.681233299309604 r
2459972.9221759 2334.6152668218288 34.1255134530815 26.3669 17.946361697019974 0.015869882495220634 20.786777002908806 g
2459979.815 2116.8998653009958 95.1558382137901 26.2767 17.96244921179577 0.04880282494326792 19.583186391042986 g
2459979.9192824 2701.8744334243443 55.9998105103645 26.3275 17.748337095481563 0.022502523995553098 20.209608595503482 r
2459985.8654398 1904.4306027908792 41.7700922586343 25.8276 17.628187120876056 0.023812781152928685 20.028011402902134 i
2459985.8914699 2738.3358191838574 53.1693638077798 26.3637 17.769983231743936 0.02108067895898589 20.302121329554858 r
2459985.9206944 2218.5489865928253 68.7672903323953 26.3463 17.981127443543826 0.03365291799508244 20.005420209200384 g
2459992.8396644 479.98466151866234 50.5594552829423 24.6817 17.978631601999787 0.11436282240147415 18.674769023407215 g
2459992.86 522.4806824239001 76.2193327138903 24.7186 17.923424405012575 0.15838160588745503 18.266012133446903 r
2459994.8788079 1729.92483980297 23.7409355509262 25.6452 17.550131913229905 0.014899799768512653 20.459030416535263 i
2459994.9164699 1909.3494237986135 34.9394510392047 26.1684 17.96618646379734 0.019867375515685372 20.56268479625168 g
2459996.8231481 2583.543630332488 22.1297106608705 26.2564 17.72586049946007 0.009299717869063067 21.146535649914426 r
2459996.8802315 115.11529517787704 29.526331075078 23.4518 18.298967421376524 0.2784750505888715 18.02885127632236 g
2460016.7531829 2251.505240357707 21.7857405606172 25.9799 17.598717594708667 0.010505317999128561 20.887044170525154 r
2460020.7276273 2685.7148393370867 26.4058110655672 26.3028 17.730150253066988 0.010674546922845543 21.001126210243378 g
2460020.8000116 3113.865045751537 23.4070586557881 26.3529 17.619650533976163 0.008161254007222287 21.182107880571667 r
2460021.7668287 189.31051041437615 60.4812229375967 23.4121 17.719163183946144 0.3468611626455274 17.21062357898857 g
2460021.7878472 2317.4600121455287 29.6070807761571 26.2062 17.793669377213646 0.01387053387338241 20.780286017740597 g
2460031.7754167 2528.4058024392534 35.8946869068678 26.1793 17.67218305420148 0.015413214736807531 20.544299565332096 g
2460031.7981019 3077.5016514507756 25.943089994855 26.3015 17.58100426336305 0.009152363182042827 21.019020733672527 r
2460032.6857407 1808.016701271648 33.4077687284819 25.5489 17.405893905286845 0.020061105897419055 19.99185631288021 i
2460032.7223495 2220.8982901112277 55.5308463163049 25.9288 17.562478325662696 0.027146601046098687 19.820039258220284 r
2460032.7580093 2868.3376985104246 39.1975208717577 26.2043 17.560224297812304 0.014836728754974621 20.473728489068186 r
