jd flux fluxerr zpdiff mag mag_error limitingmag filter
2458202.790625 592.941748755142 44.9261307641316 26.2514 19.318869925260618 0.08226153795549329 20.372727447025596 g
2458202.7920139 579.4845819766658 39.3606606993242 26.2538 19.346195286444804 0.0737446183218332 20.518719039681507 g
2458205.8084028 712.0243819403935 66.1935391443671 26.2746 19.143362836269972 0.10093239399076588 19.975135984249587 g
2458205.8166898 737.7654932420584 75.1235930954072 26.2906 19.12080415362497 0.11055231746508845 19.853734109964833 g
2458210.7856366 499.6804545332384 134.062446954674 25.4688 18.72206909514667 0.29128935770492015 18.40310713409785 g
2458210.8032986 645.6753515735363 97.7883603112489 26.1255 19.100464480787018 0.16443065780842542 19.402357079016962 g
2458214.7396181 522.8983854816487 53.3391854948258 25.5624 18.766356747775703 0.11074877127109577 19.497359040162422 r
2458214.770625 105.34627141324665 50.4398280689875 23.9186 18.862052077603124 0.5198335033584651 17.914240995280522 g
2458217.7423611 779.7759347601253 28.6318878565958 26.1328 18.902875430058323 0.039864837141285504 20.74325002823346 r
2458217.7606944 863.1870057467445 26.1619628943007 26.183 18.842737765156475 0.03290601332647482 20.89139917575352 r
2458224.7642245 797.8980564048784 39.256873295669 26.1041 18.84923148205242 0.053416833134232525 20.371885723523736 r
2458224.7823032 834.21538928549 34.3573651214632 26.1404 18.83720450679571 0.044714820406659944 20.55292536356453 r
2458229.7609144 689.3637450448973 33.1203759210349 26.2882 19.192078901758002 0.05216229080211587 20.740536845545677 g
2458233.6719792 918.2219144605491 64.9799563056144 26.2646 18.857230866227006 0.07683190462999633 19.985226451717452 r
2458233.7125694 696.2304808270279 42.9534695140504 26.266 19.15911741828141 0.06698152858232942 20.43607936618355 g
2458237.7324306 793.646016933646 110.224977115863 26.249 18.999932897494553 0.150786692179289 19.395874945826968 g
2458242.7548032 948.1773203330389 28.364605320563 26.2405 18.798276092200982 0.03247857899165804 20.861133126784683 r
2458245.6677199 902.7039030248488 28.2265730919218 26.2133 18.824436699438074 0.03394866279320376 20.83922960194082 r
2458248.7065046 720.7204431748713 23.2272592057046 26.2646 19.120182897598305 0.0349897599803684 21.102180072931382 g
2458257.7047454 707.2396811419051 29.7586716878186 25.6361 18.512183450807942 0.045683225521648836 20.204641133965037 i
2458257.7119213 948.3547185045991 28.777047080899 26.192 18.74957297660458 0.03294467714042436 20.7969594208453 r
2458260.6877315 959.1815997210158 42.1206653608964 26.2191 18.764347902588586 0.047676484198222964 20.410436931862357 r
2458267.6880324 653.3288092225587 99.8044484448026 26.2018 19.163970476787355 0.16585475513541878 19.456500241853963 g
2458271.6874537 877.2062471858542 40.6657797033678 26.2004 18.842645710188396 0.05033119310947196 20.429902230059152 r
2458274.7274421 619.4669126349174 18.8471211268206 26.1998 19.219754713711442 0.03303214262139064 21.264262434930128 g
2458277.7333102 838.2346929593161 28.1294345595574 26.1512 18.842785921243532 0.03643386196948275 20.78087248332322 r
2458280.6740394 856.1431601483154 35.902273181902 26.2458 18.914434021531527 0.04552871506540845 20.610570121258576 r
2458280.7121412 631.2053196149894 24.1547235090376 26.232 19.23157337418884 0.0415471519310994 21.027069812588135 g
2458283.6949884 869.8094762274808 28.6325421951705 26.2358 18.887239662949167 0.03573926464462503 20.84622521565504 r
2458283.7346065 709.6578202675588 30.6115412213688 26.1818 19.054177517607755 0.04683235970190492 20.719661999445805 g
2458286.7163773 607.400029323945 29.2987794386146 26.1885 19.229812978627415 0.05237023921765206 20.773951168148038 g
2458293.6755787 587.6473661458616 52.9433173302932 26.2089 19.2861080150724 0.09781471497522533 20.151947114393764 g
2458293.7373958 836.7985109385625 60.8422889633319 26.1559 18.849347753229946 0.07893952040306547 19.947961128179415 r
2458432.0493981 1002.3163885028739 82.2104770282118 26.1876 18.685087921491085 0.08904964134413496 19.652857068619134 r
2458442.0023843 742.2532342512269 35.3481543290161 25.9886 18.812219753395475 0.051704040324899864 20.370258133053248 g
2458442.0564005 552.1060274988503 59.0503552243521 25.4567 18.601643778793374 0.11612075846647515 19.28121870289273 r
2458447.997419 1136.4725775575985 73.3516346257981 26.2103 18.571402597733794 0.07007460741761083 19.79935049803842 r
2458449.9859838 693.0654397440487 78.324822604758 25.6101 18.50816439262643 0.12269730248472684 19.127926439320024 r
2458450.9851389 936.3560397170954 65.9899365628235 26.1462 18.717597459663125 0.07651499118636958 19.85008071198964 g
2458461.9991088 577.793176072992 30.0672456643051 25.6983 18.793868979054686 0.0564977399691757 20.255640874144863 g
2458465.0010417 779.9522643716641 31.2895736750558 26.0734 18.843229941845514 0.04355534523176937 20.587475874505728 g
2458467.9798843 161.07400718065418 24.4651531361327 24.3318 18.814236342136134 0.16490442638649078 19.11300514288805 g
2458468.044213 947.1051758565231 33.1325031916985 26.1558 18.714804474989712 0.037980954631248315 20.60773936796741 r
2458472.0017824 871.6748929743358 45.3438673982073 26.2026 18.851713657261758 0.05647729128259189 20.313878592820437 g
2458476.9718519 1060.500859615027 47.414111939056 26.2438 18.680022437798037 0.04854074455999968 20.306605937447447 r
2458482.9767824 1037.8182760604884 41.4122878731432 26.2531 18.712796714035438 0.04332292269369425 20.462851928405442 r
2458483.0227315 497.01350587056464 58.1422533796409 25.7893 19.04837952391434 0.12700871052529414 19.630645340621257 g
2458483.0437384 839.183903648332 39.3377740443081 26.2675 18.957857137297655 0.05089351820766444 20.53305053561248 g
2458486.9798727 1089.660380515113 37.5841105449634 26.2622 18.668972098843508 0.03744751075502724 20.577264297129645 r
2458491.9756366 652.9387124472096 34.4144367168734 25.9509 18.913718953761517 0.05722398324870396 20.361623325229967 g
2458492.0433449 1019.5303821627755 33.8399763517996 26.2267 18.70569956912599 0.03603626038805287 20.65569986198115 r
2458493.9913657 1064.4142132612544 25.7610208393904 26.2602 18.69242333722825 0.026276180810882684 20.98536731680681 r
2458494.9390856 1016.2066969400008 26.1789398435368 26.224 18.70654486839184 0.027969186853140798 20.93169485129161 r
2458494.9977546 935.2055861940547 25.0915103453726 26.2723 18.845032269248755 0.029129266531475108 21.02605797966386 g
2458503.0246181 1065.7725713555321 48.6940073979372 26.2678 18.69863865230528 0.049604470271457604 20.301686195679075 r
2458505.9598611 953.7969856808638 105.583327363708 26.2826 18.833960136041384 0.12018471460878895 19.476186628457356 g
2458506.0225463 1154.0690855197681 109.980843433171 26.2652 18.609620481066067 0.10346538453685011 19.414482374350325 r
2458510.0038889 891.215059336814 62.4593217448721 26.256 18.88104370900637 0.07608947459760063 20.01958182953252 g
2458511.998044 849.4734196116178 36.4326461955494 26.1687 18.845825514608304 0.04656405140091686 20.517548198415277 g
2458512.9557986 47.38893458399897 41.9768055087023 22.9885 18.799307637910257 0.9617058948648822 17.18355152638412 r
2458512.997419 52.52771124142702 50.5180746015157 23.8325 19.531528805096443 1.0441626390835215 17.826458014393914 r
2458524.9209954 874.8534414225621 37.7700762486421 26.2282 18.873361738622968 0.04687296162025839 20.537905335250322 g
2458524.9515856 1127.2284116842684 28.9165510206556 26.2476 18.617570183524702 0.02785123149638931 20.847308759479773 r
2458538.8158102 473.0002378411041 57.8082541950962 25.4468 18.759646602209102 0.13269004232657458 19.29440035437831 g
2458538.8571759 659.9333969819767 77.4366706982335 25.622 18.573249732292236 0.12739617931378647 19.15220830740148 r
2458543.7951736 314.7880522853255 30.7193294209104 25.2582 19.01315439889094 0.10595057757164185 19.79224566128022 g
2458543.8367593 952.7727997859465 31.8298819488584 26.0752 18.627726624487757 0.0362706647793046 20.57068741939463 r
2458547.7976042 1138.8996230232162 29.3578580454106 26.2204 18.579186377001797 0.027986510694676517 20.80366407366849 r
2458547.8160301 857.3776973743783 35.0725101453682 26.2008 18.867869544520943 0.044412426846926964 20.590957865355083 g
2458567.8121528 874.2727879610085 43.8769368570702 26.1627 18.80858259741314 0.05448778802417179 20.309684236827287 g
2458567.8151042 1185.1756376122548 41.2676351450913 26.1952 18.51074321106828 0.03780390859813127 20.408751033641014 r
2458572.7938426 724.0258176357034 33.5995647092727 25.604 18.454614868150742 0.050383627926389715 20.040740861577117 r
2458572.8147106 712.7673157970339 29.4156048374231 25.8435 18.711130558112707 0.044806378553256275 20.424630532444375 g
2458575.7333681 399.1971338182193 31.9177331316923 24.9682 18.465231463873742 0.08680694304999234 19.46069489112211 r
2458580.7517477 890.7301902805193 28.8940463263881 26.173 18.798634568800843 0.035218595304016886 20.773554077248445 g
2458580.7751389 1202.7734348309896 27.2806753219373 26.2259 18.525440431379163 0.0246252771630172 20.888837196911393 r
2458583.7536806 1053.370016312306 36.2688214060984 26.1686 18.612147619482705 0.03738198239062694 20.522341381787616 r
2458586.7103009 1171.7173919093732 35.016647060036 26.1605 18.48844280939217 0.03244602664054471 20.552388592032823 r
2458586.7533449 987.2941945216165 38.1002175442575 26.1921 18.705983541782338 0.041897750860211996 20.492356350627016 g
2458592.6729167 886.5187921032871 138.883169027463 25.8863 18.517080134872096 0.17008715207872185 18.782250945035454 g
2458592.7528009 1097.6270041546256 104.186349290652 26.1877 18.58656304215117 0.10305424246734919 19.39574793781895 r
2458596.7102431 1053.4860882300648 31.2664744783269 26.2162 18.65962798769264 0.03222255302692354 20.731077703779462 g
2458599.7105093 676.3279224795597 22.3842521318803 25.7575 18.682106705440543 0.03593313499534973 20.63521851669939 g
2458602.7332292 212.4404076423716 34.8442368083409 24.1835 18.365407184759736 0.17807529331472807 18.580747597588104 r
2458605.7311227 892.0838012925517 21.9880740143211 26.1773 18.801285866499565 0.02676032444794908 21.074407013709838 g
2458608.7127546 1047.8796090854873 27.1709247090693 26.139 18.58822152647531 0.02815158602273168 20.806313941586673 r
2458608.7747338 928.6162979442288 27.0897932639002 26.1414 18.72180924598559 0.03167227261865573 20.811960762354992 g
2458612.670081 944.6639864444057 22.4964357398484 26.147 18.708806602491766 0.02585509835585418 21.019290700674272 g
2458612.6897685 1110.7668565536112 30.1381966693104 26.1367 18.52264271839426 0.02945806307670562 20.691481832716896 r
2458619.7321296 775.3080396416634 104.037882469603 26.0658 18.842114281357325 0.14568909803831484 19.27539622860886 g
2458632.6759606 1118.4081442462286 34.4418288117671 26.1445 18.52299919763798 0.03343456834905075 20.55435947963826 r
2458633.6676736 1160.6574353782323 30.5856564868655 26.1504 18.488639855213993 0.02861037739095559 20.689180472713513 r
2458633.7296065 1007.1778939176693 26.4999901730454 26.1202 18.612434537311373 0.028565995644486666 20.81466070693991 g
2458634.6873148 1134.4899899909433 25.1666964419675 26.1111 18.474098329242405 0.024084374977396003 20.861609462325756 r
2458634.6897801 1072.2055909894964 25.2029538813257 26.185 18.60930483121747 0.0255201495486544 20.933946377366873 g
2458634.690706 985.2138722129719 22.377190578039 26.1302 18.64637370436631 0.024659534843948235 21.008261087638424 g
2458637.6822569 1142.6104811549342 24.6101478591524 26.1296 18.48485449119525 0.02338437986642162 20.90438943171917 r
2458637.7140278 949.3549013213984 23.9861319020097 26.0719 18.62832850773033 0.027430988526803486 20.874574445215625 g
2458640.6965162 941.2051045362227 24.7949993909542 26.0839 18.6496893153372 0.028601556354737077 20.85056473426134 g
2458640.713287 1076.4769674925221 28.1429089821723 26.1195 18.53948814497261 0.02838403161854619 20.748652523860716 r
2458643.6690856 1100.990578054939 58.4705305125044 26.189 18.5845409939336 0.057658490674439115 20.024232403463273 g
2458643.7389583 1120.7393260917572 44.1987927819774 26.1511 18.52733847164511 0.04281694075171955 20.29014897049795 r
2458647.7371412 1125.9363158571914 60.9909350477056 26.1479 18.519115432357253 0.058811370810862754 19.937311760293245 r
2458650.7489005 1232.9387887156417 64.0259820511588 26.0925 18.365146210341393 0.056379934956345364 19.82918436780905 r
2458654.6735069 1045.8675265636628 36.5550974186679 26.1209 18.572208303313076 0.03794731957865403 20.4661051250879 r
2458654.7327083 790.6385964381061 56.1026643660902 25.965 18.720054971532882 0.07703982954623242 19.845116272204308 g
2458662.6760069 1037.385455234531 52.4689667014247 26.1354 18.59554961342131 0.05491262371213609 20.088218710419785 r
2458662.6979051 888.0811824179314 29.3841958790917 26.0876 18.71646833030405 0.03592286617206643 20.669890463125846 g
2458669.674213 1104.0929652742925 55.1017408121812 26.1277 18.520185893043735 0.05418380687256976 20.02736169016199 r
2458786.0299421 897.8650549315083 64.5426011088969 25.9822 18.5991723273253 0.07804502652046616 19.710158829731725 r
2458786.034838 979.7320120131775 62.5259024788713 26.0054 18.527631753677042 0.06928871516795711 19.767825066871506 r
2458786.0397338 902.5553357186122 69.9825007054949 26.021 18.632315404967038 0.08418320518316003 19.661101346165086 r
2458786.0446412 965.9320197492762 103.767215963233 26.0607 18.59833359308819 0.11663353535016356 19.273124576842697 r
2458788.0296065 927.0927701405354 100.966536162205 26.018 18.600192014303666 0.11823991281335208 19.26013134599617 r
2458788.0345023 1068.1896989079603 104.003937754653 26.0609 18.489279036168565 0.10570882244573694 19.270850532433627 r
2458788.0394097 770.5162335618979 117.735294453471 26.0443 18.82734551737336 0.16589554329988673 19.11960830340591 r
2458788.0443171 1029.564157664162 189.292466363942 26.0926 18.560966462461057 0.1996134278776725 18.65234166452087 r
2458790.0315046 803.73743976121 58.3153488414167 26.0353 18.77251450215226 0.07877320516005373 19.873417794380536 r
2458790.0363194 989.5524271899772 59.3368027455625 26.0509 18.562302979045317 0.06510212594172061 19.870164635529452 r
2458790.0411574 962.2745203608793 67.4634894507668 26.0671 18.608852533860265 0.0761166475334176 19.74700298745021 r
2458790.0459838 413.37669786452875 82.4005966290023 25.3804 18.83953502073578 0.21641841018679353 18.843149098517124 r
2458792.035081 1098.2917536167383 59.6791797427314 26.1198 18.51800569307794 0.05899496671382093 19.932817875738603 r
2458792.0398843 966.5285763698821 55.1805944511297 26.0657 18.602663252753118 0.061984273264430255 19.963809052288134 r
2458792.0446991 1097.3304686231352 67.9547419134138 26.0938 18.492956404886886 0.06723449808877191 19.76582557066913 r
2458792.049537 995.817608806092 122.070171197998 26.1325 18.637050496166403 0.1330882118348575 19.16855110502967 r
2458794.0366667 1027.0645872652915 54.2912317695807 26.0677 18.538705612012315 0.057390733808845164 19.98345075135602 r
2458794.0510532 1085.7694636536476 77.8443230003322 26.0786 18.48925594168244 0.07783934279848241 19.603107624148432 r
2458796.0375579 1064.3238240135183 44.6255245492928 26.0834 18.515715541038325 0.045521796007971176 20.21201665403303 r
2458796.0425926 1070.963706723247 60.0418781645679 26.0881 18.513663116190425 0.06086804502714749 19.894539316884508 r
2458796.0476389 1077.8277721960499 63.9907666338544 26.1031 18.52172657551833 0.06445814176120405 19.84038170612439 r
2458796.0526852 974.5204908670955 73.384496695724 26.1168 18.644822561768798 0.08175666782712461 19.705364189187875 r
2458801.0409722 1179.0080989662251 56.1417281082286 26.0947 18.415908028983523 0.051698605175442405 19.974060547665907 r
2458805.0164352 932.3838882627067 85.3202576910513 26.0395 18.61551309940551 0.09934985464814738 19.46444459298439 g
2458815.0142361 743.0534696498569 42.1815380371446 25.8213 18.643749833908263 0.06163284032373634 20.011068961458125 g
2458829.0455556 1083.4858374614328 86.3579215697013 26.3103 18.723241902721387 0.0865343987032614 19.722119535784692 g
2458831.9436574 1305.7445762216435 98.7979435473477 26.235 18.445354423629592 0.08214847625080063 19.5007052267631 r
2458832.0466319 1068.8844499256818 82.3851939242403 26.3344 18.762073102441164 0.08368126699735107 19.79735206837519 g
2458835.0011227 1225.5206489462705 142.805240238576 26.2938 18.57299841717445 0.1265124740740451 19.15951462873636 r
2458838.9990509 615.4001667499344 43.5793610471383 25.6159 18.643005976028327 0.07688348954917325 19.770272843139313 g
2458839.0174769 786.4134932627255 58.2977859754426 25.6959 18.456772608745784 0.08048425767841291 19.53434483540592 r
2458850.9836111 1211.5543630205282 43.6133749374154 26.2851 18.57674273522324 0.039082886096419925 20.43862575161053 r
2458854.0023958 996.6885319417557 24.4429531799861 26.3033 18.806901346930836 0.02662588503532789 21.085490799442894 g
2458854.0457176 1235.4107977191043 29.5900785385464 26.2976 18.56807151791889 0.0260042637870843 20.872309694472964 r
2458857.039375 1085.2116472016896 32.4274065535804 26.3328 18.744013884381985 0.03244199911234368 20.80809444792061 g
2458860.8769444 1223.998392876573 89.0361469321904 26.2519 18.53244788105885 0.07897603892853061 19.630559095409115 r
2458871.9809144 1193.0846010716787 41.6410204914091 26.2892 18.597521899047344 0.0378930847878798 20.49297157873295 r
2458873.8989236 827.8088251544873 25.3007213361556 26.1908 18.895974869894122 0.033182773993183534 20.93554273089964 g
2458874.0068866 1224.010479242582 28.9618285919423 26.2921 18.572637160015063 0.025689205963113342 20.890110041970175 r
2458876.8499769 1102.0440467517356 28.0133823399752 26.251 18.645502617887225 0.027597925233711337 20.885161117234553 r
2458877.0066319 1014.9328034563098 24.3727202948578 26.3007 18.78460677628377 0.02607213239538002 21.08601497794275 g
2458879.9629514 866.4007944913251 37.7383196054398 26.2694 18.925102895334035 0.04729046170794599 20.58001859367435 g
2458883.9598032 873.4250988740838 36.2218546998609 26.2624 18.909335830710674 0.045025117435179604 20.617548278874377 g
2458884.0022338 1124.8339760232416 49.5047184684161 26.2473 18.61957893525462 0.047782405214304116 20.263258501566707 r
2458887.9230671 1129.5609990854146 73.7766556365323 26.3122 18.679925777837624 0.07091189859550578 19.894977578235487 g
2458892.8325116 1232.4627146611924 62.2181697380916 26.2593 18.532365526094043 0.05480917684655136 20.02708191068607 r
2458892.8795602 1227.069732182817 62.0932873737718 26.2973 18.575126890978556 0.054939568904353156 20.067263356435973 g
2458895.8818171 965.4503932039233 27.2536229149411 26.2917 18.829875090602915 0.0306481395699237 20.955714382501395 g
2458895.9368866 1239.384537488028 30.90876830212 26.2818 18.548784815982867 0.0270760597139819 20.80917074164652 r
2458899.8349769 1176.308707928765 27.0839692970145 26.2785 18.602196719978142 0.024997745292173218 20.94929420716032 r
2458899.8767245 971.8994916260395 24.3512521571794 26.2695 18.800446612604965 0.0272025602388342 21.05577174458806 g
2458901.8806134 1203.0335023520868 37.4318344966188 26.2608 18.560105695399255 0.03378105649886147 20.580272209228877 r
2458903.8555093 965.7945594322109 24.1821871369288 26.2626 18.80038811355171 0.02718445689940378 21.056436044938295 g
2458903.8769907 1135.2885372761093 34.4680406643538 26.2513 18.613534367715697 0.032962502941388964 20.660333497556564 r
2458905.8119444 1030.662456288023 41.7625100905648 26.233 18.700208859035833 0.043992634958903876 20.433608505211286 g
2458906.854537 983.8850197023049 32.6486972138908 26.248 18.765639129497135 0.03602726930007165 20.71591034857071 g
2458906.9450116 1206.2040235514808 34.49970524193 26.2421 18.538548067951318 0.031053063370555713 20.650136527734027 r
2458908.8350579 974.490496007016 28.9924467600081 26.2676 18.795655980262353 0.032301084080674475 20.86446281835351 g
2458909.7755787 872.7299471043866 55.5237604733435 26.23 18.87780030318209 0.06907308147946337 20.121377809091378 g
2458911.7499884 1183.1568600676032 70.1176612513829 26.187 18.504394184614092 0.06434205589297491 19.825006434330533 r
2458911.8768171 962.5267981323236 42.6684124179015 26.253 18.79446792566819 0.04812862919973175 20.4303087787173 g
2458912.7729977 893.646473387492 44.7467228181888 26.2001 18.82218563539884 0.054363239167220724 20.325771904784 g
2458913.7932407 952.037874965574 42.0228010056823 26.2197 18.77306443428736 0.047922626033674406 20.413562497449576 g
2458913.9256019 888.3307312845532 47.7447892177638 25.9651 18.59366328366589 0.05835272362892251 20.020360038232674 r
2458914.8797106 834.1700031565125 56.3049133274876 25.942 18.638863578714776 0.07328271715397998 19.818209253456505 r
2458914.921088 922.1412223854627 50.0130593945829 26.0862 18.674206408303835 0.05888379921269928 20.091066434197224 g
2458915.8768634 1125.7685898541915 57.7141055404697 26.2722 18.64357718196646 0.05565993308927161 20.121570065901224 r
2458915.9453935 1037.2089990923237 73.24169657524 26.249 18.709334309588993 0.07666585041329747 19.839678999733163 g
2458939.8138773 468.957807804478 38.4968007109137 25.5866 18.908765572647095 0.0891252386382379 19.875613392098394 g
2458939.8715394 526.7755440800611 54.9080688949405 25.5965 18.792435989161838 0.11316715642777946 19.499984564325548 r
2458954.7303935 992.5079093657442 28.8443312009955 26.2252 18.73336505906902 0.031552685967946886 20.82762380505217 r
2458954.7734259 855.6176811231878 25.4686240811719 26.2544 18.923700623555114 0.03231733725818977 20.99196128105946 g
2458962.74875 811.6859414781092 23.2958092075337 26.2528 18.97932994003282 0.031160155380492646 21.08718048721086 g
2458962.7679282 1048.216961940066 25.1600352236735 26.2651 18.713972042375943 0.02605972926805604 21.015896877211343 r
2458965.7446644 891.5212102491819 23.3936041486633 26.2755 18.900170800081344 0.028488874669739865 21.105332147196524 g
2458965.7857755 1122.0982645474294 24.8892086807575 26.2668 18.64172277329221 0.02408186049160067 21.029347266626374 r
2458967.747581 824.772338680615 30.6783126357878 26.2488 18.957964782259392 0.040383803465034486 20.784296316834528 g
2458968.7031944 1122.7222134807525 28.9079913943001 26.2908 18.66511921147432 0.027954738830265145 20.890830197260797 r
2458968.7742477 877.1439095250007 24.4358052962017 26.293 18.935322869534357 0.030245839390771054 21.075508349090608 g
2458971.6678588 1108.7292263975305 40.8691235165872 26.3221 18.710036260505817 0.04002023789535197 20.54618667944124 r
2458971.7520833 932.9068647252823 63.1995659931747 26.3248 18.900204277972577 0.07355050262063985 20.075589749443566 g
2458975.6691551 1090.8838929741887 83.6179661143623 26.244 18.64955367651716 0.08322061256477933 19.69082598975981 r
2458975.7492593 828.285934929722 80.0516128553308 26.3109 19.01544928326293 0.10492999145809102 19.80504977322141 g
2458978.6915856 837.3776505083628 33.0623004361197 26.2863 18.978996586371764 0.04286684694976425 20.740542319190332 g
2458978.746956 1116.3659289863003 44.8652803314041 26.2771 18.657583566160408 0.04363285692535964 20.39989902492365 r
2458981.7339931 975.3237401724509 32.5303389982757 26.2724 18.799528011437317 0.03621175984518041 20.744253516452293 r
2458986.6929514 786.2628066186163 19.9366671294307 26.2827 19.043780669292754 0.02752926797530959 21.28614359472705 g
2458992.6941551 726.386237404821 23.8912697796437 26.2524 19.09948098210043 0.035709310369688746 21.059376908251387 g
2458992.7206019 972.8401705672921 29.1354401923022 26.239 18.768896261976465 0.03251546181356465 20.830521029143643 r
2458995.7019444 808.6762066651604 22.7171458504391 26.2462 18.976763336906416 0.030499234485371826 21.10789057333062 g
2458995.7119329 1000.4990798140091 26.2778150461817 26.2717 18.77115826614984 0.028515592239168393 20.975301860231657 r
2458998.6945949 871.6763773222406 31.1444536152599 26.246 18.895111808397115 0.03879138424510444 20.765123198650933 g
2458998.7256366 1043.2432686691373 32.126593623622 26.2539 18.707936022026573 0.03343404529382925 20.73931328957389 r
2459005.6858218 901.4637325973056 72.2803561182316 26.2457 18.858329352469582 0.08705262319479208 19.850724280108654 g
2459011.7049306 703.5028261022255 28.3212498666427 26.0822 18.964035383959242 0.04370754436137255 20.704493950107125 g
2459011.7368866 937.4229416459706 36.870590926491 26.1871 18.757261055382994 0.04270260390534506 20.522974743866 r
2459014.7008102 845.486926547532 27.3307811450801 26.2802 18.96243275837424 0.03509578700451413 20.941144877898502 g
2459014.7198148 1018.8096693776014 33.176040911715 26.2912 18.77096735465433 0.03535422630985963 20.74171359437136 r
2459018.7268403 972.3679954022929 30.8279574299229 26.2562 18.786623359991644 0.03442103559549999 20.786413112658334 r
2459021.7143056 716.2749027652827 23.8048256535368 26.1951 19.057400664060374 0.03608237439601323 21.00601247653283 g
2459021.7438426 950.8170426760707 39.5174915289523 26.1725 18.727257606185262 0.045123445023902795 20.43310156698927 r
2459024.6968634 712.7167361251805 26.9349937420674 26.174 19.041707607281943 0.04103077874212614 20.85078279170914 g
2459024.7230671 626.0695703190971 39.448130443596 25.7723 18.780743510716338 0.06840906706387766 20.03480892512966 r
2459152.0262731 834.2999231648778 73.8928971114464 26.1868 18.88349449103167 0.09615908639852873 19.767868253577454 r
2459152.0309954 915.1759159679059 73.6565981993097 26.2076 18.803838543547283 0.08738098027898164 19.79214584599956 r
2459152.0357176 732.5357093416549 89.1232404183029 26.2072 19.04512799913419 0.13209062833143342 19.584797567751103 r
2459152.0404398 1002.2360494166711 112.453318568947 26.2288 18.726374950448715 0.12181817650778559 19.353944298492156 r
2459152.0451736 712.5315170322357 143.920098776059 26.2682 19.13618980243736 0.21929423121096575 19.125471368147327 r
2459154.0313426 884.1565925359484 98.4514306683246 26.2363 18.869977026235567 0.12089342451207714 19.505819910248754 r
2459154.0360764 943.9142467730053 100.739140716923 26.2407 18.803368647318745 0.11587120911701364 19.48527938391117 r
2459154.0408102 898.5769396669587 97.301494456389 26.2552 18.871311827433093 0.11756392565611042 19.537476212508114 r
2459154.0455324 883.8969038988488 113.484328475459 26.2763 18.910295968346606 0.13939401177029773 19.391535258829343 r
2459156.0312616 1014.7706192819735 73.4932534416192 26.2416 18.72568028855982 0.07863020838938414 19.828556305652075 r
2459156.0359954 1035.1572510234646 67.1657328219516 26.2294 18.69188417850249 0.07044517734160168 19.91410559529083 r
2459156.0407176 1026.2434589834356 68.9004563811702 26.2781 18.7499739948675 0.07289227993436975 19.935119742693956 r
2459156.0454514 1044.5400351989472 78.6453719254392 26.2633 18.715987274243233 0.08174438262022819 19.776692062619368 r
2459156.0501736 911.919813826649 107.02651051009 26.2691 18.869208370033242 0.12742203941507238 19.447946574334928 r
2459158.0299884 1012.3814906341795 84.485265563924 26.2139 18.700539509112694 0.09060384219914294 19.649522555314043 r
2459158.0346644 870.7645509471885 79.9215113467218 26.2084 18.858648148782788 0.09964896340204654 19.704315769229023 r
2459158.0393403 912.1934566172446 74.0955196181538 26.2386 18.83838261845634 0.08818908430647122 19.816695119142153 r
2459158.0440162 989.8811576392177 83.3758173640421 26.2471 18.758142356131405 0.09144645719696869 19.697074727921805 r
2459158.0487037 928.632233636529 91.877635780158 26.2519 18.832290614167835 0.10741771128909658 19.596450460946784 r
2459169.0054398 695.8677588213919 38.3136883807865 26.1652 19.058883212291455 0.05977740877875136 20.45939008255666 g
2459169.0390972 1045.0362051002585 43.604910151015 26.2995 18.751671658085943 0.04530163712980175 20.453236499278407 r
2459170.9971991 679.6990987722739 35.9942518752785 26.1497 19.068908264794494 0.05749449915643167 20.511692110725598 g
2459171.0572338 1035.0602044291154 66.6191812831763 26.3265 18.78908597167483 0.06987849094153617 20.020076761351596 r
2459173.9841435 527.0677240320671 36.373266808139 25.9383 19.133633944493674 0.07492482269924367 20.28891921844271 g
2459174.0225926 508.73982716261486 42.4037170575626 25.5061 18.73986065474267 0.09049363378165419 19.690165169209216 r
2459175.0386111 179.56357607343313 23.783394153983 24.8206 19.18505438513222 0.14380216521428324 19.63249040580419 g
2459177.018287 714.4147000871137 33.8554959421844 26.2141 19.079224044519677 0.05145038580525788 20.642602038983895 g
2459177.0620602 1098.9315207600612 72.3637569880555 26.3046 18.70217342381532 0.07149247198550936 19.908372222877063 r
2459180.0256366 996.4202824400498 43.3132048133744 26.3009 18.80479360212089 0.04719408797131735 20.46192419150293 r
2459181.9914352 1226.1197550841684 86.2831730220545 26.2906 18.569267775538517 0.0764017059195119 19.70335971992447 r
2459185.0020139 1013.4610305278519 65.5345259817207 26.3019 18.787382365212572 0.07020579254171808 20.013299582965242 r
2459189.0088426 1055.9425930646105 59.8306774281075 26.3157 18.756599229583543 0.06151675944349533 20.125965188823038 r
2459190.0293634 852.2379969781356 42.2035476986289 25.6788 18.352397766778537 0.05376478389707018 19.868002589174168 i
2459193.9784491 730.868661544056 45.3878617818149 26.2316 19.072001648889305 0.06742333353356682 20.341825680035374 g
2459194.0384491 1059.2611929223194 38.8482690396476 26.3263 18.763792345580313 0.039817908914405474 20.605445807332867 r
2459196.0053472 939.1314168890427 41.4235673658455 26.2131 18.781284076746147 0.04788847043162229 20.42255624597086 r
2459196.0271065 671.2334940992267 35.2212520013483 26.1312 19.064015951591347 0.05696931639142991 20.516763014992886 g
2459197.0103241 1038.603928654211 47.2080539718183 26.3248 18.783675097406473 0.049348729369448965 20.39233474378613 r
2459198.9842477 1069.4837286084426 54.1805450957215 26.3158 18.742864546266247 0.055002068976742056 20.233766564065604 r
2459199.024919 869.5357138752628 36.3904587489735 26.3378 18.989581439499847 0.04543703085831874 20.687906162993762 g
2459199.9861921 887.0609256948683 43.3563817456307 25.7394 18.36951637662022 0.05306515290858738 19.89934241035454 i
2459200.0070602 1104.0289699973705 47.435015002086 26.3183 18.710848826152635 0.046647503994290504 20.38062738348662 r
2459200.0419444 831.0079353568793 36.3346745451169 26.3257 19.02668707271406 0.047470733401230515 20.67747180288787 g
2459200.9440972 399.93975393406413 40.1359370848823 25.4235 18.918513562333708 0.10895537756479388 19.667241471055966 g
2459201.0250231 540.7075279880361 42.8906781003329 25.6035 18.771093959818543 0.08612125188418272 19.77516770796978 r
2459202.9611921 826.4261959882641 40.6077484907906 25.7448 18.45178981260045 0.05334757386741579 19.975852712746658 i
2459203.0205093 824.2968171813671 35.5538788032821 26.3234 19.033190942684925 0.04682881871207101 20.698757520027865 g
2459203.0416435 1056.066445723116 43.8319874947661 26.3301 18.770871889867585 0.045061926752613155 20.47819708035302 r
2459204.0016204 1014.1559512827208 57.5706127724975 26.3083 18.793038141170943 0.06163195532999037 20.16037285905616 r
2459204.025706 887.4985941693283 42.7044602023922 26.314 18.943580815527206 0.05224147141904233 20.49039189760864 g
2459204.965463 750.2469222636541 28.3740260635346 26.2853 19.09728944376195 0.041060721721099834 20.905572580836903 g
2459205.0047338 1056.5122558341245 29.1237690950792 26.3156 18.75591365161611 0.029928357131610857 20.90755604132897 r
2459206.0351389 456.446025814575 28.2728033582127 25.6475 18.99902642471499 0.06724953416174835 20.271652807638887 g
2459206.9731829 73.1373303794123 50.9697650116051 22.278 17.617652240246837 0.7566296662186746 16.262293410799252 i
2459215.9840625 969.2359474544983 88.1637016137262 26.337 18.87092621732164 0.09875751213459423 19.726350449051438 g
2459217.0160301 900.4814942549311 63.3694488759386 26.2946 18.90841301978616 0.07640380294714734 20.042475163952957 r
2459217.0366319 799.5661429657813 79.5760904119832 26.1224 18.865264010104298 0.10805330130641565 19.623018493243947 g
2459218.020625 855.5277743900166 63.871512268967 25.604 18.27341471671421 0.08105558106498652 19.34330699177061 i
2459220.9608796 314.7035169884476 96.5318801653013 24.7667 18.52194600893763 0.3330266636305653 18.057598076438666 i
2459221.9447569 952.1659585392099 46.6894903135249 26.295 18.848218373271315 0.05323733659955935 20.374527156722735 r
2459221.9624074 577.0662559879785 48.3772179221106 25.9137 19.010635800914713 0.0910175304014478 19.954672765836552 g
2459223.89875 703.8880655408284 41.2298538876153 26.2511 19.132340995550276 0.06359427664310567 20.46564549983512 g
2459223.935081 836.1010424892726 43.6287114149246 25.7574 18.451753087670852 0.05665307131080558 19.91054402371399 i
2459223.9646991 1002.3033063421955 44.2902562169042 26.3257 18.823202092533627 0.047975429064658716 20.46250450750056 r
2459225.9149306 794.625510079953 46.162547957759 26.2209 18.97049374195598 0.06307207317406177 20.31275055955248 r
2459225.9640856 678.3187119009241 37.0948134293989 26.262 19.18341550612401 0.059373032519528704 20.59129201137949 g
2459226.9647338 782.2796792181025 52.7483074117193 25.7486 18.515194877497773 0.07320762494322301 19.695653667792214 i
2459227.8780324 863.1744275263565 29.42020641051 26.2115 18.871253586442798 0.0370047085285267 20.792460700690434 r
2459227.9613194 610.208110853009 25.4162259448188 26.2179 19.254205060091557 0.04522128765170887 20.957697332606415 g
2459229.9357639 876.3306816131021 63.7507214493469 26.2987 18.942029956896143 0.07898178134097765 20.040062229348013 r
2459229.9858218 786.0328643867492 51.4068521633237 25.7425 18.503898238834573 0.07100519828425308 19.717522461205732 i
2459231.9208912 690.1765763788087 25.4696758933668 26.3255 19.228099460344062 0.0400657281974332 21.063016442869674 g
2459231.9634838 960.0905039005862 26.2754596853221 26.3511 18.895319564557383 0.029713101488303126 21.054799182447077 r
2459232.9594329 798.3051338560776 24.5290026585137 25.7487 18.49327769449055 0.033359597799040984 20.52707526343706 i
2459248.919537 998.5990830126976 40.9136832651671 26.3132 18.814722092704844 0.044482301933404744 20.53610354232479 r
2459248.9618403 829.1658794902457 50.9485825066893 26.3692 19.072596444008127 0.06671147160748948 20.353944725275706 g
2459249.8593981 537.5867680954337 87.0016568706329 25.3393 18.513178573350324 0.17570688951123473 18.743056180517968 i
2459250.856713 754.443542512335 32.036489897268 26.2985 19.10443313588651 0.046102875989418646 20.786962673637913 g
2459250.9039699 1084.353124027447 36.8899342271195 26.3317 18.74377316247676 0.03693575524698711 20.66700528690377 r
2459252.8474537 804.4448078134641 22.7394095518798 25.7611 18.497359367676534 0.030689708865894793 20.62172702997917 i
2459252.870162 975.5497241068658 23.4274626663765 26.332 18.858876473913355 0.026072680447089838 21.160261852992253 r
2459252.878044 760.0266196771776 22.8494047594649 26.3274 19.125327991086017 0.03264043403886052 21.182787761848445 g
2459254.8988079 929.8135767871731 23.0720964265853 26.2691 18.848110291756004 0.026940212227162676 21.11395734387022 r
2459254.9414236 458.151081363294 19.9919530174495 25.8958 19.2432782101066 0.047375776842996445 20.896236932920395 g
2459255.8506944 833.0025336945408 21.054285992723 25.7378 18.436184194058406 0.02744125903305061 20.682023694370095 i
2459256.9192593 1034.513500502662 26.6934852991389 26.3285 18.791659593439185 0.028014247252639436 21.01506178367553 r
2459258.842037 1020.5797491443409 38.827403015236 26.2982 18.776082633518488 0.04130486763918706 20.577929130221456 r
2459258.8774421 566.5454489955071 29.1311457458805 25.9845 19.101413111870297 0.05582550348322236 20.576181074078242 g
2459260.8531829 701.6529648148311 33.268226309999 25.608 18.492694088377345 0.051477461246526544 20.055500871291624 i
2459262.8383912 983.0070535676382 31.3700802919214 26.2918 18.81040841469099 0.03464725512327729 20.803085913463264 r
2459262.914919 332.1447591235371 35.078270357824 25.5498 19.246481489635826 0.11466228829859236 19.939779561673227 g
2459264.8752778 975.7196132462542 26.0300819971225 26.3566 18.883287412581467 0.028964120061347343 21.07048614871382 r
2459264.8782639 799.4834093635673 21.1657107143036 25.7513 18.494276360427932 0.02874307565783317 20.689792849053376 i
2459266.8582986 984.5301181124792 66.9993949990637 26.3222 18.83912748416259 0.07388422335920151 20.009597786503203 r
2459267.8505208 821.5246186279328 47.6894259986429 25.7758 18.48924854382835 0.06302478176880547 19.832319751177728 i
2459268.8520602 1041.2276531749073 41.0652072035232 26.3398 18.795935765780346 0.04281916190462121 20.55868994291729 r
2459268.9351042 887.8241412382301 37.9850919735157 26.3602 18.989382625118246 0.04645110719576609 20.663742033406862 g
2459271.7976157 1119.2782957651443 94.5535140121154 26.3317 18.70935479420554 0.09171691307815187 19.645080804866424 r
2459271.8330324 898.0841040815054 68.717137673063 25.7759 18.392607476182093 0.08307261650950414 19.435812336151884 i
2459271.8802546 761.8379507082539 152.549982728162 26.3439 19.139243492246706 0.21739992880899564 19.137944582141856 g
2459275.7253009 758.6631210701686 109.498407676378 26.1658 18.965677566645546 0.1566998815581655 19.319855479858667 g
2459275.72625 787.22585182668 104.167073988969 26.1786 18.93835163120384 0.14366168484863615 19.386848826219296 g
2459275.8795139 1140.57541285826 68.392961729826 26.3389 18.696089986609604 0.06510243664116203 20.00394646143765 r
2459275.880463 1190.1548131802595 63.5900090707997 26.3374 18.64839135673537 0.05800898511991362 20.081502771826017 r
2459276.8563542 1177.8396940468538 53.7990833314278 26.3349 18.657184534331442 0.04959050460614522 20.26053779941286 r
2459278.7978009 766.7439160710853 32.4728049956284 26.301 19.089374153385663 0.04598109439773524 20.774775477826857 g
2459278.8772801 868.1552674372623 37.8307348437598 25.7534 18.406906488438786 0.047310464337922326 20.061363045821672 i
2459278.9013079 1107.2479356762428 45.1303044250035 26.3246 18.71398780182398 0.044252032390831406 20.44100433153656 r
2459278.9022454 997.509463399667 51.6041542568418 26.323 18.82570743864499 0.05616651503806862 20.293863327233357 r
2459281.7535995 957.3530670599757 28.5196016459504 26.2802 18.827519667580344 0.032343063987978586 20.894916351372885 r
2459281.8116667 783.3615037511443 37.6265570412093 25.7216 18.48669443632079 0.052148532681302665 20.03543878739515 i
2459291.7698495 709.0336699456185 27.4720485222303 25.7145 18.587832852365366 0.042066271807477164 20.369847376945472 i
2459291.7895949 837.6271953686723 26.0193226803186 26.2992 18.991573076989418 0.03372524052491913 21.013535021473505 g
2459293.7533565 1051.032028011684 29.3878063470569 26.3194 18.7653601238761 0.030357154207145617 20.901557065737894 r
2459293.7939005 796.2468146805475 28.4410693518708 26.3246 19.07198073003058 0.03878002200575773 20.942310185801333 g
2459295.8380556 749.2165949186485 32.5145766158201 25.6787 18.49218152925048 0.047117317036509246 20.151079730975862 i
2459296.8587153 1065.2255832517244 49.269867933236 26.2708 18.702196029419508 0.05021687092026358 20.291921493760064 r
2459298.8053356 823.213882833861 76.9441316150716 26.0637 18.774918285399956 0.10147817649394857 19.60083623265214 r
2459298.8952199 819.8631861831434 67.4472728696781 26.2137 18.929346535025612 0.08931673648565523 19.893864003383815 g
2459302.8996181 1131.8510030969976 108.814333287175 26.3499 18.715426849812225 0.1043774501472625 19.510759725535518 r
2459304.8028125 1052.5482671743762 72.0713644434243 26.2797 18.724094948500696 0.07434137019320408 19.887868128834405 r
2459304.80375 939.936557687951 78.0816078072365 26.28 18.84725364678765 0.09019034412794961 19.801203120487827 r
2459304.8262847 751.2519290046727 72.4727131890565 26.2991 19.109635999602762 0.10473666911392285 19.90123868797621 g
2459304.8462963 871.0509677724585 101.161655924183 26.311 18.960891080980474 0.12609045153552517 19.551035164820647 g
2459305.7752546 860.0744120964488 39.7632141338631 26.2957 18.95935993187701 0.05019440292370189 20.54957128424166 g
2459305.7959028 303.92231660387955 99.8609096707827 24.8014 18.594493522734687 0.35673257180017437 18.05548619443558 r
2459306.7698727 976.2945791910092 24.9360765673283 26.2755 18.801547805181897 0.027730460566094736 21.03600468218174 r
2459306.833669 896.961164045057 34.1674721978127 26.2979 18.91596590076785 0.041357001899473354 20.716442864898617 g
2459306.8812269 829.5534103755002 31.0639290151851 25.712 18.414889117273813 0.04065573995593632 20.233934026349985 i
2459307.7530208 1035.1523688177801 26.68142419177 26.3217 18.784189299270345 0.027984307545070197 21.008752470452812 r
2459307.7548958 1037.7960827292484 27.0278985425077 26.2982 18.757919932320792 0.02827548680895941 20.971244289163224 r
2459307.8121065 818.3003523462544 21.5194085931439 26.3285 19.04621815456006 0.028551401502623683 21.248999159994646 g
2459308.836169 798.0385969826858 23.8731498887987 26.3032 19.048140258931337 0.03247847777321363 21.11100067718219 g
2459309.7084838 704.5332176589068 28.3103149166698 26.1697 19.049946314385597 0.04362677037026408 20.792413238229422 g
2459309.7528125 869.7863716033709 35.2801385142012 26.1263 18.77776850358698 0.04403799327673876 20.510049285267076 r
2459309.7706597 1023.466973290766 28.473559741701 26.3169 18.791715418041058 0.030204925628589105 20.933370574933647 r
2459310.7528472 770.7786898629358 24.9792240827205 26.2741 19.056775752565045 0.0351851237498954 21.032727629227445 g
2459310.8156134 1259.6697890533126 27.2810100994258 26.2418 18.49115821575177 0.023513299217254657 20.904723873274598 r
2459310.8402546 255.66031641524916 30.0238378954397 24.4878 18.468641694789156 0.12750074497339786 19.046709472733227 i
2459311.7325694 687.7513447195955 29.8519152090242 26.0969 19.003321379467728 0.04712491599075188 20.662044490695095 g
2459311.8094097 1010.1998564030391 27.331641709291 26.3127 18.801681743893393 0.029374349259398656 20.9736106918646 r
2459313.7140972 913.4390348717142 31.3242296699083 26.1646 18.7629010830182 0.037231511742210274 20.677473990251602 r
2459313.7546991 782.3954633545904 30.0272717657901 26.2391 19.00553419107063 0.04166768658951611 20.79788530259259 g
2459313.8198958 697.865818909425 30.5417076782225 25.5488 18.439370181655335 0.047515053936965854 20.089141698903234 i
2459315.7331713 959.1151309485272 22.5105664868162 26.2593 18.80462314387076 0.02548153109686261 21.1309089283576 r
2459315.774919 120.76672469173172 29.6207132767609 24.1953 18.990431780046524 0.26629196483276896 18.768886208488368 g
2459316.7544792 760.9717924967141 21.6509989739114 25.7027 18.49927860311322 0.030890093191039154 20.616580140571795 i
2459317.70875 937.4318223094663 23.0825280161833 26.2897 18.859850769724538 0.026733358171509927 21.134066560776244 r
2459319.7778009 722.2846849303868 63.8062711001859 25.7327 18.585928984172607 0.09591019992366093 19.47311657721739 i
2459321.7528125 643.1510572394469 21.3772095080508 26.2639 19.243117530283552 0.03608675769345722 21.19159745521353 g
2459321.7913079 977.1266940139823 22.48905602201 26.2841 18.809222805278537 0.02498792456768853 21.156746923385022 r
2459323.7478935 789.3190785502584 28.0221766275532 25.722 18.478868499451295 0.03854420600147364 20.355820323757236 i
2459323.7555208 737.8719154881499 35.4454879665866 26.2762 19.106247548099667 0.052154263467073386 20.654872590357222 g
2459323.8165162 952.6952646215096 32.3128881767061 26.271 18.823614983602027 0.036824054864371944 20.750135544970995 r
2459325.755 952.5337013025386 41.3598905130553 26.2927 18.84549912435185 0.04714209383733063 20.50382653807718 r
2459325.8247106 804.3859750950451 52.2503603512004 26.2823 19.018638775421735 0.07052362670370448 20.239651764259726 g
2459334.6896296 660.8560337304881 23.7727381727435 26.2616 19.211332851158357 0.03905549850010682 21.073976971227268 g
2459334.7724537 958.4011905096215 43.5137829145544 26.292 18.838131638703068 0.049293463507918536 20.448007887254242 r
2459334.7936227 804.823217166383 35.9002430107864 25.7295 18.465248759454816 0.048429136989909936 20.094331518279173 i
2459336.7961227 856.9635077146269 33.1777375212494 26.2333 18.900894178376376 0.04203337633697195 20.683758071673463 r
2459338.7334144 980.5739852836389 28.0621175690802 26.2868 18.80809908202205 0.03107061935355907 20.919073889618396 r
2459338.8112153 650.4905369230322 30.7407022453144 26.2079 19.174797542498503 0.05130771092475844 20.741190528243038 g
2459339.6891898 792.5964487061882 25.2128447843954 25.7097 18.462069694724363 0.03453659882920489 20.45822036361791 i
2459340.7121296 675.8393670346863 22.2997673720147 26.2542 19.179591286404346 0.03582339031539987 21.13602415772535 g
2459340.7529282 951.0418500977173 25.4389202398596 26.2732 18.827700929353092 0.029040820550197428 21.012028305034914 r
2459342.7054977 788.389248649898 26.7152733135908 25.7147 18.472848267183476 0.03678991346753608 20.40037593506018 i
2459342.7341204 680.2289202526949 20.0994418236657 26.2653 19.183662269441196 0.032080323753137865 21.25991499688583 g
2459342.7546412 904.1838252847593 30.3635939838451 26.2496 18.858958165540326 0.03645912818433636 20.796292050434882 r
2459344.728831 916.8415552830588 24.4173547789087 26.2436 18.837864276996658 0.02891439849198011 21.02692845552971 r
2459344.7553935 693.106304864878 19.2657532684234 26.2522 19.15020037640134 0.030178384147876207 21.292810003941543 g
2459347.6767824 651.7748567467793 23.8549791170496 26.2352 19.199955992872752 0.039736652249294874 21.043827387389378 g
2459349.6756597 920.5353201437916 26.6408533848037 26.272 18.861898858341885 0.031420819915267705 20.96070465803675 r
2459349.7660995 750.5375409575357 31.321331814835 25.699 18.51056895001431 0.04530828652219323 20.211974438107667 i
2459352.7377083 921.903627019956 46.4622160123873 26.2066 18.79488619096956 0.05471724640861724 20.2914251901464 r
2459354.7083681 749.9244349319282 43.2725776793787 25.7299 18.542356238672205 0.06264769541849373 19.891943073639048 i
2459358.6900463 792.3034004032008 53.4259808083065 25.7066 18.459371200417102 0.0732100699480275 19.639793729653903 i
2459358.7556713 720.1853992295862 109.971734920968 26.216 19.072389218999934 0.16578552235496363 19.365372297746994 g
2459358.7946065 736.2323171086224 95.0308116114911 26.2058 19.038262807504882 0.1401391242533213 19.513713893218906 r
2459361.6898843 1028.477289443144 42.4466719886486 26.3715 18.841013234591152 0.04480833193995716 20.554465876009473 r
2459361.7546296 727.9474900693044 67.1870607233918 26.2569 19.101649867636464 0.10020639238750824 19.941260883813705 g
2459363.6899306 1015.6018305730299 30.4512497265811 26.3331 18.81629131250719 0.03255303489310889 20.876662186949492 r
2459363.7120833 684.7236538341183 25.6629781155347 26.3177 19.228911672838656 0.040691299598050644 21.047007355156424 g
2459365.691875 614.067596886253 22.7914887175266 26.2447 19.27415954715189 0.04029640942803603 21.102843254676465 g
2459367.6845833 712.3015700983127 31.5197888554756 25.6397 18.508040245890363 0.04804290232810611 20.145816740213316 i
2459367.6940625 918.2838377739996 26.1560445141192 26.2295 18.8220576485055 0.030924662245844954 20.938144819652525 r
2459367.7465278 634.3888022578185 26.0490800323641 26.1599 19.15401122863565 0.04458068315594887 20.872994014017628 g
2459369.6833681 932.0449426463061 20.1286892241102 26.2888 18.865207864306292 0.023447064503744137 21.28183625254322 r
2459369.7277546 620.039012641736 20.2010223813656 26.2142 19.233152459955996 0.03537237101582394 21.203341614633814 g
2459370.6850694 790.5116745550364 30.865019195803 25.7229 18.47812927967607 0.04239045724371564 20.25180861065276 i
2459371.6859838 767.1238797349649 24.9184160557241 26.293 19.08083624481762 0.035266695544722934 21.054273907045392 g
2459373.7120949 935.632405130479 36.7514641051064 26.2631 18.835336862610298 0.042646090879408564 20.602488376180652 r
2459373.7566898 560.2082760112891 38.293223755317 26.1334 19.26252619897621 0.07421338600558246 20.42817016559873 g
2459375.7564352 647.3696741539425 47.4191809463186 26.156 19.128119122142376 0.07952643877040125 20.21868986840576 g
2459377.6871528 654.2821459814995 27.4518530397991 26.2845 19.24508732636516 0.04555294230228413 20.94064582595629 g
2459377.6916319 736.5902495680309 26.8746661615499 25.7401 18.57203508577318 0.039612016407637625 20.41931729383659 i
2459377.7119676 942.0405532307049 32.6394337878853 26.297 18.86182600292962 0.037616887236943265 20.76521844858544 r
2459379.7133449 952.2540194749279 29.7245246014495 26.2863 18.839417963753135 0.03389002902564636 20.856087695493116 r
2459385.6888889 667.9682695604845 74.4581021046441 26.1901 19.12821041822015 0.12102245741134283 19.762895083909598 g
2459385.7151389 1056.5198495744676 70.7793466320893 26.2124 18.65270584785506 0.07273421002871847 19.840208615848567 r
2459387.6921296 1000.1885903587631 76.4127001731531 26.1889 18.68869525992502 0.08294562583265871 19.73356112293235 r
2459518.0355671 1099.875793373946 48.5423270447502 26.2342 18.63084089005441 0.04791668731140721 20.271473509393182 r
2459518.0379398 1076.8826541952972 58.9965326977627 26.2447 18.664279045868337 0.059479587028750475 20.070208768295174 r
2459518.0403125 997.4022769317171 66.2523547873765 26.2549 18.75772411170543 0.07211752294563797 19.954471691959 r
2459518.0426736 1081.616181333068 78.6443941062431 26.2677 18.682517060414625 0.07894132886946457 19.7811055619554 r
2459518.0450347 1031.0380714837074 90.9989244863966 26.2662 18.733013244817347 0.09582336001686821 19.621184340565556 r
2459519.0361921 1094.8252756755476 59.4808899779519 26.2199 18.62153796202466 0.05898512181244183 20.036531344174456 r
2459519.0385648 1038.8751817928019 56.4281121784668 26.2445 18.703091571710914 0.0589714745966279 20.118336186548337 r
2459519.0409375 1156.1409783664312 60.5849600168828 26.2432 18.585673013418617 0.05689365944218098 20.03986292512846 r
2459519.0432986 1170.2552546790623 64.2805073696792 26.2503 18.579598500318653 0.05963600383097631 19.98267674912061 r
2459519.0456713 1065.8509966249346 75.1995798454499 26.2427 18.673458760943902 0.07659999765139308 19.804736453881393 r
2459526.0295718 1054.8056727255057 55.7033000859029 26.2287 18.67076885811147 0.057334800586536915 20.116572675972396 r
2459526.032037 1043.2386968627986 52.6901730457378 26.2302 18.684240780060183 0.05483473825097282 20.178450926933447 r
2459526.0345023 69.20853721255416 47.3456897187798 23.3435 18.743100824710183 0.7427294001289034 17.407873870123005 r
2459526.0369676 976.1484386643979 50.8003334711929 26.0031 18.52931034007748 0.05650157277835506 19.991008581273796 r
2459526.0394329 1085.7780872101587 46.3312396783792 26.265 18.675647318424325 0.04632790761882459 20.35289018737446 r
2459527.0292593 1080.1622304455832 53.8049306046413 26.2545 18.670777531430446 0.05408077741559393 20.18001980016727 r
2459527.031794 1066.4720684999565 45.575344532135 26.2703 18.700426286202557 0.04639704406711425 20.376050088061863 r
2459527.0343171 1082.6087399247679 45.2551340667242 26.2622 18.67602117790415 0.04538435470201066 20.375605349623648 r
2459527.0368519 1093.599227051062 53.5505365278484 26.2635 18.66635451349172 0.053163733175874285 20.194165423092898 r
2459527.0393981 1057.0725010103313 44.9682462594711 26.276 18.71573806222124 0.04618607041356628 20.39631011261757 r
2459528.0307176 1087.7975557865357 42.9072745564321 26.2559 18.664529803381114 0.042824538203926475 20.42714766593091 r
2459528.0333218 1059.385497632726 45.0585014308934 26.2626 18.699964941492347 0.04617772766649752 20.38073312982914 r
2459528.0359259 1120.4335078970967 39.7455883844395 26.2676 18.644134778902668 0.03851347269145501 20.521952662755552 r
2459528.0385301 1091.8430459641972 46.9697637413815 26.269 18.67359946902963 0.046705497353774494 20.342029049957546 r
2459528.0411343 1076.3897275880875 43.6595155477905 26.2772 18.697276138830297 0.044037150128188145 20.429577708144045 r
2459529.0311343 1083.812337024964 55.16116077147 26.2624 18.6750147743144 0.055257234304951025 20.160891497714598 r
2459529.03375 1058.9396548246689 66.4633044382562 26.2622 18.70002197018308 0.06814289114573042 19.958320164572385 r
2459529.0363542 1044.2065700390995 66.1230080263859 26.2841 18.737133946452524 0.06875052491918249 19.98579348415787 r
2459529.0389468 1166.1929979163215 72.2254390953291 26.2852 18.618273926270955 0.06724029330128543 19.891049512104438 r
2459529.0453009 1162.908381864565 59.6714550921562 26.2947 18.630836248041284 0.05570971867076889 20.107858418481786 r
2459532.0118403 852.1540925163476 33.5296897527048 25.7542 18.427904664847993 0.04271901582613505 20.193201151763844 i
2459537.0038542 1028.3725959552496 75.1022254614519 26.2339 18.703523762356077 0.07928885552201795 19.797342973170565 r
2459537.0323148 850.7794699182482 71.963509349102 26.2786 18.954057496408446 0.0918343529232407 19.888394154526345 g
2459538.9857755 1009.1634429172553 83.7689913221868 26.0896 18.57969622561523 0.09012216456790077 19.53446677402434 r
2459550.9989352 796.384814024252 25.166433610684 25.9888 18.735992574927586 0.03430903815587769 20.739320801395664 g
2459551.0265278 1112.2365961164032 27.0269922712033 26.3142 18.6987070483907 0.02638216150349944 20.987280695547614 r
2459623.8318056 782.5267182713762 52.5390179524594 26.3063 19.07255206288916 0.07289413953429183 20.257670112182797 g
2459624.9533565 848.9437694809956 31.9002993746579 25.77 18.44780268667769 0.04079675978096852 20.263088092163404 i
2459625.7914699 969.2008750732548 85.504818005098 26.2922 18.826165506045072 0.09578260120856615 19.71479852181102 r
2459625.8402778 929.0609160601074 88.7915591541971 26.3429 18.922789523838727 0.10376175997427811 19.724545783806693 g
2459627.897963 703.5171455085245 133.011735780523 25.7636 18.645413284631353 0.205269825275586 18.706450086744724 i
2459630.9185532 964.9882680450099 72.8227443302642 26.3434 18.88209491652209 0.08193224325881658 19.940307385848588 g
2459630.9828704 1113.2923864419038 61.1312440892302 26.3228 18.70627690241102 0.059616137248362205 20.109716903513828 r
2459636.8771759 766.0594044805632 38.4582856450399 25.7542 18.54354387866724 0.05450512124856921 20.044300187186792 i
2459637.8193519 1038.023921737498 44.3181783864138 26.3168 18.776281594641635 0.046353696929826056 20.452920236042857 r
2459639.8323264 721.7989494839428 38.9805545404995 26.3164 19.170359385885444 0.05863293108819049 20.591854956325633 g
2459639.9434606 1082.958503161336 46.6121316927258 26.3194 18.732870460914366 0.04673012976126302 20.40072757718258 r
2459641.798044 854.7340858694998 33.3088206209791 25.9503 18.62072244125501 0.04230951724758805 20.396476849856846 r
2459671.8994329 676.9298496807041 21.6486273869392 26.2583 19.181940837427135 0.034721344855875795 21.17229907544756 g
2459674.8174884 996.3088103907761 27.4748618640424 26.3117 18.815715072962334 0.029939971638001488 20.966936195186822 r
2459674.8389931 820.5550690308646 26.4112650258487 25.7214 18.43613066823447 0.03494550398967233 20.41950198116459 i
2459674.8958565 670.5695830835634 36.4151586676481 26.2291 19.162990374951264 0.0589587400962366 20.57846947266848 g
2459676.8375463 937.7729767772512 53.303176135695 26.2147 18.784455715529543 0.06171137339594101 20.150392269730986 r
2459677.7737153 759.027062581647 33.7427562188165 25.6967 18.496056848402446 0.04826509123688641 20.128823603416507 i
2459678.7562847 915.9676671604587 27.9205739934439 26.2698 18.865099640671062 0.03309436377667659 20.907564133399003 r
2459678.8171181 711.6788454837498 26.8652422537508 26.2772 19.14648985825206 0.04098420755371918 20.95679808637213 g
2459680.7454051 992.4400241013283 73.092348799901 26.2303 18.73853932347478 0.07996086530660743 19.823195194094083 r
2459680.8336343 787.1163348252154 71.996056111801 26.3046 19.06450268676816 0.0993069444276489 19.91390322224131 g
2459685.7524884 898.3502233571866 98.7458843105975 26.3568 18.973185799703202 0.11933921070935088 19.62307748052626 r
2459685.7938889 836.2831663350358 77.192722748543 25.7498 18.443916612759367 0.10021502579727586 19.283434089976094 i
2459685.8773843 439.3421622365471 191.045703081609 26.2612 19.65419279226901 0.4721111189961923 18.81093180373945 g
2459688.7753588 756.5309945356877 62.3490917987033 26.3304 19.133333186352232 0.08947737694130777 20.09589965976727 g
2459688.8361574 659.3549832093745 101.726445469513 25.8415 18.793701767986498 0.16750370386020008 19.07549031510093 r
2459690.7503472 928.9603232695251 37.8784545862731 26.2784 18.858407086794916 0.04426953133969852 20.58499435968516 r
2459690.775463 644.5504420368452 26.2864167594967 26.2767 19.253557723545903 0.04427762485989289 20.97994651625224 g
2459690.8639352 738.3206381115908 35.7762257104664 25.6864 18.515787479178467 0.052608915759419284 20.054988684605707 i
2459694.7498958 867.0219978421268 29.5952675886283 26.2189 18.87382470896157 0.03705970794390903 20.79341931155134 r
2459695.8238079 425.0451018781442 28.1690489261692 25.1573 18.58621246041809 0.07195268521859065 19.7854445288742 i
2459696.7106481 627.4201551023834 24.1831084138991 26.271 19.277103835592527 0.04184691963025291 21.064794682066427 g
2459696.7554051 902.3390122055561 27.6971576570623 26.2677 18.8792756642686 0.03332539506938918 20.91418698140772 r
2459699.7361806 637.8306702403181 24.4256542391713 26.2489 19.237136503592332 0.0415767601728475 21.031859476437106 g
2459699.759375 878.5306642314254 28.3595109422745 26.2616 18.9022076882274 0.03504706469974354 20.882428146163665 r
2459700.7150231 748.1191231198984 26.8018942829632 25.7391 18.55417310963506 0.038895966863755176 20.421261264576305 i
2459701.7559838 565.5607546004626 28.2167928985055 26.2346 19.35340183683538 0.054167429052868664 20.860905862640426 g
2459703.7569676 678.0670571902117 30.0486983032332 26.2417 19.163518386543256 0.0481130463453095 20.799710830922663 g
2459708.7352778 987.2920638443799 70.6513312625417 26.296 18.80988588490957 0.07769347405980183 19.925774115293386 r
2459708.7704398 1090.3994786366388 63.7007408795807 26.3078 18.713835912066997 0.06342619904719103 20.05001378045492 r
2459713.6931597 808.2917100216854 91.6178198793978 26.3111 19.042179688443124 0.12306134754294779 19.6587251062292 g
2459713.734294 843.642252530215 76.1521711727091 26.3191 19.00370419353457 0.09800174421592185 19.86746926413985 r
2459715.6912153 924.1199748567371 29.5844121122288 26.3099 18.895579105943654 0.0347571712593121 20.884817630161326 r
2459715.7339005 705.6194658607351 47.2627920244855 26.3207 19.19927361717042 0.072720801768685 20.386976554731444 g
2459718.7323611 840.2409556981755 27.6065139556793 26.2524 18.94139038388086 0.035671186935628804 20.902446066494907 r
2459722.7200116 622.220255231266 29.510829722704 26.2632 19.278339638356034 0.05149287179349567 20.84082143856101 g
2459722.7556134 536.9267404503835 24.3632737773242 26.2125 19.38771241605179 0.04926408827739359 20.998235875327477 g
2459724.753669 830.625963979004 30.3144606813609 26.2257 18.927186244236275 0.03962362289289752 20.774150373681067 r
2459725.6958218 715.470896299663 30.8753441071883 25.7018 18.56532006909849 0.04685216585404542 20.23034547284123 i
2459726.6947454 925.4722349536115 26.0253460319281 26.3388 18.922891514906848 0.03053113547839783 21.05288370770372 r
2459726.7493634 626.3677208938336 23.4823000280063 26.2754 19.28332657804139 0.04070250156573391 21.10112340757722 g
2459731.7328935 850.7700675723679 37.3605853232304 26.2659 18.941369495432987 0.04767726208465949 20.587440810049486 r
2459732.73875 698.0350314236879 30.5028511828329 25.7061 18.596406953570202 0.047443099613005836 20.24782389939151 i
2459733.7118866 864.8339457237156 30.0982890183449 26.3059 18.963568180409872 0.03778495576959748 20.862120468697896 r
2459735.7355324 879.2293453899911 35.9869457498928 26.2625 18.90224456303939 0.0444378104592588 20.62471251619638 r
2459740.7579745 538.6074839472926 86.739261508766 26.1275 19.299319040909346 0.17484498271339075 19.534535688461194 g
2459740.7912269 1198.2046874334708 361.150802244952 27.0665 19.370172464404387 0.3272407712218331 18.92485352935851 i
2459742.7349421 956.8161678925321 87.4109735655394 26.2373 18.785228736902994 0.09918529513264387 19.635960095794726 r
2459747.7557407 554.3289985907013 40.9404721623013 26.1023 19.242881003958562 0.08018536057037545 20.324492871586312 g
2459748.6960995 731.0273595274836 33.0559305565077 25.7345 18.57466592193688 0.04909368074595455 20.188951520460005 i
2459749.7353935 567.8878806464691 46.4799253103202 26.1786 19.292943498851862 0.08886129926204547 20.263011435397782 g
2459879.0356366 988.2766182843912 87.6890198575289 26.1847 18.697503698803622 0.09633332115515333 19.579911949696637 r
2459879.0380208 798.9776012711836 97.9562380962537 26.1922 18.935863489076343 0.13310897268195843 19.46719474375636 r
2459879.0404051 907.2814585667386 115.198504435729 26.2081 18.813744910959656 0.1378524988964832 19.307057886917804 r
2459879.0427894 812.4419943793438 155.245037261466 26.2296 18.955119091011934 0.20746039485998657 19.004630674355788 r
2459879.0451736 862.6235027141622 197.924670531896 26.1971 18.857546783513598 0.24910846286979052 18.708425162460358 r
2459880.0376505 931.0648033991756 94.4224176222936 26.1772 18.754750226173854 0.11010449373476439 19.49208719902302 r
2459880.0400347 835.6551154150634 103.150641533902 26.2013 18.896232309919675 0.1340153963608929 19.420195155750886 r
2459880.0424306 888.7743151254708 120.374778365306 26.2114 18.839421261631905 0.14704621257283154 19.262636237890018 r
2459880.0448148 1029.4361015155082 176.097210086868 26.2253 18.693801513631055 0.18572181479729502 18.863493800455224 r
2459881.0363773 932.4280553831559 71.518874376313 26.1796 18.75556166918821 0.08327510252622726 19.796123312777652 r
2459881.0388194 1024.64676191257 82.6253407853304 26.2047 18.67826457016057 0.08754854436195213 19.664491829835445 r
2459881.0412616 886.4877492286747 105.890609105204 26.211 18.841818154328973 0.129686433236726 19.40143137299491 r
2459881.0437037 1010.8770664571472 150.210462759668 26.2075 18.695754140215204 0.16132871625007328 19.018324528985342 r
2459881.0461574 492.5064866519538 203.481777090387 26.2196 19.488570112923043 0.4485629557670249 18.700861184537622 r
2459882.0374653 890.4424412550302 57.3866973056109 26.2013 18.827285370887115 0.06997053866489857 20.056846911315127 r
2459882.0398495 824.0258042591279 73.3212198801713 26.2102 18.92034797053913 0.09660480049587013 19.799700784372185 r
2459882.0422454 938.0462986443099 81.2555542773044 26.174 18.743439314634628 0.09404563016384812 19.65194234627763 r
2459882.0446412 954.2648214108651 120.274725589248 26.2236 18.774427714923544 0.13684070358915965 19.275739052363573 r
2459882.047037 777.4989378641715 167.265197990079 26.2453 19.01855048896839 0.23356922641809982 18.939361016806842 r
2459883.0375116 893.86759782474 85.2382246636989 26.1025 18.72431701339203 0.10353115018665525 19.5284889999634 r
2459883.0398727 930.0346682152932 88.6613716940522 26.1323 18.711052155674366 0.1035011430627115 19.515538874025815 r
2459883.0422454 923.6833796028633 92.2632889274927 26.1344 18.720592177079318 0.10844652507620839 19.47440265933879 r
2459883.0446181 805.2648289429459 117.275636864393 26.1685 18.903653172266345 0.15811712416499035 19.24805548901432 r
2459883.0469792 1081.0849716117707 131.364995791681 26.1769 18.59225042457134 0.13192577796950963 19.133275848546454 r
2459884.0376968 877.1329616372583 62.3716190409423 26.2096 18.851936421007654 0.07720251062775091 19.97470744515281 r
2459884.0400694 906.955465688464 55.654351199841 26.2011 18.807135094038294 0.06662281819074763 20.089927178525013 r
2459884.0424306 837.0524854534953 69.4053797603757 26.232 18.925118274287485 0.09002233684906294 19.881092152010815 r
2459884.0448032 971.842738521188 78.3934122617767 26.2256 18.756610014942716 0.08757767519271882 19.7424760677348 r
2459884.0471644 853.4461512295932 104.078185813247 26.2194 18.89145968948271 0.1324016590556324 19.428575705577888 r
2459890.029456 948.985164138011 54.9768702382688 26.2403 18.797151442544415 0.06289707181239765 20.142424958182282 r
2459890.0319213 930.1845644851359 46.6252320907342 26.2375 18.81607717865594 0.05442039828830017 20.318522472535022 r
2459890.0343866 941.4877271620733 52.1856228714803 26.2516 18.81706334222644 0.060179149570382805 20.21029781056236 r
2459890.0368403 952.5598542412171 55.2370167573801 26.2464 18.799169314590223 0.06295754416530464 20.14339945128675 r
2459890.0393056 895.1416856913031 58.3194782097686 26.2524 18.87267054454876 0.07073456471133589 20.09044091503262 r
2459894.0292593 988.2732054202131 105.953700556796 26.2478 18.76060744823625 0.11639891890583137 19.43758466527509 r
2459894.031875 1124.697899678436 107.627297042891 26.2661 18.63851028970747 0.1038954162116563 19.43886890535976 r
2459894.0344792 922.4513372814255 101.114081133745 26.2695 18.85714133801057 0.11900850857936902 19.51004589017126 r
2459894.0370833 856.9092418076413 105.432326387399 26.2673 18.93496293314237 0.133582264228275 19.462440515593237 r
2459894.0396875 747.8441682224075 101.817682387348 26.2671 19.082572221688103 0.14781616607467923 19.500116971064124 r
2459906.9689699 950.9111676448117 49.591979693912 26.1898 18.74445013037893 0.056621495451604116 20.203846375370034 r
2459910.0190162 830.5457409950656 40.1142135293204 26.3002 19.00179111117799 0.05243781224692586 20.54452928431651 g
2459914.9779514 734.6714881749679 38.8214012482398 26.1887 19.02346703584759 0.05737039753634209 20.46859697145984 g
2459923.9643403 785.591254733997 87.2257755523391 26.2308 18.99280839948959 0.12054745256709937 19.63176289018793 g
2459923.9986343 1153.8004931517708 49.5996501119141 26.3201 18.664773199384527 0.046672141714383615 20.333978456956686 r
2459932.041875 733.5075977358533 38.5060281921322 26.1459 18.982388458342932 0.05699463091758305 20.434653178009423 g
2459934.0004167 563.3458135049583 43.5733444522564 25.653 18.776062321967785 0.08397609237118862 19.80752275093312 r
2459934.9504977 838.2110149183499 57.947368941577 25.7287 18.42031659101854 0.07505682619310193 19.573690684359793 i
2459936.9842477 1048.0281876646247 37.0156049260092 26.3114 18.76046759113222 0.038346146354823564 20.643012861119903 r
2459951.9332755 1107.6728524747334 86.6862155079227 26.3352 18.72417122028277 0.08496662526907826 19.742899881132537 r
2459951.9660301 636.8457184497474 99.8479194434969 26.1347 19.12461441657682 0.1702215827150272 19.388927439669 g
2459965.9234028 985.4135868915713 57.1252302578711 26.3074 18.823353634908823 0.06293891551324332 20.167905080118523 r
2459967.9437616 755.357754189857 60.2999743967365 25.7542 18.558818270360064 0.08667109305411554 19.555982169811166 i
2459968.9140394 793.1142662833887 36.96478425162 26.3122 19.06386059525786 0.05060136725323257 20.645304549807335 g
2459968.9421644 1075.4653780877936 43.7719267588388 26.3326 18.75360891518443 0.04418848049443376 20.482185829486053 r
2459970.8939583 847.7723783045228 68.6836364868266 26.3182 18.99750184375704 0.08795972367356596 19.97864178661157 g
2459970.9316782 821.7550863569994 58.2647739098789 25.7586 18.471743997793542 0.07697921933698137 19.597659825258063 i
2459972.9411574 599.4274969194082 37.3451462437966 26.0513 19.106958347476322 0.06764058286492193 20.37328957796586 g
2459972.9636921 1029.8466063575684 32.9019659268812 26.3274 18.795468644483506 0.0346863932806049 20.78692036847283 r
2459979.8265046 594.7972051623984 101.521404754825 26.1969 19.260977702028704 0.18530986390936302 19.433080942973866 g
2459979.8789236 792.0961202908718 55.8665431087022 25.7315 18.484555284728952 0.07657442613258181 19.616195491503365 i
2459979.9326389 1036.1494153569906 58.8837982558415 26.302 18.763444034290288 0.06169973057827852 20.129585448966875 r
2459987.8635532 1015.3850874311669 49.1928909453557 26.2935 18.77692304799998 0.05259947419012422 20.316319124837108 r
2459993.8605324 535.0313709120222 41.2291105897868 25.5038 18.682851882262085 0.08366321640360792 19.718365073822454 r
2459993.8796412 32.453671893728185 35.0017960941022 23.1518 19.37364039716153 1.1709445434650712 17.544149163016854 g
2459996.8654051 88.43203996215105 37.8130233563226 23.6547 18.78817589126498 0.46423897351605153 17.963171481784123 r
2460016.7065046 501.5999847559515 29.5303528439024 25.6817 18.930806213439794 0.06391767355859042 20.25860339873301 g
2460016.8507755 368.07501931321497 56.0426832335381 25.0923 18.677459141133188 0.16530744547723722 18.97357768807787 r
2460031.7894444 720.4850959881904 32.6360242909932 26.2099 19.065837496517883 0.049179270702515834 20.678231869902675 g
2460032.7048843 514.8993335477957 43.5521737264585 25.2572 18.477894175737326 0.09183269803247239 19.412250399420333 i
