jd flux fluxerr zpdiff mag mag_error limitingmag filter
2458203.8060532 837.2393453752276 53.1181506234035 26.3069 18.99977592635345 0.06888158858084115 20.246367623901634 g
2458206.7991551 782.1390227877805 76.028153076401 26.3529 19.11969011395084 0.10553592569878124 19.903038888007853 g
2458206.8192245 854.2115090386977 66.4268926047719 26.3487 19.01978645373656 0.08442836058502891 20.045415146711996 g
2458210.8089583 664.7814948972839 135.482646087073 26.1165 19.059802695592396 0.22126594976814562 19.039365813703814 g
2458210.8220833 535.4532800507196 190.796292985323 25.5991 18.777296041778417 0.3868638833896836 18.150250157994194 g
2458214.8266088 569.4328557801167 62.6405133973661 25.6279 18.73929369513134 0.11943252783043064 19.38833671787905 r
2458217.7821065 1229.0079226995167 27.4588830916683 26.286 18.562113293651255 0.02425705223050309 20.94186781905217 r
2458217.8034606 1085.9139367327664 29.3834340282679 26.1862 18.596711482639453 0.029377645175522927 20.768518613623776 r
2458218.7592824 1040.620177132437 35.2845546564272 26.1033 18.560069393985014 0.0368130868806012 20.48691338825425 r
2458219.7148148 1206.4288323577446 42.6031547208989 26.2782 18.574445730442548 0.03833980408946666 20.457170590748774 r
2458224.7767824 1252.218475072995 39.5862236065301 26.2502 18.505999732444447 0.03432209620378296 20.508914805445734 r
2458224.8018519 812.6614151563646 47.404131211575 25.8154 18.540625899721164 0.06333100636567598 19.878434510280183 r
2458229.7719213 879.1449674715547 30.6085107423724 26.3443 18.98414876401677 0.03779997764028485 20.88226949039563 g
2458231.7591435 1287.3861566346925 34.2377873360508 26.3229 18.548627912962257 0.02887398277446154 20.739210764070798 r
2458232.7941319 779.7932583120468 34.7855695537098 25.7907 18.560751309541452 0.04843167398781202 20.189777192722367 i
2458233.6910069 1326.3361676524873 59.4387506210959 26.3502 18.543565968762564 0.04865482305556188 20.167600808782122 r
2458237.7333681 931.6326693876894 147.402607045825 26.3251 18.901988226368424 0.171779088183795 19.15641207723834 g
2458242.7265046 918.4366988862798 24.9947355755115 26.2949 18.887276927659865 0.02954671176275905 21.05285362260603 g
2458244.8794097 460.0420137559611 62.0045791406358 25.0999 18.442906260420138 0.14633092100300807 18.87141557904037 i
2458245.6896181 445.0570376474576 54.4932001915083 25.1685 18.547460817782653 0.13293412404094032 19.080219206108136 r
2458245.7296181 78.30362609651573 39.2376518831276 23.8698 19.135345315249644 0.5440401776158259 18.138117464657846 g
2458248.708912 912.550507548209 27.577134086623 26.3155 18.914857722541896 0.032809684757383 20.966702162246854 g
2458248.7316435 1374.3383451344632 25.0673174484332 26.3502 18.50496584043315 0.01980268297840529 21.105005336920694 r
2458249.8123264 671.4608428496873 49.9960954802252 25.5137 18.44614827182232 0.08083980092199025 19.518934767200182 i
2458256.7424421 1183.7430495092096 44.7805884071349 26.2992 18.616056394984682 0.041071653898017764 20.424050499622496 r
2458256.7766088 1261.1849980916058 27.8382395107764 26.3179 18.56595300966282 0.023964744809511787 20.958870571559554 r
2458261.7564468 685.3631966502624 45.2889327579043 25.7115 18.621698051198294 0.07174326625003767 19.82409477272603 i
2458266.7112153 694.0855325429073 48.2501468981279 25.7281 18.62456751974711 0.07547367295695519 19.771928389419013 i
2458267.6649074 884.6890036150471 74.503208976003 26.3069 18.939923427071108 0.09143115112171457 19.879037541834286 g
2458267.7930787 1440.9614341589627 77.1789179175686 26.3051 18.40846910618169 0.058150863164503276 19.838928275964722 r
2458270.6672106 1258.3097835543488 39.1757062957511 26.3255 18.576031066690316 0.033801743323614464 20.595532901478634 r
2458270.7398495 731.9467234440635 45.1426730450058 26.2345 19.073301322478017 0.06696033817099029 20.350606810417844 g
2458274.6951852 1251.0311270474037 26.9112397823191 26.3306 18.587429711104683 0.023354761044692016 21.008340724477694 r
2458277.7141782 651.880039097639 25.3697007701588 26.2015 19.16608079269203 0.042252995143537246 20.943286627041303 g
2458277.7463542 1192.1297230299813 31.7560350082341 26.2414 18.55059120936961 0.028920952596341462 20.739409309049798 r
2458278.6713773 898.3030628227207 43.9132176156975 25.7795 18.39594279890289 0.05307404854609931 19.925586839262447 i
2458280.7079398 1246.5070092281665 27.7933108509505 26.3139 18.574663187684802 0.024207804181992816 20.956624277249674 r
2458280.7330671 817.7553937479878 29.1764522695002 26.2926 19.011041456689007 0.038736368443640506 20.882593783070554 g
2458283.6821644 791.0141271467604 31.2261513385969 25.7733 18.527839400335786 0.042859199785220306 20.28957883865571 i
2458283.6903819 1227.7004829090592 34.012110889159 26.3217 18.598968933324905 0.03007814145748386 20.74519102333395 r
2458283.7336921 801.8966135999161 27.066505238795 26.3126 19.0523040513512 0.03664575238176665 20.98409452829733 g
2458286.7135995 815.9568873206327 31.2006030441512 26.287 19.007831968597543 0.04151505459592239 20.80416751884011 g
2458286.7790972 1204.286703024607 40.6635597769406 26.2671 18.56527527206641 0.036659399077432424 20.49666150152281 r
2458292.6910069 822.1974820264916 65.6769859199153 26.2627 18.975259643942913 0.0867255193211046 19.971741954870566 g
2458292.7333681 1235.4163226088592 59.08502160581 26.2806 18.55106666240085 0.05192468869276692 20.10448149247317 r
2458295.692037 764.0062657473156 56.8156512853124 26.2508 19.04305769921416 0.08073854281826667 20.117205015616488 g
2458295.7329282 1197.7767937468152 57.6623127106026 26.261 18.5650602634554 0.052266810675190296 20.111344846626142 r
2458298.6730324 919.96489180708 80.5400636623088 26.2856 18.876171865292058 0.09504965667375234 19.773145067768777 g
2458298.7538657 1191.3974183168853 80.3933033848671 26.218 18.527858363312312 0.07326103627810185 19.707525303362345 r
2458301.674213 1215.318700052996 56.0400620306335 26.2736 18.561874548940246 0.050063160670534936 20.15492847082569 r
2458322.6656134 674.2490307615626 78.1492997372445 26.1937 19.121649172941133 0.1258388085910813 19.71396226205035 g
2458438.0377778 1108.0820078751512 56.5081227655547 26.2439 18.63247024195741 0.055366722363996014 20.11619778913776 r
2458438.03875 1079.5784213387276 52.9740003745127 26.2526 18.66946451181524 0.05327438106375687 20.19501806347678 r
2458438.0397222 1183.4915099320026 55.2514719848933 26.2473 18.564387133105534 0.05068606122695818 20.144015357185594 r
2458438.0424769 1108.6386719336433 50.9012027708871 26.2423 18.6303249406568 0.04984801382759259 20.228054877591745 r
2458439.0386343 1141.3177791657433 44.5993547792952 26.2234 18.57988354337337 0.04242597492810018 20.35265354965643 r
2458439.0400463 1060.8243477408855 48.1556878827802 26.2234 18.659291302551487 0.04928490795453056 20.26935601179542 r
2458439.0429051 1065.4778503659327 47.7428731348102 26.2357 18.666838935413722 0.048649005086929945 20.2910036116239 r
2458439.0448495 1220.5628427717963 47.9033190460608 26.2483 18.531899638186808 0.04261036930323141 20.2999609763202 r
2458440.0428935 918.8995133975271 36.6964314851645 25.9509 18.542729946134966 0.04335764148588385 20.291915404936613 r
2458440.0462616 900.4045154483051 41.8312924476371 25.995 18.608905839294952 0.05043981169706504 20.193821781556952 r
2458440.0496181 985.7280067443037 43.7988129957574 26.1369 18.65250725997401 0.04824086456318861 20.2858191373505 r
2458440.0529861 1068.701758739397 47.3646776515479 26.0988 18.526658689749805 0.04811803677290032 20.162738524196083 r
2458442.042338 685.3402917543283 43.5685599854791 25.674 18.58423433720033 0.06902028984046804 19.82864197414357 r
2458442.045706 672.0242084828963 52.0273961677969 25.6068 18.538337704935497 0.0840537339374951 19.568794761257003 r
2458442.0490625 633.5104351510164 50.658767039443 25.5641 18.559715567613626 0.08681818060599476 19.555038450438875 r
2458442.0524306 549.0927866759469 62.4245365303999 25.566 18.716885653736067 0.12342962966485468 19.330186672596163 r
2458443.0420833 1115.7117171307889 41.7098079193618 26.1794 18.560520014913603 0.040587848780961285 20.38137951453059 r
2458443.0469792 571.9927012608432 42.9468506027728 25.7457 18.852223782136164 0.08151746621355428 19.9159466855047 r
2458443.0518634 787.8217149760214 40.8494110919968 25.6989 18.457830131918584 0.056294723513594436 19.923510489457637 r
2458443.0567708 1108.3359098407864 45.1495867699702 26.2059 18.59422148872766 0.04422748186801803 20.321840539653692 r
2458444.0440278 1134.9039036805334 36.8600682169632 26.2738 18.636402275402066 0.035261995252086106 20.609984652577435 r
2458444.048831 1113.8284950908596 34.6294307190705 26.2757 18.658654189354962 0.03375490310887395 20.679661608799044 r
2458444.0536343 1203.07306382497 42.575102031535 26.2965 18.595769991807376 0.03842143063919721 20.4761857455957 r
2458444.0584491 1218.6949457586416 64.8528137399566 26.3077 18.59296247498896 0.057775491826332306 20.0304529307378 r
2458449.0161806 1158.4304246266697 62.8335913503831 26.2649 18.605225112082703 0.05888867270651654 20.021995281176828 r
2458449.06125 1173.6270090793796 73.172549063796 26.3152 18.64137476120615 0.06769053191855273 19.906904527842094 r
2458463.002338 38.076751211846954 37.5317416290832 23.4348 19.48315028405385 1.0701598899545164 17.751378194277628 g
2458466.0208912 1301.7780812679077 39.5824645019427 26.3385 18.552157612951188 0.03301229474374208 20.597317911763362 r
2458466.0445255 1080.9159589497217 33.2644815799758 26.3864 18.801920177658886 0.03341170731392598 20.834023090545774 g
2458469.0240856 1435.8667583378788 34.4492322769898 26.3197 18.4269146467583 0.02604805164959933 20.729326119601797 r
2458472.0202778 946.2856429554774 32.3424158814003 26.2769 18.836844372435486 0.0371073588443827 20.755043845968853 g
2458474.9821296 1418.3455052942138 77.1477984846821 26.3001 18.420644908134076 0.05905427450658067 19.83436614565057 r
2458476.9883102 1361.4886529864325 52.9189992855421 26.3292 18.49416493459064 0.042199512569044965 20.272745931780793 r
2458488.0204514 990.0878245023091 29.4995092067961 26.3112 18.82201570036213 0.03234825876372933 20.88923801282076 g
2458488.0441551 1457.6111684420512 29.2177501042344 26.3331 18.42399578181722 0.021762807513386873 20.9215580634271 r
2458491.9983796 982.2048314575751 33.9465768423915 26.2957 18.815194834770345 0.037523536127480744 20.721285022251532 g
2458492.0465741 1325.1155781699017 40.4420015074265 26.2948 18.48916560097393 0.03313513308571431 20.53029338656824 r
2458493.9931944 1436.3571955497487 28.1965078984176 26.3311 18.43794386408201 0.021312907903521347 20.958186677081244 r
2458495.0037269 936.2306753674204 23.200765179203 26.3008 18.872342833559387 0.02690476975150952 21.139619217921336 g
2458502.961956 843.1435459439786 77.5714963636047 26.1343 18.819546200139673 0.09988734896579694 19.662619566363965 g
2458503.0227894 1412.3527429048281 46.211180725504 26.3328 18.45794205572303 0.03552333449679895 20.423507326247737 r
2458505.9556366 986.4433751442815 92.5390768966805 26.3196 18.834419598807447 0.10185042377321546 19.656362081720257 g
2458506.04375 1391.9993565008506 87.2778872012373 26.3263 18.467202413732096 0.06807302150812844 19.726614428090485 r
2458511.9434028 916.752339404885 34.6712676078437 26.2469 18.84126993279027 0.041060811763264024 20.649550688954065 g
2458511.9966667 883.3784658839442 36.933953560409 26.2577 18.892332979361953 0.04539299397615628 20.5917104921982 g
2458512.0416551 1322.801027013644 44.0993190671529 26.1921 18.38836369143737 0.036194884743398416 20.333595280097 r
2458512.9951389 104.59651559432146 54.9535371176708 23.2188 18.170006957012305 0.5704114989839517 17.121385860944187 r
2458514.9200347 252.54933806195385 38.7236939653494 24.6035 18.59763441361673 0.1664716877138133 18.88613304110682 r
2458524.961088 1337.3793895458066 31.65695597871 26.2991 18.483463435073542 0.025699481668966042 20.800502108391054 r
2458539.8557292 1091.321509568626 56.2224109286642 26.0177 18.42281821229716 0.05593280349562495 19.89550132645788 r
2458539.8798958 596.4650901460647 52.9897023214654 25.7192 18.7802374239933 0.09645312150008074 19.66129628966211 g
2458543.8580903 1124.4063141607912 29.2577425518832 26.1183 18.490991810637546 0.028250580496150743 20.705272953917905 r
2458543.8796759 195.33166196343836 30.1227154999982 24.5195 18.792568386896782 0.16742924260005293 19.074839689071172 g
2458547.8121296 1361.3518759035492 30.7766648715908 26.292 18.457074014670372 0.02454488486226871 20.824021100384066 r
2458557.8145255 985.0344558319777 54.6229188309082 26.2817 18.798071444781403 0.06020510513475159 20.19083773068839 g
2458557.8367708 861.3638620360438 51.1359619637731 25.7682 18.430233381838573 0.0644539623160384 19.748958913513114 i
2458557.8589236 1520.4427494468584 42.9923244178364 26.3123 18.357374820199517 0.030699456876903865 20.48139767349757 r
2458560.7331713 916.5659941131387 73.2073163145439 26.2156 18.810190649320322 0.08671626902283848 19.806788772980738 g
2458560.837963 1475.3453608735279 58.7945715268512 26.3077 18.385465761477217 0.043266660132314866 20.136931914818515 r
2458561.9422569 899.7431842858581 87.0625230605759 25.6984 18.313103586300723 0.1050564015796268 19.10139686715681 i
2458567.8585764 1445.2325333456972 43.0940154579178 26.2755 18.375655676690492 0.03237345652214843 20.442032581395146 r
2458572.7974537 763.7021060886789 36.9736300487796 25.4941 18.286790029315718 0.05256273332746159 19.8269447605659 r
2458573.8521759 844.2155682445053 51.1868431447843 25.712 18.39586660812419 0.0658286315636824 19.691679124020254 i
2458575.8133681 677.4207943677038 24.3096762358705 25.6527 18.57555369054328 0.038961035310289695 20.44082705214121 g
2458575.8740625 196.5146746140263 44.4989915359809 24.3231 18.5896125335021 0.24584706055924305 18.45479956706276 r
2458580.7966319 1130.3231816737703 27.5545585075399 26.2824 18.649393413525118 0.026466752745296092 20.934491346807334 g
2458580.8146528 1425.7470434403845 34.6018808213125 26.2936 18.408493800836816 0.02634917756311644 20.69842572425047 r
2458581.7741204 928.0178302961689 32.399108591719 25.7269 18.308009198663928 0.03790413400441163 20.203142335481633 i
2458583.7982755 1420.90412349271 42.9426507097661 26.235 18.353588063525496 0.0328120913330802 20.40535286788619 r
2458585.7315856 903.0449655859188 27.3031711789868 25.7139 18.32462656048522 0.03282566658216493 20.37594225932805 i
2458586.7574769 1049.3911030581874 38.8191454767456 26.2344 18.68205655538783 0.04016228660723242 20.514360061504537 g
2458589.7556944 1390.6186663084998 96.5270971895941 26.1495 18.291479863414462 0.07536175945123784 19.44045187398762 r
2458593.7516088 1397.5691513139122 89.368115618149 26.2808 18.41736673536405 0.06942551861237446 19.65541848749952 r
2458594.7961806 1009.7491876737063 57.6125498971024 25.7187 18.208166218851158 0.06194602202888494 19.569982245993216 i
2458596.7115972 1010.4465111274783 33.5075701286464 26.2482 18.736916678249024 0.03600306249568691 20.68791765114314 g
2458596.7731019 1486.0490919680153 39.4953203809376 26.2732 18.343117108304945 0.028855082627719058 20.534410886368 r
2458600.7308912 984.1880311902463 28.6904579119413 26.2567 18.774004801921876 0.031649673810119155 20.8649312895939 g
2458600.7752431 1340.8033077785287 30.1708744739217 26.254 18.4355873182564 0.0244305173072764 20.80760524424163 r
2458606.7094444 1399.297972831442 22.6437573238002 26.2451 18.3803244875783 0.017569043766070894 21.110303759547485 r
2458607.7541204 832.9218613544909 24.0480722569406 25.6908 18.389289347546338 0.03134626819243545 20.490674318750035 i
2458609.7098495 933.3981757959573 26.618717498913 26.2552 18.830032630553777 0.030962072069538125 20.944807171283514 g
2458612.6503125 765.1821057030838 36.3911570080926 25.6696 18.460187986984558 0.051634609420698196 20.01968533011727 i
2458612.6687153 856.7641627530105 24.0155681065432 26.1729 18.840746769318063 0.030432764845686626 20.97424282750237 g
2458612.7106713 1269.849841922427 28.958506447934 26.2179 18.458519076901478 0.02475903009360896 20.816034591388913 r
2458616.6916898 849.0711272469661 37.3663827220208 25.6762 18.3538398177441 0.04778007450664134 19.997572344877213 i
2458628.6715625 784.9545717989423 26.1158030671712 25.661 18.423888691856398 0.036121743102975806 20.371316526566915 i
2458633.7048495 1426.475135331297 27.4901820835222 26.2389 18.353239485153132 0.02092296595211829 20.89353094806283 r
2458633.7490278 937.4968252192856 30.7337141126953 26.1602 18.73027548577949 0.03559222017029063 20.6937373713713 g
2458634.7116898 965.0398796173494 22.9837464414683 26.1725 18.711136848402454 0.025857432463201935 21.02152293456293 g
2458634.7125926 940.1767071509366 22.8148243680953 26.1611 18.72807628161736 0.026346169425429587 21.018132164514558 g
2458634.7550694 1348.4122971432573 27.5042657791281 26.1751 18.350543238721798 0.022145586642649005 20.829174849069396 r
2458634.7559722 1366.9797901953586 27.1838759119594 26.1811 18.341694765284025 0.021590322175426214 20.847896541468252 r
2458635.6915278 973.8168541439159 26.4476077041486 26.2068 18.735606783146608 0.029486209406014863 20.90340900313507 g
2458635.7321296 1440.6581286099765 26.7791398331361 26.2345 18.338097665024854 0.020181132178033183 20.917583431603852 r
2458637.6913426 1335.177143642736 24.8255052830961 26.192 18.378152776941704 0.02018687274133677 20.957329747608252 r
2458637.7122106 975.6719894353846 21.6242472173741 26.1728 18.69954040747558 0.024062846384971363 21.08802249477516 g
2458637.7738657 808.3530685749208 23.7853058208373 25.6221 18.353097271818726 0.03194607348396505 20.433903139769285 i
2458640.6947106 993.6203881326553 25.0296645080696 26.164 18.670948764429745 0.027349183934803838 20.92043741800302 g
2458640.7150926 1357.5546194897884 28.691711810391 26.2122 18.38030672024867 0.022946105493898198 20.820383839211644 r
2458641.7568287 672.1081298241866 31.3827339824269 25.3474 18.278802128346626 0.050694572454634164 19.858248050388895 i
2458643.6953125 986.8727734729837 38.1007501796869 26.2273 18.74164708119346 0.041916228294060325 20.527541172300886 g
2458643.7362269 1372.7403090026223 36.074969403832 26.2576 18.413629033882636 0.028531685144583006 20.617160060588297 r
2458647.7335185 1393.109462400413 70.1938028228386 26.2547 18.394736894782227 0.05470453957971286 19.89152806063916 r
2458650.686956 683.5219526204952 89.2227075285095 25.7462 18.6593188316766 0.14172053025118625 19.122586493934463 g
2458653.6852431 1424.7014933774146 44.8408080746677 26.1857 18.301390301172468 0.034171133779930724 20.309091413161326 r
2458653.7400579 787.2219130153933 39.2470825251122 25.6258 18.38555706359749 0.05412775837793671 19.893856542847683 i
2458653.7543866 885.2302339786046 67.1593658197833 26.0685 18.700859404208753 0.08236831580280284 19.75330852296176 g
2458658.676794 1394.8015193433707 27.9294221103557 26.2259 18.3646189705579 0.02173999179430798 20.86332011471948 r
2458658.6914699 955.194385560123 25.4195682489142 26.169 18.718770597256363 0.02889257481519089 20.90865456467581 g
2458661.6945949 1431.218143699312 31.8558948148095 26.2266 18.337335417025155 0.02416539026751251 20.72120046744528 r
2458661.7294213 904.7400269509105 33.4414608262411 26.1552 18.76389048867336 0.04013019534618195 20.597061887897528 g
2458668.6918171 1004.5649818165945 28.417639238606 26.1791 18.674154912516844 0.03071282742263401 20.797704997671794 g
2458676.6726736 1020.2019146341927 69.2034843802396 26.1323 18.61058466438641 0.07364642421649105 19.784555085062337 g
2458676.6919676 1542.466325039531 59.3914587579624 26.1916 18.221060771655203 0.0418040288638828 20.00986500806232 r
2458679.6872222 978.7702472796209 82.154855337403 26.1648 18.688098102077372 0.09113019800890673 19.630791901018608 g
2458679.69125 1607.2830624886633 70.8725757801447 26.2007 18.185469079636043 0.0478735558908721 19.827079446737777 r
2458798.0349306 1288.7276875561772 59.9543802364294 26.0688 18.293397102050147 0.050509096104023876 19.87682269434184 r
2458798.0399537 1430.9212350777584 55.7101956465228 26.0758 18.186760678201093 0.0422696637178237 19.96353828004886 r
2458800.0374884 1446.5973041637053 94.386274494446 26.1044 18.203530871441508 0.07083877311513595 19.419702878010003 r
2458800.0424537 1294.7712150974126 90.8771124430048 26.1443 18.363817410614416 0.07620286876083139 19.50073869120673 r
2458800.047419 1376.3695236313567 88.4855533715828 26.1635 18.316662380859505 0.06979867226503503 19.54889406109185 r
2458800.0523843 1591.901602121361 95.4892724816279 26.1562 18.151409450441243 0.06512506991333487 19.458888527837246 r
2458802.0379167 613.9817014780506 99.9344434907518 25.4099 18.439511429905753 0.17671345096558713 18.66318699332348 r
2458802.0430671 308.2764789541803 114.785286193428 24.8085 18.586149025112817 0.40425525049132166 17.91135943569812 r
2458802.048206 327.0361659008115 117.756821590177 24.6029 18.31641054355839 0.39093101782275375 17.678009801713678 r
2458802.0533333 729.0580304335051 111.170766097979 25.0743 17.91739475501432 0.16555348917946563 18.211898492975997 r
2458804.0420833 1431.8049886888425 61.0645220897733 26.1374 18.24769032187141 0.04630361826967666 19.925502582853284 r
2458804.0468634 1313.5678487714017 57.4524018516352 26.1471 18.35096872499834 0.04748599225282619 20.0014045154283 r
2458804.0516551 1467.411407219552 63.6968317542968 26.1553 18.238920272930187 0.04712764933910118 19.897580410905768 r
2458804.0564352 1452.3362260445847 73.7784134127197 26.1543 18.249132074427152 0.055153360499960974 19.73705171018149 r
2458806.0368981 1005.0664182685371 58.7625952388126 26.0603 18.554813094030596 0.06347694887735562 19.890122568973062 g
2458806.0429514 1187.1467816035615 69.7198168052267 25.9589 18.272638951351034 0.06376195958109612 19.603084395925926 r
2458806.0478588 1158.5212223397461 64.3273888397159 25.9271 18.26734001547348 0.06028395916842196 19.65868518168026 r
2458806.0527894 1203.3778112796228 69.0242702277991 25.9875 18.286495001488632 0.06227441580182845 19.642570429973166 r
2458806.0577083 1017.356165016788 113.784050872454 25.9664 18.447717447038464 0.1214278227037478 19.07877151115455 r
2458829.0469213 1059.40181412599 95.854837386682 26.3427 18.780048219278303 0.09823430124723584 19.641239902245474 g
2458829.0684144 1653.9798406458578 63.4706015841545 26.3308 18.284474470256168 0.04166316326625122 20.076943452551028 r
2458832.0646065 1148.5190232441087 83.3941337546689 26.3644 18.714054517668853 0.0788328353166513 19.814136234495496 g
2458838.9830208 265.44919376312697 66.9687785232229 24.7088 18.648846473459695 0.27390553277605334 18.396694044920217 g
2458839.0474537 462.1737038690592 75.4593247884507 24.9356 18.27358692012715 0.17726276557272905 18.49389270214335 r
2458851.0206481 1513.9214066377517 46.6533793908595 26.3667 18.41644167528257 0.03345720179566493 20.44706721956214 r
2458851.0434259 1068.6872651668393 37.4276933189358 26.3545 18.782373414440805 0.038023515354629764 20.674092333591844 g
2458854.0042245 1118.5565669509208 25.374108886087 26.3554 18.733755120350104 0.02462876785276915 21.096997991181972 g
2458857.0431829 1055.378400198537 32.0881091995496 26.3454 18.786879496286424 0.033010018161635 20.832114671833722 g
2458860.8971875 1469.9862738479765 92.9579869759007 26.291 18.372716801258665 0.06865675432162086 19.622858213127905 r
2458872.9389352 838.8173566235612 25.6369757804342 26.0083 18.699131479470445 0.03318250914222391 20.738708006400742 g
2458873.0450116 1514.4138134623238 31.4363427340906 26.3055 18.35488859421144 0.022537061536946474 20.814494951625107 r
2458876.0020949 1491.0077547229632 40.7332414129833 26.3453 18.411600244444923 0.029660529975106015 20.57300256130811 r
2458881.9596644 1147.5297859876578 28.2557197512358 26.3533 18.703890082075468 0.02673327987518283 20.97810905302253 g
2458884.9387037 1204.8946069144363 59.5293246909273 26.3667 18.664327348775217 0.05364036609181158 20.182447599455667 g
2458885.0185301 1515.4230238312905 49.2489671085044 26.3488 18.39746529699435 0.03528361569598003 20.370382172826176 r
2458887.9818171 1609.247270288042 63.5722719212003 26.3646 18.348043047193684 0.04288987584393608 20.109005658271023 r
2458894.8735301 1161.6201817027395 47.3810435189397 26.3237 18.661039628132862 0.04428435366292286 20.38726343570223 g
2458894.9627199 1582.9716365611757 40.8710923659794 26.3545 18.355817166721756 0.0280319267615816 20.578534375907566 r
2458898.8585069 1565.8790106743377 25.7577854006313 26.3303 18.343404493029837 0.017859124120593664 21.055603687707453 r
2458898.9181134 1080.3917618578148 24.9420472166289 26.3441 18.760146840074235 0.02506459380672121 21.10434474657668 g
2458901.8976505 1586.740768355784 31.0457728099111 26.3425 18.34123504932059 0.021242534515986376 20.865068801574765 r
2458904.9203356 1048.6906402304976 46.6413801939036 26.316 18.764381520354327 0.04828740196002036 20.396646505616207 g
2458904.9746412 1501.082471374895 42.4045023087738 26.3349 18.393888616028896 0.030670245662430092 20.518945063241276 r
2458908.8391204 802.3682709338898 36.2945006820064 26.0023 18.7413656337639 0.0491107896684278 20.355272924117077 g
2458908.9546528 1549.3079311970296 30.4195626370011 26.3543 18.378955639706525 0.02131694964568798 20.898992575132333 r
2458911.9486343 1547.9268584929773 40.6400688231402 26.3293 18.354923910333323 0.02850452686391157 20.559488902296287 r
2458914.8749421 1226.5157838067335 31.8681597162214 26.1903 18.46861714641394 0.02820938911728959 20.684482526440956 r
2458914.8753935 1262.121952665455 32.6586035815815 26.1967 18.443946698286798 0.028093518089627578 20.66428096113589 r
2458914.9053935 1164.6687882290717 57.2806183442887 25.9995 18.333993907401382 0.053396783673542184 19.857055745324605 r
2458936.8120139 1094.3978771405323 28.6012347321946 26.2829 18.684961895115837 0.028373922498715003 20.894513033452405 g
2458936.8993171 1497.7368783524123 40.1504622480964 26.2996 18.361011191418946 0.029104816401870938 20.542948615083233 r
2458939.8367824 730.69618228997 35.7068899837835 25.9002 18.740857904330028 0.05305484193704113 20.270894925544432 g
2458939.8589815 487.96125883490913 53.8801754605416 24.9991 18.278136642442547 0.11988186651781185 18.923102485831908 r
2458940.8575579 59.21170331272117 44.493609570802 23.6824 19.25138111402884 0.8158304728356196 17.814230890215068 g
2458941.9414583 933.9929112752573 42.222916193122 26.2134 18.78754104980411 0.04908112209147445 20.402104426036633 g
2458954.7544444 1484.12836128024 33.8242430357068 26.307 18.37832133897522 0.024743803583262076 20.736504773775458 r
2458954.7962616 1114.4916154937202 27.7100594266689 26.289 18.671307986103166 0.02699420175198612 20.93498134624473 g
2458955.7700694 1516.6512124719602 34.8061087178128 26.3273 18.375085708407493 0.024916072940289163 20.72573630820044 r
2458955.7807292 1350.4638660022222 29.8162431851676 26.1782 18.351992579053757 0.023970648931145262 20.74464268435331 r
2458955.7866204 1365.1481419099741 22.5740532678102 26.1765 18.338550544226432 0.017953106245723317 21.045051125382425 r
2458955.7964931 1178.0004577384748 31.0309328516206 26.3027 18.62483635198508 0.028599550684116962 20.825787910317032 g
2458962.7324884 1164.2433725684418 27.4130707616741 26.3073 18.642190564001602 0.025563702252640434 20.964980771329728 g
2458962.7784722 1533.141675367999 31.4676227008229 26.3407 18.37674427694175 0.022283914471298273 20.84861515339842 r
2458965.7507176 1126.9835114772013 28.1010966070189 26.3107 18.680906094815633 0.02707170093930662 20.941466819194005 g
2458965.790787 1572.7446815412231 29.2610347406756 26.3359 18.34425443692185 0.020199531297616292 20.922750789760208 r
2458968.7013194 1717.8431113364436 28.3341311642012 26.3733 18.28584125579068 0.017907552792199292 20.995100239144104 r
2458968.7714352 1139.3120178897643 33.9685916742204 26.3219 18.680293303738438 0.03237014917915966 20.74678113529027 g
2458969.7902894 134.89499741802814 51.3376087327853 23.2448 17.9198103896088 0.4131898355612108 17.221285899919675 i
2458971.7134491 1698.9903036216665 46.0641878231596 26.3954 18.319922749260023 0.02943624140349485 20.489566443310594 r
2458971.7511458 1235.741530816317 55.2625013086929 26.362 18.63218089326111 0.0485526270458949 20.25849864366338 g
2458975.8831019 1547.327578050221 121.827263382706 26.2978 18.323844334886438 0.08548148545330905 19.33601376735643 r
2458978.6697801 1167.75474197327 28.8122277857532 26.2856 18.617220901175926 0.02678767602701654 20.889232890174124 g
2458978.7546759 1615.0257053014502 51.0473150456604 26.3374 18.31695140224592 0.034316524971179194 20.320042728465957 r
2458981.7011574 1142.8403722919504 30.628019536397 26.3497 18.70473606503126 0.029096662680876524 20.886977700556983 g
2458985.7087847 1164.8777605905168 28.1699767865862 26.3165 18.65079911510643 0.026255238817240772 20.94460876639393 g
2458992.6913426 1103.9769601235007 25.819561214878 26.3127 18.705299975474567 0.025392103842327565 21.035402845493557 g
2458992.7328704 1588.531547309386 28.0290217228557 26.34 18.337510389790637 0.01915675451082345 20.97355513878169 r
2458995.7000694 1152.0714826644348 27.6507306159065 26.3117 18.65800143343743 0.02605775655540097 20.960008461245817 g
2458995.7468519 1636.7101341672214 32.9254797436495 26.3432 18.308270571290684 0.02184088227441011 20.801944710143598 r
2458998.6922569 1132.9565770878348 36.3151301385149 26.308 18.672466837637465 0.03480039534500972 20.660355977076705 g
2458998.7312963 1651.7922557135612 33.9330924028215 26.3644 18.319511435926785 0.022303748122265057 20.79041638983471 r
2459005.6876968 1073.6720481802402 76.54594208701 26.2858 18.708620882754136 0.07740345803425028 19.828569557940412 g
2459009.6709144 1753.9011198043315 60.3927517735852 26.3956 18.28558723656667 0.037384325638549334 20.19571294284009 r
2459009.7499537 1180.8859431516084 49.0779548068032 26.3342 18.653680117634195 0.045122000005808655 20.359558848247605 g
2459014.6989352 1238.38936082425 34.8320630509149 26.3691 18.636956969324082 0.03053738351660892 20.766726994580957 g
2459017.7173843 1158.924062435447 30.0385256254248 26.3252 18.665062549749553 0.0281406075933817 20.883578457981436 g
2459017.7347917 1595.9361029751835 30.6117935356777 26.3606 18.353061251574754 0.02082490907983556 20.898453050348827 r
2459020.6973264 1096.629665662048 26.8539524608836 26.293 18.692850024758314 0.02658630994555479 20.973054449767215 g
2459020.7359144 1518.84654352654 30.1854866007912 26.3016 18.34781525702551 0.02157715204485788 20.854679536090966 r
2459023.7139468 1047.5112142738506 29.3457702866417 26.2904 18.74000329734526 0.03041561977194982 20.87411120506013 g
2459026.7167708 935.8730755279337 75.1344066933094 26.0541 18.62605761729889 0.08716291501484834 19.617077835892463 g
2459032.6961458 981.9649723870886 96.9142554497239 26.2952 18.81496000907213 0.1071523018646818 19.581805830129596 g
2459032.7139352 1444.180953221578 87.9608637628648 26.3477 18.448645967639624 0.06612683097246892 19.739551275614403 r
2459037.7360301 1247.1269938724117 171.644585914381 26.1936 18.453823301087425 0.14942706544150758 18.859599715962805 g
2459039.6740394 1121.890513241001 65.9810049240199 26.3386 18.713723810942533 0.0638525561991448 20.042627674700107 g
2459039.7123032 1532.9126484682813 48.8108078796513 26.3452 18.38140648071969 0.03457072010456045 20.376484999583745 r
2459042.6695602 1084.1989731571584 65.4354576232412 26.2098 18.622027520936825 0.0655260501996943 19.922842129159434 g
2459042.7292593 1370.4969020905016 56.9578231842287 26.1443 18.302104854536893 0.04512166976575444 20.007991531493442 r
2459164.0348843 1676.3292248480416 61.6667316420774 26.3002 18.239301708755008 0.03993939230515567 20.07764766096046 r
2459164.0395718 1670.613457509966 63.52407210609 26.3162 18.259010061218046 0.04128308961929363 20.061429164049056 r
2459164.0442477 1730.0758998548424 70.2040370687526 26.3241 18.228937108991495 0.04405617294127951 19.960769772002447 r
2459164.0489352 1790.65328406554 76.0175347658646 26.34 18.207471241119926 0.04609057388704313 19.8902905356391 r
2459164.0535995 1824.7433196838374 110.139856193194 26.3805 18.227495544025544 0.06553186992331035 19.528213726413988 r
2459166.0371759 1620.7677159463624 48.0537511450381 26.314 18.28969805651117 0.032189657472110236 20.36225675170816 r
2459166.0418403 1764.996610353805 51.0540531021066 26.3329 18.216040310826443 0.031404811277142314 20.315399424767357 r
2459166.0465162 1704.1707846665834 56.331977340581 26.3406 18.261817210658 0.035888203429467025 20.21628749936239 r
2459166.0511921 1750.0856469148487 68.44216828583 26.3564 18.248751742466645 0.042459443192919985 20.020665589717623 r
2459166.0558681 1542.1249346862646 86.1859912744508 26.3619 18.3916011016288 0.0606773994907928 19.77588328650708 r
2459168.0366204 1659.98565311833 57.6302827983038 26.3418 18.291539163632493 0.03769261373830577 20.19274811236336 r
2459168.0413657 1661.9183873209622 62.9267811451962 26.344 18.2924757678756 0.04110888164578994 20.099486196364914 r
2459168.0461111 1745.2473217064287 77.6382026440763 26.3507 18.246057549496463 0.048297909162958466 19.87808630731231 r
2459168.0508565 1656.0185783277666 78.9921076230123 26.3626 18.31493698829214 0.05178790405413563 19.871215735206054 r
2459168.0556019 1722.8995147886735 122.803063710182 26.3906 18.299950128268186 0.07738541053945226 19.420151984691284 r
2459170.0354167 1717.5048685264312 59.5271237227754 26.3449 18.25765505798374 0.03762935372711153 20.160687742947935 r
2459170.040081 1765.586747735348 67.4735864805427 26.3464 18.229177348980258 0.041491064053288826 20.026140501184177 r
2459170.0447685 1621.401009142444 63.2402712616128 26.3503 18.325573902546182 0.04234607115795934 20.100390678863377 r
2459170.0494444 1781.444352504643 84.1568741495126 26.3663 18.239369348210317 0.051289347397051356 19.806150999037804 r
2459170.0541204 1915.0342429925054 132.002347080546 26.3746 18.169158639865387 0.07483675487776105 19.325720855935714 r
2459172.0537153 1781.3363303917945 64.8239946863405 26.3599 18.23303518640206 0.03950933343142468 20.083135513410717 r
2459174.0408333 657.4246038291335 46.4702792824936 25.3377 18.29308511667159 0.07674306973475566 19.422336782759352 r
2459174.0455324 779.6610418172147 49.5314404287255 25.4992 18.26943541527079 0.06897392839858568 19.514572594342575 r
2459174.0502315 818.6918577913885 49.6807339427689 25.4954 18.212598822040803 0.06588360727951478 19.50750498133626 r
2459174.0549306 964.1696529098485 55.7187106940254 25.7055 18.24511635497324 0.0627418670748805 19.593072342938278 r
2459174.0596412 1204.4175465359292 61.8050697758775 25.9261 18.224157315254097 0.0557130410866764 19.7011147364953 r
2459178.0268171 1241.5944587656295 43.2219700334405 26.2735 18.538550585843097 0.03779502440109101 20.436813594409564 g
2459181.0604167 1785.9439587772367 87.9390541188923 26.3963 18.26663043245359 0.053459365613157055 19.78842051417324 r
2459185.0057639 1733.6233635772062 76.0634299726666 26.3371 18.239713121946302 0.047635528948411276 19.886735225630407 r
2459185.0271875 1310.2956236212212 78.8136696660014 26.2953 18.501876773793477 0.0653043478233532 19.80637111594214 g
2459187.025081 1072.4583214768447 154.569387082786 26.3426 18.7666489415745 0.1564778604400097 19.122366277130013 g
2459188.9863426 1151.841844820702 60.4817249252298 25.8446 18.19111787050455 0.05700870223337263 19.643114567532464 i
2459189.0111806 1794.0233997153537 59.9937004590738 26.3887 18.25412974171786 0.036306750847704114 20.196010863179794 r
2459189.0391551 1386.173489239114 64.1885705426178 26.3544 18.49985602837976 0.05027475390282749 20.08833072865177 g
2459195.0142245 1819.7870681158388 40.1629636332382 26.342 18.19194856376303 0.023961555931790498 20.585010609166567 r
2459197.0117361 1792.077026817518 54.5707745480688 26.3874 18.254008318711975 0.033060794285195254 20.297574694240065 r
2459200.0189005 1822.2906854494627 49.5942859487672 26.3931 18.24155586174289 0.02954770975043203 20.40709588482322 r
2459200.0434028 1408.8453093696367 40.3731257447561 26.3834 18.51124172406705 0.03111278600252718 20.620744053140452 g
2459202.9616782 1132.8714865639274 53.2555156966571 25.8254 18.189948384745133 0.05103801629541489 19.76206350289383 i
2459203.0016435 1354.8151690623195 37.9920988945033 26.3467 18.5169998736558 0.03044549744620175 20.65004177151945 g
2459203.0426157 1794.8424667211216 50.647140169864 26.409 18.273934158572196 0.030636449215999745 20.400187670127103 r
2459204.9692361 1257.5603791382523 33.7203571053576 26.3093 18.560477885069652 0.02911207470958493 20.74214457605273 g
2459205.0061343 1842.0350227184272 36.3927798302451 26.4051 18.24185529198642 0.021449994475885078 20.755136914028732 r
2459206.9722454 28.190643240389107 44.2408956005139 23.3265 19.701237536237596 1.7038398146467755 17.464515213850976 i
2459206.983831 403.0578970396644 58.9904649820224 24.5519 18.03848141343858 0.1589001190682019 18.377520440577623 r
2459216.0085417 1336.497162442963 98.2683712429557 26.3617 18.54677989742512 0.07982805624776639 19.633240594503047 g
2459216.0408218 1657.9601811704495 79.5418775032145 26.4104 18.361464760015643 0.05208726806953498 19.911485394559737 r
2459216.9824884 1118.0459106976884 47.0108566997638 25.8484 18.227250906255286 0.04565079719050493 19.92047957515497 i
2459217.0141435 1600.437838842994 70.932672003757 26.34 18.329402973077563 0.04811908349414748 19.965459189544603 r
2459217.0352199 1199.5574245638818 73.8512861322646 26.2514 18.553847392220217 0.06684160317122836 19.833079831601246 g
2459218.9784259 1411.736376264631 72.0658829471452 26.3701 18.495715986650175 0.055422478609454665 19.97835070927877 g
2459218.9976968 1789.4976269590625 60.54187625737 26.3974 18.26557218297157 0.03673115519260216 20.19483529896322 r
2459221.9480556 1726.1379521706024 52.3825322165502 26.3467 18.254011246534162 0.032947375472506646 20.30130876724861 r
2459222.9816319 1076.0312804421305 45.6624148814202 25.8359 18.2563377586491 0.04607271622846109 19.939577800011687 i
2459223.9825694 1808.5802002012135 41.9537878426641 26.4076 18.264255569989444 0.02518507470982644 20.603247044966686 r
2459224.0412963 1383.885452285147 38.524289249555 26.3978 18.545049640123153 0.030223470280128166 20.686038401692485 g
2459225.9225926 879.5767650058712 58.3128253125128 25.6224 18.261715628823296 0.07197806599788087 19.46056477936877 i
2459225.9818981 890.546333447202 59.8495388340162 25.9873 18.613158700223984 0.07296492262291011 19.79722296832784 g
2459226.0057986 734.2670006292707 85.9684728435084 25.426 18.26136497345653 0.12711448408577214 18.842726959319318 r
2459227.8794329 1673.5868625521935 40.802911698837 26.2605 18.201379354892175 0.02646992649301212 20.48634710045375 r
2459227.9818634 1265.0566882380137 37.3851039750074 26.3333 18.57802503239167 0.03208473403843933 20.654128507062367 g
2459229.0262847 1045.8956099314967 25.1422278833505 25.8521 18.303379149793084 0.026099083458952003 20.603665593118443 i
2459229.9683102 1325.4401708971623 59.3407017606448 26.3635 18.557599677815986 0.048607399501045256 20.18269329426125 g
2459230.0053935 1858.654023490106 55.5697343015257 26.4062 18.233203609584255 0.03246008120321249 20.29667918847134 r
2459231.9835185 1906.6682819785258 34.8063656893131 26.4206 18.219912144990463 0.01981953105637955 20.81902829230203 r
2459232.0042361 1035.695137123396 27.2858353597925 25.8002 18.262120157204592 0.028603235052746215 20.462931853382404 i
2459249.0235417 1773.7734016785976 66.5536175896918 26.3816 18.259354654448803 0.04073646754920795 20.07624582173161 r
2459249.8694907 806.9944139456027 77.6086193286461 25.5622 18.29502367868738 0.10441172398349563 19.090000095840793 i
2459250.9203125 1775.661120274034 42.8116316050701 26.4175 18.29409978619921 0.026176497251035918 20.59117054001475 r
2459250.9778704 1412.1238834556168 38.1811364049396 26.4108 18.536118004065482 0.029355257198399907 20.70875286320587 g
2459252.8323958 1734.977239190535 32.2076568626603 26.3618 18.263565545639242 0.020154646565913897 20.844477162568047 r
2459252.8994097 1131.7965832537059 26.5423987614233 25.8626 18.2281790536928 0.025461361839804724 20.55532456531693 i
2459252.9867361 1415.4547558667086 29.2269628363733 26.4107 18.53346002007687 0.022418034500877135 20.99881577080874 g
2459254.9222917 911.4930470432256 34.8335090371213 25.6812 18.281816599591295 0.0414909810714213 20.078781923262973 r
2459255.8488194 1042.252658950751 30.6646851417317 25.8211 18.276167470616503 0.03194297310970091 20.357078714645404 i
2459256.9220833 1769.3781871134538 28.3345236715296 26.4007 18.281148327530072 0.017386216567056138 21.0224851987512 r
2459256.9894676 1413.7169890735468 32.5416524997125 26.4037 18.527793807298107 0.02499119158360757 20.875175981419062 g
2459260.8999769 1117.5122777260615 40.6332441809131 25.9245 18.303869241811345 0.039476535592955254 20.15487124409814 r
2459262.8800347 1075.2294424135748 35.8998284800199 25.8328 18.254047130204135 0.03624942011750248 20.197644055065048 i
2459263.8572801 1174.7117853239554 53.7303829166218 26.3631 18.68827168538985 0.049659054639082365 20.290125150069166 g
2459265.8543519 1109.2551714397107 35.6796952330539 25.8538 18.241221344724384 0.03492203246999426 20.2253221489446 i
2459265.8735301 1739.6232901222932 36.7911154487242 26.4069 18.305761966554627 0.022961358513354835 20.745117601269953 r
2459265.91875 1354.7687839228388 30.4670648765011 26.4101 18.58043704690909 0.024416042596314514 20.95309844577085 g
2459267.918206 1774.8185270525087 53.2927849575818 26.4244 18.30151511599943 0.03260050295087705 20.36030394901428 r
2459268.9114005 1119.8871744029054 35.7167974726183 25.8764 18.253464322794272 0.034626458720448304 20.246793711205648 i
2459269.8470023 1461.138953747486 39.9504177502901 26.2258 18.314071202162545 0.029685177060159253 20.474571676737227 r
2459269.8474769 1555.7371328637967 41.5516135670906 26.2394 18.259559455690578 0.028997563853700104 20.445505255822496 r
2459269.8739236 1840.682497261448 47.9723916869604 26.4209 18.258452793241702 0.02829582273532915 20.470996561738353 r
2459269.9356597 1377.3801453645062 56.0469277161124 26.4133 18.56566545391541 0.044178181038960755 20.294495461217334 g
2459271.8320602 1089.9291856463271 78.3432793363387 25.8642 18.27070429478627 0.07803928869472747 19.381770622832263 i
2459271.8984838 1333.9098065339429 119.684001194379 26.4013 18.588483836560023 0.09741357283696586 19.458784739655595 g
2459276.8784954 1703.6989734759786 64.6653580313319 26.3956 18.31711784567699 0.04120867612626224 20.12149577299651 r
2459280.8425347 950.4031875666809 30.7104728355498 25.7466 18.301830289439668 0.03508233220778955 20.280958731324077 i
2459281.7882986 1647.9047164301155 33.0564790492155 26.3626 18.320269758182427 0.02177881945837326 20.81703350513143 r
2459291.7959491 1183.109204584533 29.9899293422848 26.3348 18.652237917044783 0.02752076153304257 20.894936382804815 g
2459291.8326505 1002.5839223935847 26.6512231262125 25.8531 18.35029816021838 0.028860659244413656 20.541382126037224 i
2459291.8494676 1692.8599818195762 31.7214707360414 26.3883 18.31674740336595 0.020344270139283582 20.887491702244986 r
2459293.7957755 1316.2275688274058 39.0131879284293 26.3774 18.579072542493332 0.03218031527149226 20.651946389773876 g
2459295.8534491 1005.1007554674002 36.1764797202202 25.7969 18.29137600145395 0.039077479365716185 20.15340922909599 i
2459296.8572801 1528.3717326885394 65.4078196024448 26.3402 18.37962750801866 0.046463349343327486 20.053700809206113 r
2459298.8318519 1042.1286823109635 76.4036648720944 26.0866 18.541796627334474 0.07959809605056124 19.63138951171439 g
2459298.8780324 1464.3774152647827 78.437793223767 26.1713 18.257167444391445 0.058154346833903865 19.68756157244514 r
2459300.8373148 1008.322239252568 159.611232956098 26.3368 18.82780163509132 0.17185965842515685 19.081716358102174 g
2459303.8359259 1644.9348016281074 99.9098019049036 26.3829 18.342528277498218 0.06594308286309672 19.63645474446118 r
2459303.857963 1313.7678890641903 113.733282780546 26.346 18.549703393262785 0.09398937677095684 19.458856052314214 g
2459304.7694444 1317.3330083644346 89.8707975472257 26.3003 18.50106106484713 0.07406838231296325 19.66882849965956 g
2459304.8195833 1852.3123752005845 78.8901666020232 26.3572 18.187914429413127 0.04624006999388618 19.867217806124554 r
2459304.8403356 1465.5402314409953 75.010496929016 26.2057 18.29070563744633 0.05556919883103975 19.770469882702084 r
2459304.8407986 1422.2956896643675 71.5194192863436 26.2068 18.32432526527436 0.05459387529853707 19.82331504046772 r
2459305.7978125 1373.153457612635 73.1834972495002 26.086 18.241702313007504 0.05786339649315192 19.67754209052683 r
2459305.79875 1777.1973082378765 49.2647399390958 26.3793 18.254960883044383 0.03009611139064203 20.400534502763115 r
2459305.8174653 1314.8188326691463 53.9218418965361 26.3636 18.56643520993642 0.044525483125476856 20.286763192441224 g
2459305.8184028 1364.1042015742682 53.2946047230665 26.3528 18.51568113350929 0.04241754572785327 20.288666875486594 g
2459305.8584259 1049.7488532371653 42.3667508159781 25.8195 18.266786477800416 0.04381770098539502 20.00451209307063 i
2459306.8635532 1347.3279853788035 43.0608710578473 26.3373 18.513616673459588 0.03469918847886221 20.504667962378676 g
2459306.9570718 1645.7358841587732 49.5780185226086 26.3283 18.2873996531497 0.03270686094173006 20.342652075672895 r
2459307.7572569 1749.362435558603 34.2176647134568 26.3844 18.2772005085268 0.021236376078658248 20.801349072923053 r
2459307.7705671 1751.0633007053398 30.1971538482938 26.3832 18.274945384862598 0.018722938182695367 20.93585996009737 r
2459307.7986574 1325.2763770380025 26.3552860887031 26.3938 18.588033858080088 0.021590918394287843 21.094205651966657 g
2459307.7995949 1319.5856072170761 27.2936192630621 26.3849 18.583806074928532 0.02245605156030764 21.04732216668033 g
2459308.7746644 1716.8475780609485 33.1150286142305 26.3942 18.307370649612864 0.02094128041761068 20.846712152532895 r
2459308.8584606 1298.9425349562412 33.0736325913777 26.3771 18.593125154079246 0.027644058099666777 20.830970245166462 g
2459309.755625 1364.2378290100032 40.7626773406371 26.0525 18.215274780168386 0.032440119931907554 20.279418236049782 r
2459309.7696991 1705.2788717459987 29.3093740287234 26.3931 18.313611471947212 0.018660400894080137 20.978158631290945 r
2459309.7968981 1263.8511937837643 34.9466672308736 26.3535 18.59926014251336 0.030020620148301258 20.74756057774371 g
2459309.7978356 1303.667370935207 33.739457252052 26.3581 18.570183010381133 0.028098370454938265 20.790329759023244 g
2459310.8383681 445.52232901924896 28.6990665501102 24.969 18.34682631196994 0.06993718277161465 19.576905560803105 i
2459310.8574884 194.60737719682456 34.9241840340006 24.0442 18.321301751187338 0.19483941026225984 18.438959318956798 g
2459311.7486458 1226.5231589703385 30.2500887380144 26.297 18.57531061779183 0.026776927204891436 20.84775835669919 g
2459311.7956713 1086.7420483277076 39.6528696259228 25.8253 18.2349838221263 0.03961484753360928 20.082188433884212 r
2459312.8064815 1505.251152612188 26.1290561762303 26.2195 18.275477578923656 0.018846234557803414 20.929265682681102 r
2459312.806956 1532.4386336907082 24.028536756581 26.2268 18.26334226932095 0.017023704429710487 21.02755667720339 r
2459313.7565972 1195.0669292259615 32.1269049783646 26.2555 18.56201942888259 0.029186801075318982 20.740902767217165 g
2459313.8007755 1094.351815122188 37.4141776505755 25.9444 18.3465075935355 0.03711838561778636 20.26438447906976 r
2459313.8180093 895.5143752179663 30.9790648850239 25.6709 18.29071859564924 0.03755827005846111 20.19580422847185 i
2459315.7705903 412.3913600447114 39.9350996076049 24.8629 18.324626105344556 0.10513687202194495 19.112088059151887 r
2459315.7913657 189.6034332843115 26.7501468455389 24.2967 18.602084507118676 0.15317567792484 18.98095956307691 g
2459316.7521296 1005.3606925000555 29.3931162663738 25.7892 18.283395246954363 0.03174194751044564 20.37116090782114 i
2459317.7538657 1302.9953788706678 25.5967478346079 26.3675 18.580142811322006 0.021328079573175684 21.099613014083992 g
2459319.7730787 876.0988781392027 77.1109666047059 25.7976 18.44121718946885 0.09555927821816829 19.332384621295258 i
2459321.794213 1787.63266459733 26.3876119060217 26.3676 18.236904295684873 0.01602624007366807 21.06667476891168 r
2459322.7270023 951.8318563045751 28.3967096672964 25.7804 18.333999410364036 0.032390497840112595 20.399804936236137 i
2459323.7760185 1310.4577984101334 43.7875144229586 26.3273 18.53374240095354 0.036277478348927 20.4764992557201 g
2459323.8330208 1708.4931577982845 33.2694400939268 26.3493 18.267766890328687 0.021141806126121432 20.796761259167347 r
2459324.7393403 1464.5552180861603 28.3003399277328 26.1928 18.278535623701195 0.020979529266019047 20.815895859019545 r
2459324.7398032 1450.7308612603047 28.6615651956261 26.1983 18.29433287536863 0.021449782426120032 20.807625230805087 r
2459325.7762269 1764.4618138044946 32.9839607162664 26.4 18.28346934033207 0.020295529134992274 20.85681797778236 r
2459325.8361921 1346.4533487599515 61.8303902827073 26.3343 18.511321723022764 0.04985635394776924 20.108870019561188 g
2459334.6915394 1230.2068327269592 29.5888558876878 26.3173 18.592354662945418 0.026113186809451426 20.89205455760935 g
2459334.8295949 1671.590909523704 51.472751255093 26.3694 18.311574998275486 0.03343160441903684 20.343031533612645 r
2459336.6847222 1072.501695105974 31.3305499649522 25.8271 18.251105031833415 0.03171610660586185 20.33975494317436 i
2459336.7540741 1254.1304083216394 28.924155879046 26.3429 18.59704325471659 0.025039625727523638 20.94232325570305 g
2459336.812419 1727.0411500552586 30.3573269983733 26.3316 18.238343286033555 0.01908405594219879 20.87851616735984 r
2459338.7533681 1771.2629617649827 30.9644451704713 26.3596 18.23889239662139 0.018979733019473175 20.88501673264456 r
2459338.7966898 1245.3299542113602 33.5491389345898 26.329 18.590788913974716 0.02924871438136317 20.767371543825526 g
2459339.6934606 1070.0416292876878 29.1885521090001 25.7961 18.222598315090153 0.029615680509399455 20.385643608033476 i
2459340.7260532 1293.2007169480007 29.009841633281 26.315 18.535835158220966 0.024355063099241715 20.911211594245668 g
2459340.7967245 1752.9650339455222 27.6016245398801 26.3611 18.2516668665196 0.01709508357705162 21.011338379291963 r
2459342.673206 1029.9331285937892 33.3199180580697 25.7997 18.267677430531993 0.03512406197190502 20.24551517741401 i
2459342.7992593 1694.1841805884524 31.6109661940732 26.3269 18.254498444480276 0.02025755309849763 20.829880563358724 r
2459342.8162616 1232.6589776372505 29.2153401080578 26.2613 18.53419264228074 0.02573225468743774 20.849847622959008 g
2459343.7229861 1429.0307420741676 25.3294807216716 26.1511 18.263496070832993 0.01924396474466578 20.89460927307524 r
2459343.7234606 1417.5469956774348 22.0131074457247 26.1486 18.269756335276252 0.01685985073278072 21.044471605712378 r
2459344.7471875 1756.2724233681088 26.0138081559777 26.338 18.22652029455275 0.01608132721276881 21.05256515633778 r
2459345.7481019 6655.971872610031 54.9133934772222 28.2806 18.722571304982957 0.008957290150753198 22.18397928268682 g
2459345.8009491 9830.85400978363 65.6732137826611 28.3486 18.367121883032503 0.0072528193514903435 22.057704315582566 r
2459346.759294 13211.622276899227 83.9571586222225 28.6749 18.37250962843766 0.006899401542498568 22.117330658535153 r
2459346.7791204 1747.966503094434 32.6755206304493 26.3104 18.204067235404835 0.02029547630671171 20.777418698977627 r
2459346.8732176 1106.6604157042054 34.6487557144271 26.126 18.51596406029397 0.033992499908127465 20.529355881405188 g
2459348.7684491 1281.7009018147098 27.6866995224389 26.3077 18.53823327527742 0.023452780308535266 20.95459702058188 g
2459348.7734144 1032.4499003705023 30.5529125157229 25.8019 18.267227533247983 0.03212872324983187 20.341843447867696 i
2459348.812338 1697.4329004473175 29.2534597196838 26.3209 18.246418460941822 0.01871089055083768 20.908031898728662 r
2459350.7492593 1588.5867539879077 39.3435306666327 26.3239 18.3213726575541 0.026888850191865744 20.58929166246443 r
2459353.7563079 981.4556113651586 43.9242098230761 25.7845 18.304823344019095 0.04858957863471915 19.930315095475514 i
2459354.7347685 1755.4534300506868 53.4272840763972 26.3667 18.255726718316684 0.03304331594832999 20.299867244635365 r
2459354.8114583 1215.6050284407793 80.7250837563517 26.2873 18.575318780242235 0.07209843771927171 19.772353728430218 g
2459358.7533333 1369.8158554378947 103.182923089386 26.309 18.467344527989173 0.08178157608077523 19.52755542184589 g
2459358.810544 1748.334326191382 125.45526115343 26.2791 18.1725387888985 0.07790659657812442 19.28545279211205 r
2459361.6889583 1845.2324416093788 49.0398112814189 26.4077 18.242572296323416 0.028854100929311285 20.433903013585322 r
2459361.7338542 1353.0672248341275 71.5830458251812 26.3915 18.56320156421689 0.05743817559539709 20.007049555473486 g
2459363.7086227 1783.7654529289323 31.0836840660596 26.3998 18.271455628817 0.01891927872866224 20.92104377378451 r
2459363.7320718 1344.507647646101 30.3630802303511 26.3815 18.560091807846668 0.02451841479950379 20.92821042129994 g
2459365.69 1304.474635310625 29.5732607004042 26.3521 18.56351090266223 0.024613502074559906 20.92742695970794 g
2459366.682963 1005.1694091344032 26.515199217094 25.7789 18.273301842494426 0.028639502484252104 20.472737753012694 i
2459367.7532292 1124.9623163610613 28.0794567471239 26.2473 18.619455062927223 0.027099455463508924 20.878903236036244 g
2459370.6929398 1011.4790062606594 35.798361623643 25.8064 18.294007816982738 0.03842519812494588 20.174317112081923 i
2459370.7223727 1163.2516501934485 31.0996325129105 26.2991 18.634915806755917 0.02902628250185748 20.819786846058943 g
2459370.7671065 1642.5478230802278 32.8101325822558 26.3221 18.283304942552117 0.021687016015006597 20.784655025841452 r
2459372.6931713 788.3392815661376 32.2732047125306 25.8844 18.642617081910757 0.044446622381653936 20.364869757253544 g
2459373.708125 1021.4955001145692 38.4851809011339 25.8254 18.30230885544647 0.0409041066746498 20.114741158362705 i
2459374.7230208 1230.5230465288232 33.2728515621807 26.3383 18.61307561990383 0.029356894243437827 20.785649932836208 g
2459376.6917245 1022.2667519000757 32.3999149453905 25.8285 18.304589409813367 0.03441038025625713 20.304715313859166 i
2459376.7186227 1236.2594189311665 41.6200333672211 26.3373 18.60702596634485 0.03655128489606105 20.54161892902438 g
2459376.7541435 1642.5773640769303 40.6255126762634 26.3469 18.308085415911385 0.02685238459827784 20.577477852588487 r
2459378.6935069 1203.0435679075586 30.8234708520203 26.349 18.648296611286256 0.02781698285644289 20.879371137872305 g
2459378.7499653 1661.7321926431232 41.5100825376689 26.3589 18.30749741622473 0.027120794079016745 20.566090996859252 r
2459379.7562269 1023.6694008058865 35.2924181820376 25.7947 18.269300695772912 0.03743100886875497 20.178071447741807 i
2459380.7501389 326.8480616011262 52.6475789550115 24.7896 18.503735215772473 0.17488087948709144 18.738728977737694 g
2459382.7172569 547.5716795297334 64.5975234290657 25.4113 18.565197554294443 0.1280810052980988 19.138335318851354 g
2459386.6874653 1623.6653521144253 100.939394905491 26.3138 18.28755869190332 0.06749537452787156 19.556223246735083 r
2459386.7322917 963.411931247073 71.9000380651734 25.7877 18.328169948814914 0.08102647351098595 19.39845218839432 i
2459386.7917593 957.061504061473 130.625709473074 25.992 18.5396503801759 0.14818309186303583 18.95450333350004 g
2459390.7134838 1251.7968424951719 82.9983507099502 26.3032 18.55936537059048 0.07198557010750768 19.758101333059656 g
2459392.6878588 1623.1186774775283 45.6939612717537 26.3222 18.296324311818722 0.030564575739983026 20.425127965989844 r
2459392.7568634 1029.2678641849411 75.1391870398096 26.1092 18.577878966401574 0.07925887731248847 19.67210875928174 g
2459394.6957176 881.888001002085 33.4608066773571 25.9936 18.6300664159553 0.04119389057150888 20.43483397221282 g
2459396.687338 1630.9449123091717 34.0591861481231 26.2909 18.259801769202166 0.022672781969479222 20.712889323693183 r
2459396.7497338 825.8458634630068 36.2493816405743 25.9703 18.67805250547028 0.04765532575551181 20.324623482746006 g
2459401.6928125 1008.892751162271 46.4980114102128 25.791 18.281387495839855 0.050037916250176666 19.874989039840372 i
2459526.0422685 683.9888704425275 82.1214746765595 25.2149 18.127277412164332 0.13035195294721144 18.68133314039268 r
2459526.0447106 1229.4878933381733 84.4279587661448 26.0848 18.360489358411805 0.07455415814101976 19.52115926574938 r
2459526.0471528 1747.3341875287226 83.6261114780407 26.3507 18.24476006450355 0.05196079254885885 19.797420231560405 r
2459526.0496065 1757.5537357588985 119.500410745569 26.3576 18.24532846977204 0.07381941917721385 19.41675149406196 r
2459526.0520602 1738.8673248116002 140.649436911549 26.3762 18.275533883262845 0.08781756461575559 19.258429994630983 r
2459527.0419097 1680.613462603685 69.7640747900124 26.3073 18.243630404625264 0.04506857625796481 19.950795391661785 r
2459527.0443519 1716.7068507045433 74.3754473972965 26.3124 18.22565964938794 0.04703739791456237 19.886401011172467 r
2459527.046794 1802.5893379722365 70.2730813586389 26.3132 18.173458005110938 0.042325494123303956 19.948802496532434 r
2459527.0492477 1765.1197909639318 80.5324002980019 26.3224 18.205464539020085 0.04953433044665652 19.810048380177115 r
2459527.0516898 1832.153663285748 93.3825041210263 26.333 18.17559526182538 0.05533672571020912 19.65991119996196 r
2459528.0440972 1750.1035250773707 60.4057382106045 26.3254 18.21774065108422 0.03747350315882254 20.125279498781325 r
2459528.0465509 1790.0644096116393 58.3974734171836 26.3272 18.195028355182032 0.03541891372656895 20.16378984503957 r
2459528.0489931 1813.7760409352636 66.5864584891462 26.3356 18.189140848028106 0.03985768714002231 20.029710197067605 r
2459528.0514352 1872.565491401234 76.01424253026 26.3361 18.155007460697693 0.04407251094504972 19.88643755869513 r
2459528.0538889 1890.801993477855 85.9769470911367 26.341 18.149384871227475 0.04936803101479297 19.757619939342064 r
2459529.0476852 1636.7237415194566 82.7728899267226 26.3354 18.300461544687103 0.05490634999283075 19.793254693185347 r
2459529.050081 1699.895891733328 88.113719919563 26.3373 18.261244189245843 0.05627701448182396 19.727266148281778 r
2459529.0524769 1856.0962173184585 102.053035890356 26.3442 18.17269878585408 0.059694632224526145 19.57471016739161 r
2459530.0442245 1829.5335797511716 78.5886548859547 26.3335 18.177649037366365 0.04663686064799401 19.847675350398923 r
2459530.0466088 1676.3057970388911 99.8443480058905 26.3379 18.27701688274229 0.06466660726311403 19.592166275815863 r
2459530.0490046 1786.8644755417376 109.603210059707 26.3429 18.21267096310683 0.0665949806438157 19.495916804272614 r
2459530.0513889 1935.7681530824987 133.463760308192 26.3593 18.14216664838839 0.07485483441592121 19.298466597095086 r
2459530.0537731 1571.3096498315354 156.488222890386 26.3549 18.36424555592055 0.10812589587947065 19.121270842539687 r
2459531.0459954 1657.0808024204582 90.0743595615994 26.3469 18.29854078509267 0.05901566902059544 19.712972031847382 r
2459531.0483565 1634.959002021304 90.4797605699245 26.3538 18.320032832920788 0.06008338798056724 19.714996382468193 r
2459537.035544 1770.9872258981693 79.0673604014159 26.2836 18.163061428394016 0.04847207926318109 19.791181887968477 r
2459537.0380093 1864.3682225020166 79.2829223257464 26.345 18.168670770181116 0.046169778979361344 19.849625865078547 r
2459537.040463 1843.0103197834515 70.98866191073 26.3639 18.20008058244545 0.04181875131634388 19.988502513940187 r
2459537.0429282 2003.924868093282 67.9999462270213 26.3715 18.11679641308006 0.03684147185065043 20.0428035659722 r
2459537.0453935 1942.9374482273956 65.8058850256827 26.3527 18.131552952601115 0.036771873143711185 20.05961315330545 r
2459538.0359491 532.794028594981 167.010378276626 25.1182 18.301801628150987 0.3403250749132757 17.813916339910392 r
2459538.0384028 358.1381302181172 179.690345200804 25.0082 18.623073595251935 0.5447334179851142 17.624463131649883 r
2459538.0408681 961.3338133164507 153.934306422972 25.3388 17.881614454584714 0.17384853644839623 18.123036441045983 r
2459538.0433218 964.1647038067929 149.622258206083 25.4637 18.00332192809426 0.16848250624915673 18.27878447631098 r
2459538.045787 949.6791113080947 125.062444313541 25.5837 18.139757786067022 0.1429749208700471 18.59345770765406 r
2459540.0390394 1875.4003675312485 186.291292216848 26.1901 18.007365008043017 0.10784708132806839 18.767193601121654 r
2459540.0415509 1156.222911301244 161.709431629566 25.8863 18.22869607262731 0.15184609144497146 18.617036612473388 r
2459540.0440741 1542.1287079913375 149.655826868152 26.1849 18.21459844502892 0.10536171876495884 18.99974091212286 r
2459540.0465856 1723.0517086252778 90.7998109696544 26.2844 18.193654223046124 0.05721323061651243 19.64176262817997 r
2459540.0491088 1709.633598003191 105.060779759607 26.3741 18.291842389832226 0.06671867511157349 19.573073439643714 r
2459551.0274653 1995.6540477744736 39.6597298411194 26.3632 18.112986856725456 0.02157616884375409 20.619900610409 r
2459622.9378125 1135.8010546127105 41.168511500832 25.8714 18.23314433100438 0.03935253692090832 20.087562077110825 i
2459623.8162384 1319.336564374767 77.07787617775 26.2897 18.488811003163356 0.06342843246055319 19.824950640424532 g
2459625.8771065 1420.359475890054 96.8330858348234 26.3753 18.494304317496727 0.07401765755460465 19.66281555920454 g
2459625.9196759 1887.1891122922982 61.4771241916025 26.4224 18.232861444195798 0.03536779292550565 20.203191130026987 r
2459627.9375463 1042.8919664787275 106.284337970948 25.8592 18.313601694878567 0.11064703674406144 19.045601809835098 i
2459636.8795833 1077.8344088674173 34.8951031560816 25.8621 18.28071989017176 0.03514975323191603 20.2577637728726 i
2459637.8732639 1256.9926645501369 40.94924785368 26.3866 18.638268141812738 0.03536901976325502 20.608560166287376 g
2459639.8400463 1246.4376173960359 44.0087540424098 26.3801 18.640923631245137 0.03833349025815135 20.523827306230544 g
2459639.8587963 1085.8927614498587 46.6728569267838 25.8591 18.269632654663024 0.046664571829129926 19.939014025110637 i
2459641.8398264 1190.9293673706763 27.2634121332691 26.221 18.53128498812933 0.024854443398638022 20.884624467354328 g
2459671.8781366 982.4150317795497 25.0107091715952 25.8456 18.36486250269943 0.0276401786100665 20.602859973653768 i
2459672.8153009 1219.3605943650757 25.6787058233049 26.3393 18.623969610062204 0.02286392642274863 21.067942159122012 g
2459675.7292593 1573.709873628458 31.5697991494059 26.2766 18.284288325901876 0.02177995544851119 20.78099544198264 r
2459675.7994213 974.7030180848221 25.5309909878165 25.7885 18.31631922294356 0.02843840267360306 20.523405808378506 i
2459675.8333681 1209.8234152024124 29.0078727192908 26.3108 18.603995035778496 0.02603177208804879 20.907085286262937 g
2459677.7983333 1165.0130089422482 40.6634767598086 26.3219 18.65607306281746 0.03789514484323901 20.55146371812161 g
2459677.8634722 1736.6755294460645 37.6680119293953 26.3658 18.26650328769665 0.023548532732990627 20.67844324093992 r
2459678.8636458 1000.8267765144037 30.3390752469427 25.7986 18.297702709683257 0.03291192319046796 20.346169141414073 i
2459679.7569444 1296.579583493777 43.7661255591899 26.3581 18.576102053172836 0.03664787192743926 20.507829734275624 g
2459682.7122917 1163.7766801505647 88.8355348971801 26.3332 18.66852587370675 0.08287564262362629 19.7143081849959 g
2459682.753912 1054.3112525534066 70.8457945627671 25.8424 18.284977895694556 0.0729550016378109 19.46918980056262 i
2459682.8159028 1583.989450826637 76.4767601203326 26.3585 18.35911928771075 0.05241879509949627 19.902251286402556 r
2459687.8173727 979.771356295775 72.174902897485 25.8113 18.3334881533314 0.0799781414023538 19.417909468502504 i
2459687.8697569 1603.4042072464129 87.9344199401345 26.3342 18.321592452929423 0.059542315841218225 19.72637773139357 r
2459689.795081 1057.0446783916382 73.4187475134614 26.3409 18.780666639657465 0.07540904921507205 19.928957560690186 g
2459690.8620486 1034.6428079183745 40.5053104257623 25.7825 18.245523892001458 0.04250415234386819 20.01629507696179 i
2459693.7537269 1508.1196734157056 48.4753687547951 26.3186 18.372510486613393 0.034897567338194865 20.357372185496683 r
2459693.838044 1116.3263340204992 36.1159347720603 26.2608 18.641322075442332 0.03512509665592627 20.619127839196736 g
2459694.7291898 937.2834377416682 32.2080910202727 25.7505 18.320822642756408 0.03730816422507613 20.233162526996658 i
2459695.801412 540.0741553048281 43.6165481137884 25.2253 18.394166512347176 0.08768145230058695 19.378746759623535 r
2459697.7542245 1087.4348603369851 25.3918189388835 26.2979 18.706891871895365 0.025351309607090217 21.038740457650597 g
2459697.8370949 797.3722467912222 32.0030708170043 25.5368 18.282647210984234 0.0435752988969017 20.026395857821594 i
2459699.7494097 1125.8675841633665 24.8963519711562 26.3095 18.680781712097172 0.024008124681172242 21.07173570122634 g
2459699.9117361 1132.2648047709718 42.7543446714064 26.1777 18.542829980126967 0.04099605658866628 20.35282435401742 r
2459699.9122106 1100.7222429472217 42.2972279148806 26.1786 18.57440564347383 0.04171997126561908 20.365395225611273 r
2459699.9126736 1133.1191687719997 50.0648736813215 26.182 18.5463110337737 0.047969741271536 20.185742177323934 r
2459699.9131481 1048.8383948454475 47.7130020752969 26.172 18.62022855700321 0.04938988371109658 20.227983131701116 r
2459699.9136227 1076.3441820252037 46.3794609520554 26.161 18.581122080845127 0.046782601324515234 20.247760747363003 r
2459700.8197801 991.1977372349771 30.5627906858809 25.801 18.310599245160198 0.033476692491474724 20.340592471391638 i
2459701.7968866 1127.5376856924474 31.5255906448215 26.297 18.66667233445702 0.030355822423853523 20.80291690914519 g
2459701.8520255 990.183894760182 29.8762041290599 26.2244 18.735110354256094 0.032758152293293284 20.788661443929076 g
2459707.7481597 1680.9863562311473 55.9566026318923 26.3888 18.324889528771298 0.03614073561766116 20.271746642364768 r
2459707.7909838 1578.240713298648 41.4052169611282 26.3807 18.385266893683635 0.02848338892534347 20.590637327499735 r
2459708.6862153 1659.947600910291 59.2634379026875 26.39 18.339764052482227 0.03876165397971806 20.210607885354083 r
2459709.7222454 1323.9202323369168 69.0514656271029 26.2044 18.39974545208128 0.05662665650105962 19.859042736724586 r
2459709.7527778 1673.4958813157737 56.1203964252563 26.3209 18.26183838039583 0.03640876268604563 20.200673163779964 r
2459713.8603819 899.3888219833904 92.6199064265702 25.7959 18.41103128586365 0.11180640669468353 19.13171414442859 i
2459714.7293403 1743.8295140848309 84.9561721920503 26.3944 18.290639940583464 0.052893310615467676 19.82398764793442 r
2459717.7122685 1636.885799656166 41.7465346583742 26.3415 18.306454047208106 0.027689294322253512 20.542523911838906 r
2459717.811713 1126.3655492669095 78.0534581999762 26.2307 18.60150160305126 0.07523546829257037 19.75229461547822 g
2459719.7341435 1661.2968125214713 30.8372476919024 26.3699 18.318781920490498 0.02015293087108462 20.89978596629308 r
2459722.7152315 1137.6791525018702 29.9881376841407 26.3039 18.66385050026698 0.028618016786255595 20.864101248787016 g
2459722.7693634 1115.470763065262 35.5309171180563 26.2697 18.6510545206575 0.034582633621941736 20.645758945234647 g
2459724.7128009 1088.6317813517635 29.0816084306612 26.2647 18.67249747776594 0.029003289095568457 20.858228932691482 g
2459724.7755787 1514.104408368033 32.9972282889697 26.3192 18.368810440203028 0.023660911727975374 20.775581335628907 r
2459725.6948843 1003.7712005590687 31.1043940823629 25.8001 18.296013172306612 0.0336431655305637 20.32062062503953 i
2459726.6923611 1695.5426815944438 30.6405311493289 26.3903 18.3170281833263 0.019619927607804906 20.927134265509906 r
2459726.7332176 1148.1614821297883 30.0562450717304 26.3486 18.698592566722464 0.028421146138648264 20.906338181141486 g
2459730.6938079 1243.9462007882626 34.0394330872721 26.355 18.617996004912897 0.029709172695276287 20.77761919296698 g
2459730.7347454 1642.2893613478332 38.5734657674611 26.3618 18.32317580110323 0.0255005072610116 20.648653335859017 r
2459732.6922801 1689.9639623004462 36.292198482912 26.3708 18.301106391041156 0.02331555037378513 20.723841795713025 r
2459732.7354514 1016.4289301833768 33.5027294986271 25.8124 18.294707455767586 0.03578598791958541 20.25227451202286 i
2459734.6969907 1032.7399236447234 36.6682310505696 26.2212 18.68622258426223 0.03854861958962946 20.56305009109966 g
2459734.7207407 901.6098125775464 45.8930531320979 25.798 18.410453425842398 0.05526347106080681 19.89620761163089 r
2459736.6956829 1741.998494519046 34.1009358550901 26.4063 18.303680561642295 0.021253397275807193 20.826959244675457 r
2459736.7482986 1245.0558482553204 44.3849399861264 26.3292 18.59122791851877 0.03870407051255061 20.46368589666647 g
2459737.7334375 1022.0750043694859 35.7251491943716 25.8272 18.30349308147062 0.037949068624622787 20.197339861271715 i
2459741.6902199 1122.8362693575384 78.4847879309772 26.3042 18.678408918559803 0.07588901123172458 19.81981126633623 g
2459741.7899769 1476.7743787734687 98.6151552696262 26.2145 18.291214627560418 0.07250022455370397 19.48221583202518 r
2459742.6913542 1014.690615893623 46.2906157473481 25.8114 18.295565890170508 0.049530093931769145 19.900242594888333 i
2459743.6908218 1792.3474755447457 72.4270792746687 26.4088 18.27524447875661 0.04387211801361712 20.01162255913726 r
2459743.7548495 1070.696350424273 92.3772316518096 26.2961 18.72193419414596 0.09367171221292321 19.63476263108957 g
2459747.6937731 1704.4516645704068 34.3309000859075 26.3743 18.295338275333833 0.02186806408069316 20.787662014442176 r
2459747.7808681 962.7434289657756 59.9258076033117 26.1409 18.682123592237353 0.06757921929917259 19.94944025013463 g
2459748.7158681 1035.0622971763587 33.6447106495559 25.8312 18.293783776470008 0.03529068970232139 20.266482995045983 i
2459749.6923495 1693.2594319366874 50.8873968283719 26.3674 18.29559124142766 0.03262845946375285 20.353449401964426 r
2459749.753044 1164.5589973931246 43.4884669364253 26.2417 18.57629626225595 0.040543612353319235 20.39833974389787 g
2459751.6938194 1094.8062647181237 37.405570808813 26.2691 18.67075681531973 0.037094442675284035 20.589334273006358 g
2459751.7465856 1549.7172327891005 47.137894032442 26.2843 18.308668843997395 0.03302383845788143 20.353449549762594 r
2459752.7345486 908.718806808319 33.526769980373 25.6725 18.276426209282825 0.04005641117469358 20.111595702014327 i
2459753.7353819 1094.2919512638953 39.96159895741 26.1966 18.59876698772227 0.03964783615373331 20.44506784655092 g
2459755.6935648 1051.9570824653758 32.3276907249894 25.8379 18.28290494520064 0.033364644247524444 20.316538282627498 i
2459756.6960185 1730.2115859013109 38.1885323016926 26.391 18.295751960428653 0.023963132519627315 20.688742570480173 r
2459756.7461343 1127.6071083739048 40.5616473482358 26.2285 18.59810548755751 0.039054188465950206 20.460786026963603 g
2459758.7170718 1042.0499792619958 39.3655410099634 26.1822 18.637478626782322 0.04101450863689489 20.44698442808224 g
2459758.7692014 1327.0350305705074 56.3432536607092 26.1402 18.332994031605555 0.0460966508722332 20.015670182584753 r
2459760.6934028 964.8370827992773 29.5969843511026 25.769 18.307865032740306 0.03330453035321101 20.343456331985166 i
2459761.6874884 1672.6249196717072 38.4171181581596 26.3397 18.281203592871716 0.02493653220980372 20.630963030775927 r
2459761.7571065 1064.396427539908 40.0093505458799 26.1368 18.56904147937882 0.04081012559207708 20.38397123484579 g
2459763.7330556 1029.681314892796 43.2623099872977 25.8078 18.276042920273774 0.04561594861814048 19.9701007270638 i
2459894.0420833 1954.6545692870627 123.940398477763 26.2801 18.052424952329538 0.06884187760929403 19.299642768896106 r
2459894.0444676 1540.690939445533 156.405004631431 26.2848 18.315511178601398 0.11021607850141303 19.05174837551789 r
2459894.0468519 1919.7115323677358 163.401159977568 26.2801 18.07201006536755 0.0924121340089248 18.99953715104857 r
2459894.0492477 1555.9769109041201 184.856601817906 26.2932 18.31319212945408 0.1289857267079124 18.87868757609745 r
2459894.0516435 1623.7040335140011 256.929565708775 26.3085 18.28223282616956 0.17179758363124845 18.536539782159295 r
2459896.0445139 1791.0807121772355 71.7524741645627 26.3075 18.17471210731575 0.043494221489197196 19.92048278670791 r
2459896.046875 1915.8369537325361 73.7751860111168 26.2979 18.092003635204353 0.041808213009055316 19.880699206234205 r
2459896.0492245 1957.27549239347 94.439574084891 26.3212 18.092070104473148 0.05238559721533264 19.635889939717742 r
2459896.0515856 1821.3684542366314 100.962350038568 26.3155 18.16450547398702 0.06018267373737669 19.55767636210136 r
2459896.0539468 1825.119722802708 130.080509087454 26.3158 18.162571604392497 0.07738035316355811 19.28284441935294 r
2459901.0341204 1917.056297337128 115.04787451289 26.3251 18.118512833005866 0.06515587337322667 19.425478490228265 r
2459901.0365856 1649.9721592247047 86.4030731070627 26.3242 18.280508459460826 0.056854181416259024 19.735452015783764 r
2459901.0390394 1698.099463826244 116.12813560394 26.3526 18.277692187871843 0.0742478986131396 19.442831355033455 r
2459901.0415046 1711.6425419686584 107.981773889691 26.3563 18.27276731973669 0.06849316316781767 19.525498845051835 r
2459901.0439815 1933.029499576079 93.8543534734651 26.384 18.1684037955994 0.05271397647500343 19.705438933270216 r
2459902.0342477 1874.0045035598032 56.574949103776 26.3341 18.152173424403923 0.032776560635415494 20.205114559347752 r
2459902.036713 1753.5862847595922 58.4647623373339 26.3236 18.21378214977267 0.03619735910420031 20.158939517688076 r
2459902.0391782 1742.8799965193186 57.0461532008622 26.3195 18.21633128644711 0.03553601432907925 20.18150907936752 r
2459902.0416435 1896.6914142574517 59.2468322039447 26.3399 18.144908304284236 0.03391394363906345 20.160812152797437 r
2459902.0441204 1764.4922862502438 53.5539276438218 26.3369 18.220350589712673 0.03295197133814577 20.267496670451884 r
2459903.0363773 1768.0151822942985 98.3436152885027 26.3172 18.19848502483688 0.06039069358000258 19.587909564921663 r
2459903.0388426 1797.1267544985662 115.009388769975 26.3515 18.215053225650085 0.06948073811432508 19.452241750785603 r
2459903.0413079 1829.0845441319675 90.4399346214638 26.3409 18.18531555013973 0.05368294064565605 19.702574389849154 r
2459903.0437731 1787.492689609735 91.95162197495 26.3364 18.205789314192934 0.05585022895953752 19.68007650327915 r
2459903.04625 1905.8911610219948 100.839009899462 26.3502 18.149954760184947 0.05744342346870376 19.593703557034473 r
2459904.0379977 1851.14518020048 57.5679857529265 26.3247 18.15609879848858 0.03376372788069673 20.17682240369707 r
2459904.040544 1780.0927779593294 54.2993019878057 26.3146 18.188493404472524 0.03311779750926419 20.23018937213041 r
2459904.0431019 1755.3978810255344 62.7808949962824 26.3213 18.210361075560787 0.038829497536844934 20.079306232525294 r
2459904.0456481 1767.2957432983183 61.1036509908592 26.3283 18.210026921457725 0.03753770931228778 20.11570708802934 r
2459904.0481944 1859.408575490765 55.1867553620976 26.3416 18.168162926075077 0.032223289214859785 20.239587836654884 r
2459905.0365625 1862.4476435096512 53.3025978466332 26.2987 18.123489817864545 0.031072352924260756 20.234404049006116 r
2459905.0390741 1908.5519228449875 46.2523476046302 26.3321 18.130340051039468 0.026311138404603713 20.421840536966286 r
2459905.0415856 1969.725930999513 52.6485402076374 26.3729 18.136885494158093 0.02901952967356557 20.322009154276273 r
2459905.0440856 1833.3762100731092 45.6089344285514 26.3589 18.200771020908444 0.027008979301146083 20.46385017455224 r
2459905.0465972 1938.6543008533724 48.7439253592355 26.3238 18.10504906757783 0.02729794566221872 20.35657373893749 r
2459910.0055324 1395.889766877808 48.280894937133 26.248 18.3858721912573 0.03755208246170478 20.29113671014844 g
2459914.9951968 1195.0379161721926 55.7898767034041 26.2129 18.51944578799646 0.050685478943546906 20.099086485127238 g
2459923.9662269 1289.0482834107281 104.705948661169 26.1983 18.422627037830374 0.0881885107985592 19.400946599257697 g
2459932.986794 1292.1195400650427 44.0963141792178 26.2905 18.512243264635114 0.037051810471008605 20.43206926370602 g
2459934.9523843 1051.3084014761337 63.7599600686135 25.7994 18.24507466232676 0.06584574854466735 19.540604898161043 i
2459935.0029167 1796.3627806599634 63.8178958386481 26.3721 18.236114879460644 0.0385707665834431 20.112318787100406 r
2459935.0340856 1414.8704084281685 47.8685607812184 26.3601 18.483308341130012 0.03673191278196651 20.41254906376881 g
2459937.0108449 1389.2085756481122 41.5208124705544 26.3335 18.476581361083223 0.03244951614141166 20.540410381392633 g
2459937.0339468 1990.9191480570735 40.5959595961719 26.3986 18.150965941174118 0.022138032765708446 20.62996796016806 r
2459938.0475231 1128.79614369727 35.0526274797366 25.8514 18.21986120732513 0.03371435831637318 20.242173545587107 i
2459951.9423495 1708.8035054790557 94.871386626667 26.3733 18.291569684322184 0.06027718466769896 19.683036868626637 r
2459951.983831 1224.0333755896443 106.962500319851 26.3072 18.58771685041733 0.09487419944028913 19.486696123419893 g
2459967.9235648 1635.3490480257806 68.676371159495 26.3785 18.34447384382 0.04559389706917682 20.039056641423617 r
2459967.947581 977.1468907213308 74.3449805386584 25.8568 18.38190036390026 0.0826041060328571 19.431245858896354 i
2459969.8805556 1167.4500132114727 53.508386309589 26.301 18.63290426395211 0.04976149244841165 20.232520354548477 g
2459969.9467593 1793.9308492257508 40.6785560318081 26.4001 18.265585754370406 0.024618958028842234 20.62926116826695 r
2459971.8957523 1221.4164848433484 47.7316404772672 26.3317 18.614540557116577 0.04242798644789489 20.387259087196696 g
2459971.9166667 1682.084715021812 48.0804465418797 26.3934 18.328780338913592 0.031033479077682422 20.441053757970366 r
2459978.0341204 1166.853218254826 43.1747045899421 26.2954 18.62785942910515 0.04017195654086397 20.459901552362425 g
2459980.9126852 1392.8138183737549 87.7463002428033 26.3949 18.535167332875684 0.06839834363852308 19.78940295460615 g
2459980.9452083 1845.512034395284 59.0086057216037 26.4247 18.259407796172944 0.03471429177265562 20.249986606458727 r
2459987.9735764 1085.2155487149507 44.8137207108131 25.8478 18.25900998098987 0.04483372601262794 19.97184748113517 i
2459992.8828819 262.6915137040201 94.0261125356077 24.4754 18.426784892369106 0.38860848201944426 17.794853787201795 r
2459994.8935069 1050.6317734197519 30.8373703723344 25.8153 18.26167367328066 0.03186666714282528 20.34518164689587 i
2459996.9075463 1580.2684454901091 33.4871945903799 26.1982 18.20137282930351 0.023006880426255413 20.638578074696003 r
2459996.9246296 844.017862525702 29.3457143645461 25.8414 18.52552090501686 0.037748777010767925 20.425113274070455 g
2460016.8237731 246.5828909426262 47.788983728844 24.7881 18.808192650118954 0.21041402927860958 18.842355501665672 g
2460016.8956829 1694.0938870336986 55.297015219394 26.2946 18.222256311620765 0.035438395642178384 20.190420764367055 r
2460017.904456 711.1910114798292 43.9988936906806 25.3603 18.230334352287304 0.06716845138491571 19.50427059738045 r
2460020.8564583 1909.786517738556 33.7325670014145 26.396 18.19353794228629 0.019176723499337932 20.828451510028515 r
2460021.8106366 838.6950334994965 33.90312252504 25.5973 18.28828982184156 0.043887967205254744 20.024275741222795 i
2460030.855787 1717.437491175592 38.8213351449283 26.3882 18.300997652019703 0.024541401817191017 20.668098820203504 r
2460032.692338 862.7109604111697 46.3676146735097 25.5378 18.198136710956497 0.05835247442206683 19.624838102384537 i
