jd flux fluxerr zpdiff mag mag_error limitingmag filter
2458203.8060532 1336.2063361104224 50.9817172570092 26.3072 18.492516183028783 0.041423879628543214 20.29123883901012 g
2458206.7991551 1453.8601942091827 69.2200814027461 26.3578 18.451493385003868 0.05169151936224514 20.009794724939248 g
2458206.8192245 1323.7789983159282 61.8876457326239 26.3291 18.524561283130595 0.05075727674890497 20.10266508412357 g
2458210.8089583 1036.3400241559516 124.569552029213 26.1242 18.58544432193411 0.1305026916703976 19.138245232502 g
2458210.8220833 857.672832303446 182.046990737784 25.6982 18.364895866106927 0.23044733422788866 18.300316228208015 g
2458214.8266088 1771.913288712983 61.3378893355966 25.6135 17.492393836984277 0.0375834116013813 19.396752920072906 r
2458217.7821065 3158.046355524556 29.6031270745846 26.2841 17.535553748674943 0.010177214469525412 20.85833101560844 r
2458217.8034606 3013.6062356801613 28.522856498669 26.215 17.5172837354309 0.010275816705567615 20.82959244677422 r
2458218.7592824 2787.51542498035 37.6717755971212 26.1087 17.495656801818814 0.014672653072792523 20.421234763057242 r
2458219.7148148 3220.2403330221923 41.0424119933724 26.2807 17.510979287056703 0.013837397862595286 20.50019280013891 r
2458224.7767824 3094.1593077252924 36.0233424051513 26.2452 17.518843324292906 0.012640119321466142 20.6063149738667 r
2458224.8018519 2191.127155630328 45.7975195699269 25.8283 17.47663104675751 0.022692597674809908 19.928770096894 r
2458229.7719213 1336.3090990940786 29.8994654195536 26.3393 18.5245326860428 0.024292171345698495 20.90271643033997 g
2458231.7591435 3400.556681481028 34.9378093642127 26.3175 17.48862495452261 0.011154638248877944 20.711835812160583 r
2458232.7941319 3414.161694313333 31.9561899007529 25.7887 16.955489786491164 0.010162036388913725 20.279887505899787 i
2458233.6910069 3551.285624662073 54.6782129738104 26.3404 17.464435991573396 0.016716238033181244 20.248439208523244 r
2458237.7333681 1346.8803463294746 154.742888279664 26.2989 18.475577460649852 0.12473591604709175 19.07744824237497 g
2458242.7265046 1336.7974140543395 22.6337037771932 26.3008 18.485636008069086 0.01838230081278402 21.16648591996246 g
2458244.8794097 1411.7201008978973 57.9686246905638 24.8977 17.023328503758233 0.04458145477032986 18.74229249709038 i
2458245.6896181 1116.6262680098368 47.0390736484995 25.1321 17.512330399575212 0.04573627159174624 19.203528087936725 r
2458245.7296181 102.43128942449886 37.0824424473239 23.5197 18.49361840066808 0.39304794454174213 17.84935416074975 g
2458248.708912 1417.8515227177659 27.3003898666297 26.3154 18.436323115125973 0.020904892228338034 20.977552866455774 g
2458248.7316435 3424.0324919828295 25.4134437144667 26.3502 17.513855306963045 0.008058152457781893 21.090116191070244 r
2458249.8123264 2692.892252216344 50.8851807835152 25.5219 16.946352557990004 0.020515503630415606 19.50799668464487 i
2458256.7424421 3384.260875460915 39.0668751155313 26.3043 17.48064041697387 0.012532989587321838 20.57735330358306 r
2458256.7766088 3429.863581571616 27.7919368724711 26.3148 17.47660788280042 0.008797348683067979 20.957577952576887 r
2458261.7564468 3280.0218533744323 43.8150559597738 25.7165 16.92680815690349 0.014502954060073465 19.865016562403923 i
2458266.7112153 3173.4819651605612 48.3013246718677 25.7403 16.986459913576343 0.016524671881534874 19.782977385376746 i
2458267.6649074 1338.652833554739 76.8336386951736 26.3128 18.496130095969733 0.062315097268226066 19.851496486567978 g
2458267.7930787 3431.890625910115 80.455530833936 26.2886 17.449766403836165 0.025452608881799524 19.77728522767162 r
2458270.6672106 3493.8087108018744 38.8535279517167 26.3246 17.46635219179814 0.01207372205775319 20.60359884055833 r
2458270.7398495 1276.773322662819 48.949700748285 26.2177 18.45241550048886 0.04162421720370477 20.245899886389477 g
2458274.6951852 3499.619593439314 27.9821676815832 26.3331 17.473047901587805 0.008681011933082178 20.96847160229034 r
2458277.7141782 1254.6539919860568 23.4925585428957 26.2016 18.455290068106482 0.020329007816447708 21.02684919470938 g
2458277.7463542 3158.1777871387353 29.0001024384072 26.2373 17.488708563431747 0.009969486627889953 20.833876159209424 r
2458278.6713773 3393.9681349869406 39.1662712661278 25.7785 16.951730598670125 0.01252893928946642 20.048794420363485 i
2458280.7079398 3454.502296268667 28.2318159935978 26.3228 17.476836285741957 0.008872850557186398 20.948527952255937 r
2458280.7330671 1418.163441416905 24.1964293646517 26.2909 18.411584286043443 0.01852400266005701 21.08409678305608 g
2458283.6821644 3372.235805257056 29.5362928163857 25.7733 16.95350516182245 0.009509285519345684 20.34998502698936 i
2458283.6903819 3489.763387880151 29.1227014903225 26.3212 17.46421004493841 0.009060361260552319 20.91319584244053 r
2458283.7336921 1421.6297748101142 28.5095102124407 26.3079 18.425933722959904 0.02177273984134245 20.923000598452198 g
2458286.7135995 1398.8872487609567 30.9136789320729 26.2779 18.41344322130132 0.023992627887829743 20.805098259029677 g
2458286.7790972 3225.4562292893006 38.7256971095795 26.2614 17.489922118192545 0.013035206917420975 20.543976878335638 r
2458292.6910069 1463.1565330577407 61.2333905494483 26.2728 18.359573023021227 0.045436759921101674 20.057904220688677 g
2458292.7333681 3326.8478017242137 55.2418847286239 26.2841 17.479017667487746 0.018027910449880818 20.181003770888854 r
2458295.692037 1423.0375504585913 50.4599619343402 26.242 18.358959099505043 0.038498197503262103 20.237207692756414 g
2458295.7329282 3410.4502062978236 52.7263497038517 26.2667 17.434670717324426 0.016785173338042508 20.21420572479627 r
2458298.6730324 1338.4926061915178 78.1598035604975 26.2693 18.452760058762838 0.06339825736287276 19.78941634116704 g
2458298.7538657 3137.894713071611 76.3901714700832 26.2016 17.46000408136532 0.02643071764631786 19.74658127697767 r
2458301.674213 3492.9439885927654 50.9007945325693 26.2773 17.419320946183667 0.015821322301327486 20.263063585458653 r
2458322.6656134 1335.256597424855 75.2786522892451 26.1953 18.38138816882464 0.06120923345224885 19.75619540083058 g
2458438.0377778 3272.480740599218 51.7349105559315 26.2461 17.458907251764327 0.017163918397970435 20.214215732721193 r
2458438.03875 3351.2349433879626 58.6884468327805 26.2424 17.429387810566833 0.01901330339493698 20.073593448587744 r
2458438.0397222 3302.3230671413376 53.3170468656044 26.2425 17.445451104626244 0.01752896873051736 20.17790977259657 r
2458438.0424769 3147.222765539819 52.7611952359014 26.25 17.505181289824744 0.018201072480420008 20.19678842576124 r
2458439.0386343 3086.393178608233 39.9643925770149 26.2152 17.491571873887658 0.01405826753428444 20.463591947988004 r
2458439.0400463 3065.480315559458 45.3087877940534 26.2055 17.489253670682803 0.016046996178158843 20.317618881460607 r
2458439.0429051 3164.475804753175 43.3032968451929 26.2375 17.48674555136587 0.014856928061895229 20.39877258389032 r
2458439.0448495 3247.952866263926 39.0889431705845 26.2596 17.4805757044808 0.013066342815842773 20.532040167222846 r
2458440.0428935 2481.5346715037626 36.5065164932267 25.9248 17.4379991313726 0.015972021431672402 20.271449004426493 r
2458440.0462616 2562.4286787776464 39.3260704807758 25.9968 17.475170534200835 0.01666244023671546 20.26267360608589 r
2458440.0496181 2843.0818314715157 41.9218843939136 26.1239 17.489426599942846 0.016008891964574463 20.32037299914653 r
2458440.0529861 2853.8067848141122 44.5035192707204 26.1072 17.468638584649085 0.016930883733731257 20.23878909994241 r
2458442.042338 1843.0241362886936 41.7295120349442 25.6658 17.501972443031597 0.024582277748988836 19.86726672338896 r
2458442.045706 1785.9223354534065 49.5939593799629 25.5819 17.45224357808874 0.03014921793066431 19.59590303421019 r
2458442.0490625 1780.3742923720931 50.4593260452348 25.566 17.439721713295665 0.030770883696775934 19.56122137513245 r
2458442.0524306 1684.440783492719 61.3006907526289 25.5384 17.472260630087074 0.039511130698300916 19.32231156842815 r
2458443.0420833 2996.487595111482 36.5364967995296 26.1751 17.483568789650747 0.01323805733084421 20.520857729427192 r
2458443.0469792 2174.428921348302 40.1921690614178 25.8044 17.46103696042055 0.020068091222279854 20.046621377885806 r
2458443.0518634 2221.6561360791356 37.7603824249039 25.8829 17.516207898771306 0.018453101959815563 20.19288402905512 r
2458443.0567708 3074.311482603173 42.4157814042182 26.1743 17.45493033206902 0.014979228399968824 20.358056308669443 r
2458444.0440278 3335.093304825593 35.6422889681993 26.2833 17.4755300286534 0.011602923695352992 20.655961021908276 r
2458444.048831 3376.011199055759 37.1289712540004 26.2718 17.450790303457147 0.011940399990895424 20.60009269856832 r
2458444.0536343 3377.1977229165905 37.7891893758122 26.2866 17.465208780556956 0.012148451548133597 20.59575604948303 r
2458444.0584491 3260.036844729906 60.8639536851819 26.2632 17.480143728839003 0.020269707878555195 20.054874588054354 r
2458449.0161806 3204.2892766943205 64.9726877650638 26.2575 17.49317070899677 0.022014506499020797 19.978247907001354 r
2458449.06125 3260.743655883822 68.3915275423924 26.3027 17.519408355032855 0.022771701577580558 19.967769229358627 r
2458463.002338 97.53394917816324 34.8887719312375 23.336 18.363110476793622 0.38836466691769295 17.731860782283267 g
2458466.0208912 3581.6526864728294 35.0311728350359 26.3396 17.45439132515481 0.010618937031678884 20.73103829507657 r
2458466.0445255 1500.4639841582555 31.4840337296349 26.3752 18.43463606135932 0.0227810969014631 20.882549066672432 g
2458469.0240856 3565.796167564897 34.0830182252622 26.3115 17.431108715318857 0.010377467232636961 20.73272987218211 r
2458472.0202778 1501.492814118702 30.5445416164961 26.2808 18.33949185479314 0.022086158868828358 20.82104095906658 g
2458474.9821296 3707.9185807939753 68.8338395825281 26.3091 17.386274526866394 0.02015494623367599 19.967170000732665 r
2458476.9883102 3593.2016891297403 52.8885931900979 26.3115 17.422796012083182 0.01598049611303519 20.255669951263805 r
2458488.0204514 1865.22508823815 33.8952762349209 26.3004 18.12357187923447 0.019729576682358578 20.727627045131122 g
2458488.0441551 4003.3975911481602 27.7660846904501 26.3364 17.330328191195452 0.0075300135602509605 20.980188379198587 r
2458491.9983796 1872.450533570679 31.6413973296654 26.2996 18.11857411668948 0.018346580838804846 20.801535853362992 g
2458492.0465741 3760.2543166277137 40.3477675821588 26.2992 17.36115695378921 0.011649629938656836 20.537226212987523 r
2458493.9931944 3953.6063420605906 26.7409177788154 26.331 17.338516438201996 0.0073433245297073 21.015634217499947 r
2458495.0037269 1954.8287971151656 25.3545491540025 26.2961 18.068328179716257 0.014081762074061968 21.038535257971688 g
2458502.961956 1666.8304081739561 76.6870580974258 26.1252 18.070471463148948 0.04995057599626296 19.665969795425692 g
2458503.0227894 4074.71392517384 47.192798150455 26.3207 17.295457191285234 0.012574433909434038 20.38858566853647 r
2458505.9556366 1999.6356426821994 94.6739018845099 26.3305 18.078122826825222 0.051403092184403684 19.6424992979776 g
2458506.04375 4264.532676377001 86.0209137869377 26.3312 17.256521383803086 0.021899915696699888 19.747264859944785 r
2458511.9434028 1980.4331101070375 40.4227413883668 26.24 17.99809955368947 0.022160289131389982 20.47601058128667 g
2458511.9966667 2105.723067707294 37.3557176612284 26.2637 17.95519686311713 0.019260416189938092 20.58538227842157 g
2458512.0416551 3664.114054119066 45.7131250121196 26.1788 17.26887754090592 0.013545085958736778 20.281272710978783 r
2458512.9951389 346.68817485839384 49.2206099715114 23.3992 17.049352428461624 0.15414086813862987 17.421407510561153 r
2458514.9200347 1078.1487349384524 35.23336874199 24.8415 17.25980330588044 0.03548014035870687 19.226689566552192 r
2458524.961088 4051.0967860271003 35.4941430383828 26.297 17.2780684520661 0.009512483441444597 20.674183251308534 r
2458539.8557292 2980.0480209983025 52.5119013027477 25.9999 17.314341843931388 0.019131292798863813 19.951830631390177 r
2458539.8798958 955.9304787418188 53.3433313823741 25.5884 18.137334227983068 0.06058479792178007 19.52327465257304 g
2458539.9371991 401.23113768435957 92.7577935302098 23.0634 16.554913426917203 0.25099531660718977 16.397598965815035 i
2458543.8580903 3383.8262544913 29.185014454963 26.1152 17.29167986072323 0.009364006249344737 20.70487520729317 r
2458543.8796759 323.28325185785343 31.9704324662785 24.4656 18.19164198510058 0.10736806911327584 18.956303711551733 g
2458547.8121296 3859.833041205777 29.9305449811085 26.287 17.320578701307156 0.00841891147598399 20.849288427586256 r
2458547.836875 1879.7157565442158 32.705225906197 26.243 18.057769545321335 0.01889012402153732 20.709032105912257 g
2458557.8145255 1808.928735426759 53.4953093308802 26.2698 18.126246355681523 0.03210732197630469 20.201585731351003 g
2458557.8367708 3784.195651966543 52.5405675080857 25.7701 16.825166044065664 0.015074086910354332 19.721438090574843 i
2458557.8589236 3984.2320225829135 44.5222411393227 26.3038 17.302938445705365 0.012132274659452701 20.43493244535685 r
2458560.7331713 1674.7870465731207 73.697459305231 26.2271 18.16720101690779 0.04777522714389823 19.81104369925242 g
2458560.837963 3990.1534124810223 58.5590918896262 26.3121 17.30962601585009 0.015933624473109042 20.145689156055216 r
2458561.9422569 3626.0293289787624 91.4169539651721 25.6994 16.800821718636215 0.02737192060935166 19.049408123164675 i
2458567.8585764 3689.239902698423 45.2385388340669 26.2719 17.354557756734778 0.013313170980347976 20.385703566306574 r
2458572.7974537 1744.8798403953097 35.8037871474528 25.443 17.338586187449753 0.02227785020267233 19.810752572672353 r
2458573.8521759 3532.278270922255 52.3673792128847 25.7138 16.84366272567107 0.01609591862551202 19.668722889992594 i
2458575.8133681 903.9532138495642 19.8199503395415 25.6299 18.23953511709915 0.023804904672003652 20.63971858418163 g
2458575.8740625 676.9731410278783 40.9078056164321 24.393 17.31657140411719 0.06560615461098676 18.61605953010083 r
2458580.7966319 1698.6281460432192 28.5015723432374 26.2823 18.20705420997409 0.01821714609235347 20.89770294079169 g
2458580.8146528 3675.9943063032906 34.9195157056552 26.2926 17.379162924895297 0.010313432242433371 20.687504459409745 r
2458581.7741204 3562.2287497975235 32.7304713155686 25.7325 16.853195489003248 0.009975629080342654 20.197694341282787 i
2458583.7982755 3501.096844739013 40.9893771823197 26.2404 17.379889689844028 0.012710921399879725 20.461296690583676 r
2458585.7315856 3556.494103174739 30.8337629960227 25.7112 16.83364476761271 0.009412701248372372 20.24120866447626 i
2458586.7574769 1602.4017392457213 37.0182997277823 26.2428 18.23087148082825 0.02508158037407757 20.574333820473196 g
2458589.7556944 3310.3392798280906 101.17530164483 26.1645 17.3648187317193 0.03318270899455852 19.404388719473765 r
2458593.7516088 3723.1637365939378 80.9933445557865 26.2999 17.372619660101627 0.023618213005228324 19.781351656205622 r
2458594.7961806 3671.935435878535 59.8828152785742 25.7299 16.817662409150977 0.017705859398476267 19.539219464925267 i
2458596.7115972 1618.184894040824 30.3037930726026 26.2507 18.228129643345156 0.020331933798224306 20.799532509702786 g
2458596.7731019 3653.2926795275434 38.3061292886116 26.2666 17.3598888334231 0.011383967345869495 20.561004313817598 r
2458600.7308912 1694.626979486631 29.8271049978303 26.2594 18.186714709108074 0.01910939002396535 20.82544723159129 g
2458600.7752431 3654.078028256368 29.1682608312527 26.2634 17.35645545767534 0.008666476342214893 20.85369865186363 r
2458606.7094444 3523.277724462478 24.6993298731084 26.2254 17.35803280487142 0.007611112305183076 20.996262063132168 r
2458607.7541204 3598.6527620071606 26.0104723991571 25.6972 16.806850142203206 0.007847261670229652 20.411904389477257 i
2458609.7098495 1784.6252036573899 26.5886733153883 26.2505 18.121632444782044 0.016175565916785623 20.941333319033397 g
2458612.6503125 3503.7718701255753 38.5756622621308 25.67 16.80866044602227 0.011953288647326909 19.956791512379016 i
2458612.6687153 1678.9119252830533 27.0441840501403 26.1801 18.117530215233856 0.01748863069055103 20.8524902819589 g
2458612.7106713 3652.025439858092 32.9353956982023 26.2187 17.312365514624528 0.009791267804237338 20.677117775195594 r
2458616.6916898 3435.8445118366735 39.3888977086316 25.6605 16.82041624567248 0.012446583684137973 19.92464042084852 i
2458628.6715625 3538.912273024734 28.2372745107863 25.6736 16.801425507657058 0.008662890337814944 20.299118049468362 i
2458633.7048495 3775.781219207698 29.8747437002992 26.2314 17.28888294512688 0.008590277707409364 20.795714518915766 r
2458633.7490278 1713.8960726695627 29.4384239273666 26.1718 18.086838790971598 0.018648328429949103 20.75208860152231 g
2458634.7116898 1741.5538815302161 24.358691556942 26.1662 18.063857711154967 0.015185422457406228 20.952140098722314 g
2458634.7125926 1761.1131550406922 26.3056325227962 26.1684 18.053931847119024 0.016217030205160174 20.87085311682668 g
2458634.7550694 3552.356351434525 28.0702617756424 26.1705 17.29420868711887 0.008579061387664016 20.80245883224549 r
2458634.7559722 3672.4692541354607 26.7192703349881 26.1966 17.284204578575512 0.00789907547082396 20.882113504147362 r
2458635.6915278 1800.7256980965612 28.1843708240658 26.2043 18.065681093958744 0.016993021999982243 20.831854128513207 g
2458635.7321296 3834.674746629738 29.919567446967 26.245 17.285678666467646 0.00847103770814505 20.8076867127659 r
2458637.6913426 3748.4720189191066 25.3879668875755 26.2177 17.283064316669446 0.007353320369132402 20.958705181132892 r
2458637.7122106 1767.5154859359136 24.7294767789082 26.1761 18.057691931200992 0.015190131657966201 20.945637669792987 g
2458637.7738657 3420.4051537571986 27.6315519166531 25.63 16.794806119640732 0.008770766785612154 20.279061795153936 i
2458640.6947106 1788.321492812165 26.736953179354 26.1692 18.038086009706902 0.016232154108474728 20.853995200317826 g
2458640.7150926 3767.1596965884873 29.8604850267091 26.2091 17.26906492223069 0.008605828052061866 20.773932844827375 r
2458641.7568287 2423.682476607204 28.1828640274292 25.2372 16.776010692792774 0.012624646904000699 19.86481217584039 i
2458643.6953125 1901.8471694691286 41.0880140494726 26.232 18.034060963663446 0.023455752685934483 20.450287112775705 g
2458643.7362269 3983.056180386306 36.6962291430306 26.2548 17.25425891972882 0.010002644747211234 20.595821391643696 r
2458647.7335185 3999.101926455977 74.0345138746226 26.2591 17.25419381678968 0.020099330597685032 19.838089416492025 r
2458650.686956 1357.6826412826829 83.9448952044057 25.7813 17.949304336639212 0.06712833319966359 19.223889260963627 g
2458653.6852431 3706.475239827996 40.1419662318689 26.1985 17.276097241817954 0.011758376872352332 20.442078385999956 r
2458653.7400579 3530.3016537571057 43.7605436502257 25.6426 16.773070459643094 0.013458006397409948 19.79246821733952 i
2458653.7543866 1558.491409813381 67.180510016664 26.0389 18.057138967877428 0.04680030911035046 19.723366747742443 g
2458658.676794 3787.503205581574 31.5052241061084 26.2102 17.264317477302775 0.009031074023011858 20.716818556087354 r
2458658.6914699 1823.8579917356478 26.9443494107816 26.1687 18.01622244874505 0.01603934093983213 20.84510573483538 g
2458661.6945949 3867.702771057814 30.3454809807836 26.226 17.25736727096674 0.00851825764569443 20.77333992536283 r
2458661.7294213 1812.137164792099 34.7015782630399 26.1526 18.00712233168972 0.02079064667519515 20.554301920673986 g
2458668.6918171 1949.6404284763971 31.6762989740741 26.1771 17.952213695091046 0.01763964128658743 20.677838905748338 g
2458676.6726736 1877.233819611571 72.0988037290798 26.1307 17.94690407571526 0.04169841305376589 19.73845484186102 g
2458676.6919676 3643.1358308297467 61.9241491988943 26.1697 17.266011590506167 0.018454170227830143 19.942624868284696 r
2458679.6872222 1671.4649458836407 83.0078551623309 26.1504 18.09265681759917 0.053917749559563 19.605177008453683 g
2458679.69125 3707.2470551845536 67.1417906233063 26.1995 17.276871177812403 0.019663065610310337 19.8845926906895 r
2458798.0349306 3499.392132669317 59.5904484938551 26.0671 17.20711847223489 0.018488168080902583 19.881733354022494 r
2458800.0374884 3703.7069325975012 93.1071786717874 26.1483 17.22670846385162 0.027293321454315272 19.478417071954876 r
2458800.0424537 3908.4474370284365 95.3566661447957 26.1434 17.163389310752386 0.026488454584953258 19.447597341963295 r
2458800.047419 3820.4054159120424 91.2999317207302 26.1624 17.207126369847035 0.025946025376349467 19.513798857299047 r
2458800.0523843 3722.1339045142236 95.7027860805011 26.1718 17.244820017732657 0.02791530813052806 19.472063536521 r
2458802.0379167 2038.1538044710849 97.2203827765758 25.4073 17.13420761520977 0.05178812774039881 18.690481672539228 r
2458802.0430671 1005.6698996398549 107.148256723413 24.7937 17.287561370990062 0.11567499670246598 17.97131221524079 r
2458802.048206 868.1604158599313 117.068913783313 24.5624 17.215900049714605 0.14640349568189653 17.64387101716367 r
2458802.0533333 1459.0828392775104 114.581402492742 25.0682 17.15800012595554 0.08525974354408093 18.17298965472832 r
2458804.0420833 3855.9027732237673 63.9677904340929 26.1439 17.17858481346915 0.01801130219272371 19.881571615056913 r
2458804.0468634 3919.3990179769544 58.3966118634477 26.1536 17.170551301317353 0.016176255902842593 19.99020586331791 r
2458804.0516551 3816.9981835495546 64.5242140194771 26.1676 17.213295116812212 0.018353149724530594 19.89586818157865 r
2458804.0564352 3924.977012131463 73.6663809013142 26.1833 17.19870720623548 0.02037708488415422 19.767701653507295 r
2458806.0368981 1828.2380929056326 61.5534055355408 26.0667 17.911618116005315 0.0365535170989275 19.84614477432718 g
2458806.0429514 3421.530618775254 69.5962572560698 26.0022 17.16664892303178 0.022083875587225386 19.648310277229164 r
2458806.0478588 3284.16771350464 64.634357207405 25.9589 17.16783668187344 0.021367216214788015 19.685316403958417 r
2458806.0527894 3251.850119835244 76.943414197558 25.9384 17.158073698922287 0.025689211284596714 19.475546355968675 r
2458806.0577083 3485.40844151253 98.1327840616905 25.9452 17.08956580323975 0.03056822907376159 19.21823968889238 r
2458829.0469213 2440.1522054827365 98.8336468682619 26.3445 17.875957708805167 0.04397417921872788 19.609812937367593 g
2458829.0684144 4467.791652394042 64.7119912790535 26.3139 17.18866771910892 0.01572539957050619 20.039013079459203 r
2458832.0646065 2621.6013229574546 96.9314381872805 26.3803 17.833883381161222 0.040142817108899644 19.66671334795513 g
2458838.9830208 561.1654041143044 63.4618847235619 24.6882 17.815472777757556 0.12278121163423812 18.434492574520153 g
2458839.0474537 1186.5841313113808 72.061858424264 24.9318 17.246053659906206 0.06593511376623366 18.540111343965176 r
2458851.0206481 4872.32447741671 45.5159793264285 26.3652 17.14585949282057 0.010142325081950208 20.472365260430287 r
2458851.0434259 2629.5345528373564 42.0685188572829 26.3498 17.80010279514779 0.01736953441972021 20.54248193489786 g
2458854.0042245 2813.651113628166 34.1228431313554 26.362 17.738824387739804 0.013166938362852218 20.781961965100507 g
2458857.0431829 2584.790967816638 37.9322540682289 26.3502 17.819136431419707 0.01593283509368778 20.655253362213987 g
2458860.8971875 4617.094618104233 98.1404865593303 26.3054 17.144478063405824 0.023077527118388258 19.578354472188824 r
2458872.9389352 2143.491064186439 30.9681208219472 26.0164 17.688595806605218 0.01568566780526763 20.54168785738082 g
2458873.0450116 4831.092193556116 32.7553775421196 26.3195 17.10938668657213 0.007361174652165364 20.78386846535185 r
2458876.0020949 4891.081486154024 41.1030761243529 26.3536 17.13008775426746 0.009123873702480502 20.57148917572037 r
2458881.9596644 3013.0943004110404 33.1393577390256 26.349 17.651468190143454 0.011941013825007686 20.800714770977912 g
2458884.9387037 2919.148208184054 58.9202951565621 26.3679 17.70475963717666 0.021913846056920087 20.194812704810133 g
2458885.0185301 5005.834010841367 47.3920159609414 26.3491 17.10040888830312 0.010278709125663942 20.41241203139695 r
2458887.9818171 5154.622754796678 61.0176167462671 26.3649 17.08440778351915 0.012851925281976387 20.15383688724265 r
2458894.8735301 2681.1802396065796 47.7907772998071 26.3321 17.761284975080613 0.019352092092851648 20.38631475360542 g
2458894.9627199 4921.68052311628 42.4970801880016 26.3693 17.13901645177137 0.009374659680449813 20.550977258257692 r
2458898.8585069 4824.816465806454 32.3128199620357 26.338 17.12929800600954 0.007271163345053437 20.817137837035233 r
2458898.9181134 2639.23952845951 31.4731566079697 26.3507 17.797002982229753 0.012947065152975156 20.858424232236512 g
2458901.8976505 4772.3934090383 34.8884198751076 26.345 17.148159406881806 0.007936972963433313 20.740871738301315 r
2458904.9203356 2474.845745690969 46.2124722252432 26.3227 17.83882966241486 0.020273134672051423 20.413376982759235 g
2458904.9746412 4688.068930659311 43.9220918451041 26.3359 17.158415028319148 0.010171824651375835 20.481767449765265 r
2458908.8391204 1675.3792797645883 37.4090251125456 25.8885 17.828217149981974 0.024242259084401276 20.208634012820994 g
2458908.9546528 4759.8828768495105 34.3049816364219 26.3656 17.171609333831 0.007824755256859401 20.77978201120216 r
2458911.9486343 4645.873528298506 44.3011644811922 26.325 17.157331542252972 0.010352794578729223 20.46153713403629 r
2458914.9053935 3526.705179854819 56.5390943965919 26.0373 17.16887711076454 0.017405621296903186 19.90900286919505 r
2458936.8120139 2319.7429899303106 31.8365837478693 26.2926 17.87900032251203 0.014900348497701506 20.78785884110713 g
2458936.8993171 4380.843882769925 36.7379466895356 26.3043 17.20040555802673 0.009104727259901668 20.644087790123063 r
2458939.8367824 1602.565549510175 34.5152545575602 25.8942 17.88216049390142 0.023383263096225185 20.301747287277358 g
2458939.8589815 1254.8132239703905 51.7324870307632 25.0249 17.27845228273955 0.04476041541193142 18.99306659529395 r
2458940.8575579 275.14300559127014 43.3124900524832 24.0399 17.94100380727494 0.1709088346582815 18.20094210862968 g
2458941.9414583 2119.677898772546 42.0530733305188 26.2204 17.90472532104321 0.02153960360740806 20.41348063795047 g
2458954.7544444 4625.164203662107 32.5267909820877 26.3071 17.144282110567254 0.007635261239220755 20.77907194189268 r
2458954.7962616 2385.263516328516 30.7740111260265 26.2917 17.847859086249976 0.014007401551571513 20.823814722999657 g
2458955.7700694 4598.135224843862 38.6853446856024 26.3274 17.170945652186234 0.009134285242031946 20.611108812246204 r
2458955.7964931 2547.255107214196 32.5762978865572 26.3187 17.80351889582874 0.013884783866079059 20.789020670044817 g
2458962.7324884 2582.1603780748264 33.1168470743061 26.3086 17.778641967964614 0.013924371690414121 20.761052532661918 g
2458962.7784722 4732.5363172126345 32.9231839293092 26.3175 17.129765111500994 0.007552969147229679 20.776320418551656 r
2458965.7507176 2617.39532539988 30.9353221907446 26.322 17.777326693903337 0.012832023873718863 20.848438380290766 g
2458965.790787 4840.307430288188 32.4610246853829 26.3423 17.130117633576184 0.007281135549446264 20.816469426852816 r
2458968.7013194 5056.850627452233 33.5714417961441 26.3751 17.115399686628223 0.007207749851301682 20.812750005814777 r
2458968.7714352 2656.8620563458335 34.8091808309212 26.3386 17.777677483679803 0.014224422204331361 20.736940481422998 g
2458969.7902894 482.2615984046064 49.0981959021389 23.5141 16.80589329691083 0.11053318669223539 17.53901115315704 i
2458971.7134491 4909.531628625884 48.2089483629875 26.3841 17.1564998444409 0.010660987482495344 20.42885584460162 r
2458971.7511458 2582.4802690266215 55.1878211562128 26.3491 17.81900746986025 0.023201500568244063 20.247066868578823 g
2458975.8831019 4539.9481374503175 121.520115187281 26.2836 17.14097277080206 0.029060770093494222 19.324554557867913 r
2458978.6697801 2507.602085559469 31.9443548127757 26.2943 17.796153444081227 0.013830737428379796 20.785889686623218 g
2458978.7546759 4914.88804512866 48.9123937950377 26.3656 17.136815925981754 0.010804760038411472 20.394627694377462 r
2458981.7011574 2634.2616634489314 31.7287105131205 26.3542 17.80255272097937 0.013076856214425468 20.853143933429557 g
2458985.7087847 2556.0218407650964 28.428287560695 26.3167 17.79778859881614 0.012075245724585765 20.934898239629554 g
2458992.6913426 2464.822559602972 29.7771166415226 26.319 17.839535849343164 0.013116163438113199 20.886868383834933 g
2458992.7328704 4689.041363183355 32.1868209707799 26.3457 17.16798984056541 0.007452532153448883 20.82907977818739 r
2458995.7468519 4689.116583421699 35.9167390751772 26.3477 17.16997242364056 0.00831602348122148 20.712032740019772 r
2458998.6922569 2572.061678582061 35.1116439556107 26.3143 17.788596552873948 0.014821072200578765 20.703247079257906 g
2458998.7312963 4769.577119927787 37.4892790606684 26.3563 17.1601003116362 0.00853369371177794 20.674107267206104 r
2459005.6876968 2331.202404566458 84.7628744280321 26.3066 17.887650044029794 0.0394762173315573 19.738660799600282 g
2459009.7499537 2481.959557695798 48.2228559819796 26.3376 17.85061324848388 0.021094443129541205 20.382042669800654 g
2459014.6989352 2720.85840821318 35.6325120454302 26.3715 17.78473514512033 0.014218387186538407 20.744458887603784 g
2459017.7173843 2711.665307232822 32.4890863759434 26.3399 17.756809787926827 0.013008021670033187 20.813131242304515 g
2459017.7347917 4908.05644990311 33.0161188974387 26.366 17.138726127219734 0.00730342053984665 20.821759939533155 r
2459026.7167708 1937.4702811354264 76.0954457396249 25.8811 17.663012376038495 0.042641596231914526 19.430278325858243 g
2459032.6961458 2561.1305356616176 101.427165505403 26.3127 17.791620714632522 0.04299643148050977 19.549889267124456 g
2459032.7139352 4804.675577203831 87.5779068538686 26.3617 17.15753982893076 0.019789751033842045 19.758288586228346 r
2459037.7360301 2335.13130371581 177.449330572087 26.2091 17.788321735414947 0.08250359964578743 18.838989075884946 g
2459039.7123032 4930.092835766845 54.6250870582137 26.3394 17.10726225673509 0.012029480781547568 20.248494633830614 r
2459042.7292593 4015.8206716177324 55.4501018536745 26.1695 17.16006422264175 0.014991250980906617 20.062319118607594 r
2459166.0371759 4312.282034675957 51.3934887562888 26.3053 17.218532107205235 0.012939299956269128 20.280604739159067 r
2459166.0418403 4404.006456026831 48.1471820812532 26.3254 17.215780132621074 0.011869509299669866 20.37154780372635 r
2459166.0465162 4393.70428054455 53.5484151422852 26.3303 17.223222941848732 0.013232004388054438 20.26100843500057 r
2459166.0511921 4431.969279637553 63.0209879288237 26.3268 17.21030814649449 0.015438258317512402 20.080661971727263 r
2459166.0558681 4618.460204012887 89.6196609052421 26.4012 17.239956985549412 0.021067641929723525 19.77276674831996 r
2459168.0366204 4322.547374847852 60.93716687825 26.3334 17.24405059546925 0.015305669630062704 20.12376934186966 r
2459168.0413657 4383.432187231516 60.3111955326246 26.3502 17.245664269248934 0.014938035355150835 20.151780145512184 r
2459168.0461111 4396.062613163596 77.3926726542275 26.3461 17.238440326359658 0.019113746116601972 19.876925377390506 r
2459168.0508565 4522.10935349533 82.4904524388552 26.3637 17.22534734942304 0.019804891304461815 19.82526577515089 r
2459168.0556019 4340.550503069235 127.38573063567 26.3919 17.298037965801925 0.031862937121305716 19.38167303323671 r
2459170.0354167 4456.180874829508 65.1806482526052 26.349 17.226592974037047 0.015880555972845465 20.066278300619537 r
2459170.040081 4382.152935540562 67.8868007071385 26.3511 17.246881174479167 0.016819289653259996 20.024211633624184 r
2459170.0447685 4344.484281821032 65.98684583355 26.354 17.25915442424793 0.016490315967136116 20.057931565126246 r
2459170.0494444 4347.358515295893 77.4605914602399 26.3769 17.28133635800325 0.019344842127118303 19.90677296722567 r
2459170.0541204 4333.4370827270695 130.573165747719 26.3728 17.28071876146486 0.032713821233810475 19.335740154873577 r
2459172.0537153 4520.059269731065 62.4230042445621 26.3936 17.25573967605319 0.014993753768267164 20.1578133236331 r
2459174.0408333 1757.4681394020379 46.5186593487764 25.3399 17.22768134856879 0.02873753857759863 19.423407014099453 r
2459174.0455324 2000.722841578166 47.5972334194639 25.4828 17.229832674099246 0.025828823088134382 19.541420713744156 r
2459174.0502315 1954.5444512493268 46.2329292912725 25.5026 17.27498612043061 0.02568122270099834 19.592796461776487 r
2459174.0549306 2421.5324497158763 51.7909749113931 25.6999 17.23967426705143 0.023220610348581958 19.666839773564757 r
2459174.0596412 2944.321943717257 66.262004357386 25.9005 17.228036760687345 0.02443369288617524 19.599913567396413 r
2459178.0268171 2060.7704956840003 39.8444681322107 26.2788 17.99372593031419 0.020991730588991578 20.530454904216224 g
2459181.0604167 4568.5855835320335 88.7796611842063 26.3999 17.250445587541815 0.021098013025110916 19.781691280996796 r
2459185.0057639 4234.1538173450845 72.0898732709893 26.3479 17.28098342270531 0.018484915472293584 19.955789333998514 r
2459185.0271875 2113.688445876407 79.1546903171323 26.3221 18.00949756646949 0.040657953846020875 19.82848335387731 g
2459187.025081 1806.5502801958717 159.00122757314 26.3704 18.228274866435946 0.09555650604833502 19.119473795871674 g
2459188.9863426 4522.688742559769 61.0848488150545 25.8718 16.733308249870326 0.014663803797598667 19.659541230820075 i
2459189.0111806 4488.250218493222 56.5331356213464 26.3729 17.24270734825134 0.013675268168248737 20.24471730327007 r
2459189.0391551 2286.3279381375596 62.8756490071936 26.3701 17.972253691731797 0.029857524368406205 20.12646878689112 g
2459195.0142245 4525.677974274882 38.4720234881148 26.3534 17.214190879030447 0.00922935218512506 20.64311241612677 r
2459197.0117361 4563.021245916389 57.1835251128258 26.3929 17.244768772752344 0.013605931217295189 20.252297678680073 r
2459200.0189005 4798.415080915881 48.4319110222308 26.3944 17.191655466600867 0.01095831121529392 20.434145974811443 r
2459200.0434028 2437.6797187884085 40.0904598409144 26.3911 17.923658389841908 0.01785559108270157 20.636072394977504 g
2459202.9616782 4565.270104628758 54.9115078282322 25.8315 16.682833805740657 0.013058904004095004 19.734916565986943 i
2459203.0016435 2298.920302276214 42.1681268724104 26.3569 17.953090210889016 0.019914537837630225 20.547014214453217 g
2459203.0426157 4658.60535953967 51.5261956512819 26.4122 17.241560195028548 0.012008312853554214 20.38470479352774 r
2459204.9692361 2253.4179585836937 35.5195125897625 26.306 17.92389562225296 0.017113352040090644 20.682407495114614 g
2459205.0061343 4813.370524493863 36.0996357848074 26.3994 17.193276764594575 0.008142604931850051 20.758217938512587 r
2459206.9722454 513.7801156070432 49.8318759482683 23.5025 16.72555676968199 0.10530276683267815 17.511306897328744 i
2459206.983831 753.0232930870112 60.2712847481208 24.5613 17.369278974163933 0.08689841928100041 18.363598866593016 r
2459216.0085417 2219.2604622015124 89.3171691751281 26.3998 18.03427931014933 0.04369547974429304 19.77503761401858 g
2459216.0408218 4570.065567062097 74.0974416387978 26.4075 17.257693922577566 0.017603159343501314 19.985566955761353 r
2459216.9824884 4662.174312756444 46.5398602106375 25.8553 16.683828731986583 0.010837931583217655 19.93831230294776 i
2459217.0141435 4243.363788380633 70.5454309838684 26.3432 17.273924335199467 0.018049636618220496 19.97460276153683 r
2459217.0352199 2031.7290426761351 73.3971887279235 26.2691 17.99943552826975 0.03922143461460033 19.857476424633116 g
2459218.9784259 2307.137881856893 71.4852004545502 26.3796 17.971916124728672 0.033639724241812455 19.99663464081824 g
2459218.9976968 4684.543068416659 57.4950379070646 26.4139 17.237231909775634 0.013325176381994144 20.267399077547687 r
2459221.9480556 4187.911725521319 53.6229481578608 26.3443 17.28930620282386 0.013901542971931276 20.273498270269716 r
2459222.9816319 4608.633948819269 45.6917559098249 25.8653 16.70636946331918 0.010764044170617269 19.968280368955323 i
2459223.9825694 4483.80403271787 42.2958964906682 26.4144 17.285283441892638 0.010241450002016154 20.601229402749937 r
2459224.0412963 2150.353012976955 37.0703222267259 26.4098 18.078525595556297 0.018716577510144675 20.73980908648955 g
2459225.9225926 3671.8089628650737 57.3179044907453 25.629 16.71679980596715 0.01694806280363909 19.485849228005343 i
2459225.9818981 1425.2597876267578 57.1475188569858 25.9588 18.074064919753276 0.0435324575643452 19.81888154013184 g
2459226.0057986 1849.7730448011466 92.0398772857563 25.4235 17.255703883636954 0.05402159743326134 18.766134911749774 r
2459227.8794329 4026.3212560220054 39.5829116223801 26.2654 17.253128940389757 0.010673556434211966 20.524205647440986 r
2459227.9818634 2030.2977401001535 37.1417491525812 26.333 18.064100671964816 0.01986151895779001 20.660919107813555 g
2459229.0262847 4507.398658020655 28.1484294452576 25.855 16.720185072360927 0.006780130218642874 20.483939568659245 i
2459229.9683102 2026.2705133502898 63.6141958570352 26.3697 18.102956438637733 0.03408524774305069 20.113389885006374 g
2459230.0053935 4339.423934528289 56.0979120212309 26.4119 17.318319799871304 0.01403538902867554 20.29210824664937 r
2459231.9835185 4441.588858391819 35.2859977645001 26.4214 17.302554112440284 0.008625293559203677 20.804968983481196 r
2459232.0042361 4297.696651033828 26.2395510452446 25.8068 16.72371060509856 0.006628732291509941 20.511983989024458 i
2459249.0235417 4378.781172061341 57.5729072744216 26.4205 17.317116894921547 0.014274955283598697 20.272529587427673 r
2459249.8694907 3387.0769857246896 76.9496055309318 25.5765 16.75193733013669 0.0246655706607914 19.113558994568976 i
2459250.9203125 4378.897473970322 46.6283075245211 26.4222 17.318788057783674 0.01156098168095992 20.503150858957184 r
2459250.9778704 2069.3800883156728 40.7297013179518 26.409 18.119399335083166 0.021368832613486866 20.63679692591654 g
2459252.8323958 4141.445893150523 28.7592717337981 26.3562 17.313320020514336 0.007539381686242822 20.96183027845007 r
2459252.8994097 4435.465157677552 25.1640681731253 25.8784 16.761052069896706 0.006159585938415411 20.629022856456054 i
2459252.9867361 2036.228902962116 29.3239166072479 26.4227 18.150633505787287 0.01563526390091781 21.007220049738823 g
2459254.9222917 2176.903952918681 31.9062819157331 25.6653 17.32070183005873 0.01591280599654708 20.15818449368408 r
2459255.8488194 4260.823836106478 30.4060709697264 25.8256 16.751866053367934 0.00774776722099782 20.37077422706079 i
2459256.9220833 4307.174281498321 27.3140600039875 26.4124 17.32691888748363 0.006884995360813053 21.074009341311847 r
2459256.9894676 1973.1111135357853 31.5741335291611 26.412 18.17412114313322 0.01737359672116027 20.91624638591872 g
2459260.8999769 2716.0315924164797 43.3996938826787 25.9288 17.34396295680694 0.017348490267928725 20.087658323531457 r
2459262.8800347 4330.458719840943 34.6336014898674 25.8454 16.75406524240541 0.008683075759449831 20.249230850536897 i
2459263.8572801 1927.2670677869332 52.2473187333894 26.384 18.171645248870576 0.0294328247999265 20.3414149693875 g
2459265.8543519 4311.568966790023 32.9310282912658 25.8609 16.774311656601867 0.008292391398866028 20.319461759081513 i
2459265.8735301 4241.07176335573 34.2786690354446 26.415 17.346310946906776 0.008775223115379432 20.830015111938096 r
2459265.91875 1919.671337288085 30.7703888876904 26.4161 18.20803279884046 0.017402672304603996 20.94834252651411 g
2459267.918206 4220.852799914208 47.3593719817555 26.4339 17.370399483449397 0.012181915029502348 20.49796015239531 r
2459268.9114005 4437.533320595298 30.6002783987562 25.8912 16.773345932224466 0.00748675443254424 20.4294615449745 i
2459269.8739236 4276.283473946054 46.7520480023852 26.4228 17.345133783044293 0.01186981612080798 20.50087338875073 r
2459269.9356597 1900.4003436067756 54.2419649548844 26.4234 18.226287249322734 0.030988471218516802 20.34013645471126 g
2459271.8320602 4174.6412113730075 75.8745548963683 25.8715 16.819952109802227 0.01973271476038869 19.423834598197736 i
2459271.8984838 1943.3719803793456 116.229907211195 26.4202 18.198810158093817 0.06493394549949312 19.509480261416552 g
2459276.8784954 3971.8221447576225 62.405677858047 26.405 17.40752551781307 0.017058630014415276 20.169514726883396 r
2459280.8425347 3784.230887759615 32.2077621491869 25.7683 16.82335593449374 0.009240442352098227 20.250973613312436 i
2459281.7882986 3842.0413636120174 34.4597876268566 26.3587 17.397294909531887 0.009737789858489485 20.767993497671895 r
2459291.7959491 1734.5894824415707 29.8397903134348 26.3434 18.245408228127587 0.018677076432917585 20.9089855716857 g
2459291.8326505 4151.037195734159 27.7296000777404 25.8495 16.804108437675286 0.007252651659045941 20.494715973823574 i
2459291.8494676 4006.1953549642003 29.4123971030912 26.3964 17.38956969232755 0.007970914222956428 20.97764893705402 r
2459293.7957755 1770.0456877491365 33.3728160760667 26.3841 18.26413880912195 0.020470017618506125 20.828192851703758 g
2459295.8534491 3968.0464306899185 33.563628376611 25.8045 16.808058136862662 0.009183368180031803 20.242402729539844 i
2459296.8572801 3963.5472327145926 63.1355183184238 26.3408 17.34558990512146 0.017294163085163013 20.092690613635714 r
2459298.8318519 1326.8956951951268 76.9741140760799 25.9972 18.190108037190043 0.0629821891464577 19.533913241294744 g
2459298.8780324 3432.4491342948713 76.4013803130021 26.1817 17.34268972470998 0.024166120271689503 19.72652197698431 r
2459300.8373148 1676.388647911798 154.505377160346 26.3383 18.27736322190692 0.10006419942770546 19.118515992857667 g
2459303.8359259 4172.235160298051 91.9653153638332 26.4156 17.364678053381265 0.023931235669703 19.7591148280325 r
2459303.857963 1715.9548566588865 102.633456700483 26.3764 18.29013535439111 0.06493710688676078 19.60075259862706 g
2459304.7694444 1774.8876676164957 89.6528148395105 26.3181 18.195172820434994 0.05484068814448949 19.68926516489756 g
2459304.8195833 3977.1949228583553 82.9359013145632 26.3765 17.377557809153544 0.022639953485736684 19.832218567258273 r
2459305.7978125 3257.592221805312 59.5631562382167 26.0755 17.29325820162154 0.019851385417415424 19.890630732018586 r
2459305.79875 3981.2552753127648 49.8017988537364 26.3753 17.375249937159232 0.013581096733681294 20.384762414482438 r
2459305.8174653 1797.0881160041945 54.7511605746124 26.3633 18.22687656939204 0.033077585070245906 20.269891665502488 g
2459305.8184028 1742.010659382136 59.3925105158341 26.3677 18.265072979668936 0.037016104534005556 20.185945781030135 g
2459305.8584259 4136.6122367441385 41.4614224816681 25.8451 16.803487969174725 0.010882012577465416 20.05356449408147 i
2459306.8635532 1753.1830770580889 39.7349316877488 26.3541 18.24453182527529 0.02460679429200279 20.608743812372566 g
2459306.9570718 3802.6381557698414 41.8991186162253 26.3409 17.390687495982597 0.011962714099581852 20.53796277089313 r
2459307.7572569 4024.9890229852917 34.0803264450189 26.4019 17.38998824927346 0.009192822690958238 20.823215623938605 r
2459307.7705671 4030.147882347576 28.5584542677528 26.3974 17.384097543884707 0.00769349282052602 21.010638245506083 r
2459307.7986574 1853.0174630440215 27.4220789545569 26.3921 18.222401219554996 0.016066848648071883 21.049424046809378 g
2459307.7995949 1754.994536977564 27.3802954339857 26.3903 18.27961057771646 0.01693839275640908 21.04927966448446 g
2459308.7746644 4026.0481230013106 28.1481436246598 26.4044 17.392202595830895 0.007590679147300197 21.033350593336387 r
2459308.8584606 1713.2601406958863 35.1960719332747 26.3759 18.291341722342402 0.022303895590797655 20.76223949757369 g
2459309.755625 3064.897231234308 43.3030604997587 26.0658 17.34976020796678 0.015339546235178105 20.227078509755408 r
2459309.7696991 4072.8434248908675 29.1023131986464 26.4067 17.381955713683215 0.007757818836509048 20.999456213475177 r
2459309.7968981 1756.8137293090701 31.6931764138207 26.3677 18.255885708130972 0.01958618666192791 20.867860569011363 g
2459309.7978356 1757.2200187048393 31.773127815731 26.3665 18.25443464445874 0.019631056158217756 20.86392506460006 g
2459310.8383681 1690.0342972597073 28.4908128144258 24.8479 16.778161204502066 0.018302868481886617 19.463712890650193 i
2459310.8574884 212.42253875299417 34.1842273115373 23.9589 18.140898512564675 0.17471693827787338 18.376910569898474 g
2459311.7486458 1689.3707080653533 31.716608110451 26.296 18.226687600759114 0.020383164725846864 20.795358148920545 g
2459311.7956713 2504.6130544718567 39.9314535865409 25.8331 17.336248400328323 0.017309491812119195 20.08238718993735 r
2459313.7565972 1632.7981567384634 30.6317935889504 26.2509 18.218568746414014 0.020368064578143965 20.788043921973866 g
2459313.8007755 2676.627665971954 37.2792099811998 25.9306 17.361630093568117 0.015121280703751317 20.254508238568356 r
2459313.8180093 3476.7263641027007 31.7344779944439 25.6751 16.82217372284371 0.009909932261079718 20.17384659183839 i
2459315.7705903 991.7933880962951 37.7023081277933 24.8683 17.37724697827235 0.041272100041839455 19.179955143056617 r
2459315.7913657 253.04396703469308 29.5900384273005 24.2602 18.25221003123451 0.12695779748076585 18.8349111662589 g
2459316.7521296 3991.2030187695486 27.4434839097313 25.801 16.798240451469 0.007465265570474769 20.457476880216714 i
2459317.7538657 1768.5875634365686 25.5451163598432 26.3691 18.25003358308377 0.01568162832604724 21.103405275996444 g
2459319.7730787 3908.6985124120542 64.2512642432469 25.8073 16.82721956620982 0.017846758292403016 19.540170795398154 i
2459321.794213 3969.7814205860377 27.2292368917358 26.3661 17.369183512970483 0.00744695472150035 21.0310863134957 r
2459322.7270023 3887.2099123258645 32.3092948004538 25.7878 16.81370501624837 0.009024004917672192 20.267056291702804 i
2459323.7760185 1663.401991801453 41.2429653632097 26.3345 18.28200695704161 0.026919222001377464 20.548700280549543 g
2459323.8330208 3926.3239385964807 33.8944211154614 26.3657 17.38073468024221 0.009372424074161037 20.7929544367317 r
2459325.7762269 4099.388055767211 37.4573069146965 26.3991 17.367302421516985 0.00992035824958635 20.717833615433435 r
2459325.8361921 1764.8122457631298 56.6175795313434 26.3347 18.21795372847557 0.034830734116194424 20.204896742105205 g
2459334.6915394 1717.0702615820217 28.5390582551524 26.3176 18.23062983345321 0.018045187923219335 20.931575894240247 g
2459334.8295949 3940.01104672969 53.5287792164215 26.3766 17.387856401319937 0.014750262094698124 20.30770664184547 r
2459336.6847222 3986.42626618999 34.8546510085827 25.8324 16.830940660754578 0.00949263627950788 20.2293231426453 i
2459336.7540741 1718.8358922495831 27.7954347758037 26.3489 18.26081396519435 0.01755694285426765 20.991541310020086 g
2459336.812419 3800.9341354898143 28.8476861678613 26.343 17.39327414001563 0.008240061983713095 20.94529752730484 r
2459338.7533681 3906.1190082004596 29.6211142101113 26.3629 17.383536322860163 0.008233144876129547 20.93647151252531 r
2459338.7966898 1657.532680120499 33.5142253882191 26.3309 18.282244750586877 0.021952143049960425 20.770402024085158 g
2459339.6934606 4040.0689943656375 30.1968080484585 25.8176 16.80162804538164 0.008114879855748398 20.370272393373448 i
2459340.7260532 1722.9162194686535 27.1982820809053 26.3285 18.237839601369913 0.01713906603325475 20.994721305025283 g
2459340.7967245 3864.456608261163 24.7819312213703 26.3576 17.389878911948003 0.0069623611944625114 21.124837120853275 r
2459342.673206 3948.345308853386 30.6110650515453 25.8069 16.815862181057394 0.008417306675771511 20.344778888462734 i
2459342.7992593 3805.0011241963016 29.827794802998 26.33 17.37911302645022 0.008510913863252837 20.896022122289374 r
2459342.8162616 1633.4896960305587 27.8443716677198 26.2645 18.2317090017182 0.01850677992833684 20.905231433893675 g
2459344.7471875 3782.6981245323186 23.8917641378973 26.332 17.38749578969768 0.006857350883034622 21.138954442425753 r
2459345.7481019 6023.193853938936 49.6310208468345 28.2674 18.817832897552066 0.008946150603831207 22.280591968727215 g
2459345.8009491 21112.390965843435 67.4316759511627 28.3766 17.565256450782037 0.0034676589069717718 22.057015104676317 r
2459346.759294 27558.74378916015 73.0400625647604 28.671 17.570351456921 0.0028774749870040077 22.264672147822488 r
2459346.7791204 3718.902646886525 29.8429804425924 26.3121 17.386062976039497 0.008712388288423837 20.87756950339049 r
2459346.8732176 1414.423707845209 31.7263414591429 26.1184 18.241951182121234 0.0243528786537853 20.617425003969913 g
2459348.7684491 1545.683690971027 27.032299101799 26.3138 18.34099843859395 0.018987692828916124 20.98666752893065 g
2459348.7734144 3939.54826949895 33.9063552286388 25.8213 16.832683934846763 0.009344251511459484 20.24817221990231 i
2459348.812338 3733.2101205261392 26.4052241287416 26.3222 17.391993913734396 0.007679222682631755 21.02055034378134 r
2459350.7492593 3638.4493505667383 34.8819939496605 26.315 17.412709165861052 0.010408659619034526 20.711071733099807 r
2459353.7563079 3777.273473322967 44.9997402035863 25.795 16.852053928151186 0.012934254902135414 19.914549972970182 i
2459354.7347685 3872.78109238952 56.7603000480045 26.3683 17.398242626663468 0.015912249180109445 20.235763282729827 r
2459354.8114583 1604.8586458150507 71.1393349957945 26.2809 18.267308034387632 0.048126341971824374 19.90320048635403 g
2459358.7533333 1583.3390275967417 103.089515362369 26.3053 18.306365208027415 0.07068876903691776 19.524838744278295 g
2459358.810544 3591.6608417106486 109.78844143459 26.2915 17.403261700562922 0.03318724014285343 19.442683439544425 r
2459361.6889583 4044.8952558066244 46.7872724067264 26.4141 17.396831800341992 0.01255828357460224 20.49135567032548 r
2459361.7338542 1749.3230298044518 74.3487742630749 26.3744 18.267224965857636 0.04614382983710205 19.948790456650897 g
2459363.7086227 3866.4356486099223 29.3886681920476 26.4024 17.434123034118414 0.008252375044073869 20.98452522523311 r
2459363.7320718 1629.1298338960423 29.8386834108085 26.3893 18.359410757771233 0.01988537555760091 20.954925847657307 g
2459365.69 1573.0922288473832 29.0487916029179 26.3508 18.358914535931785 0.02004858486040345 20.945554811810524 g
2459366.682963 3791.261930580338 26.4440028736265 25.7946 16.847640525035178 0.0075727434415225284 20.49135699995245 i
2459367.7532292 1399.7955648724674 30.5296767338006 26.2377 18.372538467109493 0.023679222067621845 20.778469474766872 g
2459370.6929398 3846.938368728261 34.365368426011 25.8222 16.85941192852438 0.009698746619757889 20.23447247846826 i
2459370.7223727 1515.0124630497526 29.1635541208358 26.3088 18.35775948620209 0.020899412698726843 20.89927386485573 g
2459370.7671065 3677.5763216515384 30.485446604819 26.3337 17.419795763715108 0.008999962606891107 20.876043584861566 r
2459372.6931713 1026.2197384104861 32.1927454142263 25.8573 18.329199090844746 0.034058654679905306 20.340479951344115 g
2459373.708125 3910.4287577637133 38.3360686029441 25.8438 16.863239054769817 0.010643710002280876 20.137356055284723 i
2459374.7230208 1604.1045674379338 29.8789385482191 26.3424 18.32931831148084 0.02022284846031812 20.90656207648557 g
2459376.6917245 3867.9114295827053 30.5348689992497 25.8349 16.86620869821244 0.008570958222810707 20.375484836347685 i
2459376.7186227 1592.5556159379937 34.6599829292627 26.3472 18.341963480255128 0.023628903813281744 20.75020412796195 g
2459376.7541435 3704.349543733447 41.7507567023991 26.3494 17.427620099688937 0.012236641282536707 20.550314111245736 r
2459378.6935069 1653.0893833397674 29.2601236619881 26.3647 18.318959158204255 0.019217180014573423 20.951584596032795 g
2459378.7499653 3747.3029441153603 39.6643068070523 26.3719 17.437602989283565 0.011491875234705065 20.62847531729895 r
2459379.7562269 3782.5508195583593 30.5051504464024 25.8198 16.875338071014415 0.008755848478864861 20.361442061152715 i
2459380.7501389 414.2960100404588 53.8287688664004 24.6541 18.11082312310085 0.1410631358784838 18.579138871528734 g
2459382.7172569 766.8548489690919 62.8260126119109 25.4416 18.229817079884278 0.08894799580970099 19.198826246268172 g
2459386.6874653 3652.254212941082 109.689030219226 26.3109 17.404497503203622 0.03260708953036255 19.46306699710273 r
2459386.7322917 3709.1532970597605 63.5975159297165 25.7894 16.86621304293127 0.018615521526065614 19.53337460723567 i
2459386.7917593 1080.7530660013779 126.539412113328 25.9942 18.409883809343302 0.12711862131443175 18.991210458038367 g
2459390.7134838 1592.8590163738613 86.1406505442812 26.3077 18.302256654534283 0.058713861888939 19.722254620955564 g
2459392.6878588 3607.153239687089 38.9935831109082 26.3388 17.445888518797332 0.011736494229778138 20.613892128568978 r
2459392.7568634 1185.6933391817188 83.5275249120177 26.1102 18.425269049609625 0.07648337963976633 19.5582009577086 g
2459394.6957176 1074.5006337632033 29.7514613222948 25.9967 18.418683310040976 0.030061556543236015 20.565504233862185 g
2459396.687338 3407.338748792796 33.2319324890461 26.2804 17.44936171963311 0.010588882339961149 20.7290859968625 r
2459396.7497338 1045.3745388352518 37.4749565864121 25.9601 18.41192020448799 0.038920557995606314 20.27832214315053 g
2459401.6928125 3848.3137211653866 44.0103447147505 25.8092 16.84602382689139 0.012416355505011887 19.952888063598554 i
2459526.0422685 876.2748872339916 90.5357306904906 24.9697 17.613099085944366 0.11217329657927083 18.33022496161027 r
2459526.0447106 2271.5029584577474 85.8609841108512 25.9461 17.55531673303464 0.04103858641348327 19.3641853343726 r
2459526.0471528 3450.380011643856 84.3419858054335 26.3465 17.50183267690277 0.02653913298823356 19.783965433845665 r
2459526.0496065 3685.7917745001173 117.653134121194 26.3754 17.459073008752725 0.03465632773916113 19.45146623744295 r
2459526.0520602 3600.5775730346977 147.570552290015 26.3692 17.47826956984409 0.04449767998922248 19.199275732533977 r
2459527.0419097 3339.7154063082166 59.4475304671553 26.3031 17.493826349989018 0.019325653828550813 20.120340443823796 r
2459527.0443519 3381.050651244153 63.1118547766991 26.3114 17.488770807638176 0.020266049757594773 20.063697629855604 r
2459527.046794 3417.689343291424 67.3969621737564 26.3222 17.487868539399415 0.021410044764799425 20.003174184798922 r
2459527.0492477 3497.3960110692037 78.3861093169057 26.3312 17.471837974070482 0.024333475138649537 19.84817721706315 r
2459527.0516898 3509.5298902727836 93.1019752889012 26.3513 17.488177635996458 0.028801810422336475 19.68147775104683 r
2459528.0440972 3392.9887448005557 57.3104735777443 26.3176 17.49114395247807 0.01833839892888135 20.174589996136703 r
2459528.0465509 3483.9295820442667 67.2348069896215 26.3181 17.462926579079614 0.020952441267713482 20.001689582939083 r
2459528.0489931 3412.5882607521194 63.8892886173963 26.3261 17.493390268806962 0.02032609718836093 20.06510485801646 r
2459528.0514352 3444.6117264690083 69.8844319070967 26.3366 17.49374931070094 0.02202672862619297 19.97822389135054 r
2459528.0538889 3594.1224453917443 81.9912126060458 26.3521 17.46311782832629 0.024767620157326434 19.820256715554436 r
2459529.0476852 3538.790803121651 81.7020778671151 26.3321 17.4599627751915 0.02506617397730293 19.80409223477056 r
2459529.050081 3483.2876875394404 91.9886881018391 26.3276 17.472626638322357 0.028671797345201595 19.670838926149248 r
2459529.0524769 3477.347453241155 102.484863841598 26.3394 17.486279782145495 0.031997900172188086 19.565325668009216 r
2459530.0442245 3519.4980725696146 80.543755860222 26.3325 17.46629817074809 0.02484625760104416 19.819995295507827 r
2459530.0466088 3614.376308870865 104.379144859736 26.3436 17.44851658270407 0.031353801566284076 19.54964065286564 r
2459530.0490046 3498.484637446097 116.387643648475 26.3556 17.495900072056486 0.036119085205243026 19.443407799976036 r
2459530.0513889 3525.5038927350397 127.436215713343 26.3633 17.495247003635683 0.039244744470453716 19.352642823216478 r
2459530.0537731 3449.7583919319004 145.932267533796 26.3543 17.509828300523402 0.04592746646605446 19.19649666239991 r
2459531.0459954 3525.731122973066 84.7929032714393 26.3534 17.485277026647033 0.02611079854670612 19.785076225234754 r
2459531.0483565 3513.9601854174357 98.2232638847588 26.3592 17.494707908860107 0.03034781043969466 19.631239085878764 r
2459537.035544 3391.614402404673 70.6593914817763 26.301 17.474983822956847 0.022618992677166737 19.930650256725812 r
2459537.0380093 3381.9405066894 76.1988381520722 26.3459 17.522985091375382 0.02446201475693277 19.893604115535055 r
2459537.040463 3783.29942815332 65.3316274402191 26.3626 17.417923213085487 0.018748330460977562 20.077366297171437 r
2459537.0429282 3631.9111847816193 70.6859768444692 26.3624 17.462061950784094 0.021130407974074585 19.99164182889441 r
2459537.0453935 3421.478511918689 62.6617833849396 26.3422 17.506665457950735 0.019883771879332414 20.102268111773682 r
2459538.0359491 1316.423391483159 184.659936387712 25.1317 17.33321102336249 0.15229545010610954 17.71834328511651 r
2459538.0384028 1068.38697885974 175.530298119767 25.0028 17.4309785341328 0.17837473540909737 17.64449476307358 r
2459538.0408681 1798.19699996045 141.21446941751 25.3827 17.245606828073882 0.0852612641718136 18.260576992656816 r
2459538.0433218 1390.3615132163495 144.444426048305 25.4182 17.560380656232162 0.11279319218054476 18.27152302026825 r
2459538.045787 1840.9387209227773 126.873261350869 25.5963 17.433701668892084 0.07482394621999837 18.590449729655102 r
2459540.0390394 3118.2703622085037 169.448757971487 26.2424 17.507615582613816 0.058997615716472704 18.922379014445795 r
2459540.0415509 1835.579556765404 170.668758324005 25.786 17.626566969447993 0.10094635791155407 18.458189917030175 r
2459540.0440741 2870.144147344886 147.10413881344 26.2235 17.57874072783018 0.05564562450896318 19.057012759439154 r
2459540.0465856 3408.984790889031 93.6538060047815 26.3037 17.47213734090526 0.02982704336233607 19.627461410661642 r
2459540.0491088 3570.533293717283 103.721255688238 26.3795 17.49766728239357 0.031538752908107336 19.59240557450933 r
2459551.0274653 3616.2752929716457 33.3883091070375 26.3802 17.484546289471478 0.010024039726168835 20.823788925357327 r
2459622.9378125 4036.394818847507 38.2744193705601 25.8839 16.868915899905634 0.010294963445246415 20.17920346141183 i
2459623.8162384 1530.6688726288567 69.1114326677761 26.2985 18.336296873587024 0.049020584261661004 19.952200249384745 g
2459625.8771065 1621.7759817313643 85.8919564764466 26.3798 18.354822839271776 0.05750047984242793 19.797493750753432 g
2459625.9196759 3933.2500036420856 66.9309710643582 26.4354 17.44852112065785 0.018475041051874665 20.123907174192176 r
2459627.9375463 3951.870565167896 95.5867754402383 25.8639 16.871893220531053 0.026260617695877817 19.165480461153074 i
2459636.8795833 4020.585632341711 33.9104325465736 25.8848 16.874076709098297 0.009157013426019702 20.311541665452573 i
2459637.8732639 1619.9619777489306 41.7583768109088 26.3979 18.37413794674159 0.027986502353964656 20.598615966986106 g
2459639.8400463 1658.208399569402 47.8104547704434 26.3745 18.325402223222735 0.031303550722424064 20.42826780240768 g
2459639.8587963 4059.1567626879582 44.2730875278712 25.8752 16.85411044028544 0.011841693716007112 20.012425464224116 i
2459641.8398264 1322.797438026825 24.2262557404905 26.1465 18.342766637230525 0.019883955850931393 20.93835924548954 g
2459672.8153009 1557.5866876388 25.1759410901381 26.3452 18.364069433236168 0.01754863434471103 21.095310704937425 g
2459675.7292593 3461.9097586598014 28.7357978400293 26.2722 17.423910642586343 0.00901192055537507 20.878716839956525 r
2459675.7994213 3721.9782146324474 24.8840244928308 25.7982 16.87126543299204 0.00725866295661119 20.56097343881515 i
2459675.8333681 1549.4612783203472 26.4228708083831 26.3148 18.339348181220554 0.018514377376218954 21.01242498581733 g
2459677.7983333 1581.1748077197567 40.5620140482314 26.3351 18.337650284322944 0.027851555967852257 20.56737621134496 g
2459677.8634722 3717.9475167826804 38.9442306505741 26.3689 17.4431418627501 0.011372336760126391 20.645367167399414 r
2459678.8636458 3828.9289115289607 28.2753300490124 25.8194 16.861706741885612 0.008017523057630833 20.44345578163587 i
2459679.7569444 1563.179464024904 45.0194019853224 26.3732 18.388177897623976 0.03126804430350797 20.492275684766554 g
2459682.7122917 1651.0054200806824 80.0342211868052 26.3162 18.271828752477074 0.052630447414441596 19.810585681218722 g
2459682.753912 4102.036333828852 69.2372166025688 25.8508 16.818301242956984 0.018325251155258366 19.502525987831326 i
2459682.8159028 3785.75535610528 71.3414179722451 26.3771 17.431718636341547 0.02045968907302855 19.99632064649566 r
2459687.8173727 3833.0662110723924 67.1134127183547 25.826 16.867134197066946 0.019009593932355257 19.511551681008136 i
2459687.8697569 3653.2592167864964 89.0068592576794 26.3392 17.432498778390297 0.026451653540496646 19.718216297745084 r
2459689.795081 1757.8032807401491 75.83929099777 26.3638 18.25137432325432 0.04684182760292093 19.916639328558936 g
2459690.8620486 3862.8465629344946 41.417565512032 25.7946 16.82733135557265 0.011640910438402957 20.00421356950727 i
2459693.7537269 3570.1011774731096 43.7627691897308 26.3252 17.44349868927441 0.013308653213834192 20.475013001220795 r
2459693.838044 1504.2871688105924 34.1792502606711 26.2631 18.319773122251707 0.024668436171898907 20.681268659115695 g
2459694.7291898 3696.439239896821 30.6820373437012 25.762 16.842541070274034 0.009011777492381079 20.297364503693302 i
2459695.801412 1447.1721178625487 39.3711201488687 25.3272 17.425899533652615 0.02953707068980903 19.591830561433035 r
2459697.7542245 1534.9182655449372 26.9846762491147 26.3215 18.356286864421225 0.01908718116222463 20.996281959288652 g
2459697.8370949 3107.4032742104464 29.2026686498631 25.6532 16.92220595247641 0.010203161468062851 20.242218637340955 i
2459699.7494097 1564.2495062196156 26.0487433280462 26.3136 18.327834933606056 0.01807967368300974 21.026708048080653 g
2459699.9117361 2743.557601401071 45.5311758682835 26.1854 17.58961479323689 0.018017918637812092 20.29220282327787 r
2459699.9122106 2667.0581829638313 40.2096350513631 26.1849 17.619818774738086 0.016368447098050035 20.426649660661468 r
2459699.9126736 2613.7134819450653 41.3501896578726 26.1727 17.62955505492448 0.01717629006456487 20.38408122456075 r
2459699.9131481 2634.935509396609 48.0944350301097 26.1731 17.62117502442644 0.019816852414785445 20.22043792065443 r
2459699.9136227 2691.605251387018 43.9709953025759 26.1828 17.607771582623826 0.017736371102488373 20.327459248721993 r
2459700.8197801 3829.6164997190604 30.5293831107916 25.8175 16.859611785962812 0.00865510978601069 20.358279917021708 i
2459701.7968866 1532.4124448683392 28.7508120241388 26.2976 18.334160824318815 0.020369683579076772 20.903549701150396 g
2459701.8520255 1405.674826314941 29.8121056954639 26.2212 18.35148783177219 0.02302595347632223 20.787793358402137 g
2459707.7481597 3827.0775684927307 57.3443194015411 26.3896 17.43243183814991 0.016267955498684435 20.245948982597042 r
2459707.7909838 3838.357549225434 44.7016142627244 26.3799 17.419536431203674 0.012644091120389127 20.506666972564172 r
2459708.6862153 3889.3933432351087 59.534090770186 26.3964 17.421695333595636 0.016618571752742308 20.21206067594875 r
2459709.7222454 3213.8158365090894 66.7945720309997 26.2028 17.435247533834794 0.022564723849524564 19.89352206024523 r
2459709.7527778 3630.238203824285 53.6550585583726 26.3332 17.43336219277312 0.0160466872436795 20.261748306190533 r
2459713.8603819 3778.5503192922374 89.2844399053808 25.8079 16.864586974673184 0.0256543140130602 19.18353554272371 i
2459714.7293403 3906.257117010946 92.9856758889344 26.3975 17.418097935119135 0.02584431728085174 19.729034858676236 r
2459717.7122685 3654.900029457322 36.1892598732601 26.3482 17.441011243925907 0.010750137932016804 20.704325736159134 r
2459717.811713 1362.3738967603115 71.2893205992035 26.2355 18.399759215244217 0.05681172808625265 19.855513799600892 g
2459719.7341435 3693.2510785236846 28.1396884197656 26.3813 17.462777916689795 0.008272185959680779 21.010576778297075 r
2459722.7152315 1459.9477756704553 27.6372662053508 26.3188 18.407956698113903 0.020552639223940558 20.967637284829436 g
2459722.7693634 1433.0689563280878 33.2568249392304 26.2864 18.395732279358583 0.025195532062210202 20.734273028273577 g
2459724.7128009 1354.6871426291511 29.188096188788 26.2648 18.435202477689877 0.023392497821057574 20.854360567180507 g
2459724.7755787 3553.9242886585694 27.5898391254056 26.3317 17.454929571157997 0.008428510543695101 20.98240206880218 r
2459725.6948843 3694.6441249624904 33.1602117697777 25.808 16.889068468279987 0.009744386928961166 20.259031750647097 i
2459726.6923611 3770.320268396939 25.1426747325656 26.4041 17.463154393126203 0.00724007511668306 21.15564629665586 r
2459726.7332176 1494.4588438119952 24.3786618859488 26.3578 18.4215901014471 0.017710700645366395 21.142850329011594 g
2459730.6938079 1516.5714033124764 30.165332322217 26.3673 18.41514284347796 0.021595093531829604 20.921104703740145 g
2459730.7347454 3708.39742595316 32.7763849306432 26.3858 17.46283432261241 0.00959587580073161 20.84947236067808 r
2459732.6922801 3740.3106722344696 31.6623858624466 26.3828 17.45053080891487 0.009190640923504375 20.88401589605203 r
2459732.7354514 3809.481514320502 32.0699843323881 25.8306 16.878435323798158 0.009139926748242622 20.317928119769086 i
2459734.6969907 1329.0040485938794 34.0448130428057 26.2309 18.422084240120025 0.027812145162147084 20.653347605181345 g
2459734.7207407 2075.0431162895284 45.0085880386276 25.795 17.502432187172396 0.02354930538547894 19.91433651683659 r
2459736.6956829 3778.3853112547363 31.070167383856 26.4041 17.460834389447946 0.008927856200417623 20.925816006836065 r
2459736.7482986 1510.7985083705566 41.5857475257133 26.335 18.3869836315711 0.029884624480707382 20.54021370775593 g
2459737.7334375 3733.690130862001 33.1383325235743 25.8444 16.9140543204404 0.009636120395598623 20.296148360366104 i
2459741.6902199 1417.414274468358 74.8048991734064 26.2915 18.412757994669953 0.057298476878278666 19.859249884395158 g
2459741.7899769 3386.170010189599 93.1672478567877 26.2628 17.438528102400497 0.029872003087184244 19.592216822409927 r
2459742.6913542 3678.732931634411 48.3577790542537 25.84 16.925754349753213 0.014271772834533358 19.8814091225545 i
2459743.6908218 3770.4670726290924 70.1770119468889 26.4136 17.47261211884829 0.020207359036187065 20.050687807824424 r
2459743.7548495 1341.557731960597 92.5226775906618 26.3215 18.502476583416694 0.0748770393305235 19.658454507436453 g
2459747.6937731 3675.798839369895 30.7411674775827 26.3946 17.48122065925269 0.00907984549451917 20.92787409674804 r
2459747.7808681 1309.8421944528768 61.6363664814494 26.1895 18.396452558964683 0.05108905742409805 19.967482417271132 g
2459748.7158681 3836.4934604523146 34.372650654446 25.8476 16.88776384436312 0.009727212414206035 20.259642428804376 i
2459749.6923495 3691.5494346717933 46.4744190445282 26.3817 17.463678278579597 0.01366831940072077 20.466240065257352 r
2459749.753044 1388.9359627166966 40.7745440527214 26.2634 18.40669444267519 0.03187254392308454 20.490002205682007 g
2459751.6938194 1400.0949009035237 36.7270428820108 26.273 18.407606315193895 0.028479891206850957 20.613110084014487 g
2459751.7465856 3423.998770912435 48.65433139542 26.302 17.46566599972585 0.015427577849839837 20.336771216940086 r
2459752.7345486 3293.7111064350065 28.8556847815012 25.6883 16.894086239375344 0.009511646879432853 20.290296526364013 i
2459753.7353819 1408.3260460183103 37.1062889984087 26.2052 18.333441971659834 0.028605803378750086 20.534156182384077 g
2459755.6935648 3825.2795762498854 31.0682975612669 25.8523 16.895642045729854 0.008817878534079731 20.374081349103015 i
2459756.6960185 3723.2561949627566 33.3420289470437 26.3851 17.45779269804486 0.009722522150578857 20.83019492861729 r
2459756.7461343 1394.38501648307 36.8975311146404 26.249 18.38804323157979 0.028729259894231998 20.584081720046825 g
2459758.7170718 1311.9134627621931 35.5109646795541 26.1962 18.4014370280342 0.02938780296637638 20.57286881324142 g
2459758.7692014 2911.9125552856617 54.6623084908243 26.1511 17.490654177558838 0.020380717896477475 20.05945506714339 r
2459760.6934028 3516.329977067173 31.0317859815125 25.773 16.907775942289785 0.009581356203728235 20.296058060705914 i
2459761.6874884 3567.412916081345 33.6379387116067 26.3509 17.470016549056023 0.010237309478407081 20.786401551785424 r
2459761.7571065 1201.8410544805022 42.2720191140804 26.1404 18.440782411795034 0.03818702230304087 20.32784250838792 g
2459763.7330556 3688.8629935074446 43.8709108071099 25.8146 16.897368686051074 0.012912013253707492 19.961733361866774 i
2459894.0420833 3282.0499190567125 110.62442758737 26.3006 17.51023704433924 0.036594489417798595 19.443547397890498 r
2459894.0444676 3526.3050515684727 143.421494511092 26.2954 17.427100301786034 0.04415747200357292 19.156439379867958 r
2459894.0468519 3425.689548969381 162.228757633088 26.2996 17.4627299931509 0.05141498073438468 19.02685538336337 r
2459894.0492477 3572.077689475816 190.179477205527 26.3139 17.43159776041636 0.057803294427322564 18.868565866138134 r
2459894.0516435 3253.399024715433 227.080590717661 26.307 17.52615666964314 0.07577963707164047 18.669124950885475 r
2459896.0445139 3425.485951472202 73.6795284341674 26.3185 17.481694523149855 0.023352559360693293 19.902707895125754 r
2459896.046875 3581.817041193168 76.6900581128636 26.3343 17.449041504082864 0.02324585402759707 19.875027322005188 r
2459896.0492245 3624.4805824800656 88.5268723448496 26.3322 17.43408555640535 0.02651790321884883 19.71708718700262 r
2459896.0515856 3525.4285009977148 91.8501683307127 26.3365 17.468470221994387 0.028286413333424014 19.681375097761354 r
2459896.0539468 3604.059548607361 130.54004821585 26.346 17.454020104847082 0.039324358667356916 19.309215567235974 r
2459901.0341204 3559.6831319539856 111.732085702042 26.3609 17.48237164844464 0.03407818082395405 19.493030224625798 r
2459901.0365856 3572.8528895043974 95.5509156537256 26.3505 17.467962163238482 0.02903551652798108 19.652487856144045 r
2459901.0390394 3482.1661615764083 107.178181429902 26.3689 17.514276272783956 0.033416943988039294 19.546209029709942 r
2459901.0415046 3655.5506943346672 116.904065607916 26.3584 17.451017972555086 0.03472055365754274 19.441400951623606 r
2459901.0439815 3407.7596117549137 102.753376150352 26.3481 17.516927621449454 0.03273685740673087 19.571184738352223 r
2459902.0342477 3659.1739068448237 52.1093571926034 26.3407 17.43224237407776 0.015461175266412042 20.300985699518193 r
2459902.036713 3480.53373890645 53.7258493828762 26.339 17.48488538001306 0.016758968322288258 20.26611676358698 r
2459902.0391782 3729.1981260461453 52.8580679570052 26.3488 17.419761356719548 0.015388832247903588 20.293596776759543 r
2459902.0416435 3468.0383495005526 52.0008424673351 26.3387 17.48849027187337 0.01627932248065146 20.301249039883004 r
2459902.0441204 3545.7163114007185 52.7620709923699 26.3391 17.464840036841863 0.016155770920597515 20.285870404323152 r
2459903.0363773 3645.0092513112136 98.3053964905468 26.3256 17.421353412680304 0.02928117917160095 19.596731591280097 r
2459903.0388426 3622.5071194978145 108.81812502427 26.339 17.44147688078719 0.03261383192401514 19.49982189270235 r
2459903.0413079 3707.2896631151543 87.5830167336474 26.346 17.423358699359703 0.025649164189619832 19.742525238977535 r
2459903.0437731 3491.2292541185516 93.2066450046489 26.34 17.48255407996283 0.028985336429044217 19.66895779985288 r
2459903.04625 3776.1082328285047 98.2498785092232 26.3558 17.413188915538644 0.02824863232735314 19.627544934106343 r
2459904.0379977 3447.261434168566 53.4158175518459 26.3326 17.488914448057322 0.016823079485999697 20.266000289552743 r
2459904.040544 3629.4756944827895 57.5485854456399 26.3406 17.440990268979196 0.017214745180222205 20.193088356504465 r
2459904.0431019 3585.109264902935 54.4776953207131 26.3431 17.456844009041163 0.01649780507074715 20.255128173004422 r
2459904.0456481 3788.8795528290275 57.5813542366557 26.3502 17.40392300144247 0.01649988484011282 20.202070302437022 r
2459904.0481944 3617.3341805070004 57.8509356415635 26.3577 17.461728419797613 0.017363272977240468 20.20449902084191 r
2459905.0365625 3502.300834182291 48.4044247476134 26.2985 17.437616381058344 0.015005188428010567 20.338862331141954 r
2459905.0390741 3534.239098301748 45.727095750815 26.3327 17.461960182375524 0.014047127677500772 20.434840941505783 r
2459905.0440856 3711.362267742371 40.6106865648404 26.3713 17.44746662975546 0.011880010417379138 20.602274159808097 r
2459905.0465972 3590.2293559531345 50.0437795551492 26.3292 17.441394515850078 0.015133443041162278 20.333399733311186 r
2459910.0055324 1318.5322649860168 46.3289077567373 26.243 18.44277309597341 0.038147944109674946 20.330944835501487 g
2459914.9951968 1354.837936269417 52.048202015548 26.2164 18.386681628382277 0.041708850494605126 20.177960660221427 g
2459923.9662269 1344.72518121399 95.3483025347701 26.1995 18.377916156212205 0.07698201350594513 19.50379257465992 g
2459924.0411921 3650.8803713201523 55.31999049029 26.3899 17.483905993445127 0.016451076881927505 20.285269747208805 r
2459932.986794 1430.454077552854 36.6003903705437 26.2965 18.407815199916847 0.027779321579675845 20.64036069542332 g
2459933.0458102 3820.2647962003743 41.6419265329686 26.3976 17.44236633385748 0.011834425635052942 20.601347955118285 r
2459934.9523843 3843.8130707995483 66.9967314786969 25.8152 16.853294351867618 0.01892348822032883 19.502640950146375 i
2459935.0029167 3686.3980372754672 57.7325894476639 26.3833 17.466794434553446 0.017003121130580424 20.23232239640025 r
2459935.0340856 1641.4920751775953 44.9576451275434 26.3716 18.333503024059034 0.02973545596294944 20.492166101913227 g
2459937.0108449 1537.4733089631595 34.4450050103396 26.3491 18.3820810374515 0.024323636528653263 20.75885935850931 g
2459937.0339468 3861.0950792388453 32.7375001633413 26.416 17.449223759420608 0.009205446433695806 20.880961205159533 r
2459938.0475231 3937.889289594547 34.1286069701499 25.8687 16.880541244614896 0.009409464274529376 20.288478584133127 i
2459951.9423495 3748.9220656910343 81.8222489049261 26.3881 17.45333396949303 0.02369598889479809 19.858496459113475 r
2459951.983831 1631.8169104810368 96.6250848869498 26.3229 18.291221426498872 0.06428776046378673 19.612750268003957 g
2459967.9235648 3622.8240463296415 63.4704936100086 26.3813 17.48368189577466 0.019021049333654616 20.12744529957211 r
2459967.947581 4066.6291732227355 81.5621937590806 25.8667 16.84361357031979 0.021775300867685896 19.340552743211447 i
2459969.8805556 1380.1635903419028 42.9926371042539 26.2996 18.44977358440984 0.03381998078396295 20.468689776884993 g
2459969.9467593 3820.864061928835 34.9748969447082 26.4103 17.454896033235393 0.009938130484993146 20.803483880421876 r
2459971.8957523 1427.3170271456177 43.6511184390425 26.3366 18.450298883176693 0.03320356892542936 20.48918654971568 g
2459971.9166667 3605.029097625453 48.1491195632445 26.3866 17.49432806391674 0.014500714888611353 20.432704113692395 r
2459978.0341204 1401.7713962688197 38.849728437909 26.3074 18.440707015556168 0.030089892173080876 20.586505020656734 g
2459980.9126852 1578.9021301926714 86.3219833501091 26.4027 18.406811973324064 0.05935755961756601 19.814971463607183 g
2459980.9452083 3758.505074757303 64.1598655175868 26.4283 17.490762147575843 0.018533529849481985 20.162716376726824 r
2459987.9735764 3775.756750690299 39.1375920041323 25.8604 16.9178899811387 0.011253819153238073 20.13148973526025 i
2459992.8828819 511.2326840310825 85.6646242019984 24.5794 17.807853471823886 0.18192514954786218 17.99997120406208 r
2459994.8935069 3671.417561683511 28.938638307725 25.8285 16.91641554757811 0.008557642676931073 20.427379759741648 i
2459996.9075463 2949.005901391086 29.9204907960143 26.1294 17.45521089590177 0.011015466887302351 20.69205320633159 r
2459996.9246296 948.3869590395614 24.7157867777382 25.8871 18.444636066237198 0.028294283729676427 20.657238889372945 g
2460016.8237731 357.6701831872486 42.67563013654 24.8646 18.48089315715471 0.12954093971815683 19.041725132894445 g
2460016.8956829 3395.6616149600763 50.361122529864 26.3098 17.48248898664569 0.016102037520401218 20.307136484662305 r
2460020.8564583 3760.522936905202 28.1099794511072 26.4084 17.470279395113852 0.008115627853391932 21.038823668833455 r
2460021.8106366 2830.7252593250328 30.4217880504109 25.5748 16.945055699378855 0.011668011643845169 20.11941314849623 i
2460029.8988773 3720.481810423315 30.6454313199611 25.8432 16.91670203600858 0.008942859145519145 20.37986064360819 i
2460030.855787 3728.933940979211 37.7398902348713 26.3926 17.463638275521596 0.010988180395933758 20.703173407408222 r
2460032.692338 2900.8833424207814 42.5318723261576 25.5599 16.903574339456302 0.015918204330814218 19.740688735348066 i
