jd flux fluxerr zpdiff mag mag_error limitingmag filter
2458204.7941319 5473.004052253254 71.473606169969 26.2695 16.92393557575621 0.014178482873000548 19.886710752173155 g
2458208.7799653 4598.34539673294 199.674967128288 25.9387 16.78219602641337 0.04714459074022724 18.440465935139187 g
2458215.744919 42.24285043101054 84.559236366461 22.3333 18.26891696122988 2.1732899647243458 15.76797235838225 r
2458215.7571296 2914.9878100528936 52.9412865595777 25.5337 16.87210814260361 0.019718214470574594 19.476788761266086 g
2458218.7153241 10346.546161326365 36.9766448733339 26.275 16.238011500737073 0.0038800912606987495 20.60775623339883 r
2458218.7420486 10178.961767205592 29.2472934206286 26.275 16.255741292171066 0.0031195506175374674 20.862360783787363 r
2458221.7265741 7438.1153405317355 56.6042896303847 25.9358 16.257142728639813 0.008262210847528395 19.8062516279643 r
2458221.738912 7945.349472786871 55.409303017483 25.9962 16.24591748945019 0.007571458057587568 19.889818270932405 r
2458224.695544 10120.457845458668 62.1194871080974 26.275 16.26199959935851 0.006664039135692361 20.044505335903818 r
2458224.7237269 10357.181723638792 36.4434021587034 26.275 16.236896009252593 0.003820209278881257 20.62352770522274 r
2458231.6680324 10172.453240455447 39.4402842498845 26.275 16.256435744460553 0.004209438529518611 20.5377248984546 r
2458235.6708681 5749.784212621077 96.9691983179205 26.2486 16.849471134809164 0.018310158211272066 19.534590476300977 g
2458235.7096181 5727.227877275445 84.6960311387202 26.2446 16.8497388416429 0.016055670034043255 19.67751733980715 g
2458235.718831 5645.082153469169 93.2663131689558 26.2335 16.854324333400363 0.01793760187268608 19.561762965716017 g
2458235.7220486 4723.023126695156 70.3815708376299 26.0952 16.9096498196431 0.01617888996276914 19.729127600228672 g
2458235.7225 4635.127361903171 71.126757744665 26.1141 16.948945820027504 0.016660237109790123 19.73659245868813 g
2458235.722963 5610.878706565027 94.5606642104847 26.2401 16.867522798941266 0.018297403758381073 19.55339870389105 g
2458238.6491667 5331.389338566491 90.3518739513597 26.2445 16.92739900208337 0.018399524649116535 19.607232077872332 g
2458246.7135764 9372.030869771655 36.1281196720709 26.186 16.256415723963453 0.004185250782141637 20.54396159211052 r
2458257.6858796 7463.646385039797 30.0137447718383 25.6218 15.93942236228301 0.004365952112107076 20.18107452639893 i
2458257.7124306 8580.276326495696 28.8641272900197 26.151 16.317246813845642 0.0036523046352253292 20.752678911427516 r
2458267.6672917 5076.6017699425265 64.2770133071252 26.1869 16.92296725787599 0.013746509281214686 19.919335767530388 g
2458267.7755787 7555.565936669369 765.15773064219 26.275 16.579332500063742 0.10994963912980256 17.318197563084585 r
2458270.7538889 4199.791373573232 67.428143621669 25.997 16.938930707074483 0.017431040977580962 19.677471981187523 g
2458274.7133333 4610.570306585215 21.5647414934768 26.1454 16.986013377586715 0.005078078910547687 21.063614348098714 g
2458277.7087731 4153.874317641676 26.8379231872882 26.0287 16.98256661975533 0.007014640062817693 20.709402725245972 g
2458280.7135185 4610.969039507816 32.2021698615451 26.1482 16.98871948463585 0.0075823315053990085 20.63106214787491 g
2458284.6725116 9620.25460845597 49.261182190181 26.275 16.31703358456653 0.005559402290337449 20.296312914144043 r
2458290.6929514 3811.155571201417 55.363826561212 26.0113 17.058658307461258 0.015771727334279208 19.90580974051531 g
2458427.9773727 8894.507412228197 59.3161435225474 26.0782 16.205395246570944 0.007240371393011943 19.897842720816364 r
2458428.0257292 5319.738444945576 45.3428074498812 26.1237 16.808974300234787 0.009253967381631235 20.235003973049118 g
2458430.9821875 9770.592433520365 39.6209826064924 26.1424 16.167597755798177 0.004402650208629147 20.40016188439405 r
2458431.0382407 5720.319609058068 24.8969615086193 26.1762 16.782649263431544 0.004725370775979937 20.93840911946885 g
2458434.9841088 9874.649024417935 76.6333701363936 26.1443 16.157995828992338 0.008425701992176562 19.685830176362614 r
2458435.0227778 5786.183169033396 50.8131645723553 26.1781 16.772119555806967 0.00953441174684108 20.1657343816562 g
2458437.9874653 5369.931194549706 48.7602646045532 26.1125 16.7875781973055 0.00985841668416435 20.14490985487523 g
2458440.0001852 4020.1195951746176 26.220639583605 25.8514 16.840802567070035 0.0070813187821800174 20.55736678676996 g
2458440.0024769 3652.8053884523515 23.2460957409121 25.7426 16.836033663004756 0.006909288467897661 20.5792999337897 g
2458440.0029398 4329.604332606301 24.7071663772097 25.8683 16.777179476216624 0.006195617076073308 20.638817639749067 g
2458440.9819329 5111.517940479482 24.7087730942223 26.0755 16.8041252764343 0.005248209095766322 20.845947036180636 g
2458441.023287 9944.127188727252 35.5046583564176 26.1757 16.18178332389643 0.0038763992903530302 20.55256164414463 r
2458443.9550694 9647.619892729525 59.0062998299359 26.1473 16.186249539166013 0.006640305115424332 19.972629034829218 r
2458448.0229051 9811.426681701643 62.8774084271933 26.1995 16.220169592931327 0.006957805887366023 19.955838405665688 r
2458449.9647685 9787.868023109686 49.843555849717 26.1444 16.167679737966953 0.005528798351006467 20.152952445620834 r
2458449.9754398 4019.6461465421216 86.6861066121874 25.18 16.169530441522724 0.02341377885459243 18.587701245041618 r
2458451.0201042 5584.105569346505 49.3652626915516 26.2321 16.8647159495693 0.009597932030230185 20.251121358149458 g
2458461.9815278 4485.389921116471 29.4162531745784 25.9444 16.814899492905052 0.007120278645404855 20.525506602446374 g
2458462.0434838 9075.102581432855 36.7909904813118 26.0839 16.189271142920134 0.00440149056246299 20.422121289167773 r
2458465.0194792 5744.613902999814 30.5788829400013 26.207 16.808847887600876 0.005779238390698943 20.74602094816429 g
2458465.043125 9974.340290052924 36.6832877322493 26.203 16.205789548091605 0.003992950343855948 20.544404358416166 r
2458467.9623843 509.08720225482205 29.90711998614 23.6349 16.86791955096377 0.0637811361690828 18.198038506426954 g
2458468.0405208 8344.16555821151 37.1292123189108 25.9296 16.12614271893692 0.004831062559032178 20.2578856493008 r
2458469.0421181 8422.677286843511 33.062347444391 25.9995 16.185874597234715 0.0042618029158549954 20.45374077548209 r
2458473.020625 6326.103097036804 30.8984412787472 26.2504 16.747559336571868 0.00530285978299172 20.778133560914483 g
2458473.0443403 10393.625728417901 36.6854119071141 26.2259 16.18398231513882 0.00383209408807686 20.567241489820482 r
2458476.0203241 6135.9137055734045 72.8377566909119 26.2421 16.77240189214607 0.012888048338667598 19.83878358511445 g
2458476.9603125 10247.218511938629 48.9992681207297 26.2154 16.1888850069714 0.005191506879325035 20.242501006104092 r
2458476.9648958 8417.130439168679 46.0505631586415 26.0188 16.20588985641803 0.005939921780073431 20.113287625129903 r
2458476.9657986 9696.207362916444 47.9073938169986 26.1881 16.221595263161213 0.005364268266997004 20.23966862492851 r
2458481.9752894 9984.464841398698 44.1139854143536 26.2141 16.21578801993663 0.0047969074682679014 20.35523425101215 r
2458482.0017014 9747.629157678328 43.6888265227795 26.2105 16.238252504072594 0.004866102124783664 20.36214903975304 r
2458482.0064583 9253.23251367803 42.9044582893145 26.1689 16.253166312040918 0.0050340646142688706 20.340218931783998 r
2458482.0069097 8284.381130809135 43.602002729508 25.9927 16.19704982297383 0.0057142101040447025 20.146508894750042 r
2458483.0057755 4522.75558982743 33.9424964079767 26.0845 16.945992202344954 0.008147990228131341 20.510215537374762 g
2458483.0185764 4819.761149464397 41.7650138628686 26.0756 16.868036208365456 0.009407992252054938 20.27614341442179 g
2458483.0194907 3629.0929483551363 36.9043641494751 25.8583 16.958804771258876 0.011040518588879148 20.1931806717322 g
2458486.9812384 10026.534244230645 30.4985223720513 26.2379 16.235022896439894 0.003302461741293027 20.77977799253149 r
2458491.9770139 4877.92937692684 34.5421763640284 26.0192 16.798611229322326 0.0076881885694812324 20.425900746041442 g
2458492.0274421 8748.532742567179 40.7074760196216 26.0777 16.22286194608403 0.005051830748653542 20.306089549886245 r
2458492.9462731 2776.5844823531315 36.8217190322673 24.8001 16.19132276958659 0.014398027723418003 19.137414839657886 r
2458492.9485532 2027.6588053328928 40.6382550874806 24.4889 16.221412805086814 0.021759555124578316 18.719137358966577 r
2458493.9428472 8302.033173066762 27.0294480724127 26.0132 16.21523883902617 0.003534781319282315 20.686182044868083 r
2458493.9682176 9333.818426318754 28.7246423311791 26.1929 16.267751629586776 0.0033412203617572416 20.79983841486814 r
2458493.9691319 9944.46058033203 29.8257242281366 26.2246 16.230646923590896 0.003256263980625758 20.790697494141 r
2458494.0550463 4574.907569776298 19.340622221849 26.0794 16.928444189699636 0.004589844324939709 21.115798884186415 g
2458494.9809144 5521.572155044367 20.9650705980281 26.221 16.865843120419918 0.004122336267485798 21.16983416618382 g
2458503.0259954 10315.129251792045 57.1304556544998 26.2066 16.172913314528003 0.006013161269240963 20.06700576948444 r
2458505.9372917 6154.07801986378 141.535153430815 26.241 16.76809250544177 0.024969575553615942 19.116414189068855 g
2458506.0046296 10382.485229412116 135.60880894381 26.2207 16.179946695161 0.014180659121306654 19.14255523525435 r
2458508.9618519 10503.527006453647 76.7590991425532 26.2231 16.169762108935885 0.007934225702267945 19.762850316305755 r
2458509.0410995 6096.809172303814 92.3891336620281 26.2176 16.75484349502369 0.016452357221959882 19.556122752347036 g
2458511.9212963 5810.70765425817 33.1952088431959 26.2166 16.80602743510652 0.006202349246506513 20.66648647591768 g
2458511.9648843 6007.274578284962 34.4135398911341 26.2365 16.78980629256848 0.006219589228510199 20.647251619427255 g
2458511.96625 4833.547821331295 29.3820996673934 26.1082 16.897534950752853 0.006599737250577738 20.690567920209485 g
2458511.9713542 4687.102151462702 28.2708285360461 26.0487 16.871438953231088 0.006548532024634177 20.672928647688536 g
2458513.9225231 8772.32075263336 25.8148093049168 26.0288 16.17101374271657 0.0031949513991419787 20.75170268605128 r
2458513.9229745 8579.9775261853 26.4582696898987 26.0369 16.203184624278727 0.00334799751102549 20.733071391865 r
2458513.9243519 8149.07688932388 27.451557764257 25.929 16.15122896114964 0.0036573659408834767 20.585157504332614 r
2458514.956794 125.992740669957 28.4469207044475 22.4497 17.198836192321224 0.24513175635827045 17.06718683372454 g
2458522.9141319 5308.788732305042 28.3354221504102 26.0751 16.76261139356921 0.005794875136299298 20.696850770941683 g
2458522.9150463 6088.46318186164 35.6651506864585 26.1918 16.730530789708823 0.006359840397104655 20.563764830986607 g
2458522.9159606 5397.1244963850095 24.7683158759946 26.1117 16.78129390968715 0.004982460672267035 20.879533794922633 g
2458522.9310185 5969.332907495832 36.2934136469103 26.2009 16.76108549997438 0.0066010322773203504 20.55390544284614 g
2458526.9207755 3696.3197226655034 36.4363491315823 25.6712 16.751776176027057 0.010702251758576775 20.019937852123267 g
2458538.7465972 2012.3250662543014 51.009817781511 24.4148 16.155554657602174 0.027521080015403362 18.398240558817854 r
2458538.8153125 3117.374263377723 53.0698200402192 25.5235 16.78902763598078 0.0184828316235716 19.463955951812146 g
2458540.7642824 9856.241848333484 31.4426582745317 26.1622 16.177921621282106 0.0034635203370573828 20.67097684984796 r
2458540.7647338 8494.640575311174 31.886369708742 25.99 16.167137480616336 0.004075396867690665 20.483562296039004 r
2458540.9116551 4912.633495536518 30.2840350980711 26.0857 16.8574140874257 0.006692821057351232 20.635240637050792 g
2458540.9148611 3881.846585095834 27.1991416136845 25.8663 16.893704081026335 0.0076072321259054165 20.53248699362617 g
2458541.797662 270.62353857767204 56.0583627512502 22.2002 16.119286078937613 0.22489752650087422 16.081173965306782 r
2458557.7648727 8027.845549658712 59.5793416782369 25.9866 16.225102479093728 0.00805761531657915 19.801435738735158 r
2458558.7083565 9280.062178857825 58.9341909812943 26.1461 16.227222784710285 0.0068948731070104085 19.972756673825298 r
2458558.7191088 8080.422731927812 65.5277584072552 25.9715 16.202914795668367 0.008804426409728653 19.683011709816327 r
2458558.7661574 8553.496175052855 39.9002458971668 25.6465 15.816140836226333 0.005064560278509309 19.896636058749248 i
2458559.7488773 9165.730408512709 56.0457107301441 26.1648 16.259382302000702 0.006638732040733368 20.04601903681953 r
2458560.7247685 4354.960431582559 93.0152419602972 26.1416 17.044139466407394 0.023188878471531123 19.47278968882705 g
2458567.7333681 9295.22796870951 27.8811476007627 26.1434 16.22274988634438 0.003256570151054685 20.782698375277466 r
2458567.7531134 4991.128929114533 20.9712931726267 26.1374 16.89190302861069 0.004561800210110008 21.085911960156846 g
2458572.7543981 3332.255305823973 27.1836160651371 25.6737 16.86685432964054 0.008856839963713873 20.340506919916564 g
2458572.7757176 5292.490519096524 34.7897427192395 25.5417 16.232549778244334 0.00713675792785855 19.940646946611743 r
2458574.7186574 1034.6952523388827 40.7782850947669 23.7299 16.19286885913159 0.042788428793223234 17.956402594550482 r
2458575.7315509 3255.865301319062 30.9954241184739 24.98 16.198333926613046 0.010335726097696257 19.504331030927606 r
2458575.752419 2596.734681293862 25.2692960052941 25.4098 16.87373105424441 0.010565143551469019 20.155892132210873 g
2458580.7051736 4637.073351095897 29.0874599577539 26.033 16.867390085511605 0.0068103851039298165 20.62631049306317 g
2458580.706088 4627.347209421368 30.0495399329609 26.0207 16.857369780816732 0.007050429550389252 20.578680421117213 g
2458580.7317593 5928.290217054122 30.262716056233 26.2143 16.781976359493214 0.005542277725832904 20.76460523155305 g
2458582.7234375 8811.391669075218 27.8724810532263 26.0665 16.20388873451229 0.0034343215936812163 20.706135916877304 r
2458582.7238889 7739.918797096583 31.7478765661801 25.9061 16.18425898917063 0.004453363205933337 20.40438828134431 r
2458583.7587153 9602.432688884757 37.7069587367968 26.1413 16.18534682117197 0.004263341012317468 20.45282122491139 r
2458585.7004514 4781.790022923723 26.9307688701709 26.0549 16.855923746150633 0.006114600520343876 20.731853107552283 g
2458585.7013657 4734.251794865707 30.3067446446441 26.0426 16.854471618756733 0.006950207569520172 20.59132676476966 g
2458586.6702662 5406.256341795034 46.6227106481484 26.1285 16.796258414356977 0.00936290729675019 20.209581189573143 g
2458586.7134838 9567.340566277737 38.897416478635 26.1244 16.172421915719916 0.004414071473498759 20.402173096792545 r
2458588.7040278 3417.0691864707505 70.0793237944203 25.739 16.904865569539325 0.022266192954139476 19.377600232635775 g
2458591.6834954 4965.3574829363715 96.8084289736847 26.1113 16.871423697086776 0.021167642349604488 19.39909205824975 g
2458591.8560532 8433.350104331217 138.878812399243 26.003 16.187999674706077 0.017879101988712634 18.89898500404501 r
2458592.7063889 4215.6212419875255 76.0054864028833 26.0563 16.994146039498318 0.0195746135268797 19.606762632520528 g
2458592.7077778 4442.155566407229 81.7721027929807 26.1 16.981015590803175 0.019985786331689303 19.571062074404065 g
2458592.770625 7480.9099222252535 83.4700362016885 25.9638 16.278913936432634 0.012113956623770787 19.412548484513408 r
2458593.7825231 7742.2446537353235 66.2105278929172 25.9649 16.24273277290418 0.009284745361109027 19.66515736290678 r
2458593.8240856 8745.54226978731 58.1845699103371 26.1494 16.294933141999877 0.00722322133984601 19.98995541805372 r
2458594.6568981 9203.633139786354 33.4129391811006 26.1562 16.246301751991794 0.003941533470309858 20.5989882886916 r
2458597.7451042 7672.280631736801 29.279899694912 25.9373 16.22498880050793 0.0041433816911321366 20.52345102762891 r
2458597.7527083 5336.787371555242 30.1455392276679 26.1735 16.855300250064204 0.006132717993211181 20.728017347400417 g
2458597.8488426 9010.31315282136 39.8219085960661 26.1016 16.214750287208577 0.004798351114934457 20.35386981120247 r
2458601.7281713 5362.160314916741 22.2475013231578 26.1719 16.848550514654338 0.004504548683365403 21.056271885980056 g
2458601.7561921 9539.468080609231 27.9490382244105 26.1698 16.22098960204915 0.0031809185317075426 20.806457820054476 r
2458605.710463 5131.456629207041 19.8229827083084 26.1409 16.86529834344284 0.00419409416887855 21.150552483829827 g
2458606.7440162 7561.789222672562 33.5749210142128 25.9256 16.229038580825 0.004820590824700019 20.36313749002489 r
2458608.7084144 5127.300838381941 23.296376979599 26.1427 16.86797800022765 0.004932980779558177 20.977054025662785 g
2458608.7145833 8896.749029902496 30.8806895003335 26.108 16.23492165088792 0.0037684736837945315 20.636357517542233 r
2458612.673287 5079.611614005296 25.468313476216 26.1371 16.872523731269812 0.005443516166647398 20.874674522336306 g
2458612.692037 8973.499213891837 29.2421045406688 26.107 16.224595427243596 0.0035379902692424534 20.69455342570353 r
2458618.7688542 7016.285464477423 84.6709416294845 25.9092 16.293931873960634 0.013101981353601912 19.342439015140783 r
2458618.7733102 8096.421578632329 71.0783924085765 26.0692 16.298467215778068 0.009531347878630013 19.69243099731932 r
2458618.7934838 5191.333105441363 129.96669016388 25.481 16.192802758561072 0.027180847894931588 18.448994841694407 r
2458634.6697917 8925.031827837476 27.4199142370395 26.1044 16.227875566154395 0.003335540025112378 20.76180975894514 r
2458634.6934722 4730.271098439157 21.2515535602036 26.0506 16.863384921314935 0.004877693311896303 20.98469827931629 g
2458637.679537 9013.106868714895 27.4752728129909 26.0871 16.19991369864635 0.003309613890922102 20.742319955657862 r
2458637.7172454 4487.505734888046 26.5313325847039 25.999 16.868987458497212 0.006418948406743741 20.692177329747913 g
2458640.6715394 4782.984635514836 42.6212344114517 26.0655 16.86625253554842 0.009674685939176605 20.244009929778404 g
2458640.7201389 8578.23330588635 36.0407734633876 26.05 16.21650536560808 0.0045614832744580915 20.41058973238818 r
2458645.6944792 4458.437658515394 65.5797874877149 26.0427 16.919743254091713 0.015969714220277067 19.753349976665344 g
2458648.6708681 4768.291754942344 80.6977478179002 26.0783 16.882392948770928 0.018374199673307036 19.563721453591054 g
2458648.6974769 8438.77723396706 75.0717448658477 26.0756 16.259901193569867 0.009658436422848346 19.639483713820525 r
2458772.0260764 7659.640337318896 154.643066886397 25.9685 16.257979056070223 0.0219195641472286 18.74774885403901 r
2458772.0309606 7555.410078747885 138.418924288342 25.9573 16.26165489710653 0.019890571727214337 18.856886314577864 r
2458772.0358449 8005.828527942507 197.286946013084 25.9795 16.220984290063257 0.026754812014622695 18.494329114119203 r
2458774.0256134 1853.4035312647973 107.328348839258 24.5712 16.40127503464672 0.06287156918022198 17.746988868812814 r
2458774.0356366 7977.761255298709 78.1596016353155 26.0108 16.256097411622793 0.010636803581844557 19.530919146160834 r
2458774.0406366 8148.8950316243545 104.052131309222 26.0594 16.281653191095486 0.013863155498261911 19.268847538330135 r
2458778.0278125 7937.774844690262 60.7672073718923 26.0162 16.266953060087445 0.008311517816330537 19.809601793422694 r
2458778.0325926 8125.011482042942 74.3480003421564 26.0255 16.25094004153907 0.009934708910858446 19.599901758496053 r
2458778.0373727 8191.489851215076 93.8538972278307 26.0444 16.260992756185836 0.012439394795214328 19.36584421127373 r
2458778.0421528 8213.958834141951 175.079881874064 26.0716 16.285218695071205 0.023141609495359483 18.71608437685038 r
2458780.0296875 8593.062883455881 169.128826512941 26.0184 16.183030025145257 0.02136876797429558 18.700430900258013 r
2458780.0346875 8518.868154155383 144.820462070993 26.0531 16.227145258112017 0.01845686220578279 18.903600167091945 r
2458780.0396991 8443.351175478765 158.334664842767 26.0749 16.258612867986884 0.020359682079674327 18.8285349714006 r
2458782.0307755 8470.180739515476 104.854912119321 26.0526 16.232868306128147 0.013440206483062479 19.253703037675255 r
2458782.0357986 8043.712504631316 135.190942883346 26.0627 16.29905865047276 0.0182473959137574 18.987905996601953 r
2458782.0408333 7967.873506544533 146.802586777251 26.055 16.301643922858283 0.020003275445217517 18.89074071851384 r
2458786.0170718 8146.3992161238375 45.9575674069483 26.0283 16.25088577757466 0.006124930734423914 20.12498240700981 r
2458790.0191319 3911.7107543910274 32.8967562487705 25.9759 16.99498316488497 0.009130534055770283 20.435592296922646 g
2458793.007037 8120.1928431634315 42.9574351923609 26.0353 16.26138414188251 0.0057435689384658555 20.205279130234786 r
2458793.0382639 4448.0911817954875 31.0957113836909 26.035 16.914565796739037 0.007589910473832874 20.55582374736686 g
2458805.0052546 4437.772060363339 70.5329923653513 26.0653 16.947387521071583 0.017255881728362628 19.696894216164342 g
2458805.0486806 8804.331150235583 59.7604661869988 26.1151 16.25335907760496 0.007369320511926509 19.92664004736033 r
2458813.0520949 8782.271809787411 44.6592538998727 26.1032 16.244182814212067 0.005520957789652549 20.230996331029136 r
2458820.0056134 442.34050032043325 55.8073668478363 23.0151 16.40070823794025 0.13697605835957635 16.90094615981834 r
2458823.8893519 603.7573312840599 147.176902127153 23.359 16.406843956680245 0.2646592502646911 16.19197584570911 r
2458829.0432986 5670.096317009441 62.8354203623693 26.2585 16.874523909385708 0.012031614997927514 20.015563677132114 g
2458829.0656481 10259.62987089741 40.7506192386062 26.2527 16.224870766658547 0.0043123336674020605 20.47993945770516 r
2458831.9573032 10104.147707727834 75.6489380449832 26.2418 16.230550784154815 0.008128548236940578 19.797367899651263 r
2458837.9490046 9573.808078678025 93.8786555585668 26.2488 16.29608820712539 0.010646135320691526 19.569957835620635 r
2458838.0013079 5338.884516516886 61.9739565061167 26.2292 16.91057368276902 0.012602843228867601 20.001251931619226 g
2458838.9999884 2578.0485473176227 37.3636185255657 25.5415 17.013272271729583 0.01573503364605526 19.86295266571542 g
2458846.9614352 9890.2157928592 34.3854510469551 26.2514 16.263385581263478 0.0037746683170081386 20.66303817535936 r
2458849.9998958 5375.524842633836 24.7626391527155 26.2698 16.943747816841572 0.005001334402713043 21.037882666522705 g
2458850.0459028 1249.611027799037 48.3710791765557 23.7025 15.960562877018539 0.04202626216774414 17.743610547244796 r
2458851.9794907 8328.337621582892 36.3308260096587 26.0268 16.225404193308425 0.004736164597418137 20.378686809163316 r
2458852.9585301 10129.235651909945 30.0350734009885 26.2675 16.253558312730082 0.003219303046356171 20.826003245080006 r
2458852.9810417 5655.744989620353 22.1610654826433 26.2738 16.892575451394872 0.004254129003104311 21.16239839661504 g
2458853.9903588 5754.072845060581 23.6482586502339 26.2739 16.87396161089022 0.00446204194974675 21.09197707218759 g
2458853.9908102 4819.143340288473 21.8984066939497 26.1566 16.949175389699096 0.004933470218422268 21.05814369626038 g
2458853.9912616 4826.90161435549 21.2323622222279 26.1568 16.94762888304337 0.004775729340766942 21.09187920263711 g
2458855.9811574 5710.392446651522 31.6191903956939 26.274 16.88233510961375 0.00601166300448138 20.776698124915214 g
2458856.0386574 10140.86808791443 37.4354222752913 26.2601 16.244912166339503 0.004007905202190884 20.579468148218222 r
2458859.8649537 8718.404582371862 77.7214619254243 26.0239 16.17280745293951 0.00967862759925702 19.550122586663885 r
2458859.8654051 10474.710691140484 83.1141832982742 26.2267 16.17634490824937 0.00861475523932693 19.680087134796786 r
2458859.8658565 10061.251013391102 78.3421015887357 26.2203 16.21367003964314 0.00845382145636605 19.737886945008658 r
2458859.8663079 9817.134622983001 74.5217021662195 26.2137 16.23373813364276 0.008241530257968492 19.78556807378215 r
2458859.8686111 8721.228066253827 79.365379328999 26.041 16.189555890637394 0.009880144365322962 19.544497248372352 r
2458859.878831 59746.13730267929 327.856838024959 28.7828 16.842025418516876 0.005957777106834577 20.7461643739993 g
2458859.918588 113875.04132131778 215.996684018738 28.8884 16.247328631071138 0.0020593415125746547 21.304857279377746 r
2458859.9592824 113029.42546796956 174.94881165922 28.8667 16.233721199814173 0.0016804643926305828 21.511997496956827 r
2458860.8961574 10519.81293823351 85.1637780906186 26.2426 16.18757995668556 0.008789349622077114 19.66953769004391 r
2458864.8393171 10290.21708875483 46.3281745342284 26.2 16.168938657492895 0.004887992027571322 20.287962018995817 r
2458867.8554282 10329.421557421107 41.9563493002431 26.2161 16.180909995197542 0.004409928298700075 20.41168075816688 r
2458867.9166551 6297.0479973157935 36.2669236777515 26.2661 16.768257491022297 0.006252929794043013 20.61989819329127 g
2458871.9859144 10741.143728112023 45.2543582007986 26.2532 16.175573680119662 0.004574248138027952 20.366623963930373 r
2458873.8168634 8923.721181930476 33.4601142295221 26.0765 16.200135018830405 0.004070907783689109 20.51775644099162 r
2458873.8979861 5813.820131249568 27.7766505947633 26.213 16.80184602154734 0.0051871418224032385 20.85637529961479 g
2458876.8392708 10325.307046333488 32.1535321443884 26.2187 16.183942561879725 0.00338092510881395 20.70320326867204 r
2458876.881794 5932.103614993213 27.7017362979197 26.2408 16.807778179583348 0.005070001647077742 20.88710751225937 g
2458879.8624884 10657.934288457998 69.6870314530549 26.2374 16.168217404328608 0.0070988625000734705 19.882095077358578 r
2458879.9688542 6314.920444667657 50.6098622276969 26.2588 16.757880290784087 0.008701159088553222 20.250787101520885 g
2458883.7856597 9666.965679133678 64.2837801309123 26.1243 16.161074558226925 0.0072197318584445525 19.85662147163368 r
2458883.9392245 6465.756297563772 40.8203621361168 26.2512 16.724651671294552 0.006854367088948405 20.476582856104265 g
2458886.7952431 11029.632664768294 64.8155071946628 26.2291 16.122697378083714 0.006380103336172503 19.95247767960052 r
2458886.9204398 6561.893206401449 65.4293779472694 26.2829 16.740327104887108 0.010825637267008649 19.996043010718516 g
2458891.8179514 10700.083021502785 64.5448866418846 26.238 16.164532131571868 0.0065491438978809114 19.96592038315638 r
2458891.9199537 6422.503848179267 91.4469045422743 26.2791 16.75983906711199 0.015458753565354963 19.62875246594001 g
2458893.8521065 8790.0027080576 28.0707108006549 25.6854 15.825427477817763 0.003467162835835536 20.317341464441174 i
2458894.7745602 10462.738135648962 34.6391870037498 26.199 16.1498866104725 0.0035944477289202937 20.602655763181836 r
2458898.8557986 10527.664483084183 30.2945033023314 26.2351 16.17926991121242 0.0031242202188519535 20.78426539826896 r
2458898.8782523 6067.386150616813 25.2289067729883 26.2546 16.79709591022298 0.004514468570728568 21.002428909313224 g
2458899.8183681 10497.249259340137 32.0080121557964 26.2367 16.184011225658256 0.0033104957250231696 20.72612823089863 r
2458899.8325926 8925.455822385333 28.8260577116393 26.0483 16.171723988153804 0.00350642605602666 20.651411859702723 r
2458899.833044 9009.104572933587 28.9276586602537 26.0634 16.17669592997711 0.0034861132705456687 20.66269177853472 r
2458900.8348032 5479.639647145912 31.3132747257019 26.1868 16.83992000178261 0.00620420767767127 20.700053768462183 g
2458900.9008333 9610.295646527085 33.0118456115621 26.1808 16.223958129246874 0.003729433734270702 20.636700475781108 r
2458903.8343866 6133.735803690971 27.3425766494727 26.2397 16.770387335421724 0.0048397642836962565 20.900176393543862 g
2458904.7333449 9965.928058782489 34.6734840781772 26.1771 16.180805630506864 0.0037773704005922733 20.57968128205505 r
2458904.7948495 5867.1956705454595 32.4911708044823 26.2032 16.78212356963254 0.006012355156232064 20.67636158608492 g
2458904.8337616 8472.741868053718 25.7099346322288 25.6632 15.843140061696579 0.0032944796932215287 20.390522558044673 i
2458905.7327546 10249.226548957211 48.381567116308 26.2055 16.1787722677874 0.005125056721818677 20.246375160691905 r
2458905.8110301 6094.074329326074 39.1643656709766 26.2404 16.778130632495667 0.006977393039720529 20.51074724704098 g
2458906.7494676 10221.557473659133 45.572827758361 26.1996 16.175807312685002 0.004840594911759584 20.305410046530316 r
2458906.8111111 6122.3785510042335 32.5665756234824 26.247 16.779699552932307 0.005775129855146782 20.71764475194425 g
2458908.8150116 6084.673676767654 31.0308641175596 26.2399 16.779306770445643 0.005536896629488868 20.762990315244448 g
2458909.7555093 6056.191979569105 61.423306384972 26.2252 16.7697009156945 0.011011421693225268 20.006942012698108 g
2458909.8171065 10526.848437230085 36.7027590135049 26.2368 16.18105407469151 0.00378538607243855 20.577628208686185 r
2458911.7134722 9973.622801827121 68.9963808497514 26.1612 16.16406765159922 0.007510748318539985 19.816709212251766 r
2458911.880463 6016.217583587998 43.8058102895879 26.2348 16.786491163403554 0.007905293911102432 20.383545694101088 g
2458912.7919097 6078.401934836013 42.5293987837553 26.2225 16.76302646386909 0.007596432212699479 20.40335188076092 g
2458912.9166667 10423.160112893176 40.9763301862913 26.2041 16.159101477177533 0.004268187497976355 20.425342337477375 r
2458913.7328819 10000.401313923629 45.1751178586803 26.1667 16.166656428768647 0.004904465722878666 20.282026753465036 r
2458913.7764699 5523.508202972493 47.6819854937043 26.1287 16.77316249170865 0.00937236440106226 20.185389160972203 g
2458914.7319907 3967.518118311943 67.7326339070965 25.817 16.82070270323182 0.018534841792788723 19.49258007848908 g
2458915.7338194 5493.658068597819 83.0055136145114 26.1378 16.788145937617376 0.01640420372108756 19.59260763614664 g
2458915.8730787 10216.422729679956 61.8539649959378 26.2192 16.195952863419684 0.006573225440348767 19.993356128573545 r
2458939.7230556 7945.512889997662 36.2377231824498 25.9751 16.224795158631608 0.0049516370565220146 20.329772731352843 r
2458939.7912963 2614.1099697598174 33.0066842003155 25.4519 16.908590366434126 0.013708435165631179 19.90797024421083 g
2458939.8101157 3233.283134632914 35.4656615558858 25.605 16.830890657722072 0.0119089690410292 19.98305482581609 g
2458941.7481019 5725.662268411914 50.7970510029113 26.2289 16.834335681691936 0.009632136107314879 20.216878738486486 g
2458941.7485532 4795.345584879034 49.5441048451681 26.1121 16.910050222955 0.011217134131065115 20.12719502402024 g
2458941.7490046 4746.381867185316 42.6366205346757 26.1002 16.90929330955511 0.009752813871663575 20.278318053364742 g
2458941.7503704 5169.481647611344 44.7328629327354 26.1577 16.87408250535419 0.009394843157729727 20.28370825367128 g
2458954.7327199 9958.154467056718 30.2975208242061 26.189 16.19355285349894 0.003303224354237486 20.738057257542586 r
2458962.6675926 9723.243691497304 27.2894411299684 26.2143 16.244772073713936 0.003047146320184863 20.87688838492989 r
2458962.7101505 5458.503403165173 24.7719121014225 26.2236 16.880916036480585 0.004927149986371563 20.991276163344672 g
2458963.7281944 4489.1229446715515 20.2592956484 26.1192 16.988796250774513 0.004899735996666313 21.105214133555204 g
2458963.7290972 4635.404033042253 22.5013882390287 26.1396 16.974381014276936 0.0052702541217491275 21.011651706553657 g
2458964.7014005 5325.772960206229 27.1483778482031 26.1716 16.855643379117133 0.0055344067518516135 20.839815276596497 g
2458964.7018519 4298.773499411892 25.4619216442198 26.0385 16.955138592689572 0.006430673384608743 20.776347045855314 g
2458964.7027546 4250.060523900316 23.4675159016434 26.0513 16.98031221310436 0.00599489863053344 20.877707187117593 g
2458965.7111343 5426.725855471633 22.6604414897161 26.2361 16.899755293325658 0.004533569961080445 21.10050407191259 g
2458965.74875 4554.270429536504 23.0561745157887 26.1209 16.974852962097287 0.005496399271647853 20.966506862347025 g
2458965.7492014 4581.952571375341 20.6027550117983 26.1288 16.976173526461366 0.004881851299825919 21.09656174328311 g
2458967.7424769 4379.55670249893 31.7819548148445 26.0619 16.958324616092334 0.007878803880490485 20.55902347447755 g
2458967.7429282 4385.741029510711 29.0625386573577 26.0734 16.968292540615103 0.007194496439251327 20.66764111938856 g
2458967.7438542 4657.439627667951 29.4055337859112 26.1072 16.936831914906783 0.006854750803790753 20.68870232073713 g
2458967.7443056 4604.7071452558 30.2287692947135 26.1093 16.951294963202983 0.00712735333387793 20.66082382394407 g
2458968.7078704 10201.98811337048 30.6242948288348 26.2488 16.227087967033793 0.0032590507385605433 20.786209746175153 r
2458968.7101042 5842.588083039501 36.242169583604 26.289 16.872486828623188 0.00673470779689961 20.64353951871867 g
2458974.7304861 9659.193234211865 69.0102492585242 26.2231 16.260747864230865 0.00775679974540784 19.878390999060905 r
2458977.668044 4612.796500175909 58.5264704918513 26.0599 16.899989261159867 0.01377519884317025 19.894094153508533 g
2458977.7029745 3751.9846411349545 86.9168409120625 25.1684 16.232747370218032 0.025150853002874018 18.5732151565951 r
2458980.6707176 5389.590893881836 20.1019440643256 26.2057 16.876810498569668 0.004049413230123511 21.200179838695583 g
2458980.7330671 9790.93705561104 26.966879211084 26.2083 16.231239353585558 0.0029903103853267184 20.883798264465156 r
2458986.6708565 5755.05269791749 27.470879639939 26.2576 16.85747673816106 0.005182425876981844 20.91299357389439 g
2458986.7327083 10006.057500058288 30.5586786500278 26.2257 16.22504251440349 0.0033157472271313567 20.765438560360252 r
2458992.7356829 9708.934109029842 32.7378829970134 26.1873 16.219371115749023 0.0036609085169091865 20.652248508589977 r
2458995.6705903 5224.19687434369 27.7800555337587 26.1892 16.89415116249191 0.0057732905207158545 20.83244221521132 g
2458995.7284491 9727.93800974775 31.7556487956405 26.1887 16.21864801389501 0.003544133182477065 20.686722513706663 r
2459005.6707176 5157.686137168931 72.8454679238334 26.2258 16.94466272424421 0.015334070825860245 19.822368645802854 g
2459005.7381944 9565.638274027377 65.6798915180886 26.1942 16.24241511515296 0.007454668071110956 19.903193922164622 r
2459011.73875 8817.419504495663 44.0348530176547 26.1032 16.239846240949575 0.005422067068136196 20.24628361149548 r
2459021.7006481 107373.34588706563 109.677558286216 28.8601 16.28285878380753 0.0011089989237793598 22.012380555809216 r
2459138.0224769 7056.661498736339 46.480606431387 25.8642 16.242701786886826 0.007151256215363828 19.948595525036943 r
2459138.0271875 7141.38379268798 48.4532733323258 25.8888 16.254344066043064 0.0073663200836186415 19.928067184705036 r
2459138.0318866 7039.48870291965 46.8679607456495 25.9014 16.282547209234416 0.00722844330447567 19.97678484539456 r
2459138.0365972 7664.922182426055 67.4379150727799 25.972 16.260730624827183 0.009552261934555327 19.65231465148774 r
2459144.0239815 8732.539564045483 41.6818616566112 26.1475 16.29464859512825 0.005182226415200823 20.350207219601042 r
2459144.0286458 8914.270575785036 38.8681702582865 26.1569 16.28168546966012 0.004733889564004555 20.435489748041874 r
2459144.0333218 8921.196651551294 45.1694972048672 26.1656 16.289542218233233 0.0054970790389198216 20.281061848342425 r
2459144.0379977 9133.110481305821 49.5574240451676 26.186 16.284453221879552 0.005891146876627478 20.200803179123255 r
2459144.0426736 9260.993086995979 83.0265713909933 26.1853 16.268656099959006 0.009733507812005191 19.639832229252367 r
2459146.0242593 8447.032366137866 38.1162753320645 26.0962 16.279439604365766 0.004899098089633981 20.395998850650557 r
2459146.0290162 8635.710492052036 38.877493049828 26.1173 16.2765548140068 0.004887761608387174 20.39562935815197 r
2459146.0337731 8734.711667697518 41.8220560042783 26.1214 16.26827856619738 0.005198363487116008 20.32046154102108 r
2459146.0385417 8913.269713356764 52.463165832145 26.1383 16.26320737908317 0.006390388822028455 20.091238753987952 r
2459146.043287 8986.363418910818 88.1416091811749 26.1655 16.281540055044076 0.010648951152656615 19.555122551506997 r
2459151.0178935 4374.4878646385405 35.2843810693501 26.1474 17.045081959793045 0.008757197119384118 20.531018729691596 g
2459151.0468056 9471.488305818399 102.691117251584 26.2503 16.30925443152603 0.01177130165821507 19.474042791935563 r
2459151.999213 4268.44494749227 74.4200185107962 26.1123 17.036625788858967 0.018929098322947913 19.685650554886514 g
2459152.9935648 9045.765024908234 89.5957097186515 26.2001 16.3089867444686 0.010753547297955239 19.571956954126442 r
2459153.0440046 5025.368550217959 62.7309638372137 26.2378 16.984880206183306 0.013552639325350377 19.99667008826785 g
2459155.9847685 8971.325674078218 62.4185187198371 26.1616 16.279458443561047 0.0075538207212715106 19.925891344094204 r
2459156.9978241 4868.281410242965 87.834487007852 26.1137 16.895260813479986 0.019588412112697823 19.507112316237976 g
2459157.0262384 9807.531011971329 51.0783688731463 26.2417 16.262800774830957 0.005654408333543291 20.223682438820042 r
2459158.9962037 4884.519391765859 70.6999674108299 26.1213 16.89924540472095 0.01571474048139422 19.750326955138004 g
2459159.0293634 7147.889649480974 76.7787022649263 25.8568 16.221355402094574 0.01166199271907945 19.39627307096803 r
2459165.9939699 9689.948096261034 34.2238772053857 26.2291 16.263296373051052 0.0038345781744924525 20.645851966684987 r
2459166.0188079 5208.743838944091 30.2602632675138 26.2425 16.950667500576724 0.0063073878933926925 20.792893233880307 g
2459169.0035648 5471.34114776001 35.8643454626912 26.2358 16.890565513380484 0.007116704810992307 20.601717716129915 g
2459170.9986111 5486.504110823179 30.2837379107438 26.2283 16.88006072766062 0.0059927147753036985 20.777851291794228 g
2459171.042037 10456.423777172618 37.2077270034172 26.28 16.23154206004016 0.0038633121675691225 20.605992139020447 r
2459173.9827431 4781.834710488632 30.7653484294485 26.0728 16.873813599598783 0.006985172180164936 20.605220394148517 g
2459174.0325694 4703.054349463321 39.8634419118511 25.4165 16.23555000607142 0.009202474746785675 19.667638003951886 r
2459175.0315046 2017.3901268232373 22.9286652813992 25.1489 16.88692527238681 0.0123395329267398 20.000528053141306 g
2459177.0052315 5393.196234283905 33.5006072803109 26.2238 16.894184443477542 0.006743980330814512 20.663743289769517 g
2459177.050787 10125.030223589767 43.6757820534787 26.2554 16.241909179315662 0.0046833239534419665 20.407373263782148 r
2459181.0203241 5658.167248688714 49.9653195515111 26.2705 16.888810548653428 0.009587441489936071 20.27640331598143 g
2459181.0446296 10461.966889896637 79.8029049127677 26.2969 16.247866646911284 0.008281618052860032 19.794428238081892 r
2459182.9528125 9671.610655356171 62.4178677318721 26.22 16.256252987366196 0.007006803872834139 19.98430266773505 r
2459182.9532755 9599.018353796428 73.741511840941 26.2148 16.259232944830167 0.008340556966853317 19.79809489610379 r
2459182.9546875 8542.932209965642 69.5490125857809 26.0414 16.21238259961251 0.008838810973625414 19.688247567847007 r
2459182.955162 8149.030009392344 67.3551095230785 26.026 16.248235207180453 0.008973760352449517 19.707648622512497 r
2459182.985787 10156.843766977845 71.4409433302928 26.2594 16.24250306958412 0.007636568401876461 19.87710703793731 r
2459184.9442593 5213.815497852022 77.2517577454056 26.1792 16.886310853365384 0.016086536514140246 19.712004064372614 g
2459186.0095833 5793.145298839941 57.1852719986052 26.2863 16.879013946880676 0.010717157365501986 20.14566451129204 g
2459188.8834722 9399.78482788331 81.8753203488088 26.1579 16.225105219493443 0.009456815972958698 19.627592458555082 r
2459198.9768634 11091.614641499411 45.6761341188 26.2837 16.171213069061082 0.004470997272771938 20.387051640400003 r
2459199.0047917 6280.599806288689 39.0463218772716 26.2984 16.803397196340814 0.006749768010963951 20.572024664026046 g
2459225.9139931 9773.959521540351 40.7809750992797 26.2055 16.230323659793065 0.004529986498072809 20.431930974595012 r
2459225.9368519 8564.494857229529 52.4725575294448 25.6899 15.858145617702778 0.006651817376202721 19.642644408240233 i
2459228.9555208 4752.271198108778 29.808935084371 26.1907 16.99844695853443 0.006810124984866406 20.757408835999072 g
2459228.9559838 4744.480078298478 27.9512158179504 26.1835 16.993028431483495 0.006396198216187267 20.820073230379986 g
2459229.0295023 8511.7165568925 27.066597066927 25.7161 15.891057117412013 0.0034524416125871456 20.387590844742416 i
2459231.8477315 8052.328032824641 30.8011494365411 25.6602 15.895396353229016 0.004152936617451999 20.191357679675683 i
2459256.8516898 8549.487638989614 30.5505567555016 26.067 16.237149778158216 0.0038796172203563765 20.60702716600003 r
2459256.8521644 8366.80340710304 27.2970248844959 26.0666 16.260201088535297 0.003542138911969325 20.728886700006406 r
2459256.8928009 9764.93316729751 25.529788699195 26.2612 16.28702681186024 0.002838492708126441 20.99615693835706 r
2459256.8932755 9911.118540272235 25.4191246800351 26.2723 16.28199332381321 0.0027845034395437744 21.011973510827396 r
2459266.7829398 5771.543750308552 61.4840896178365 26.2726 16.869370019723846 0.011565930881926765 20.05326812188129 g
2459266.8231597 10428.940455041322 56.2278444742182 26.2921 16.2464995304445 0.005853573621292368 20.169796401891695 r
2459266.8325347 10290.241512950774 56.4437114938882 26.2898 16.25873608046249 0.005955247745331279 20.16333608079866 r
2459266.9160764 5888.728588817941 45.3739922044807 26.3026 16.877546154570595 0.008365565264792292 20.4131575089197 g
2459266.9170139 5929.811602618564 46.0081314137702 26.2915 16.858897761211143 0.008423712526359569 20.38698850147546 g
2459267.7597801 5721.298278076808 59.65585498154 26.2719 16.878163524596495 0.011320570717601112 20.085342303285362 g
2459267.7869676 5900.536498292777 55.0277052368046 26.2755 16.848271247311903 0.010125109740933655 20.17662148351644 g
2459267.8179282 10445.839154295682 46.6148157649677 26.2873 16.23994166435488 0.004844963121532751 20.36856505889812 r
2459267.8524421 8865.005276195307 40.6418023937956 25.7543 15.885102503958612 0.004977414393359665 19.984442589375675 i
2459268.7752199 10552.933925657124 44.1427406072652 26.2894 16.230966952673537 0.004541464375209146 20.429826756942724 r
2459268.8115741 5005.3109659684405 52.6543935937169 26.2246 16.976022339613053 0.011421243457875279 20.17358845045608 g
2459268.812037 5087.592903238317 44.0115672795431 26.2266 16.96031911788346 0.009392134847303769 20.370257903316233 g
2459268.8260417 5739.294208450874 54.6675636810782 26.3049 16.907753779554575 0.010341441252680928 20.213150690357562 g
2459268.8543981 10501.644109680605 43.0711839642884 26.2962 16.24305675902376 0.004452863184243838 20.46330796403195 r
2459268.8564699 10993.54110950575 49.8945489724689 26.3057 16.202855988093003 0.004927485264285776 20.313142236348497 r
2459268.9318171 5851.564713941192 45.0135198837577 26.3066 16.88841996908232 0.008351813733062116 20.42581755310772 g
2459268.9327546 5778.414852562927 46.571839245093 26.3065 16.901978204641082 0.008750331562984097 20.388766514887408 g
2459269.7296296 5137.032405482439 65.8444907840131 26.192 16.915219236614885 0.013916081893489512 19.898276380786193 g
2459269.7848264 9665.37783394686 47.5065817960578 26.2563 16.293252910221298 0.005336355882004677 20.31699053142996 r
2459269.7852894 9789.348514030276 42.141941328791 26.255 16.278115524367607 0.004673804966192962 20.445788643836792 r
2459269.8425463 10562.249043224441 58.2995497914824 26.3081 16.2487089916589 0.005992646163670603 20.146511986646203 r
2459269.8582292 10170.805789685615 48.7013386630359 26.2791 16.260711596023732 0.00519870740625876 20.312822741873912 r
2459269.9416204 5462.791401687248 53.3182189675723 26.275 16.931463457081563 0.010596705251314188 20.21038590444128 g
2459270.7109491 4849.451237652388 106.455606585553 26.154 16.939768508104287 0.023833387821811866 19.338653641890645 g
2459270.8095949 10267.61147293609 71.2899722434344 26.2738 16.245126433550464 0.0075382208480239505 19.89380387510597 r
2459270.8105324 10476.900760931732 70.6363994590115 26.2963 16.2457179244608 0.007319906968922038 19.926303604431226 r
2459270.8573843 10302.85749548641 72.1851297828465 26.3003 16.267905767748935 0.0076067630207998374 19.90675563506937 r
2459270.8824653 5845.22165093862 83.6864286575658 26.3257 16.908697539333026 0.01554403939137693 19.77163740263003 g
2459274.7060301 4920.487499177657 164.087139602687 26.1713 16.941279668023462 0.036205641716681676 18.88618862821603 g
2459274.7396065 5398.073593637682 139.169473195063 26.2413 16.91070299716417 0.027990781234617877 19.13501503094588 g
2459274.8328241 8791.780730529412 67.657916339573 25.741 15.880807879688387 0.008355099156965796 19.41777844242629 i
2459274.8589815 10222.497817300231 93.4843435291404 26.2927 16.26880743375959 0.009928684122369703 19.6184277825201 r
2459274.859919 10296.045280664097 94.6032376418317 26.2885 16.256823890322472 0.00997574625090536 19.601309989965166 r
2459275.7056713 5056.608572702647 69.7041659688834 26.1964 16.93675165848078 0.014966120454913634 19.84082815140308 g
2459275.8403009 10163.773645092138 68.387652927863 26.2817 16.26406253894941 0.00730520743342546 19.946830741779753 r
2459280.7864931 10136.709252036484 25.7664899322266 26.2898 16.27505752513853 0.002759739618042045 21.01473683829027 r
2459292.7705787 4513.133418012388 28.0958057125672 26.1186 16.982404569008132 0.006758855419693796 20.749571261625587 g
2459292.7710532 4470.152771199258 29.8653465494038 26.1196 16.99379408559573 0.007253623848741247 20.684256092789862 g
2459302.7400347 9749.81804662467 84.238738873905 26.2698 16.297308722826536 0.009380482626243563 19.70859534799593 r
2459302.7750579 8568.908565411642 52.6070145249356 25.7221 15.889786228215662 0.0066654271350576385 19.67206584900541 i
2459302.8296528 5865.520955581864 94.8803896996656 26.3264 16.90563352319895 0.017562231876249113 19.636033839685297 g
2459304.8298032 4537.099868248006 65.0670183143083 26.1325 16.99055415291955 0.0155701359536358 19.85167272487304 g
2459304.8302778 4634.083116053525 64.7135704848357 26.157 16.992090452627686 0.01516147244575546 19.88208658390656 g
2459305.8741319 8739.87666589737 34.4868212647158 25.7106 15.856836739837943 0.004284081260917605 20.119042073610697 i
2459329.8123727 5116.203094276494 107.906047629616 26.2156 16.943230559929848 0.022898542874995337 19.38556052530788 g
2459340.7334722 9262.622166252162 26.9666557471741 26.2117 16.294865127483142 0.0031608434004118786 20.887207261570857 r
2459342.7355208 4713.9613686039 23.5248512313095 26.185 17.001534952212147 0.00541814601026249 21.008757774971826 g
2459342.7906366 8798.286451307109 42.2425778535671 26.156 16.295004756330705 0.005212693065796266 20.344198956265398 r
2459344.7691435 4800.674461533577 26.0106932866718 26.1631 16.959844357422977 0.005882467125737652 20.877795169169765 g
2459346.8319907 3829.511796648649 34.4322081763686 25.9295 16.971641470780696 0.009761831377513632 20.339662800677353 g
2459349.7548148 8134.187776866603 32.9547740255351 25.6707 15.89491451543354 0.004398595058412336 20.128479144205034 i
2459350.7296065 9232.888386595576 42.068443668751 26.1796 16.266256036133274 0.0049468494991743465 20.37228387542219 r
2459356.7358218 9290.260937642686 87.8684331869432 26.2058 16.28573021927132 0.010268684437540754 19.598792783129813 r
2459358.7571181 4657.410865396942 92.8759630828268 26.1207 16.9503386199503 0.021650534177304337 19.453516663573804 g
2459361.7555903 5095.077436702456 76.3385393421711 26.1826 16.914723027634068 0.016266828756470435 19.728315374351247 g
2459365.6816204 9616.53089918255 33.1503281124647 26.2066 16.24905392153219 0.003742650193612164 20.657955410948425 r
2459365.7045949 5111.891625375354 30.68964425869 26.1736 16.902145905023385 0.006518085517748656 20.708695353399992 g
2459367.7082292 9360.670071259476 30.263597824397 26.1724 16.244132654374155 0.0035101320640314906 20.722673596795914 r
2459367.7335648 4664.028708924934 27.8117758716586 26.0897 16.917796962470106 0.006474069296803235 20.731703187024912 g
2459369.7240046 4710.150412036467 22.035831005281 26.1354 16.952813060163727 0.0050793073744092474 21.03015140648091 g
2459371.7256134 9328.291579337996 31.4806046780128 26.2116 16.2870947185021 0.00366396056643676 20.7190673249708 r
2459373.7172454 9492.462368445616 34.8415784494551 26.1979 16.25445278971292 0.003985004127940265 20.59523043443168 r
2459375.7269676 9561.895233958016 49.297862234743 26.1972 16.245840047533218 0.005597497956072616 20.217704772091853 r
2459498.0261921 7936.532677903388 88.4092682975878 26.0701 16.321022978107955 0.012094191063804442 19.45643049858699 r
2459498.028588 8166.939147909273 121.798950630302 26.0901 16.30995170084926 0.016191760254901797 19.128566122634407 r
2459498.0309722 8697.028268212074 125.09283227409 26.1123 16.263872795806634 0.01561605686581261 19.121793925018178 r
2459498.0333681 8609.603560819529 138.664812178769 26.1171 16.279642114197554 0.017486099739551675 19.014759319811358 r
2459498.0357523 8720.373543959193 151.864966747678 26.1395 16.288162278320648 0.01890742335368995 18.93843099069379 r
2459499.0272569 8449.278666148633 82.7878072775178 26.0823 16.265250915401868 0.010637916668710324 19.539959039166554 r
2459499.0296528 8412.060019151128 129.464231658758 26.0914 16.279144093324625 0.01670926217738727 19.063600493578058 r
2459499.032037 8679.558524450853 122.596031518407 26.1012 16.25495591035107 0.015335170682307919 19.132583958841646 r
2459499.0344329 8626.019848342541 137.025288535897 26.1136 16.27407386720954 0.017246465737266847 19.024173176048386 r
2459499.0368287 9026.075518413156 143.061842420674 26.1403 16.25155259297894 0.01720817004015411 19.004065454654764 r
2459501.0302662 8910.659560667158 80.5487201063592 26.0946 16.21982537151365 0.00981428420916201 19.58202837913908 r
2459501.0351389 8621.208932312304 101.205364493717 26.1277 16.28877957446999 0.012745157331589907 19.367266155818673 r
2459501.0375694 9023.768675428804 115.634958628393 26.1248 16.236330115924126 0.013912687602985396 19.21965211579511 r
2459502.0280324 8747.65140655865 53.6419867231201 26.145 16.29027132975371 0.006657684706277397 20.073812853361037 r
2459502.0303935 8747.587655626026 55.9046544766784 26.1384 16.283679242385872 0.006938562464852033 20.022355070097454 r
2459502.0327662 8895.45812369924 63.0678885458783 26.143 16.27007920116734 0.0076975019883276305 19.896054260504293 r
2459502.0351273 9015.137798462069 63.9240156939861 26.1598 16.27236907649862 0.007698418525649198 19.898214865519673 r
2459502.0375 9129.045004803227 104.473827101552 26.1616 16.260536629777896 0.012424874017432877 19.36665622880919 r
2459503.0280556 8521.826232068615 94.0661725349797 26.158 16.33166831428023 0.011984243839296953 19.47699130579463 r
2459503.0304282 8232.100560838282 93.2624571138222 26.1125 16.323723332509587 0.012300025848829752 19.440807855934942 r
2459503.0328009 8512.434404308086 118.474043732616 26.135 16.309865554205032 0.015110515179465442 19.203516959253708 r
2459503.035162 8239.177233865508 128.439184822266 26.1431 16.3533903872113 0.01692479952832757 19.123931137851756 r
2459503.0375347 8376.047325497186 144.736647859686 26.1587 16.351102193788584 0.018760708061297104 19.009828714090858 r
2459504.0308333 8473.844521106777 67.7725345614463 26.0892 16.26899877184443 0.008683265380912585 19.764140669870756 r
2459504.0331944 8640.653561487305 78.1245558020958 26.1074 16.26603351781527 0.009816367434564231 19.62800608650353 r
2459504.0355671 8541.911335765993 90.0741845797138 26.1228 16.2939123520539 0.011448672124319782 19.488874141041983 r
2459504.0379398 8477.597756359162 114.187973867526 26.1168 16.296117984027276 0.014623704354807171 19.2253240717233 r
2459504.0403009 8352.888674904903 125.827321232845 26.1389 16.33430826679443 0.016354907622907488 19.14203761189597 r
2459505.0311458 1851.6702703165843 60.737815527611 24.2089 16.039990865586574 0.03561273698424333 18.00282706866353 r
2459505.0335301 7686.725583407142 45.432138030323 26.0538 16.339446557486617 0.006416994040479077 20.162967051320905 r
2459505.0359259 8830.697132511626 51.6684346392932 26.142 16.277012525073054 0.006352433861801543 20.111511728551804 r
2459505.0383218 8029.177567388511 60.5017328998114 26.0295 16.26782234360194 0.008181003702810104 19.82765545426234 r
2459505.040706 9420.655030480835 74.6897345298755 26.2192 16.28399724773302 0.00860775015290491 19.7886226995943 r
2459510.0202431 9169.044578235513 74.7701683679675 26.1796 16.273789789510253 0.008853482072689866 19.74785409267242 r
2459510.0227315 9389.36472024343 79.6155903023322 26.1926 16.261009477222398 0.009206016484254865 19.69267969044064 r
2459510.0252315 9398.717837531049 70.5957031564104 26.195 16.26232847080525 0.008154916047256171 19.82562931840898 r
2459510.0277199 9432.497936895044 78.0312637450612 26.1931 16.256533202792955 0.008981559669007497 19.71500338783093 r
2459510.0302199 9176.431828400167 70.719167270154 26.1981 16.291415393532404 0.008367064817893613 19.82683214379483 r
2459513.0224306 9409.443917636589 58.127518594635 26.1972 16.26329010472569 0.006706990071953859 20.0388205297674 r
2459513.0249769 9231.34837045346 60.5240829446743 26.2034 16.29023714855154 0.007118244726128244 20.001154444725785 r
2459513.0275347 9458.129847445281 56.9034341797096 26.2021 16.262586819996375 0.006531952879204553 20.06682879591869 r
2459513.030081 9672.709215406701 51.9158831819588 26.2103 16.246429669882907 0.0058272272137442445 20.174624372815014 r
2459513.0326389 9509.934737378433 52.7192293710942 26.2129 16.267456158574888 0.006018681400959367 20.16055235594277 r
2459522.9996181 9733.063459780768 34.6270992378166 26.2098 16.23917611251533 0.0038625702789103454 20.613834710168998 r
2459524.9763773 9482.868111788135 38.7453092526851 26.1853 16.24295072397123 0.0044359767276894125 20.467327160053216 r
2459525.0516898 5684.520712538723 63.8863437027447 26.2674 16.880665366875327 0.012201803259345138 20.006454905124812 g
2459526.9761111 4843.403128961966 39.372790038189 26.1094 16.896523454991833 0.008825827007636119 20.373984511921677 g
2459531.9500231 9120.900233243754 39.675465715396 26.1534 16.253305736680232 0.00472274139894698 20.40966990601558 r
2459531.9835764 5023.046805983165 27.530823583442 26.161 16.908581937397514 0.005950614501330045 20.814026980437415 g
2459536.9474653 4443.095785650887 91.2538679840803 26.0943 16.975085810004273 0.02229848944294191 19.446246784186897 g
2459537.0179282 9263.675283590657 54.7421182067712 26.1774 16.260441691310685 0.00641576004314075 20.084170993882704 r
2459622.8517361 4889.941284453656 47.2450647375608 26.1839 16.9606408889961 0.010489689712358323 20.250583868114937 g
2459622.8536574 4573.275141771247 61.7386911897121 26.1524 17.00183167347897 0.01465682578606228 19.92858144277965 g
2459624.872662 10277.694464652044 51.2839228413081 26.286 16.256260742918215 0.005417455755306231 20.26362189390622 r
2459630.8852431 4552.227083718569 54.6647265139581 26.1582 17.01264020421587 0.013037463308557887 20.0665070399512 g
2459641.7802778 7236.596486684338 38.4215474919278 25.9427 16.293864107502184 0.0057643498830896745 20.233837857128005 r
2459641.7855671 6266.628342562859 34.4820440102543 25.8556 16.363015153532658 0.0059740506593729875 20.26419248461473 r
2459671.9018403 4928.83924689722 27.2538572622413 26.201 16.969138365104143 0.006003343048414987 20.865005046558974 g
2459679.7078009 8095.875319030122 42.3104776393346 25.9895 16.218840472071637 0.005674060402714888 20.175955168980117 r
2459687.8535301 9500.423442758933 65.2828388234213 26.1818 16.23744259342123 0.007460465161119765 19.897377410543733 r
2459703.7588542 5172.739573842758 33.291929206298 26.1951 16.91079846495259 0.006987602415179406 20.641827583021556 g
2459703.7767477 9631.743005053213 41.8667404912869 26.2073 16.24803778453048 0.00471926214471698 20.40520211294998 r
2459717.7292361 9551.802472226878 39.6264219518644 26.2111 16.26088666793126 0.004504113902923819 20.468712839911323 r
2459719.6804861 10013.197135684997 31.4447369486681 26.2614 16.259968083850666 0.0034094555857192253 20.770105074200057 r
2459719.7374537 9799.880055627156 32.3184028997648 26.2398 16.261748099416224 0.0035804611718820815 20.718750262133568 r
2459739.7142477 7991.991988203471 46.5919195488235 25.6725 15.91586240038135 0.006329441662206759 19.75429848067791 i
2459739.7377431 9059.064261333175 61.8494309671661 26.1878 16.295091649054992 0.007412457320527953 19.96203571829143 r
2459742.6873032 8310.768433878819 50.1612710242919 25.6836 15.884497046085986 0.006552955046740003 19.68525365804814 i
2459742.7373032 9041.71243808039 97.6144018140618 26.1584 16.267773273375084 0.011721226125615103 19.437190246044537 r
2459864.0253588 8211.958432671127 76.845899171912 26.069 16.282883144024208 0.010159768027930316 19.60752324758385 r
2459864.0277431 8250.17911937214 89.8430127579083 26.0747 16.283541555985654 0.011823083782777832 19.443564221793466 r
2459864.0301389 8178.5488076834035 87.2556448494384 26.0794 16.29770937551819 0.011583161736962085 19.479991158028557 r
2459864.0325231 8490.25824409671 97.7205580011489 26.0982 16.275897749572536 0.012496111045340173 19.375810143648778 r
2459864.034919 8302.33082988062 110.789682346561 26.1138 16.31579991229831 0.014488022771960637 19.2551266962249 r
2459866.0280324 8908.116864457676 70.9848485960638 26.1392 16.264735235365713 0.00865146374855494 19.763860838254057 r
2459866.030463 8767.339203748345 76.6602400702948 26.1427 16.2855304762381 0.009493190660255888 19.683849551751905 r
2459866.0328935 8846.869489636663 75.1876348832285 26.1462 16.27922594864872 0.009227130036036481 19.708408929686584 r
2459866.0353356 9219.669681407348 84.8728050026993 26.165 16.25321159598628 0.009994545094956682 19.595653600100334 r
2459866.0377778 9185.450932921975 127.204432530533 26.1749 16.2671487960349 0.015035282797430063 19.166219376955784 r
2459867.0278356 8910.409055160893 64.1972400266027 26.1413 16.266555895260968 0.007822193466697587 19.875084096050994 r
2459867.0301968 8909.244018597119 65.6293877078527 26.1406 16.265997864621845 0.007997741007618688 19.850429107892218 r
2459867.0325694 8989.830266711599 71.6319010705244 26.1413 16.25692126981221 0.008650970339256051 19.756108796050412 r
2459867.0349421 9185.408196327951 77.004960302945 26.1669 16.259153847586056 0.00910185847095286 19.703178235877665 r
2459867.0373148 9307.9777157451 91.5219512551457 26.1946 16.272461662824174 0.010675292261349974 19.543361812310174 r
2459875.0205903 8916.142004099185 50.4173083523435 26.168 16.29255755822244 0.00613921039536759 20.164125848865606 r
2459875.0230903 8913.68209735297 50.5286378821516 26.1664 16.291257147249954 0.006154464737411159 20.16013101173371 r
2459875.0255903 8912.355821186302 46.2000716824383 26.1736 16.298618707105362 0.0056280762159860295 20.264568365677473 r
2459875.0280903 8991.473259968952 49.5068451755441 26.1817 16.297122857359405 0.005977839254261858 20.197611859682848 r
2459875.0305903 9308.86665920773 53.9092916437061 26.1982 16.275957976282818 0.006287480536599833 20.121615925830746 r
2459879.0220718 9141.837464244078 43.8569549049921 26.2041 16.301516261108684 0.005208525761542532 20.351578803493652 r
2459879.0246296 9459.92944254878 46.2782921374697 26.2041 16.26438025699393 0.005311280816499787 20.293231680928198 r
2459879.0271759 9529.033973766764 52.1048904212745 26.2079 16.26027781165907 0.005936622713919853 20.16827877192363 r
2459879.0297338 9208.358724028792 47.4856979136084 26.2111 16.30064442630414 0.0055987417269348595 20.272267925755177 r
2459879.0322801 9521.831763606244 47.0023241339286 26.217 16.270198740304085 0.005359307387392793 20.28927665636401 r
2459888.9762153 4876.4475582837895 55.3873738352359 25.5195 16.299241104653717 0.012331532545810691 19.41354805471462 r
2459905.9513657 2422.455983678998 51.9919985523828 24.6058 16.145160263473173 0.023301852833913846 18.568533709492648 r
2459951.8518287 4039.6964574226404 122.269112385201 26.1183 17.102428166319392 0.03286077969365717 19.15258309053666 g
2459972.880463 9514.049848430095 37.0363383389839 26.2854 16.339486443610085 0.004226418105352885 20.616404881998477 r
2459972.9221759 5011.863208448931 35.2166779511347 26.3012 17.051201977388317 0.007628848925304132 20.686904024586145 g
2459977.8957407 7936.725009682238 67.2947692108444 26.0634 16.31429666699026 0.009205551514394592 19.746021719058895 r
2459985.9206944 5116.795401155994 69.7629624908312 26.3172 17.044704870665964 0.014802555591568851 19.9607127024786 g
2459992.8396644 1169.212124254067 54.5781385361389 24.725 17.055266724585387 0.050679841390192375 18.635028190747814 g
2460021.7696528 447.19876275003287 35.6316589888978 24.1607 17.53444851667023 0.08650581215017795 18.53368488087217 g
2460032.7580093 8055.718359876735 36.0198935393334 26.1991 16.43383931445584 0.004854538933539959 20.56031892695647 r
