jd flux fluxerr zpdiff mag mag_error limitingmag filter
2458214.8452431 1043.5204755779587 64.1634398758297 25.775 18.228747562367715 0.06675695235841496 19.509355891842297 r
2458217.8716435 1783.927541856058 24.1195094590096 26.2487 18.120256973570072 0.014679156414840347 21.045353811896348 r
2458217.8824074 1745.3777715402728 24.2789637291849 26.2343 18.129576398353738 0.01510255908525407 21.023799623380594 r
2458218.8202431 1627.412572004577 27.6760041685764 26.2066 18.17785583334468 0.018463564951333618 20.85391652079706 r
2458219.823287 1610.2997601127486 31.7757562604331 26.1957 18.178433179415553 0.02142392331322008 20.693035250353333 r
2458222.8419792 1767.2011834299851 36.8196012126533 26.2305 18.11228501576349 0.022620537724510566 20.56787728811544 r
2458222.8595139 1756.8968841318444 30.0561879177045 26.2339 18.122034318468224 0.0185736587713152 20.791640245745832 r
2458223.0146528 1677.5501822989836 52.6764802638286 26.17 18.10831119865814 0.03409188900928258 20.118533117715433 r
2458226.7947106 1853.098661412324 27.8389813069666 26.2336 18.06385364413896 0.016310400862271448 20.874541640698116 r
2458226.8361921 1764.1113620327196 25.6470388012894 26.2475 18.131185007208693 0.015784145278943822 20.977481917051026 r
2458229.8565162 1914.163650332632 23.6786772265266 26.275 18.070052338030397 0.013430377209583181 21.09168139534884 r
2458231.809838 1788.091466438725 39.0148288860499 26.2569 18.125925673646655 0.02368916832087344 20.53140072291799 r
2458232.8581713 1679.8620951879534 54.1884008930766 26.2266 18.163415923300164 0.03502212891054651 20.144409151376156 r
2458245.8368056 1181.1944520163565 50.6845635776326 25.8729 18.192096503878687 0.04658693628496125 19.863285710837676 r
2458248.7953009 1775.6854732821635 42.4221489470939 26.2714 18.147984895541867 0.025937998482764575 20.45499332798805 r
2458258.7483218 1609.3708531021282 29.6942993202633 26.1803 18.163659670831244 0.020032114232631765 20.751192284333733 r
2458276.7770833 1675.6017929893424 21.9415699069145 26.275 18.214572958976852 0.014216959272547515 21.174405744472722 r
2458276.7779977 1685.4074305168424 21.1416421495808 26.275 18.208237739301822 0.013618950804531 21.214728195307217 r
2458277.7740046 1683.8041686151914 25.6666082841958 26.275 18.209271049067333 0.01654957098548424 21.00415378269158 r
2458279.7342708 1716.5901967739953 25.5217084749413 26.275 18.18833343000996 0.016141836848024303 21.01030063022013 r
2458279.7351852 1698.0990940837855 25.0725056938288 26.275 18.20009242427897 0.016030406898295425 21.029580642634503 r
2458280.6893403 1630.1371911543818 28.1769574887641 26.2549 18.224339610379552 0.018766348569648702 20.882739747281338 r
2458283.7271875 1722.7129643978483 22.7149586034144 26.275 18.184467694892263 0.01431557726991807 21.136795114967587 r
2458284.6897222 1748.3378120206005 27.4952330739768 26.275 18.16843662415966 0.017074260101894355 20.929431475413352 r
2458285.6925 1588.0870850207684 291.982272810325 26.275 18.272814215246193 0.19961446483649495 18.364183777100216 r
2458291.7362153 1683.4568940723434 51.2478036750176 26.251 18.185494998763232 0.03305088514346932 20.229386845194604 r
2458297.7733912 1791.3774634469473 56.2460447177696 26.2352 18.102232234400404 0.034089035949229456 20.112545019652245 r
2458306.6921181 1585.905047461479 23.1997374067812 26.0885 18.087807046641238 0.015882385230351667 20.927367316095562 r
2458312.6925347 1586.8296793411453 25.3522704828789 26.1183 18.11697421318828 0.017345881805468904 20.860832839944177 r
2458327.7786458 1131.365470566749 93.7587574954548 25.7802 18.146192700305008 0.08997435900339296 19.10274538071199 r
2458329.6693634 36.900207620028056 127.05067231118 23.7051 19.787527975660694 3.7381609433920917 16.697732570312972 r
2458337.6920718 1756.0546894021027 28.4158755305104 26.2122 18.10085490710027 0.017568425544866862 20.830872384731787 r
2458358.6907639 1769.7291384850912 67.7915033788044 26.1993 18.07953299604872 0.041588983092277876 19.873936826281934 r
2458373.6245255 1715.9053996107918 65.8698059892346 26.229 18.142766647802667 0.04167761718025556 19.934859028443253 r
2458451.0467361 1633.876727099661 57.6292069333877 26.1597 18.126651783156433 0.03829421701761138 20.010668381505514 r
2458451.0515162 1796.3391908051258 57.2932306198869 26.1682 18.032229137453463 0.03462779234701854 20.025516709900366 r
2458451.0562963 1828.1450035843168 62.3303431174062 26.1825 18.027473400390885 0.037016786627914106 19.94832619512962 r
2458451.0610764 1622.9994283262774 75.9979653754532 26.1847 18.158904082866314 0.050838582915102584 19.735270075498814 r
2458477.0199306 1679.005486615023 54.1873516797155 26.1589 18.0962697117056 0.03503931832722858 20.07673017395557 r
2458477.037581 1700.1271475216752 45.104744232224 26.2128 18.13659649449233 0.028803857925750388 20.329819427951016 r
2458482.019537 1636.6589240813692 45.9297262804977 26.1294 18.094504542800326 0.030468109811410644 20.226740346071473 r
2458482.0389005 1843.405646036537 44.9889635234701 26.2215 18.057447716685704 0.026496890579917085 20.341310019650276 r
2458482.0393634 1565.4725032943215 43.3692217595661 26.1497 18.163086390338712 0.030077796936883266 20.30932091664247 r
2458509.003912 1977.8191334215248 50.7196979571852 26.2554 18.014933565148986 0.02784196751947383 20.245033342665746 r
2458523.0453125 2013.354987371463 23.3000539513103 26.255 17.995199112872115 0.012564534686435968 21.089182672568164 r
2458527.0072338 1589.6098330181196 33.883811884072 25.9767 17.97347364857125 0.023142568571490236 20.404294334253617 r
2458534.9110995 1754.626696214006 88.0146329343044 26.1174 18.00693816810842 0.054460294707108156 19.508587783946023 r
2458534.9607523 2067.112413460082 106.03960284834 26.2165 17.928089762449794 0.055694695684079684 19.40540475792323 r
2458541.9822685 2198.7432085157907 26.5677739726936 26.2849 17.92946372245607 0.013118690754990133 20.97658706962608 r
2458556.9377315 2050.653388418924 31.5147398292518 26.244 17.96426935007628 0.016685195667805783 20.750290673792136 r
2458558.7826852 1741.8673337457365 58.7293566904543 26.0793 17.976762313355657 0.03660580879125308 19.909736879923155 r
2458558.7878935 1778.386942627452 60.4230024092689 26.0909 17.965834347496777 0.03688806532667274 19.89046923541903 r
2458560.8790972 2084.6725272768526 42.5909505263573 26.2556 17.95800539221285 0.022181419086895818 20.43488165771558 r
2458568.8505324 274.3474313472758 55.9589417918943 24.1297 18.033947754123794 0.22145140125826415 18.012601256163656 r
2458575.9138426 2171.523946635377 21.4769951218341 26.2284 17.88648844265484 0.010737884627016995 21.151041192924303 r
2458580.8743403 1942.4381555223804 23.1709431402951 26.1539 17.933031999069144 0.01295109082155205 20.994115710437107 r
2458580.8747917 1890.1055170465565 24.4453926161365 26.1396 17.94838487555642 0.014041736042763832 20.921682447069472 r
2458580.8932407 2058.229004785523 31.3478737257992 26.2202 17.936465764918395 0.01653576274795852 20.73225476742884 r
2458583.8518519 1886.9072945928738 33.0689763465393 26.1265 17.937123591447477 0.019027425312479 20.580523110428018 r
2458586.8544444 2082.1624726615123 29.2299827797642 26.223 17.9267134629675 0.01524136215144869 20.811003590405054 r
2458589.7431944 1634.000098487571 71.4573171239329 25.9491 17.915969804067444 0.047479317334964084 19.566558222863073 r
2458589.7483333 1595.2390445403282 70.8111738516657 25.9721 17.96503557313757 0.048193210737834294 19.599420504567462 r
2458589.8318634 492.0886192366667 105.076056064764 24.9095 18.17939169745275 0.23183034439300407 18.108315580241793 r
2458593.846412 1832.5286086780613 60.6312939939009 26.1499 17.992273091520588 0.03592161976486926 19.94573289652842 r
2458593.8473148 1985.0867331066358 84.7134618797287 26.1575 17.913051282848258 0.0463321849010014 19.59019391446872 r
2458596.7947801 2076.702719288661 40.9629060290409 26.2032 17.909764171051457 0.0214154036890573 20.424798091188265 r
2458602.7876968 468.818386703636 33.0349401121926 24.5543 17.87678840988458 0.07650304573587524 19.00944117958789 r
2458606.7580556 1749.2173525916487 22.5381728553277 26.1034 17.99629055754071 0.013988938671786485 20.973678225746845 r
2458606.8397917 1980.4072900258805 22.3654433587907 26.1871 17.945213709168662 0.012261195955465171 21.065731209708318 r
2458608.7671296 1788.5168844085888 19.9433090233051 26.1052 17.973967388898142 0.012106371930484847 21.108281942318502 r
2458612.9567708 1877.398814260747 20.3213593330877 26.1213 17.937408651911237 0.011751844978458083 21.10399310081015 r
2458616.7958218 1984.8507588881612 29.8900434837839 26.1689 17.924580355788677 0.016349652519226363 20.732658622040702 r
2458617.7677662 1801.0357185419632 34.5147104354961 26.1119 17.973094185175135 0.020806151001910307 20.51946440369991 r
2458618.7241898 1848.4027142370207 39.9173246127 26.1278 17.96080850606217 0.02344631881256323 20.377471424710663 r
2458619.8178819 1643.5768750579648 106.686240307763 26.0139 17.974424944604408 0.07047388708121931 19.19620396271105 r
2458628.8111343 2112.779552835689 26.1116033026739 26.1671 17.854964537044484 0.013418043386336098 20.877591141264176 r
2458632.7834838 2154.059009645438 27.6590762924919 26.1885 17.855356008848158 0.013940871162903453 20.836480808563692 r
2458632.7908681 1992.1227145829453 21.6513156336156 26.1149 17.866609781466632 0.011799892251285162 21.028764261101678 r
2458632.7913194 1959.7754803859436 20.6268686058017 26.1112 17.88068420070917 0.011427120845959704 21.077691733871223 r
2458634.8018403 1903.297475092915 19.8384407445101 26.1099 17.911133321328112 0.011316462822115153 21.118706152611864 r
2458634.8022917 1966.4318823223093 20.3859379301292 26.1135 17.879302732649847 0.011255418003395426 21.092748245248888 r
2458635.7683681 2197.8042105840177 19.9999343443667 26.19 17.835027497308943 0.009879828518441564 21.190003564240758 r
2458638.7321991 2258.224052308527 22.6016889287269 26.1886 17.80418242811134 0.010866350327299691 21.05582275578035 r
2458641.7760185 2312.6437924929487 22.1287644683052 26.2063 17.796028136910408 0.010388629524887028 21.09648207336313 r
2458642.727581 2046.7659300612706 21.422500557158 26.1393 17.861629551984723 0.011363492284733405 21.064699582164977 r
2458642.7280324 2068.1204824298793 19.2460622502689 26.1553 17.86636041040282 0.010103594042338595 21.19702027375843 r
2458644.7556944 2210.946792890311 29.8002305002852 26.2066 17.845154271812127 0.014633599667888884 20.77362593093116 r
2458647.7320255 2343.309545400408 58.7728672000672 26.209 17.78442584596415 0.027230590189999685 20.038632794074065 r
2458650.7555671 2333.1698196888865 50.0531563753205 26.2212 17.801334124865463 0.023291365856914662 20.225196315432694 r
2458654.6891898 2177.0805101297756 24.8349618041099 26.177 17.832313775285904 0.01238508080214031 20.941916248180554 r
2458660.7120139 2279.755814107447 22.3857392140634 26.2186 17.823879170070086 0.010660877324804207 21.096246388967497 r
2458663.6924537 1445.7129041264488 40.4573272244077 25.7155 17.815294856353717 0.03038260227336091 19.950582018853567 r
2458666.672419 2440.8406677510666 31.377948751145 26.2211 17.752251423410083 0.013957092492443066 20.732113615791775 r
2458669.6856481 2333.0312576795877 31.3235085506142 26.1962 17.77639860635164 0.014576715644704148 20.70909898541816 r
2458672.6947569 2368.796782798938 28.2954939027459 26.1787 17.74238048864755 0.012968785652398769 20.801981791602714 r
2458678.6949421 2473.845353393033 37.9720987422255 26.2168 17.733368631883707 0.01666486854074762 20.520713485316374 r
2458681.7433681 2419.7851335505206 61.7554245344307 26.1957 17.736257989445853 0.027708189246808426 19.97158721016472 r
2458684.6854861 2511.541004836179 28.2167465450877 26.2128 17.71294931727421 0.012197659391191168 20.839107646245864 r
2458698.6779861 2178.5555833874823 35.667941251967 26.0115 17.666078387633032 0.017775393986985976 20.38337988253075 r
2458705.6638426 2405.606838135532 44.7125333394346 26.1554 17.702338375969894 0.02017968883238149 20.2819017966992 r
2458712.7388079 2461.26373504816 57.2340852481252 26.1125 17.634604618181818 0.02524680531754296 19.97093812406585 r
2458718.6443056 2721.9254732472223 45.8459500617931 26.1671 17.579909425054876 0.018286668195477043 20.266422546642147 r
2458726.6390046 2507.7321971165816 46.0859855658171 26.1352 17.636997110118113 0.019952511111967643 20.228852790477262 r
2458746.6181366 2346.824296713098 65.6833979156953 26.082 17.65579856043511 0.03038679342844234 19.790935960418278 r
2458746.6224653 2317.092767772631 51.3737904619326 26.0703 17.657941445817208 0.024071770056119483 20.046020964085503 r
2458746.626794 2308.5735251354977 46.3001343744203 26.0581 17.64974072291191 0.021774509385555627 20.14671936053599 r
2458746.6311111 2242.748268689452 45.885775199182 26.04 17.66304867477457 0.022213008401011106 20.138379806360824 r
2458748.6164931 2379.457599649391 61.2102879872536 26.0471 17.605905074087165 0.02792905815071192 19.832613932137974 r
2458748.6215741 2330.925586829441 55.3554988030549 26.0136 17.594778977014947 0.025783519383913444 19.90827306789331 r
2458748.6266319 1674.7055231361437 60.0628538750123 25.7639 17.704053868463802 0.03893833247171996 19.569960079728823 r
2458748.631169 1680.7810482678967 68.9910684622475 25.6733 17.60952214370998 0.04456475940554713 19.328892811904897 r
2458750.6132523 2323.384157841551 129.419087835057 26.0645 17.649197440590676 0.06047656957128304 19.037079152847458 r
2458750.6181713 2168.834941417935 74.6980922147772 26.0376 17.697033746473345 0.037393218436697837 19.606901213911126 r
2458750.6230903 2122.6609146467326 72.0161234165105 26.0195 17.702298442116184 0.03683485414641368 19.62850063950883 r
2458750.6279977 2008.8789663912166 70.2383258267919 25.9998 17.742415571036133 0.037960350835440644 19.635939610789098 r
2458754.6167014 2300.34629667978 57.3040831796571 26.0403 17.635816949720944 0.027045946602888532 19.897411067783615 r
2458754.6215278 2107.88498652297 53.3432910333824 26.0314 17.72178272354568 0.027475318361878834 19.966275473826165 r
2458758.6019792 2174.1549138522664 126.396267361729 26.0642 17.720973786509447 0.06311805410014765 19.062439366955033 r
2458758.6068403 2236.943715561171 81.0503850962679 26.0236 17.64946235796218 0.03933778149484769 19.50428728250686 r
2458758.6117014 2355.1196618789627 65.7395200243732 26.0098 17.5797675544869 0.03030563501538552 19.71780866691516 r
2458758.6165394 2133.6373729391644 54.4901585925208 26.0195 17.696698475298753 0.027727282027500667 19.931279809381493 r
2458760.6001273 2233.991593674348 133.819868759705 26.1054 17.7326961635789 0.06503526330349772 19.04167349010795 r
2458760.6049653 2283.007828807787 96.7117292523246 26.0703 17.674031498100746 0.045991924830183786 19.359177117275863 r
2458760.6098032 2195.5392275167806 83.6430459900649 26.0367 17.68284699746721 0.04136170918436455 19.48320038932343 r
2458760.6146412 2294.8750094138927 80.381660878456 26.0165 17.61460240843234 0.03802837577547563 19.506182550366624 r
2458762.5981597 2316.077266206029 154.50563886954 26.046 17.63411739072163 0.07242710533377236 18.82621415378312 r
2458762.6031366 2376.8448297025475 75.1131467239451 26.0447 17.604697924732584 0.03431033544095216 19.607985098381334 r
2458762.6081019 2331.3012225691455 73.0285263663409 26.0231 17.604104021424 0.03400979260353161 19.61694364627273 r
2458762.6130787 2274.34968515206 68.8499186071986 25.9976 17.605456902488683 0.0328666946511516 19.65541641120938 r
2458764.5960301 2337.4652987436043 137.951045267227 26.0135 17.5916370695087 0.06407515436790959 18.91676250037187 r
2458764.6009028 2405.4203857430607 82.3115531417053 26.0065 17.553522531849147 0.0371517817740384 19.47042299792295 r
2458764.6057755 2153.1615448332213 67.7434667937386 25.9575 17.624808463065857 0.034158645492463016 19.63290644406657 r
2458764.6106366 2024.5203706185275 67.0052704109367 25.9463 17.68049462256281 0.03593326258452429 19.633602578662895 r
2458820.0657755 115.02459641738727 84.498244826424 23.4779 18.325923204634318 0.7975663229032729 16.913355769156006 r
2458837.0176505 2570.9497293421264 50.7391697991728 26.2245 17.699266037956015 0.021426913183968836 20.213716596755873 r
2458851.0072685 2728.0754820080583 50.9728350667442 26.2629 17.67325904383099 0.020285804918868704 20.247128015762954 r
2458857.0652894 3052.3104590393423 33.0369998428978 26.3018 17.59022823790822 0.011751186915869303 20.756873485973898 r
2458865.0207639 3085.703733034936 40.3359983472977 26.3037 17.580314435219393 0.014192157509103713 20.54204296281531 r
2458873.0609838 2354.9801138354037 33.8893677047008 25.9909 17.560931889584012 0.015623778010197365 20.41831632414242 r
2458876.0555208 3050.879593534601 42.9924806585273 26.3025 17.59143732987413 0.015299501281492874 20.471593727773097 r
2458879.0614005 3189.104488946615 45.2804831744186 26.3077 17.54852812786507 0.015415305692509474 20.42049735808308 r
2458882.0439005 3369.789936459539 32.1463862812317 26.3178 17.498792927554522 0.010357123809979161 20.802544591602626 r
2458885.0411458 2922.401686403321 46.4696417516095 26.2347 17.570350225454415 0.017263913542226016 20.319351678196206 r
2458888.0356481 3369.877513249733 50.2573193195688 26.3116 17.492564710942197 0.016191796696087283 20.31117668917153 r
2458890.9997338 3115.5103024213504 110.710568677632 26.278 17.544177020686547 0.03858066664709398 19.420102285217713 r
2458894.0229745 3255.4612522576676 49.5529242924734 26.3093 17.527768673562505 0.016525956150462016 20.324201767101158 r
2458898.9993866 3353.626681010937 29.0684739731756 26.3121 17.49831320957276 0.009410600879154274 20.906119406846464 r
2458903.9590741 3319.914679339531 31.8007304786458 26.3002 17.497382693426786 0.010399680839850503 20.796682249010082 r
2458907.0210995 2634.756790491972 49.9218924533774 26.0865 17.53464866879665 0.020571234063130123 20.09334738829531 r
2458911.9986458 3123.8736801785954 46.9897269220491 26.277 17.540266339924234 0.016331245031761987 20.349567686274412 r
2458915.0062384 3445.8903850422575 29.545949478694 26.288 17.444746354312578 0.00930907073778689 20.864330111956644 r
2458936.9569676 3284.0658407801766 32.4059129293822 26.2618 17.470770361219436 0.010713274755500032 20.737814337230752 r
2458936.9601968 2832.179849564229 34.0665365307444 26.1718 17.541497928662185 0.013059212576884915 20.593555034022614 r
2458939.9029514 936.1546832179664 40.0341940195838 24.8956 17.467230964378835 0.046429425848358526 19.142097265199276 r
2458939.9164815 372.9476329169049 53.444005170117 24.064 17.634880362380738 0.15558258396594832 17.99682749581955 r
2458939.9169329 525.8836727685032 53.5504047665752 24.3955 17.593275781545067 0.11055615046764172 18.326168094553722 r
2458940.9601042 456.1105042601919 45.9345757168755 24.2652 17.617524814520948 0.10934010155434247 18.36242571593684 r
2458943.9643866 3109.9165946756634 45.8981107284371 26.2502 17.518328145566223 0.016023445420748062 20.34828796579072 r
2458954.9416551 3002.876940287575 43.5799238585522 26.2582 17.564356162716933 0.015756464308756844 20.41255882134624 r
2458955.9210185 3101.3062415861596 36.1958604328402 26.2739 17.545038367005667 0.012671385090895045 20.629827726775517 r
2458961.9022685 2837.494856371495 50.1364994416519 26.2454 17.613062292648152 0.01918354048169414 20.247589969165393 r
2458964.7857176 2998.003737759492 29.7510315652719 26.2579 17.565819575077494 0.010774067611588466 20.826719917331445 r
2458967.8529282 3166.44130470447 28.3337715258145 26.2812 17.529771394845028 0.009714999516925478 20.903014020222933 r
2458970.8598727 3352.5696857098305 31.5579763083095 26.3177 17.504255465603872 0.010219771127793074 20.822502124672738 r
2458973.8332407 3231.2955963269633 56.3577831756611 26.3199 17.546458278136306 0.018935947940933565 20.195090234485765 r
2458976.8143056 2971.302989245751 128.30770834213 26.2566 17.574232650322365 0.046883027227866796 19.238543118489776 r
2458979.7984954 3193.732725706879 43.1516672386766 26.2828 17.52205357882786 0.014669281729159657 20.44788103894097 r
2458985.7895023 3253.531661333829 28.1590055565955 26.2993 17.518412406568693 0.00939662972889658 20.927831705395015 r
2458991.7311458 3280.0752153229914 30.6800055891445 26.3092 17.519490493445495 0.010155036052993132 20.84463640317307 r
2458995.7555208 3264.269256301718 29.4754240298239 26.3057 17.521235063135585 0.009803562560717233 20.884624835362317 r
2458998.7649421 3277.971273452123 26.8588425896366 26.3304 17.54138714173678 0.008895942937553131 21.010256754233303 r
2458998.7658796 2798.0272044752433 32.3534471216582 26.2382 17.621070168234453 0.012553894216540346 20.715973589928 r
2458998.7663542 2966.5751993654612 27.3737897404301 26.2574 17.57676159576826 0.010018193210656482 20.916637671427363 r
2458998.7751736 3254.5599330606706 30.4633424218158 26.3074 17.52616931617568 0.010162372654868194 20.85053110872213 r
2459001.7323611 3143.8562236324806 47.2210990102972 26.2712 17.52754330886435 0.016307344722095326 20.338434762896505 r
2459004.7512153 3318.4243385405957 77.8404093405825 26.3439 17.541570200011087 0.025467307311950804 19.86846221141618 r
2459009.7110301 3241.7587051852247 41.9540870020779 26.3507 17.573748285645436 0.01405087682352762 20.546339302947068 r
2459012.754919 3332.1461720997545 28.6262598541955 26.3639 17.557089888853458 0.00932718095740538 20.974563466014125 r
2459016.737963 2885.267997527397 35.6812673839566 26.2447 17.594234603201542 0.013426535085115205 20.61617430931094 r
2459019.7137037 3144.2385243005565 29.1678703359223 26.3148 17.57101128869176 0.010071614026405763 20.905113187449366 r
2459022.7204861 3320.620707435941 28.0494465693826 26.3512 17.54815182039499 0.009170961342312888 20.983964247125524 r
2459025.689456 2940.6031451857234 29.0939369989188 26.2573 17.586208956486047 0.010741771616288993 20.8503687540026 r
2459028.715 3127.290015290872 38.8545356114523 26.2959 17.557979604375788 0.013489113292049494 20.574870682536964 r
2459031.7120255 2984.906996012742 62.5621514491744 26.307 17.619672990270956 0.022755726700731917 20.068795801017426 r
2459034.8139583 2983.16061930446 85.431143122195 26.2812 17.59450840682307 0.031092054342482196 19.704734445325002 r
2459037.690787 3117.9760538906985 45.7044633969265 26.3417 17.6070180613085 0.015914598140715098 20.44437845320845 r
2459040.6989931 3244.4615761644927 29.0568613372543 26.341 17.563143411952733 0.009723349657033378 20.93545323692599 r
2459046.691412 3242.871411353287 31.1461575542724 26.3401 17.56277567984925 0.010427605343303455 20.859163798743232 r
2459048.6866088 3218.1340827294207 33.1582289031806 26.3537 17.584689662730142 0.011186572154771849 20.804796675878524 r
2459049.668831 3147.5889649708315 42.2926758537285 26.3455 17.60055496484542 0.014588041413729682 20.532412079689212 r
2459049.6697685 3242.9926024944443 38.9204866308972 26.3398 17.562435104959185 0.013029931768164584 20.616929334899886 r
2459050.7578472 3047.9208755237196 40.6830108995566 26.2933 17.583290778837544 0.01449169671311071 20.522342271559594 r
2459050.7587847 3071.353763018439 42.2025036285315 26.2875 17.56917539500566 0.014918261367738633 20.47672944944514 r
2459051.6930093 3144.8411029424833 32.3704440225862 26.3126 17.56860323235012 0.011175315357726232 20.789803347601584 r
2459052.7431944 3055.454559095305 31.2347932836225 26.3043 17.591610426874716 0.01109871359961246 20.82027839899024 r
2459052.7441204 3035.370598719806 33.3028066382158 26.3084 17.602870692152855 0.011911842719422916 20.754772899678997 r
2459053.6871412 3264.644911121135 28.6216936134857 26.3507 17.5661101228996 0.009518515367568686 20.96153666811371 r
2459055.6934606 3004.822233123182 40.3085542240795 26.3066 17.612053039982815 0.014564255029355364 20.5456819359607 r
2459059.6740625 3180.8735894870642 45.0201931600557 26.3437 17.587333974417287 0.015366352147855844 20.462756604115405 r
2459060.6933333 2984.395186102548 44.2972517247608 26.3112 17.624059173021926 0.016114999253962824 20.447833032394357 r
2459062.7278241 2714.9786681098535 59.4844923679021 26.2623 17.677883945904753 0.023787410973948094 20.07886558983287 r
2459062.72875 2848.012839856472 60.7123160106881 26.2913 17.654945142691318 0.023144334383031057 20.085682988287218 r
2459063.6703819 3225.7515881591144 45.7521792455831 26.3341 17.562522700586523 0.015398935612173799 20.43564552666247 r
2459063.6713194 3107.7072822587475 43.9319977197422 26.3287 17.59759973633051 0.01534796092174323 20.474322608191397 r
2459064.7800579 2435.144412900138 96.989560839357 26.1321 17.665788196117298 0.04324243180217837 19.41786250694377 r
2459065.6696065 2911.0222884156824 51.7187829559292 26.3207 17.66058617336717 0.019289128385826425 20.289154247833913 r
2459065.6839468 2889.128094157233 67.7948380595162 26.309 17.65708300645528 0.025476494389456098 19.983583419964713 r
2459066.7122569 2804.6068880153216 52.6454337914383 26.2836 17.66392000921939 0.020379735823800888 20.23277321774367 r
2459067.6803356 2903.2131249761305 29.7143753228 26.3322 17.675002703562715 0.011112135382148081 20.902358477570274 r
2459068.7650579 2560.1321873918296 70.1235830748856 26.2206 17.699944025418873 0.02973798560845604 19.858514741787303 r
2459069.6920833 2908.8216975516325 34.3255578061256 26.3115 17.652207247365922 0.012811805598630736 20.725030980531162 r
2459070.6874421 2950.700789666791 32.5582447592364 26.3375 17.662687067731678 0.011979691895190332 20.808422529938106 r
2459073.6708333 2820.0008295570306 37.9254686291508 26.3054 17.679776909811537 0.014601301126970575 20.610647599442046 r
2459074.6755556 430.69931085463963 60.8847938390303 24.1418 17.556364557836748 0.15347742382003657 17.933102889614293 r
2459075.7262847 2182.930472405836 47.8677014652218 26.0378 17.690200241500573 0.023807429571274682 20.090268554617253 r
2459076.6956829 2500.6971886033293 32.4060402733536 26.196 17.70084723536846 0.014069371567706797 20.672010070673323 r
2459077.664213 1923.0414549698025 39.0573347890437 25.8684 17.65842838395583 0.02205077184939345 20.14171847817969 r
2459078.6710185 2648.154624051617 32.4079764885944 26.2363 17.678941650788683 0.013286739284065733 20.71224520140298 r
2459079.7031019 2331.1734852817544 40.7820679154832 26.0771 17.658163513005768 0.018993477497659776 20.30350188028775 r
2459080.6730556 1627.9803713543101 39.0141251592343 25.71 17.68087708931714 0.026018517440811365 19.984520306973454 r
2459081.6853009 1979.7082396313672 39.0323591543398 25.9372 17.695697023405064 0.021405897841672693 20.211212986004988 r
2459114.6108333 2177.3777104969477 115.342588096956 26.1156 17.77076556800828 0.05751296492710225 19.21320075907428 r
2459114.6155208 2011.5084589125604 83.1918270329656 26.0841 17.825295341921056 0.04490230513796562 19.536473333554312 r
2459114.6202083 2024.289213156998 66.1367789302274 26.0676 17.80191859778074 0.03547156227373471 19.769067390206395 r
2459114.6248958 2019.8023603664763 56.7903931943395 26.042 17.778727811533898 0.030526417386653213 19.908887800214963 r
2459114.6295833 2070.42859069939 62.0751272865015 26.0202 17.730049359414537 0.03255121475703187 19.790480942263663 r
2459116.6092708 1900.4989893994175 101.845377058038 25.9747 17.77753089249812 0.058181312638768905 19.207421688189413 r
2459116.6139583 1565.9412948059578 77.6384515873302 25.8784 17.89146130783395 0.05382836966363377 19.40578282595569 r
2459116.6186458 1724.3633215603231 63.642041052394 25.8552 17.76362805868445 0.040070536821707144 19.59841474071567 r
2459116.6233218 1769.4459710277242 66.1352337349018 25.8276 17.708006734364353 0.040579381592690554 19.52909275724323 r
2459116.6280208 1574.3034779901652 68.1271494138403 25.8111 17.81837886273736 0.046983092620131076 19.480374445394283 r
2459118.6109491 2249.0444497665208 114.342861248386 26.2284 17.84840490287651 0.05519768382979723 19.335452350301342 r
2459118.6156597 2172.274541982639 75.666674572735 26.1947 17.852413218733247 0.037818105859049815 19.750013369532635 r
2459118.6203588 2191.351165026321 73.0047200360428 26.1815 17.82972005243245 0.03617002414224178 19.775697639566353 r
2459118.6250579 2277.6666730257984 69.1274564948183 26.1803 17.786574581961116 0.03295112511644242 19.83374854526093 r
2459118.6297685 2278.6117231952917 64.707805417362 26.1749 17.780724181388624 0.030831608398430403 19.900083312015646 r
2459120.6070602 2130.779322326667 99.6527606127723 26.1683 17.846953815952062 0.050776258744217324 19.424651653739105 r
2459120.6117824 2137.3109932622233 84.199357730708 26.1695 17.84483070110486 0.042771147005004014 19.608803042331054 r
2459120.6165162 2140.011930362426 74.9818034845195 26.1599 17.833859513734353 0.03804078981436139 19.72508528418367 r
2459120.6212384 2176.474850879927 80.7903939101081 26.1339 17.78951586685246 0.04030100813374546 19.618075675089933 r
2459120.6259722 2109.533325283347 76.3782428076226 26.1186 17.808134023687774 0.03930910084347577 19.663750832717255 r
2459122.6026273 1930.5258125819323 125.207840112398 26.0647 17.850510967893207 0.07041509164191052 19.073196179534882 r
2459122.6073611 1867.9513527044578 100.919982929073 26.084 17.905586095863207 0.05865721572858876 19.32663206820173 r
2459122.6120949 1757.7454917984583 105.649237111897 26.0394 17.927010018134578 0.06525596411288556 19.232309075710177 r
2459122.6168287 2065.673966305248 92.91489401417 26.0451 17.757445559664646 0.04883524799976954 19.377461649555105 r
2459122.6215625 1724.2779248876907 95.1252479118213 25.9859 17.894381829577178 0.0598960760137269 19.292735485105084 r
2459124.6021296 2083.674122351671 126.367270161006 26.1187 17.821625504615263 0.06584376306356454 19.11718847971163 r
2459124.6068171 1916.3733264382638 103.913448140883 26.0615 17.855299706543306 0.05887100863391774 19.272395598721417 r
2459124.6115046 1837.2790486870063 93.0608156939379 26.0632 17.90276219347435 0.05499226025089269 19.39385785196192 r
2459124.6162037 1670.8441087973629 91.3663349225872 26.0189 17.96156017066949 0.059369051429251744 19.3695094793272 r
2459124.6208912 1753.3059440965324 101.069492436962 26.0006 17.890955737090636 0.06258528256764305 19.24162477737609 r
2459184.0485995 1694.368454176914 114.16258235163 25.8504 17.77788035718559 0.07315192593064124 18.959165529319655 r
2459184.053287 1747.3463636766699 120.857319280984 25.8378 17.731852498670584 0.07509375031248493 18.88469259667217 r
2459184.057963 2266.5719720990382 106.893278932931 26.2092 17.820776214798922 0.05120244773432334 19.389398991201254 r
2459184.0626389 2687.5496099380453 101.480903361726 26.2784 17.705008775715513 0.04099564018182563 19.515014177746636 r
2459185.0475 2454.4961069608808 80.195245718687 26.2594 17.784494130978672 0.035472852464445224 19.751603433142243 r
2459185.0521759 2533.51013215985 81.6673594119461 26.2619 17.75259338628574 0.034997393927120694 19.734353705226056 r
2459185.0568634 2450.3064529407475 77.4860260679439 26.2592 17.786148990621186 0.034333084500921006 19.78871651833861 r
2459185.0615394 2589.3329574371837 103.42789660838 26.2721 17.73913025216672 0.04336702509624714 19.488080757616714 r
2459185.0662269 2489.452183139567 127.141909501423 26.2984 17.808140527857795 0.0554491353883362 19.290253164995832 r
2459186.0483218 2396.388303587916 66.8329135008255 26.2547 17.80580702200691 0.030279105468511657 19.944799003949434 r
2459186.0530208 2391.7995487662374 82.9152235905261 26.2606 17.81378805095713 0.03763737571514711 19.716589298659684 r
2459186.0577199 2235.5431439101812 85.120719301158 26.2645 17.891042360585477 0.041339199915249 19.691986776876394 r
2459186.0624074 2370.402027869525 94.8846834465894 26.2728 17.835744974976603 0.0434594214849501 19.582384706550176 r
2459186.0671181 2507.0157363636854 135.899577140171 26.3007 17.802807349992307 0.058853308641409974 19.22022972565793 r
2459188.0503125 2352.678966675485 91.2607090835618 26.2818 17.852893325401798 0.04211443773479777 19.63366539200979 r
2459188.055 2473.9732676486956 125.022464214834 26.3068 17.823312493553203 0.05486594829985848 19.31690485247988 r
2459188.0596991 2268.9280058068593 111.28425211024 26.2988 17.90924821068085 0.053250394991321906 19.435290710522473 r
2459188.0643866 2358.9581606954966 151.294611355431 26.3022 17.87039940461116 0.06963267186568589 19.105216338967768 r
2459190.0498727 2460.5194773232674 46.4724486672092 26.2565 17.778932981918647 0.020505888282127238 20.34108609822318 r
2459190.0545602 2419.4099206800784 43.8542095618875 26.2937 17.83442635719883 0.01967939162122545 20.441246770175486 r
2459190.0592361 2449.368357049911 46.9522693834442 26.287 17.814364742573776 0.020811928398961767 20.360433518587094 r
2459190.0639005 2618.002726134105 52.5483435196594 26.3023 17.757374763882197 0.021792084473319137 20.253477413349678 r
2459190.0685764 2562.3622052212418 75.697524680363 26.3058 17.78419870032448 0.03207384279162596 19.86067079355494 r
2459201.0493403 1765.732957124169 35.5583015246357 25.8958 17.778487442180378 0.021863808912630598 20.271022468376202 r
2459204.015544 2413.8743609594903 57.6115965852695 26.2726 17.815813345292185 0.025912247722687833 20.12390021176173 r
2459207.0148495 87.29614605046676 58.3723471992103 22.4419 17.589412322751013 0.7259754321518959 16.278957096677352 r
2459216.0513426 2585.773361076694 74.9046478657909 26.3121 17.780623857520716 0.031450542964069586 19.878403072420014 r
2459217.9881481 2529.588334497577 52.4065463022163 26.2842 17.776575375521887 0.022492903902332863 20.23831113976573 r
2459220.0181944 2521.259283400962 60.1285543888032 26.3169 17.81285622420636 0.025892446655412772 20.121773082511144 r
2459222.0283912 1772.410701561113 61.3943394694715 25.8285 17.707089091062095 0.03760744296076285 19.61075416108303 r
2459224.019375 2678.3043366111906 46.7699549747281 26.3247 17.755050188734558 0.0189590628002757 20.402357609622634 r
2459225.0051042 2569.8365473926333 45.3979275257998 26.308 17.783236246946966 0.0191796361386366 20.417984921150083 r
2459227.0050694 2729.0215521872706 38.3749515133195 26.3176 17.727582586293337 0.015266894768426494 20.61005538977167 r
2459228.9854861 2698.8269171120905 31.0026959294922 26.3193 17.741362417502252 0.012471947258725113 20.84337633712312 r
2459231.0541782 2704.965234401374 37.1694590809926 26.3422 17.76179578074165 0.014918817148185812 20.669309386787155 r
2459231.0565162 2749.292412168722 31.320952072612 26.3537 17.75564766636291 0.012368694401047937 20.866687601736267 r
2459233.0210764 2865.603444308504 27.5244376282273 26.3432 17.70015977373754 0.010428268430622818 20.996478853288693 r
2459250.001331 2831.2943024467986 42.8702508640204 26.3574 17.727437462506053 0.01643920638092745 20.52958492695784 r
2459253.9985417 2763.933128901825 27.0591643505655 26.3347 17.730881171425004 0.010629104745049162 21.006489038027564 r
2459255.9283565 2755.3701215244573 26.5976920436623 26.3207 17.72025013818365 0.01048030318185616 21.011165105870656 r
2459258.984456 2331.0017647585405 37.5290461217107 26.1765 17.757643494207347 0.017479731671744124 20.493156174006685 r
2459262.999213 2834.8011082276967 36.0385546751251 26.3394 17.708093515322126 0.01380239999808853 20.70005657592877 r
2459266.8865509 2674.7732841487104 56.0843278602295 26.3112 17.742982558046968 0.022764828375811536 20.19167119050747 r
2459269.8932986 2840.5555221546597 44.4957407664399 26.3063 17.672791793708637 0.017006893677431006 20.43807888587398 r
2459271.9567014 2919.8636309819676 53.5012131301555 26.356 17.69259357830962 0.019893486284451947 20.28766591495926 r
2459275.89875 2946.757317573296 58.9139449994713 26.3435 17.670139073319383 0.02170618859736997 20.17052972674632 r
2459275.8996875 2905.8685299125355 68.6925326489507 26.3535 17.695310095901185 0.025665126253736806 20.013801167093995 r
2459278.9564236 2790.012702838457 42.493046715122 26.3519 17.737884548482594 0.01653565977376096 20.533680312287593 r
2459278.9578356 2896.7487461410337 40.3165043916142 26.3592 17.704422930869292 0.015110605942709689 20.59806781432402 r
2459290.8725 2991.120097558156 30.0281238221112 26.3534 17.663815372754634 0.010899439999176518 20.9121544940903 r
2459290.8734375 3053.2047821768065 29.0127327633633 26.3513 17.63941016515672 0.010316741328672356 20.947403394820242 r
2459292.890706 2758.178375708646 31.2809711230299 26.3088 17.70724412687165 0.012313108770402833 20.82317442080341 r
2459292.8916435 2883.8094554686822 28.3270713069636 26.3092 17.659283596334657 0.010664609362331141 20.931270799679663 r
2459295.9031944 2716.9959624430776 31.8585233294522 26.2859 17.700677517398404 0.012730530062210539 20.780410884157945 r
2459295.9041319 2755.4521277835556 37.5720772084108 26.2874 17.686917824615733 0.014804105581752236 20.602811973872214 r
2459296.8778009 2534.7101134686436 59.4756898778338 26.2623 17.752479255836313 0.025475400976721192 20.079026268506965 r
2459297.9030787 2845.4013342059525 44.5666086449393 26.3107 17.67534117296274 0.017004970941757628 20.44075102133439 r
2459297.9040162 2795.503794600091 43.577872529578 26.3132 17.697049784740454 0.016924497221843728 20.46760992869929 r
2459298.8903588 2198.1703703181847 61.194345001866 25.9473 17.59214662598054 0.030224545497312356 19.733096762552513 r
2459300.9201157 2792.6414765869986 81.4740467857786 26.3142 17.699162040208883 0.031674804423311075 19.78922676892817 r
2459300.9220833 2761.947468336143 91.8263647968219 26.3111 17.708061464672884 0.03609622753613359 19.6562565094175 r
2459301.8851157 2771.4006279304967 91.4704146466947 26.3362 17.72945172242366 0.03583366048959668 19.685573369659785 r
2459302.9203472 3009.25071594539 81.8850009723115 26.3492 17.65305406868933 0.029543083626951596 19.818764092863695 r
2459303.9225116 2728.3806803205184 76.1136192870199 26.3373 17.74753758592939 0.0302877663135372 19.886219055118147 r
2459304.880787 2688.7462925910686 105.018276393643 26.3238 17.749925438590097 0.04240576472192993 19.523212773718477 r
2459304.8817245 2518.2549139607413 125.032751138091 26.3293 17.826550774804858 0.053905606282375625 19.339315521129553 r
2459305.851713 2639.1480874581725 54.8647794003293 26.3238 17.770140600083153 0.022570423872010775 20.228140895827398 r
2459306.9417245 2765.128543893593 35.4537198082755 26.3246 17.72031168657086 0.013920547629096393 20.703020468820913 r
2459307.8591667 2836.9836514585463 30.8460954481427 26.3209 17.68875791720917 0.011804652385229961 20.85047449389688 r
2459307.8601042 2785.813476617036 31.1115338096563 26.3151 17.70271991251863 0.012124929590821726 20.835371432888543 r
2459308.9200347 2835.907064795034 28.8066890121751 26.3494 17.71767001368366 0.011028366425956539 20.95324162880916 r
2459309.8817477 2695.5446872524035 29.3487068326738 26.3248 17.748183659897897 0.011820947046035856 20.908402564025977 r
2459309.8826852 2711.5698273165854 30.5997214308712 26.3219 17.738848018244827 0.012251986735806845 20.860181307072516 r
2459311.9650231 2839.3538931300864 27.960642947816 26.3349 17.701851185597043 0.010691471084986384 20.971107104963128 r
2459311.9669097 2836.627760557466 27.4017401168718 26.3328 17.700794128031056 0.010487829830390262 20.990929631455778 r
2459313.9334259 2150.1378962729923 34.3743543572433 26.0842 17.753034215710997 0.01735713629825754 20.496188614916505 r
2459313.934375 2122.9615094853802 30.8203138796728 26.0664 17.74904469942914 0.015761762344561808 20.596882345812993 r
2459314.9464931 2761.2746066397176 27.2196390616272 26.3255 17.722726002400428 0.010702435048708124 20.990869083995975 r
2459315.8490856 267.17508922067367 39.8049724056289 24.1933 18.126310092272078 0.16175257456392864 18.446031671196838 r
2459315.8504861 395.0710833879592 39.4779468996205 24.2963 17.804611891657096 0.10848986106844052 18.557988592777335 r
2459316.9135417 2739.466799779655 23.6012099572686 26.3285 17.734334896277105 0.009353584300663012 21.148739318144102 r
2459317.900463 2701.551988888048 24.6226926059618 26.3182 17.739166676114344 0.009895370317598776 21.092436130875402 r
2459317.9014005 2711.0165860338957 27.079357768296 26.3244 17.74156956348058 0.010844662065328796 20.995379088849546 r
2459321.9017593 2653.211121181691 26.8263969918709 26.2882 17.728770477460124 0.01097742240772092 20.969369121086572 r
2459325.7873843 2557.91815824029 31.6452647365295 26.2441 17.724383387713427 0.013431729163721968 20.745903156092538 r
2459325.7878472 2489.1699290951606 33.1545019255009 26.2254 17.73526363558856 0.014460982482462015 20.676618719249532 r
2459325.8034144 2782.625610399295 31.600131471066 26.3259 17.714763055199214 0.012329456973988417 20.82925276544308 r
2459328.7425347 2682.3496946707533 64.5951144654424 26.2763 17.70501151087376 0.026145329191963947 20.003375808759518 r
2459328.795544 2682.631618465851 57.3723599899085 26.3347 17.763297402416065 0.02321942782314097 20.190518202195083 r
2459329.7256597 2629.3655112886627 86.8941429787119 26.2939 17.744272594736053 0.035879747652790436 19.698998728641016 r
2459329.7905556 2829.64652429239 69.3154358058811 26.3237 17.694369531451812 0.026595466256430854 19.974200093869868 r
2459334.8174306 2875.4383563541537 39.2630738473629 26.3422 17.695439845928284 0.014824841986920908 20.60981424700796 r
2459334.8481829 2471.713166777848 44.4535141112968 26.2497 17.767204822341224 0.019526205920386522 20.382509743564736 r
2459334.8486458 2480.8740646056744 45.8610092999666 26.2574 17.770888202615517 0.020070062607102906 20.356365968245875 r
2459334.8491204 2520.090665049112 37.793992130695 26.261 17.75745958592092 0.01628232580096316 20.57001806839353 r
2459334.8495833 2498.3794247596293 41.173312087892 26.2542 17.76005401341734 0.017892344329614843 20.47023547872002 r
2459334.8893634 2881.2456777531634 44.3783729785946 26.3343 17.68534927191134 0.016722489135474507 20.468946549476936 r
2459335.7968403 2383.8740311299953 38.0396623130759 26.1901 17.74689174337663 0.017324598881481083 20.492083356786384 r
2459335.818287 2009.4910291147069 51.5613560650146 25.9283 17.670584820674986 0.027857882154591528 19.90006416219042 r
2459335.8492824 1899.3858494502065 55.9800927590952 25.966 17.76946700460659 0.031998546649245736 19.848490954766632 r
2459335.8497454 1907.1467839422098 51.8930219472729 25.9514 17.750439700260046 0.02954164535342939 19.91620258363044 r
2459335.8502083 1710.2531988956464 54.8716741431111 25.913 17.830348971471473 0.034833541989948785 19.817204462187917 r
2459335.8506829 1607.4566076510775 64.0417570720032 25.8308 17.81545185442622 0.04325475121513602 19.567216891995614 r
2459335.8778125 1999.1092596081921 63.8906659626419 26.0164 17.764308673098633 0.03469850169631822 19.75538145162843 r
2459336.8330556 2738.077548959542 25.3592220089405 26.3126 17.718985639401836 0.010055415466800397 21.05483517473261 r
2459336.8573148 2715.1558081396206 30.199269903838 26.2968 17.71231310885844 0.012075678027870624 20.849383880158403 r
2459338.7784144 2820.679784923298 28.3269815187914 26.2998 17.673915534819223 0.010903259561520249 20.92187424113758 r
2459338.8804745 2710.3120418086064 33.0682535415941 26.2966 17.71405176337292 0.013246520074548677 20.750646842159732 r
2459338.8944444 2642.2121791248705 33.5564884453523 26.2912 17.73628077478718 0.013788551802522447 20.729333720851045 r
2459339.7882176 2533.840662504486 24.7583270961006 26.2321 17.72265174668864 0.010608447534213819 21.000371748293524 r
2459339.7886921 2514.7909347418713 23.4852871114772 26.2424 17.741145284633436 0.010139203169804658 21.067985304477915 r
2459339.7900926 2514.040226932597 30.5857823145009 26.2235 17.722569443718353 0.013208612775209953 20.762276006066266 r
2459339.7905671 2463.8976601945624 30.8239031177152 26.2181 17.739043337186043 0.013582346440582595 20.74845591170824 r
2459339.7968403 2778.1422640645387 26.5944458971285 26.2998 17.69041379631941 0.010393128632753724 20.99039762390654 r
2459339.8509259 2783.7676309923227 25.3580705294715 26.3117 17.70011754836272 0.009889926467760966 21.053984475587846 r
2459340.7763657 2786.250333423954 25.8373306129609 26.3121 17.699549666351786 0.010067864150605501 21.034055883029747 r
2459340.8333565 2781.5433914797372 26.0443611677268 26.3119 17.70118540192408 0.010165709802124787 21.025190716023797 r
2459341.7351157 2758.600294299779 29.8809730119876 26.2948 17.693078054488417 0.011760229441775544 20.858888150975506 r
2459341.7830787 2798.282203947404 27.7401071621005 26.3168 17.699571223684 0.010762829532849575 20.961604653028843 r
2459342.8127431 2739.2959135883193 24.6392898433163 26.3035 17.709402625921406 0.009765603215844763 21.077004523202277 r
2459342.93375 2716.404037137042 25.0711015096688 26.2677 17.682714081883944 0.010020488313563124 21.02234145092757 r
2459342.9346991 2662.328284784332 25.3150566158472 26.2601 17.696945984587753 0.01032350410161824 21.00422773165583 r
2459343.7957176 2735.522370539772 25.40800805745 26.2787 17.68609932325242 0.010084170630463648 21.018848442981056 r
2459343.809919 2293.550337171967 29.4646637350789 26.1594 17.758129309621232 0.013947714553594566 20.73872126645536 r
2459343.8103935 2305.4967645089996 27.8920130443439 26.1665 17.75958870731223 0.013134851901947213 20.805375340058028 r
2459343.8108565 2417.0634667373715 23.5469535221738 26.1988 17.74057986457671 0.010576854017628442 21.02153817271571 r
2459343.8113194 2398.674007142495 25.3968163365856 26.1828 17.73287192751608 0.01149523587387295 20.923426793487234 r
2459343.8389005 2676.93761008273 25.1115335326265 26.2622 17.69310437639627 0.010184619863266079 21.015091900684993 r
2459344.7332292 2754.5564914194365 27.3883089375799 26.2731 17.672970791335963 0.01079501803871434 20.931761944099172 r
2459344.8813773 2659.1443475823476 29.1866602237418 26.2682 17.70634521754269 0.01191659904951255 20.857813983394486 r
2459345.8178009 2769.228548558525 26.829616996749 26.2944 17.688502999511314 0.010518783358828564 20.97543880667743 r
2459353.8186574 2695.722494945938 33.3710665197367 26.3036 17.726912043246784 0.013440169375151037 20.74774977247541 r
2459356.7894097 2766.2959931452037 52.4541903685329 26.3098 17.705053380783617 0.020586920063592373 20.262924518978128 r
2459356.7903472 2762.3886791108985 50.7159617910599 26.3183 17.71508803622816 0.01993286467358246 20.308013324219395 r
2459358.8201042 2635.396232431982 91.4525683195587 26.2939 17.741785198166667 0.0376755693138859 19.64348522279317 r
2459359.7363773 2690.9418587586747 82.3149076194204 26.303 17.728239214056856 0.033211157986011104 19.766878751355456 r
2459359.7373148 2754.9563336391575 78.7620133017159 26.3054 17.70511320093235 0.031039300622495186 19.817182966728552 r
2459361.8725231 2804.5091849694236 60.9811930294602 26.3487 17.729057833266125 0.023607439628623206 20.13828519765317 r
2459362.7746528 2911.7603422468355 44.1623421324486 26.3547 17.69431093322147 0.016466689980467797 20.49464474423747 r
2459362.7755903 2837.959696071276 44.8995449259785 26.3495 17.716984441416002 0.01717693031145519 20.47147014094663 r
2459363.8753935 2852.3034660098424 45.1563533848736 26.3193 17.681310675835235 0.01718830182489008 20.43507783144678 r
2459364.8193287 2853.108936839792 37.2605492988172 26.3046 17.666304114701347 0.014178841141107611 20.629051856607568 r
2459364.8202662 2763.285130463878 32.4371031210822 26.3102 17.706635749889216 0.012744599705006559 20.785169835446705 r
2459366.8470139 2689.119148717465 28.1156397412384 26.2821 17.708074886888625 0.011351356477313787 20.91230506450205 r
2459366.8489931 2713.985544918083 29.5430850408923 26.285 17.700981174464314 0.011818385506494987 20.861435377641058 r
2459367.8479282 2561.5936225523583 31.0219818444059 26.2523 17.73102441665158 0.013148286048164171 20.77570114081449 r
2459368.7970833 2781.917360885258 26.2391055352721 26.3029 17.692039438056717 0.010240346201577884 21.00810242342573 r
2459370.755706 2877.232608760171 27.7381065412306 26.3315 17.68406256580131 0.010466745782083654 20.976382959317615 r
2459372.8071296 2647.590825027755 26.8949907718531 26.2587 17.70157283146782 0.011028853554323224 20.93709649015052 r
2459375.7492014 2875.586564536187 32.2870534384809 26.3416 17.694783885472084 0.012190227326302976 20.82160395789601 r
2459377.754294 3007.4714204928046 33.4382017976606 26.3352 17.63969622749419 0.012071222171671165 20.777167703183856 r
2459377.7552546 2900.3517332986817 32.2292197661803 26.3241 17.667973327176927 0.012064489799085521 20.8060505095355 r
2459378.7707176 2850.800859742579 29.037622151858 26.3539 17.716482797252077 0.011058698211954016 20.949072364789565 r
2459379.7332523 2987.569687575172 29.279155340036 26.3328 17.64450488910418 0.010640213376404209 20.918978629612496 r
2459379.7341782 2971.614549497179 28.0267401547904 26.3322 17.649718809858303 0.010239764033732002 20.96584352152668 r
2459380.7131134 1921.3326581296349 36.3089479179137 25.8374 17.628393587998698 0.020517334459329812 20.189940826535132 r
2459383.7283681 2473.801932576863 51.7830395381572 26.1366 17.65318768884126 0.022726494504761836 20.103706141974502 r
2459385.7528472 2807.345598971803 56.7172484463378 26.2978 17.67706030036306 0.021934569317273233 20.16608710533553 r
2459385.7537847 2886.768474221485 54.685283706098 26.297 17.645970115462823 0.020566877132646467 20.204898815242444 r
2459387.7362037 2875.807558975046 65.3037864758327 26.2903 17.64340044773219 0.024654056129569685 20.00552908046367 r
2459387.7453935 2884.6428184609317 65.1329509035769 26.2798 17.629569885711526 0.024514246389000956 19.997873102410892 r
2459390.7910532 2868.346767224858 52.9279479656175 26.3015 17.657420865086785 0.0200337956912607 20.244862347724414 r
2459391.7737037 2834.1020767358605 49.4908735140086 26.3099 17.67886127921861 0.01895917645847271 20.32616219121693 r
2459391.7761227 2891.0919802176463 56.0634211479144 26.3113 17.65864522752907 0.021053656112216955 20.192175998895454 r
2459392.6912963 2985.0634222785798 25.9280252652708 26.3112 17.623816092950428 0.009430304502212824 21.029351386115696 r
2459393.7128588 2872.8194848549347 30.2240317214622 26.3124 17.66662915569051 0.011422308785144046 20.864093998186643 r
2459393.7138079 2915.9743920013566 28.5593915124506 26.336 17.6740407357457 0.010633471765088531 20.949202613892624 r
2459394.7767708 2203.8747429557225 34.267817415396 26.0138 17.655832730527248 0.01688143552024132 20.42915887855475 r
2459395.7141319 787.0546743038886 40.666090796866 24.9821 17.742087743677548 0.05609670613697451 19.211593924201388 r
2459395.7150694 1451.0288292335442 37.5118661133562 25.5299 17.62570989714021 0.028067418247494962 19.847053315015202 r
2459396.7145023 2856.0528702402294 26.9817163932202 26.2864 17.64698439328915 0.010256830254565695 20.961301056473083 r
2459397.7272222 2943.3731342714527 28.3352760228091 26.3076 17.635486696192494 0.010451821014388137 20.929356370167817 r
2459397.7281597 2860.916184042539 29.2713598221884 26.295 17.653737163719136 0.011108300039060989 20.881467743243306 r
2459399.6935764 2888.996573300127 30.5694621240537 26.2955 17.643632433203393 0.011488163514909508 20.834855495927535 r
2459400.6923264 2897.5533854080586 32.1510680898884 26.2949 17.639821384291373 0.012046858153150477 20.779486476192897 r
2459400.6932639 2941.25505883992 32.8661243320446 26.3033 17.631968282115775 0.012131811241618296 20.764003754545 r
2459401.7769444 2834.6971688545605 33.7689787895393 26.2965 17.66523332510247 0.01293364972972317 20.727780170912702 r
2459402.7120602 2906.6627767517084 30.4722021468083 26.3107 17.652213377480695 0.011382011747424607 20.853515387435827 r
2459402.7129977 2906.943223728718 30.7112473286306 26.3168 17.658208626165706 0.01147019348452397 20.851131350287663 r
2459403.7223843 2734.6715073489218 33.5967691221759 26.2621 17.66983708567901 0.013338352390012426 20.698931201926158 r
2459404.7273727 2620.179503992983 31.0139590382028 26.2151 17.669272387231935 0.012850972720175494 20.738781966770638 r
2459406.7377662 2520.4357852065814 35.2284237249894 26.2049 17.70121090722466 0.015174955006872404 20.590241960745175 r
2459408.7263426 2209.8287924823326 34.4974516871528 26.0606 17.699703430448345 0.016948771517575036 20.468707451410328 r
2459409.7032292 2557.385578919897 29.8775398966063 26.1902 17.670709470339936 0.012684065059694893 20.75441290165913 r
2459410.7456944 2259.922805952333 38.273577376315 26.0418 17.65656598788537 0.01838718687559528 20.337127346651812 r
2459412.7125347 2715.9309201070496 51.2649875309949 26.2035 17.61870320140396 0.02049330362209926 20.181522848964917 r
2459415.6854861 2855.075469972425 51.1867561209744 26.3044 17.665356018230646 0.019464795836405212 20.284080969904384 r
2459417.7289815 568.2914479609042 122.614154668818 24.5966 17.71017219866758 0.234249852257312 17.62782346827731 r
2459419.7560532 1457.9575545098578 126.723685917897 25.6419 17.732537798602173 0.09436756603474257 18.637330498083124 r
2459419.7569907 1486.1677729534 118.451239685488 25.6623 17.73213040114421 0.08653296974066924 18.731025963369273 r
2459423.7886806 1702.3760866427083 74.7400430652928 25.6821 17.604461224743243 0.04766588616503459 19.25079162977336 r
2459423.7896296 1364.5212917880392 83.5561322445506 25.2681 17.430649208186182 0.06648257768043703 18.71572916770251 r
2459424.696875 2677.2828215217587 29.5076223536096 26.2831 17.71386437149249 0.011966022166871617 20.860839447645585 r
2459426.7483102 2568.9681336671056 37.4771123358953 26.1585 17.634103207082646 0.015838616419503675 20.476659687896213 r
2459427.680463 2818.104416739244 30.4907115858405 26.2757 17.650807298494666 0.01174682008662069 20.81785608926669 r
2459427.6814005 2731.237178210441 31.266302899839 26.2526 17.661701461189068 0.012428735713314053 20.767483661902038 r
2459428.6813889 2695.7517567920345 32.3366557897667 26.2539 17.677200257733496 0.013023419943061965 20.73223722969822 r
2459430.7242593 2547.0744329339464 53.6712310856643 26.248 17.732895908752965 0.022877562915420653 20.176221096546108 r
2459434.6770602 2795.1780092993367 31.0545102876269 26.2906 17.674576322758114 0.012062159085076674 20.81286327652774 r
2459436.6956713 2474.4768094659753 34.5913075458022 26.1811 17.697391529988856 0.01517726189989329 20.58625754269632 r
2459439.6979282 2103.0935514498037 50.9129008955806 26.0105 17.7033535206442 0.026283251386618682 19.9960053821465 r
2459443.7472338 1358.3244790667688 94.8504626389673 25.5773 17.74479118148029 0.07581336335621235 18.887276355340195 r
2459447.6947917 2433.3055049409886 82.2312564565535 26.1442 17.678708403401796 0.03669020390312448 19.609182673825224 r
2459450.6832292 1881.2106614750257 72.8320315398636 25.965 17.77890642155281 0.0420334299938687 19.56176892887515 r
2459452.7133565 478.113262054119 92.906860779111 24.9215 18.222673023854856 0.21097297806489873 18.253955524184157 r
2459458.6989468 2171.756915505458 40.0831288735105 26.123 17.780971967232183 0.020038270723241533 20.36817095155645 r
2459474.6278356 2322.917752594726 59.582393386589 26.2066 17.79151541741355 0.027847996093517194 20.021380127758313 r
2459474.6298032 2419.3688047463484 69.3053703608125 26.2189 17.759644808572773 0.03110102124699544 19.869557767432003 r
2459474.6317708 2440.3205488983835 70.1621552412165 26.2148 17.746182807642732 0.031215182767598264 19.852117686105956 r
2459474.63375 2349.761465241165 67.429792054127 26.2104 17.782840556647773 0.031155726364612942 19.89084543825118 r
2459474.635706 2430.0423144934807 63.6919762188244 26.2033 17.739265409840613 0.02845645039526458 19.94566317846977 r
2459476.6263889 2307.5974038429563 90.7624145299138 26.227 17.81909989578902 0.042702749314513275 19.584809887173602 r
2459476.6284028 2460.8721345039207 88.7266450600934 26.2263 17.748577378504102 0.03914486949203575 19.608739838541766 r
2459476.6304282 2363.765914943653 82.6343093358156 26.2247 17.790688835215022 0.03795471839183096 19.684373985219793 r
2459476.6324421 2307.531833129784 87.7048596635726 26.2128 17.80493074757826 0.0412653748778794 19.607815844211185 r
2459476.634456 2436.7241789513164 89.1495473634957 26.2234 17.756384068235114 0.03972122261872178 19.600677132945606 r
2459477.6253819 2428.9700139150473 82.9550761076675 26.2701 17.80654461651909 0.0370792251918037 19.725567573894942 r
2459477.6274769 2358.686847717971 86.088952318784 26.2493 17.817624286547943 0.039626614962869226 19.664506432675466 r
2459477.6295602 2492.7919410999575 78.5243778522452 26.2586 17.766884920069245 0.03420017355983744 19.773663728725154 r
2459477.6316435 2443.227512965854 75.1507944594438 26.2647 17.79479022427229 0.03339485050476281 19.827441048890933 r
2459477.6337153 2430.898842552948 75.1684998624448 26.2376 17.77318278289487 0.03357212520408642 19.800085281363103 r
2459478.6247454 2406.765435420929 91.9732535922892 26.2138 17.76021558555706 0.04148944469434109 19.557221113896407 r
2459478.6267593 2356.279731423939 116.389860185937 26.2209 17.790332881271866 0.05362880710581321 19.30868712293524 r
2459478.6287847 2490.7478813679927 118.21888740921 26.2178 17.72697557605242 0.05153080607648075 19.288657819744735 r
2459478.6308102 2364.5791533191477 99.183746374209 26.1862 17.75181535893809 0.045540363192039274 19.44767371800691 r
2459478.6328356 2418.6905992072216 109.275296910047 26.2135 17.754549208437034 0.04905141231959348 19.36977000121638 r
2459479.6251042 2125.903103086096 75.2425482798662 26.1853 17.866441335366748 0.03842641489579799 19.746716250129197 r
2459479.6271181 2234.637171644641 76.4001417093776 26.1912 17.818182453303542 0.037119061164110026 19.736039578861313 r
2459479.6291435 2168.025018533208 88.5656706737316 26.1721 17.831939276104162 0.044351770772241936 19.556511449850653 r
2459479.631169 2066.9669047464613 89.7121130221578 26.1751 17.88676619256465 0.04712239992062382 19.54554727442823 r
2459479.6331829 2425.3630503539353 82.7003201321718 26.1634 17.70145810763988 0.03702032879341348 19.622207012395677 r
2459480.6223264 2251.4967827418927 54.9274992420054 26.187 17.80582167320548 0.026486729354514776 20.09010042225104 r
2459480.624375 2275.6268665873636 56.7654114842991 26.1672 17.774447368727355 0.02708273845480084 20.03456551331051 r
2459480.626412 2345.429991049009 60.9808806407584 26.1779 17.75234381454613 0.02822806153427752 19.967490759574403 r
2459480.6284491 2260.9567465248874 58.8450048976196 26.1609 17.775169364730637 0.02825707387615536 19.98920098083201 r
2459480.6304861 2285.8124533589275 59.6935589709267 26.1558 17.758198513824563 0.02835284971848848 19.968556307663818 r
2459488.6028704 2499.7476268228097 112.608369229204 26.1826 17.68785958813075 0.048908499866259864 19.306248316268857 r
2459488.6052546 2186.027998190903 100.577170806631 26.1915 17.842360699993762 0.049952074920873585 19.43782645181937 r
2459488.6076273 2230.3545284542934 78.9017669640703 26.1822 17.81126524427028 0.03840808593432846 19.692058166366035 r
2459488.61 2249.729917426069 71.8752268799639 26.1826 17.80227404073488 0.034686356446224934 19.793726917696226 r
2459488.6123611 2053.921211334504 76.3643582143827 26.186 17.904540550019863 0.040366097421763614 19.7313482236941 r
2459489.6019676 2297.7075501719983 109.503375853584 26.1748 17.77156312170093 0.05174192649335928 19.32880621879989 r
2459489.6043981 1995.5024383435764 98.2547396425338 26.136 17.885869343016715 0.05345780029136307 19.407691216199026 r
2459489.6068403 1964.0104542570537 77.7234724771045 26.124 17.89114051207778 0.04296533854261651 19.65019450046398 r
2459489.6092708 2118.0196905360162 74.5869331165798 26.126 17.811175016790187 0.03823337131685352 19.696918113924216 r
2459489.6117014 2097.64217592335 66.7367389309545 26.1148 17.810471483725657 0.034541676501829134 19.806462536213395 r
2459490.6009722 691.1648805928542 163.539131877804 25.6169 18.51794584325079 0.2568915760410636 18.335420769067213 r
2459490.6033449 1697.5218711543926 111.555324889867 25.8982 17.823661553722516 0.07134848645606225 19.03204922573689 r
2459490.6057176 2069.58445134249 86.3863727819494 26.0578 17.7680921177658 0.04531812406520708 19.46926189142252 r
2459490.622037 1986.6748502722803 66.3494439475975 26.1194 17.874083015023096 0.03625937645711572 19.817381770311115 r
2459491.5996181 2142.5524178906617 92.8030253401215 26.1748 17.847471360475513 0.047026268188558124 19.508469653486067 r
2459491.602037 2137.0095047266336 87.3859653706851 26.1826 17.85808386557585 0.044396125704218255 19.58157076831473 r
2459491.6044444 2045.7637245311505 69.7265126327369 26.1769 17.899761316415162 0.03700430986120448 19.82098012781957 r
2459491.6068519 2166.6283842203547 60.1289685685518 26.16 17.82053892904056 0.030130695993059255 19.964865603728324 r
2459491.6092593 1956.5587366574296 57.4469879847737 26.1588 17.930067774694084 0.03187749679399945 20.013206831572397 r
2459498.5947917 2254.7167155554694 136.47074825635 26.1839 17.801170038677324 0.06571392776738125 19.09887605727952 r
2459498.5971759 2165.4880661177367 109.998584910374 26.1664 17.827510513249678 0.055149444370431344 19.315507243754595 r
2459498.5995602 2070.0185790858463 99.8834040199837 26.1552 17.86526439148059 0.05238765141537361 19.40904165251114 r
2459498.6019444 2026.7572713052996 84.8024587512713 26.1259 17.858895650523102 0.04542725997324735 19.557453878369905 r
2459498.6043287 2062.9682500592367 79.7528931850729 26.1214 17.83516863987103 0.04197239396609587 19.619608872014926 r
2459551.041875 2213.1959297908265 33.0754576181767 26.2386 17.87605034288135 0.016225415857984326 20.692410335115863 r
2459551.0443171 2211.7825036782356 37.0666307974878 26.2443 17.882443954377294 0.018194935980326836 20.574417208504578 r
2459551.0467477 2283.300337280364 33.8338424248585 26.2487 17.852292397966565 0.016087854112272405 20.677896683342674 r
2459551.0491898 2266.298451054558 31.3734751392223 26.2597 17.871407245105722 0.015029874791117552 20.770868422237193 r
2459551.0516204 2238.3353608511807 35.0555443474391 26.2725 17.897687110810686 0.017003620263382466 20.663183200944296 r
2459601.019537 2498.5600283133194 53.4097153008378 26.3452 17.85097553025024 0.02320813878594877 20.278724331711583 r
2459623.9580787 2309.0734303288746 38.7518189908718 26.3521 17.943505639903293 0.018220663459973727 20.6339447569472 r
2459625.9446875 2424.2532515470334 53.8438659807132 26.3544 17.892955033042085 0.024113934985115628 20.279134402640654 r
2459628.9647222 2325.0486332561272 70.9163359268892 26.3593 17.94321989625348 0.03311494857120349 19.98500926771485 r
2459630.9964236 2492.3947100182777 46.1553354884888 26.3744 17.88285794796093 0.020105502366230273 20.46642020900145 r
2459637.9462153 1895.3229864839218 41.3981436534744 26.0201 17.82589192559196 0.02371414523281752 20.230222821087647 r
2459639.0159606 2109.202573662358 40.0725800397436 26.2556 17.945304268528425 0.02062713211733176 20.501056726605043 r
2459639.0169213 2080.7710476008547 28.7206816763244 26.2549 17.959339259146308 0.014985812173779785 20.86198813032197 r
2459639.9628356 2421.811679343035 40.2795228245363 26.3506 17.890249076807706 0.018057340421474104 20.590464196664186 r
2459641.9437037 2398.007483924368 26.0509579292432 26.3601 17.9104736646213 0.011794594142589172 21.07311574533641 r
2459675.9026389 2359.7270136862207 26.6887223910879 26.3189 17.886745589298336 0.012279363558558281 21.005655528443626 r
2459677.898669 2277.0787786169844 31.9668370055878 26.3013 17.907854860301388 0.015241631191190534 20.79212582254837 r
2459679.8750463 2398.744867952607 28.5147255510459 26.339 17.889039853540865 0.012906098495249473 20.953901999316805 r
2459680.8508449 1732.5204677734453 68.4675873975115 26.2154 18.118704064967073 0.04290584787896356 19.879262427064603 r
2459680.8527778 1918.9176980043655 59.3702273419735 26.2215 18.01385912917103 0.03359094342202163 20.040153209308357 r
2459683.8692361 2128.451640212675 50.4211734026416 26.2399 17.919740532060278 0.025719291398971195 20.23594261823835 r
2459683.8950347 2351.6750205864237 47.435357514217 26.3324 17.90395673467585 0.021899525743290415 20.394719543782582 r
2459684.8539699 1965.594283541277 73.9224886009597 26.2296 17.995865298918243 0.04083123691704436 19.81023354169964 r
2459684.8597454 2189.121880927302 63.1620517561547 26.2755 17.92482514525716 0.031325363922911915 20.02693441619046 r
2459687.8947801 1949.153318413609 62.6474989265885 26.2397 18.015084995943543 0.03489535119790105 20.00001564576922 r
2459688.8947801 2248.9454187888614 45.6291059836349 26.3297 17.949752711573723 0.02202788913975122 20.43417008997527 r
2459689.9102662 1936.5025444357489 55.7316022726591 26.2305 18.012954820108533 0.031245918452979127 20.117821166367317 r
2459690.8209722 2270.216896761358 34.6032571131994 26.3056 17.9154316207103 0.01654853168496603 20.710382539886567 r
2459690.9638426 2177.3213926442686 45.9508998407508 26.2584 17.913593650927528 0.02291296642087143 20.355239938045802 r
2459693.8113773 2121.7511883970433 32.2361167035987 26.2472 17.930463864755104 0.01649521965463737 20.7289181907392 r
2459693.8123148 2055.062309827934 33.7191514895443 26.2557 17.973637514270035 0.0178140013551528 20.68858339545592 r
2459693.8177199 2178.223123779926 34.2485319296282 26.2582 17.912944089614932 0.01707062546075245 20.674170088897323 r
2459694.7878356 2133.0277383536413 31.1446325348604 26.2341 17.911608742136398 0.015852455612788592 20.753216961298616 r
2459694.8330556 2117.611300234936 30.9854557423509 26.2395 17.924884385423997 0.015886253202246382 20.76418026853046 r
2459695.9072222 499.8349038588208 47.5238619339332 24.6702 17.923133550075725 0.10322739869371916 18.7304956754073 r
2459695.9081597 1401.6966743007245 36.7668013794114 25.7405 17.873864892688367 0.0284781415191279 20.079435366737975 r
2459697.8156829 2243.836284673411 25.9908273740417 26.2914 17.91392208339788 0.012575891330727914 21.006924727281074 r
2459697.8586458 1587.2816503150543 22.2418412168548 25.9501 17.948465010893695 0.015213410300778194 20.83474814910368 r
2459697.8819444 1288.3286225252373 25.01713186536 25.6818 17.906733361179533 0.021082431602725094 20.43878119483596 r
2459698.8653356 2148.9491540331096 26.2278803606075 26.2712 17.940634650410626 0.013250946237638544 20.976867004286092 r
2459698.9013889 2044.0251584133116 33.53280514082 26.2488 17.97258440772683 0.017811212543807006 20.68770027601574 r
2459699.8237731 1868.547352396939 29.1936335455628 26.1944 18.015639729652108 0.016962657060715685 20.783754608611808 r
2459699.8256713 2008.8658111944028 23.2006678143635 26.2171 17.95972268103154 0.01253889876849363 21.055923774355243 r
2459699.8582292 2291.2386028615306 27.0477536581031 26.291 17.89082420575807 0.012816537793107896 20.96324698324298 r
2459700.7771875 2184.387526843154 28.6793140766718 26.286 17.9376757800284 0.014254398960994582 20.894653088919394 r
2459700.7982176 2150.923220654037 30.0827031757325 26.2911 17.959537729774496 0.015184545187048345 20.847882842742166 r
2459700.8824537 2193.8411896135503 28.5104447880096 26.2943 17.94128703462296 0.014109403202423508 20.909365007314626 r
2459702.8405324 2309.1512601019676 20.5264124886184 26.3066 17.89796904462778 0.009650959824047609 21.278392359101964 r
2459702.8414815 2197.2892393290945 22.9445154772597 26.301 17.94628192782097 0.01133708753849219 21.15187776149383 r
2459702.8601389 2203.837925419897 28.701937433027 26.2785 17.920550868792887 0.01413973918481332 20.886296955680944 r
2459702.8960185 2175.629911659255 29.0117015366517 26.262 17.918037447289645 0.0144776481466559 20.858141986844096 r
2459707.733588 2296.2444750433424 41.352382147044 26.3249 17.9223546890845 0.01955204760860589 20.536223657672068 r
2459707.7711574 2308.9787129077836 37.9506299293933 26.3289 17.920350177353335 0.017844685481077403 20.633427516671524 r
2459707.8120023 2321.404263397253 32.097088244059 26.344 17.929623055716714 0.01501152093844134 20.83041089856013 r
2459707.841088 2302.2722924357454 31.2916787839631 26.3418 17.936408282880958 0.014756454207163209 20.855802830491214 r
2459707.842037 2315.7538698576177 30.9557849211752 26.3355 17.92376900381555 0.014513068995102801 20.861220437790692 r
2459707.9001968 2292.0752233915123 28.7779820683819 26.323 17.922427833507086 0.013631426583552996 20.927924145048337 r
2459708.7526042 2213.3923372054273 51.822797586504 26.3236 17.96095399480098 0.02541980940021908 20.289872853892717 r
2459708.8050231 2452.3264876437115 38.8703164075106 26.3389 17.864954277530252 0.01720876185788095 20.61742979956554 r
2459708.8095023 2071.4269020540955 40.9607628979748 26.2328 17.942125969448707 0.021468824332749676 20.454454897115564 r
2459708.8104514 2147.562754692369 38.0485292379133 26.2657 17.93583534159581 0.019235427744005502 20.567430304606585 r
2459708.8328241 2286.3177337488996 47.3713412561468 26.3356 17.93775853762409 0.022495152114079313 20.399385785736886 r
2459709.7160417 2265.753565416216 40.5011528197195 26.3153 17.92726831980906 0.01940727459841461 20.549206526424683 r
2459709.7972454 2290.6366094292202 38.7707801547431 26.2546 17.854709506443033 0.018376304578705482 20.53591363898323 r
2459709.8426968 2300.4351215052848 41.1911046832163 26.2613 17.856775026264827 0.01944031454593022 20.476866391073237 r
2459709.8436458 1766.712991535118 47.1366208167178 25.9693 17.851384993404295 0.02896691735777801 20.038478876382 r
2459709.8823958 2341.3231939694824 31.6081012047042 26.3192 17.895546581446805 0.014657060403423593 20.822278971095955 r
2459709.8941088 2317.4733593040696 34.1408873065109 26.2838 17.87126312405223 0.015994471392676516 20.703187979044316 r
2459710.7670949 2410.6270756830268 55.4832934744323 26.324 17.86867492459548 0.024988606629718232 20.216169407214192 r
2459710.8685301 2332.6522889886155 50.5439250205348 26.3255 17.90587498352127 0.02352495468520403 20.318902578393157 r
2459711.8406481 2228.0249013909383 94.4994683290918 26.3033 17.93349989901031 0.046048889624547645 19.617301576415663 r
2459711.8602431 2252.8352819143706 63.8820191750908 26.313 17.931176402371303 0.0307864089199897 20.05212840213359 r
2459712.8507407 2445.4187883629866 60.9565193925795 26.3356 17.864716888487308 0.027063050884967705 20.12562458692328 r
2459712.9154977 2168.011303010503 68.2417240649499 26.2737 17.933546144791816 0.034174194440054165 19.94115001327932 r
2459713.8814815 2284.7679229963483 74.492356561407 26.3105 17.913394767848335 0.03539805977871689 19.88279570572882 r
2459714.838125 2447.9776114820065 88.8385488527734 26.3166 17.844581396110193 0.03940069224369418 19.69767134945255 r
2459715.6927894 2429.4553720568965 28.7124013053612 26.3229 17.859127685778468 0.012831293159683775 20.930301200703678 r
2459717.7346296 2390.362154983406 44.0693057464718 26.2861 17.83994073926597 0.020016232749165398 20.428334467085932 r
2459718.8124306 2069.2046112086846 40.653858362307 26.1989 17.909391406098795 0.021330850407381627 20.428720564768938 r
2459719.7751968 2460.9820663313667 29.3639870596111 26.3262 17.84842887769109 0.01295437345390518 20.90923742913342 r
2459719.7958218 2463.9144053690875 26.7103902694044 26.3219 17.842835958316073 0.011769674568361607 21.007774405140726 r
2459724.7971296 2518.464309740354 25.4228931730352 26.3057 17.802860498349457 0.010959708665003858 21.045212557762675 r
2459726.8745139 2568.5651639872185 33.6752381596295 26.3239 17.79967352958818 0.014234097145954942 20.75819829954974 r
2459730.7530324 2651.7041329281237 29.6447197914252 26.3524 17.793587336230786 0.012137580463024737 20.925106615032377 r
2459732.7277199 2628.1520081014387 28.9696982341365 26.3313 17.782173798721963 0.011967497038165242 20.929015060775324 r
2459733.7481366 2281.5184188991125 28.7642967043951 26.2477 17.852140051948922 0.013687988084282354 20.853140589504576 r
2459733.7490741 2398.884002220855 23.8503772845266 26.2785 17.828476879469093 0.010794333779306496 21.087336855531778 r
2459734.7343287 2530.0361036532613 29.6348664781607 26.3175 17.80968320347793 0.012717041661532182 20.890567552067193 r
2459736.7283102 2498.909696921094 32.0362696116748 26.3367 17.84232359421516 0.013918781443062926 20.825170139276842 r
2459738.7520139 2486.3071228976964 40.8985832632709 26.3067 17.8178130645966 0.017859254570763775 20.530004328652623 r
2459740.8213426 2516.098350956969 53.4116602721302 26.3226 17.820780967245092 0.023047207012156855 20.25608479419883 r
2459748.8005324 2554.552176746075 39.8198378037598 26.3278 17.809513056058243 0.016923669947744177 20.580126272399806 r
2459750.7086921 2634.2953783710086 28.5926547362796 26.3494 17.797738825139863 0.011784193033954723 20.961338788960834 r
2459752.7536343 1778.4230441596337 30.2854528132163 25.9145 17.789412307106268 0.01848880457734189 20.4639898106458 r
2459759.7067477 2679.148628849577 32.662795780305 26.4048 17.83480798184479 0.013236293424267572 20.872241600314403 r
2459761.7113889 2131.1481792053655 27.6891211677853 26.0953 17.773765881610885 0.014106048159951812 20.742102059712803 r
2459763.7564468 2642.430696143114 33.1351927869344 26.3351 17.780090985621175 0.013614313087296303 20.786951234801403 r
2459765.713287 2593.8895869195944 29.6293556417958 26.3408 17.805921285753314 0.012401681082539797 20.914069472023726 r
2459772.6928125 2559.248295072807 58.4502760971663 26.3132 17.792918943401503 0.02479613442778053 20.148808571792866 r
2459772.7336111 2537.27030292356 57.5754574752515 26.2982 17.78728315908904 0.02463658448563956 20.15018149563971 r
2459772.7535185 2538.3213013145773 55.5992190381177 26.3019 17.790533514157154 0.023781099767953846 20.191803260646267 r
2459774.7069907 2538.3427366226833 52.510969129907 26.2865 17.77512434550235 0.022459992640786776 20.238449905169272 r
2459774.7443519 2391.430439902578 58.0701910350099 26.2301 17.78345561758408 0.026363637994537965 20.072791852296284 r
2459775.7336806 2545.805462724109 41.1008415027924 26.2792 17.76463696487693 0.01752811998911857 20.49714820476917 r
2459776.705787 2552.7778086650706 26.7138614133642 26.3099 17.792367460316093 0.011361442910558768 20.99563331765496 r
2459776.7270949 2600.1373161721485 36.3602853172408 26.3036 17.76610928961036 0.015182414222278218 20.654606783036975 r
2459778.686169 2443.3783715977916 28.9274852568959 26.2742 17.804223186871518 0.01285374836271235 20.873498286868845 r
2459778.7364699 1746.8928611527808 39.5714035127246 25.7871 17.681434324888087 0.024593765163945933 20.046221354079798 r
2459782.7341088 2440.7635400507634 34.3795024133352 26.2472 17.77838573194189 0.01529268409564235 20.6590260224117 r
2459784.7699769 1664.0721069479407 36.0425734005446 25.9516 17.8986696473802 0.02351546052456937 20.312135510240537 r
2459786.7669676 2151.152107615232 34.2826934734003 26.1005 17.768822199086706 0.017302691042770386 20.51538765011886 r
2459790.7370486 2414.5740638165084 33.4552120540664 26.1814 17.724298671648427 0.015042952821951686 20.622815521718845 r
2459794.7485417 2306.544453766851 40.7629022958303 26.1213 17.713895427168225 0.019187266454070456 20.348212244261717 r
2459798.7123032 2704.14914238754 44.3586634251433 26.2732 17.693123398385072 0.01780974285987666 20.40832885938903 r
2459801.6780787 2685.0080951925283 51.5261615587511 26.3015 17.72913600145469 0.02083492921473846 20.274005511910044 r
2459803.6895602 2682.4069859590095 63.7389052795944 26.3002 17.72888832129422 0.0257982214571794 20.041763488755038 r
2459842.625625 2636.318853028753 50.1885047157999 26.2599 17.70740516146925 0.02066884265814173 20.2609643472028 r
2459842.6277083 2498.8320485839567 46.1422550647341 26.2696 17.775257331697073 0.020048024576990155 20.361927950290337 r
2459842.6297917 2504.3530706706597 53.7124708952841 26.2622 17.765461107748898 0.02328570613064282 20.18958716074846 r
2459842.6318866 2458.179709691123 56.5033810352312 26.2568 17.780265926005676 0.024955751016942033 20.1291888996551 r
2459842.6339699 2483.2602520046316 52.7566161291974 26.2551 17.76754440722857 0.023065588105488182 20.20198266012552 r
2459843.6248958 2497.0489855955207 47.5310459029334 26.2837 17.790132344597048 0.02066617708923626 20.34383156194005 r
2459843.6269792 2561.7701912307743 49.2919975244246 26.2774 17.756049580269142 0.02089036787743887 20.298033944165862 r
2459843.6290625 2575.2024235106746 46.9238632806719 26.2633 17.73627156902448 0.01978300342478468 20.33739058730695 r
2459843.6311458 2585.1375882566313 45.2838427021861 26.2715 17.740290843968165 0.019018201679129654 20.38421680625664 r
2459843.6332292 2633.6858361441314 46.3078926274104 26.2565 17.705090079667947 0.019089778414568673 20.344937445070357 r
2459844.6239931 2448.9670186902285 52.4579867673031 26.2736 17.801142659174012 0.023256187526658187 20.2266459411103 r
2459844.6260069 2483.0087738401908 51.5220791177321 26.2621 17.77465436460166 0.022528120676597315 20.234691538687237 r
2459844.628044 2451.3977554046937 52.9556982137654 26.2675 17.79396553973771 0.02345355886205158 20.21029324284595 r
2459844.6300579 2551.811165181381 49.093203106185 26.2658 17.74867866672086 0.020887317737163555 20.290821567294934 r
2459844.6320833 2496.3386367502894 51.442988455897 26.2453 17.75204125370758 0.0223734279253373 20.219559514320625 r
2459845.6230093 2478.8674498893565 46.6635667487389 26.261 17.775366738062978 0.020437815027732578 20.341130161154595 r
2459845.6250347 2495.205797992904 47.4651559984012 26.2497 17.756934072749956 0.020652773374010388 20.311337707763123 r
2459845.6270486 2308.5874358766423 48.7399654173733 26.2373 17.828934180625247 0.02292180041842252 20.27016194740387 r
2459845.6290625 2473.424438228343 46.2072667787251 26.2414 17.75815338139355 0.020282499342326975 20.33219928870412 r
2459845.6310995 2449.991712404985 48.4030927833823 26.2417 17.768788461805887 0.021449557387821654 20.282092208197497 r
2459846.6214005 2280.529578480701 54.3125356694787 26.1818 17.786710726461962 0.025856766135713617 20.09712479162619 r
2459846.6233912 2358.0759969754304 56.9566797847869 26.1706 17.739205506016642 0.02622386527052523 20.03431332731642 r
2459846.6253819 2382.4692709309265 48.8197085463041 26.1788 17.736231730450424 0.022247320549075432 20.20988703328362 r
2459846.6273611 2310.3622570152065 44.9964816627889 26.1831 17.773899797144118 0.021145030392075166 20.302728596620078 r
2459846.6293403 2262.4129959757615 54.4664893757916 26.1666 17.78017028289713 0.026137697944840877 20.078851529582593 r
2459847.6203819 2410.487986360418 50.3679073166809 26.2391 17.783837571643453 0.02268604418820945 20.236290221192657 r
2459847.6223727 2354.4352785612614 52.3701698615043 26.2341 17.80438310861488 0.024149439968203314 20.188965032838816 r
2459847.6243634 2476.4132160845284 47.897422566392 26.2279 17.743342217291847 0.020999012338721416 20.279694629178362 r
2459847.6263426 2410.1088385656267 43.8199896543307 26.2207 17.765608361486937 0.019739922947223106 20.369094312434818 r
2459847.6283333 2457.818780567175 49.7843242102523 26.2198 17.7434253539708 0.021991385704440734 20.229643448560417 r
2459853.6031019 2454.52973228253 115.752849167681 26.2607 17.785779257058547 0.05120038542962968 19.354445765041387 r
2459853.6054745 2337.961207602855 89.7926681327791 26.2245 17.802406747759854 0.04169782606945562 19.593972797811077 r
2459853.6078356 2514.5606099605393 71.5136344085341 26.2477 17.74654472964216 0.030877105355819567 19.86430286424158 r
2459853.6102083 2372.7883122998433 64.6875060030985 26.231 17.79285251381286 0.029598605532362852 19.956523970559456 r
2459853.612581 2480.8077684884593 55.8607513407621 26.239 17.75251721700907 0.024446883189025916 20.123808057231887 r
2459854.6021644 2407.537939629642 121.303486865051 26.2137 17.75976715059998 0.054702853700260075 19.256591777090676 r
2459854.604537 2356.662252504102 88.7935289786786 26.2245 17.793756635950725 0.04090664002010341 19.606121697214974 r
2459854.6069097 2375.7406130887744 74.5112579360592 26.1969 17.757402445057984 0.03405122271997654 19.768920250573466 r
2459854.6092824 2399.908283897837 61.5549185889034 26.2091 17.758613387969085 0.02784697046981707 19.98851808601301 r
2459854.6116551 2358.662863387457 58.6119562003763 26.1953 17.7636353269234 0.026979269413415632 20.027909448167456 r
2459855.6012037 2043.4425971726705 128.064041266412 26.0764 17.800493894124063 0.06804161261751106 19.060406982750024 r
2459855.6035764 2084.8294649132094 93.6312178112995 26.1001 17.802423659250938 0.04875958196511759 19.424123309014035 r
2459855.6059491 1898.9223356879359 82.2475969135264 26.0925 17.8962319929388 0.04702468041520279 19.557266944867578 r
2459855.6083218 2008.8911819744799 73.4191373733596 26.0783 17.820908968915788 0.03967918131230522 19.666351795352355 r
2459855.6106944 2062.8548770092334 61.7158340663023 26.0887 17.80252830952785 0.03248162621256682 19.865283482423877 r
2459856.5998264 2235.4372702039323 147.213121192458 26.1707 17.79729378148442 0.0714979963021154 19.00340868753398 r
2459856.6022338 2374.794851124429 105.03883964022 26.1606 17.72153475338494 0.04802127145567557 19.359800200473742 r
2459856.6046296 2067.00630861019 80.1439053655587 26.1497 17.861345494703656 0.04209577769208272 19.642598735339924 r
2459856.6070486 2129.0600877203337 70.8750649453142 26.0777 17.75723020361753 0.036142266935039837 19.704041314508828 r
2459856.609456 2108.8600013809278 71.0741828660359 26.1072 17.797080625859728 0.03659097345823131 19.730495300800765 r
2459857.6040162 808.3828303193509 110.229141682096 24.7638 17.494757298186087 0.14804344505557326 17.910633924862047 r
2459857.6064583 1332.4196265855785 86.9457639905772 25.7102 17.89859744690382 0.0708463115381067 19.11465391923985 r
2459857.6089005 1758.728918529366 76.2125401359054 25.807 17.69400273827997 0.04704758871807389 19.354508897302246 r
2459857.6113426 1715.5894944566858 77.4932065746791 25.9245 17.838466554650637 0.04904108742212474 19.453915909553757 r
2459857.6137963 1836.1242135237153 69.2166976131062 25.9841 17.824344855463316 0.04092782397021573 19.63614780191703 r
2459858.6204282 1678.6143425533483 87.0531622556498 25.8486 17.786222676181964 0.056304545877520554 19.25171360982483 r
2459858.6223611 1602.0810664872834 105.176512697353 25.9037 17.89198878018417 0.07127613091757523 19.101478071763758 r
2459858.6237963 1802.7502856306805 108.156859360726 25.8821 17.74226106739178 0.0651370870075106 19.049539819619394 r
2459859.6005903 1767.379122126419 131.410864267994 25.9927 17.874375698974276 0.0807256199587243 18.94869681018361 r
2459859.6030208 1613.9409047119923 122.159799537394 25.9883 17.96858092810449 0.0821770450024106 19.02355421071625 r
2459859.605463 1774.712615234685 121.049813722397 26.0066 17.88377990894844 0.07405355753389242 19.051764675500316 r
2459859.6078935 1852.082021882843 104.267648022777 26.0157 17.846549459817815 0.06112223115434457 19.222901046106802 r
2459859.6103356 1816.2098255880246 106.057997148582 26.0379 17.889984947864747 0.06339970518931363 19.226616435586866 r
2459860.5971181 2029.6117105230478 171.606107469016 26.0574 17.788867599929862 0.09179723880835135 18.72364313829066 r
2459860.5995602 1949.0422949095075 127.612830836601 26.0536 17.829046841089337 0.07108581009306957 19.041439132323504 r
2459860.6019907 1975.0541491018914 109.633882038425 26.0334 17.79445248258269 0.06026645182525444 19.18611300825284 r
2459860.6044329 1821.2615784593327 97.8089844519105 26.0058 17.8548691855909 0.058306404568897796 19.28242811500604 r
2459860.6068634 1827.9400022054838 100.08282260728 25.9867 17.83179515763608 0.05944392068318506 19.238376126306452 r
2459862.5958912 2190.2200237941597 162.932256957757 26.1308 17.779580637192034 0.08076611000596975 18.85335730552299 r
2459862.5982755 1921.2253925554023 124.061724027041 26.0582 17.849254204971018 0.07010828312913539 19.076680459020757 r
2459862.6006597 2138.0065348138137 117.20280453173 26.0922 17.767177429261924 0.05951669595396277 19.172429979193637 r
2459862.6030556 2004.8656505770887 109.743544447298 26.0638 17.808586812182995 0.0594297010236747 19.215427532327272 r
2459862.6054282 1820.9963513668897 111.038338004132 26.0686 17.91782731094215 0.06620239710013408 19.20749260730691 r
2459863.5950116 2123.440874332674 117.977688724681 26.0898 17.772199567797628 0.060321141123667994 19.16287527979135 r
2459863.5973958 1946.4058704835393 104.929134728514 26.0557 17.832616485538914 0.058529191317351764 19.256034760214828 r
2459863.5997801 1903.3860548937107 90.7792825109439 26.0479 17.849082792149105 0.05178091263657785 19.405508124404424 r
2459863.6021644 2029.7115897071262 84.3507561584472 26.0265 17.757914171100346 0.04511952162348369 19.46385253877154 r
2459863.6045486 1784.5120060995796 89.3921087054365 25.8994 17.77060131447218 0.05438630398100928 19.27372703380744 r
2459865.5998727 1743.401923282705 84.5151079944438 25.9992 17.89570619811489 0.05263161152007541 19.4344391122848 r
2459865.6022222 1775.4609383320828 85.9485585484417 25.961 17.837722195273617 0.05255781639651574 19.377978495436103 r
2459865.6045833 1666.2920086739605 73.3359673371083 25.9675 17.913122221244063 0.0477832572702914 19.556782426877643 r
2459911.0530093 2189.2638876449196 70.4665708237446 26.2335 17.882754716636732 0.03494578994112933 19.86611714526003 r
2459911.0554514 2258.367168303265 94.9553890788263 26.2564 17.87191362125704 0.04564938215973828 19.565175945077126 r
2459911.0579051 2370.910421886741 119.393662922103 26.2482 17.810912135736945 0.05467338564878074 19.30832179845378 r
2459911.0603472 2251.473909702695 132.498006845096 26.2538 17.872632703295814 0.06389285055082712 19.200851625981414 r
2459911.0628009 2354.6941048470258 157.612063967348 26.2553 17.82546375871106 0.07267161262989896 19.01390134850438 r
2459929.0043981 1542.4868309485005 77.9609890326056 25.8446 17.874046337719477 0.05487388552980514 19.367481639037578 r
2459932.0213079 1843.4291671015571 56.198911115549 26.0212 17.857133863246013 0.03309872648596871 19.89945523676265 r
2459934.029537 111.82649964470997 53.6691830069691 23.3835 18.262138172569568 0.5210628265732611 17.311762528716994 r
2459957.0067477 2550.8863782160934 46.3495692166932 26.3254 17.808672213346878 0.019727153560542044 20.41286073398792 r
2459967.9340162 2341.6250174654006 72.9748497483108 26.2925 17.86870662657965 0.0338349623790316 19.8871419654859 r
2459977.9634259 2637.2911098647123 47.4887504177117 26.3176 17.764704823004134 0.019549808565181282 20.378698134052684 r
2459985.0086111 2707.210884087012 67.9230223401774 26.3487 17.767394781493497 0.027239852568633666 20.02123248347973 r
2459997.000081 2751.9207042849603 31.468343256197 26.3407 17.741610210782113 0.012415030789243008 20.848590292159052 r
2460016.9626042 2890.690654700416 40.9851377010151 26.3315 17.678995953930304 0.015393402240961586 20.552508992763258 r
2460021.9585648 2796.2355954005625 37.1554549319686 26.3278 17.711365600313083 0.014426422968791236 20.65531853120378 r
2460032.8814931 2895.7758346281685 32.9390359828297 26.3148 17.660387651035343 0.012349682229857483 20.773097777535845 r
