jd flux fluxerr zpdiff mag mag_error limitingmag filter
2458204.7140278 799.2542067969929 78.7523139742012 26.3031 19.046387672958446 0.10697646200003955 19.815016680419745 g
2458204.8159606 885.5433990144309 82.59949624418 26.3488 18.98077537474878 0.10126920168126603 19.808931492500644 g
2458208.7775347 217.97975358804302 237.113002494822 25.5086 19.662559606737688 1.1809976962133306 17.823786564390357 g
2458215.744456 151.67888166881448 59.0380348591045 24.2663 18.813987205138528 0.42258746729478536 18.091045256352288 r
2458215.7575926 364.42808823488554 63.1600467919544 25.559 19.15497039308333 0.18816569034005826 19.310468881454206 g
2458218.715787 1115.8078525005442 26.1501153483516 26.1654 18.54642646641599 0.025444506569908272 20.874290966950756 r
2458218.7415856 1122.9785966935476 27.7629087734942 26.1867 18.56077130263769 0.026841286329171446 20.83061257406728 r
2458221.7197454 744.3424012547345 59.672115782794 25.7979 18.61846810210229 0.08703792232737242 19.611046397126294 r
2458221.7393634 894.0109325723405 51.5562474429249 25.9724 18.594042925809955 0.06261066370601043 19.944271740640172 r
2458224.6950926 623.0932505410506 32.6034540732277 25.5362 18.549817382690627 0.0568094262882266 20.00561595789508 r
2458224.7232639 1148.5298236063963 25.245388961229 26.1395 18.489144307747218 0.02386435095707138 20.88661982327716 r
2458227.7444097 1106.9256169702242 28.2593792764127 26.2082 18.59790390449863 0.027717497553610766 20.832868443555302 r
2458231.6675694 1105.5654294643457 31.9228825394342 26.1989 18.589938874878577 0.0313492739998718 20.691219739351663 r
2458236.6688657 607.6750148292406 92.2405789626543 26.2724 19.313221549352463 0.1648012410184334 19.61266993862611 g
2458236.6894097 741.6903438390959 92.039940335067 26.2774 19.10184343771622 0.13472976162065395 19.620034167997197 g
2458245.651794 1002.5727060714034 31.4089370134699 26.0827 18.579910306867575 0.03401317700852672 20.59264189259191 r
2458248.6595718 1213.7475011347651 23.6663705399653 26.2338 18.523479128022924 0.021169624218560928 21.051045839407575 r
2458248.6714931 707.6162854823369 21.1211508235208 26.3161 19.191605451369725 0.03240631104676424 21.2568810446229 g
2458258.6601505 742.9891292131883 35.6952183293998 26.2678 19.09034385105369 0.05215998056562341 20.638849882509877 g
2458258.7072106 1174.67328724618 29.6849495415954 26.1248 18.450007268110923 0.027436522194920574 20.696034201534935 r
2458267.6663657 861.1381981503421 61.3022854505549 26.2161 18.878417865042252 0.0772882813195656 19.999983324068552 g
2458270.7409144 931.3013049050528 70.2324723131528 26.0477 18.62497447131809 0.08187618205706682 19.683930097520445 g
2458274.7128819 1013.0075857457729 20.9796025477132 26.1989 18.684868256206414 0.022485077907174272 21.14698184826849 g
2458278.6925694 978.5915611167235 33.1017884708356 26.1319 18.655396334244827 0.036724833087437146 20.58484634142522 g
2458281.6911921 1481.7639208158503 29.5909575628833 26.1579 18.230952459943794 0.02168152576446424 20.73257744128477 r
2458290.6925 733.1096846593109 55.4470309273896 26.029 18.866077608149542 0.08211437215679719 19.921879250294804 g
2458427.9975579 1569.1131108727668 56.3009567529967 26.1302 18.14106437198025 0.03895573131291297 20.00648555136478 r
2458428.0252662 1000.4698100265665 37.9440289275881 26.1929 18.692390030029927 0.04117648708019334 20.497616382311705 g
2458430.9817361 1465.1849255111204 38.8819194325099 26.1404 18.225668895509138 0.028811448434162595 20.418605749092038 r
2458431.0386921 1020.524639845786 23.7632095653822 26.2587 18.7366412627204 0.02528083655974648 21.071512244094386 g
2458434.9836458 1639.193149264578 75.918673959725 26.1547 18.11812467416175 0.050283826744306044 19.706403454554287 r
2458435.0223148 998.1461521117775 50.9995458519774 26.2373 18.739314657782423 0.055473045519781994 20.220959217290524 g
2458437.9870139 1081.8722530407313 44.800816831243 26.1761 18.590660043717975 0.04495932555527818 20.300460158290292 g
2458440.015463 940.2813183531376 23.3048389907831 26.118 18.68485548108022 0.026909035836858584 20.95195972213154 g
2458440.9814815 970.5839763358694 24.8877246296331 26.1424 18.674817207150934 0.02783953093105899 20.905012006976122 g
2458441.0450347 1630.9685087108396 35.2612776247232 26.2124 18.181286060957163 0.02347265990280953 20.596729878971285 r
2458443.9555208 1537.1798279744742 52.4059262672852 26.1307 18.16388830826977 0.03701396096471308 20.084823985457785 r
2458447.9992477 1462.364079866326 53.3600320643182 26.2253 18.312661222699422 0.039615980459206786 20.159834784464046 r
2458449.9759028 186.21859051567205 128.476011069554 24.1293 18.45424241210111 0.7490466168385894 17.109819878799126 r
2458451.0205556 969.7252778153843 50.9020739687446 26.2761 18.809478208735126 0.05698972994946227 20.261836294868562 g
2458461.9609606 551.2920594990576 26.2194888006852 25.7483 18.894845657023204 0.05163596772420515 20.45431443908198 g
2458462.0430208 1126.7307414476245 35.1458019914956 25.9609 18.331349640840497 0.033865941363365674 20.348791344348506 r
2458464.9803704 862.157588031336 21.8721519549572 26.2364 18.897433362824437 0.027543219136678225 21.13924620301237 g
2458467.9984722 91.30105153928099 23.3899807800795 23.5536 18.652410551370238 0.2781403029296622 18.38360032680347 g
2458468.0409838 1029.7702160086224 31.1664519119765 25.8893 18.357449183510653 0.032859191608771064 20.407656580095853 r
2458472.9445139 1559.2872593943882 47.9510790813246 26.2506 18.2682846740586 0.033387360952858616 20.30117902693174 r
2458473.021088 943.6504836503312 26.1635186853466 26.3262 18.88917208292444 0.03010196331039716 21.03453461146801 g
2458476.0240856 1089.131456096267 59.7159673184923 26.3352 18.742499246405522 0.059527824079260216 20.147548809949313 g
2458476.9662616 1581.7804436637093 49.0232558033414 26.2497 18.251834495399592 0.03364850604829164 20.276269611992678 r
2458481.9805903 1592.454585596805 47.6352378600106 26.2296 18.22443236059918 0.03247664216762031 20.287354143787937 r
2458482.0233912 1572.2069011633887 47.0818135126802 26.2358 18.244525754328027 0.032512721380940364 20.30624203218403 r
2458483.0465278 1117.5459017802812 42.2139296891402 26.228 18.607336574336866 0.041010989696699196 20.416935533029374 g
2458486.980787 1693.8534484380702 29.6105672090023 26.2564 18.184210418437008 0.018979323653092996 20.830358172528953 r
2458491.9774653 735.4434005838482 36.7068378611036 25.9021 18.735726861929688 0.05418855323762821 20.24280755545542 g
2458492.0269907 1373.9440081971181 36.4306325153586 26.0974 18.252477413872587 0.02878773624394325 20.44630821013935 r
2458493.9741551 1553.4873981019803 29.5588055573643 26.2445 18.26623066348465 0.02065803381014856 20.82035778751252 r
2458494.9554514 1550.7071289558962 29.0172059469209 26.238 18.261675541392098 0.020315880354392846 20.833936008899922 r
2458494.980463 1077.515360961285 19.7579994793972 26.3031 18.72204132465086 0.019908078169432502 21.3163175650291 g
2458503.0204514 1433.9449867933492 51.8352460079244 26.2249 18.333568775070795 0.03924664272975618 20.19091207911009 r
2458505.9377546 1127.221500905554 125.545820332553 26.3171 18.687076839944623 0.12092130697077019 19.322669342231027 g
2458506.0041782 1620.1755133422216 147.035946091578 26.232 18.20809483965085 0.09853063779634284 19.066016188330025 r
2458508.9614005 1616.2700894803086 77.8333669409408 26.2479 18.22661516000243 0.0522831468810702 19.77256044489451 r
2458509.0415509 1137.3863867072444 108.145078761909 26.2418 18.602029935227446 0.10323062890854343 19.409358085990682 g
2458511.8792824 1602.0898512362796 35.9401228164495 26.2508 18.239082826743935 0.024355807080176334 20.614426096987224 r
2458511.9208333 1073.1032126730236 26.9891734845331 26.2679 18.691296262329686 0.02730599005399307 20.94250102680559 g
2458511.9994213 728.3881208206369 43.3694459481665 25.9279 18.77199286416738 0.0646443923507083 20.087515304158753 g
2458513.9298843 351.0885278341184 20.8274420323352 24.6008 18.237258403264406 0.06440641610821919 19.556785153159815 r
2458514.9036227 121.91191079336015 44.2769015349197 23.6996 18.48448465434756 0.394312841818574 17.836731935007812 r
2458514.9581713 175.89190992399975 25.3571821843269 24.3051 18.691985338197796 0.1565182429903635 19.04742251181696 g
2458523.9214931 54.75683951454474 30.1585871028986 23.6081 19.26200406665759 0.5979742130463837 18.162147510537956 g
2458526.9203241 627.0161617100105 39.7143713898643 25.6775 18.68430316207386 0.06876679685637405 19.93270575714558 g
2458538.7470486 261.2741299745655 49.6240173582505 24.3423 18.299558974394863 0.20620792288581105 18.355645188982137 r
2458538.7948148 318.25517261511084 39.9554440647262 25.0689 18.81196132252478 0.1363045422470961 19.31753508471649 g
2458543.7640741 703.55938961186 32.9634633287204 25.2783 18.160048091372424 0.05086767750443289 19.735792901990568 r
2458543.7785648 184.92904859005117 27.4588208328764 24.5874 18.919887161643924 0.16120799844885883 19.243270280794725 g
2458546.7533333 60.125553551613244 42.5346436821664 23.6065 19.158852280565885 0.7680571723316633 17.787217991612522 g
2458556.7742477 1646.7752239149086 32.9428043240951 26.2032 18.161614189196673 0.021718812704531035 20.661373572609897 r
2458567.7329167 1730.4066089690239 26.754472072831 26.1598 18.064429587145227 0.01678641897165373 20.843884024741342 r
2458567.7721759 1221.1546206155438 29.2728420641937 26.1988 18.481873357278104 0.026025798938610317 20.785212765166637 g
2458572.7539468 699.4382654472262 28.0113009041198 25.6061 18.494226529087594 0.04348041977966031 20.24034179204202 g
2458572.7752662 870.5026655504894 37.653059716002 25.4219 18.072474736748312 0.04696128863409244 19.734974306491196 r
2458575.7310995 407.26344072608504 35.261768692123 24.7287 18.204011434909905 0.09400230524199343 19.113014758533847 r
2458575.7519676 562.7959844366662 25.572378628515 25.3838 18.507922524820394 0.049332142099004495 20.116947174061522 g
2458580.7292593 1782.4818612699116 28.5068218167971 26.202 18.074437202204223 0.017363350011565724 20.817202986255175 r
2458580.7312963 1303.5571847163988 30.594522913298 26.2864 18.498574780893833 0.025481408806928715 20.82486577601447 g
2458583.7582523 1698.0782678656683 33.5349018094205 26.1609 18.086005740296727 0.021441204203296517 20.59973239151176 r
2458586.6689005 1152.7320968743468 43.8554790499629 26.1985 18.544179035250366 0.04130525534393519 20.346015340827442 g
2458586.7120949 1702.88236247549 33.9394412023952 26.1628 18.08483838169711 0.021638635836167947 20.58861327021598 r
2458591.6891435 1142.3053935531507 91.5746050400572 26.2249 18.580444431547555 0.08703674976333205 19.573037353572897 g
2458591.8565046 1371.9451248785792 127.449267867741 26.0563 18.212958148029138 0.10085802093305495 19.04553162663994 r
2458594.8160764 1599.3410632894768 83.6038793125526 26.1354 18.12554728011252 0.056753830595050174 19.582408915031696 r
2458598.684294 1500.6371986893557 23.411893018914 26.1635 18.22281073050484 0.016938332778125894 20.99248366183529 r
2458598.7315509 1006.2305756869647 19.227797039533 26.2019 18.695156225450592 0.0207463574952182 21.244651166028632 g
2458600.7588426 10036.66902862573 117.788072844616 28.7506 18.74662599250771 0.012741529119139429 21.825421698516458 g
2458600.800625 14781.33956497707 134.703158641796 28.6634 18.23911551510408 0.00989404368220566 21.592530540227045 r
2458600.8443403 5223.2461633970015 73.7120340008 28.0228 18.727948765157784 0.015321727678754593 21.60652900107594 g
2458601.7277199 979.899217028559 22.0660782434347 26.2357 18.75774647336862 0.024448576682757805 21.128962104667632 g
2458601.7557407 1528.9899919925733 27.8937963142174 26.18 18.21898839313471 0.019806731775189365 20.81880592596554 r
2458605.7333912 876.7781061327252 24.9211857591079 26.2116 18.854375758532875 0.03085949704880931 20.972753233238468 g
2458608.713669 1318.3128436213615 25.9680001708991 26.1271 18.327053792002523 0.0213860146489195 20.843578725809174 r
2458618.7930324 184.01396985529965 163.284143590521 24.4499 18.787773013117906 0.9633920448302478 17.170114957286025 r
2458634.6693403 1398.0022169919384 28.6002421238589 26.1 18.236230349682923 0.022211182855407925 20.711650714675567 r
2458634.6930208 874.5615045573896 19.9928455461497 26.111 18.75652410711386 0.024819560769988525 21.1113884619635 g
2458637.6799884 1312.1318376670833 24.5211451953761 26.1008 18.305856316564803 0.02028958262757631 20.879523116915685 r
2458637.716794 785.4059319193931 28.6209100819271 26.0353 18.797564557415303 0.03956390041517713 20.64616639103076 g
2458640.671088 864.3542545398647 41.3131209725392 26.1011 18.759370564926133 0.051892676184909246 20.313454977393054 g
2458640.7196875 1307.1311271527113 31.9128317611134 26.0399 18.24910210805257 0.026506722029115096 20.532561632416343 r
2458646.6709838 231.23822985693786 101.867513187024 24.4023 18.492150909588812 0.47828405854679096 17.63478572868053 g
2458646.7125347 1349.805085544815 64.5846670193974 26.0416 18.21592234984372 0.05194792472918989 19.768851427115777 r
2458649.673287 876.0422448851933 83.8952304197776 26.0853 18.728987376480028 0.10397335539302603 19.52853181120178 g
2458649.7156944 1232.878814501735 85.8415425744929 25.9837 18.256399025420105 0.07559393646551772 19.402031205885358 r
2458774.0246644 221.01137126327308 107.148535268706 23.6075 17.746463452101196 0.5263582777496917 16.785109392737418 r
2458774.0296759 428.7121431988052 111.525519997599 25.2127 18.632285537493864 0.2824348668034899 18.34683934702295 r
2458774.0346875 1214.1991304011906 101.632095662884 26.0089 18.298175206252182 0.0908763344483161 19.243897787004975 r
2458774.0396991 1312.5130558682654 127.023740484878 26.02 18.224740919684358 0.1050729929335452 19.012862745864012 r
2458778.0263657 1425.2572174980726 78.7432561903586 26.0062 18.121466877630922 0.059983245267086635 19.5182415647432 r
2458778.0311458 1331.7908418840354 70.5072637023716 26.0349 18.22380993969388 0.05747879756657041 19.666890337697097 r
2458778.0359259 1290.8605722613709 84.6127770120549 26.0533 18.276101659956694 0.07116499951738207 19.487285116821102 r
2458778.040706 1345.026503623742 171.229205754166 26.0744 18.252572894610932 0.13821552823415795 18.743030383632814 r
2458780.0276505 1316.1724996441117 55.9782511732805 26.0382 18.23991796917964 0.04617600452468361 19.920726672986873 r
2458780.0326505 1389.352143741595 59.6474290556268 26.0543 18.197269161212265 0.04661108705766575 19.86789566591761 r
2458780.0376505 1368.3874062824962 91.9722126313561 26.1013 18.26077732855737 0.07297219398206663 19.44473340241861 r
2458780.042662 1141.7440401087442 189.883232262735 26.1299 18.485978116818586 0.18056255870450288 18.68625844958288 r
2458782.0291319 1506.5691851821396 131.393492396157 26.0836 18.138627299284703 0.09468792810684047 19.039740348673345 r
2458782.044213 1733.9029165859533 202.868842902594 26.1147 18.017138057188962 0.1270282785918757 18.599236608817986 r
2458784.0320602 1377.598367991459 67.7141997405318 26.0765 18.228693450971555 0.05336628466356544 19.752375613521217 r
2458784.0369213 1484.2638640141708 65.366950763416 26.089 18.160222214457292 0.0478142061964012 19.80317942297084 r
2458784.041794 1466.0628325726168 96.8124364496351 26.1044 18.18901854071947 0.07169492324481433 19.39214711410883 r
2458784.0466667 1606.3826188782211 160.175942555162 26.1384 18.123777508981668 0.10825753390781857 18.87948176846788 r
2458786.0175231 1316.8776582219652 47.5213375766481 26.0653 18.266436425972735 0.03917897451205029 20.125653348727212 r
2458790.0195833 882.5982569862896 32.6598416575357 26.0887 18.724292336403984 0.040175459000637175 20.556239802045745 g
2458793.0198032 1446.5587470277633 40.6957002110551 26.1093 18.208459810688275 0.030543745153749035 20.338003675756568 r
2458793.0493866 1044.3189308683063 62.3672967400969 26.1482 18.601117123152708 0.06483859678232917 19.91338268836762 g
2458796.0330093 1395.5088638639895 47.9920134336954 26.1202 18.25836850163778 0.03733758368305241 20.169852562922316 r
2458799.9856829 1379.4178611037216 63.7068827422615 26.0785 18.229260387348468 0.05014184935805505 19.82060910159045 r
2458805.0048032 969.9604982931893 78.2953053147633 26.1359 18.669014880114325 0.08763780909616388 19.654135684175316 g
2458805.0482292 1520.6831579381592 61.2531720622182 26.1521 18.197003159958257 0.043732034882347746 19.936853529080917 r
2458813.0516435 1448.0889573389936 37.5549209048271 26.1476 18.245611895597914 0.02815668016783713 20.463507860057796 r
2458827.9401157 1292.698266163633 68.4143931968119 26.1069 18.328157084226678 0.05745927618067715 19.77160629084038 r
2458830.9582986 1595.5456931341344 45.8301053142553 26.2792 18.27192688498789 0.03118540920125435 20.37889785110213 r
2458831.0457176 1329.0863147436296 55.8367424061823 26.3809 18.572017034476104 0.04561174888185169 20.266174806646543 g
2458837.9598843 1624.4269444755573 83.7156628941752 26.2394 18.212649538628476 0.05595209776180467 19.684958187900587 r
2458838.0008565 1225.977523868083 64.882045321595 26.3337 18.61249372941665 0.05745817948065043 20.05596365919931 g
2458849.9549769 1609.2152541875316 32.5572914627445 26.2925 18.275964648215414 0.02196564521068258 20.763454320462316 r
2458849.9994444 1106.615120372056 30.5186694638421 26.3829 18.772908500112894 0.02994186400214134 20.92406100025064 g
2458853.0018634 1172.6048530336302 27.4623670850817 26.415 18.742120781856467 0.025427058285778802 21.07073006917288 g
2458855.9815972 1183.554589873926 34.4298344258723 26.3881 18.705129265050694 0.03158322527408844 20.79833765372436 g
2458856.0391088 1633.2068809661287 30.8513018781546 26.2884 18.255796997479806 0.020508888885710688 20.817791250848714 r
2458859.8667593 1513.7533674335311 96.8190454450834 26.2603 18.3101621943354 0.0694409273671477 19.54797299779709 r
2458864.8397685 1580.5234376175363 43.7815917292673 26.2308 18.233797649035072 0.030074640469816283 20.380146122195335 r
2458864.9154745 991.8576237383086 51.1399285096037 26.2872 18.79607666049792 0.055978417722507536 20.26787469772387 g
2458867.8549769 1564.0500107637956 35.5345101689635 26.2694 18.283773411036485 0.02466661387099983 20.645349156111926 r
2458867.9162037 1083.545782904885 29.3891047569339 26.368 18.78088183443473 0.0294475337710802 20.950109096881214 g
2458873.816412 1329.7277023331958 29.0085596987588 26.0834 18.273993208637734 0.023684994461407927 20.67965957360019 r
2458873.8586806 1110.535835774117 26.764890245007 26.3209 18.70706855670627 0.026166324762269655 21.004561322139075 g
2458876.8388194 1628.2683745611685 26.3900756804763 26.2547 18.225385030580853 0.017596426740164987 20.953673399971507 r
2458879.8620486 1588.5519871573454 61.2054554173258 26.2895 18.2869964195675 0.041831028184039346 20.0750996547091 r
2458879.9684028 1110.932548598319 55.874456876354 26.3324 18.718180772226653 0.054605383474628476 20.216941702579494 g
2458883.7861111 1491.5934644582296 70.7301349097335 26.16 18.22587382051058 0.05148300076481606 19.788563773032834 r
2458886.9389815 1332.2054534606543 68.1952967788915 26.3845 18.57307198216438 0.055576738197933837 20.052688929843107 g
2458891.8175 1703.1649526527058 73.9467642152945 26.2967 18.21855822073114 0.04713812469162289 19.876977052258987 r
2458891.9204051 1291.4404831122831 94.3402335752303 26.3608 18.58311400944388 0.07931081062736228 19.676632621228336 g
2458894.7741088 1686.870639959014 31.2574395023723 26.2433 18.17559555153854 0.020117844998802138 20.758491490935345 r
2458894.8178935 1249.1456107293238 26.8410190454743 26.3448 18.603267334308175 0.023328981127073784 21.025377488600782 g
2458898.8353819 1658.4397187217212 23.8813993722497 26.2688 18.219550774187454 0.015633993208047443 21.076225560545932 r
2458898.8778009 1292.0571038921646 23.0748742304773 26.3904 18.61219572948 0.019389538493741438 21.235126632700403 g
2458904.7492593 1643.4703833043284 31.4784039644596 26.2199 18.180495294644054 0.020795083094530736 20.7274432281476 r
2458908.8145602 1201.1573809075435 29.2601260460707 26.3477 18.64870021425341 0.02644759075968598 20.93458450756821 g
2458911.7318866 1834.019647986359 53.2435370109452 26.2131 18.054590040031478 0.03151902336283649 20.15000774342907 r
2458911.8580556 1255.0753806253465 49.280931997468 26.3441 18.597425473492226 0.0426303540772127 20.364977707709265 g
2458915.7333681 1136.0250905235346 86.9584498373689 26.2512 18.612730191466582 0.08310625335301568 19.655495516141144 g
2458915.874919 1882.67435394989 61.3749748300749 26.283 18.09606198343306 0.03539369941127158 20.065596671593568 r
2458940.732963 1226.3455112616243 47.6675948374931 25.8361 18.114567885526313 0.0422007560184444 19.89311689092179 r
2458940.8372569 212.09037065823273 48.2200684530955 24.336 18.51969762226031 0.24684066587769724 18.380505432746713 g
2458954.7322685 1623.538880691013 28.4491833362029 26.2325 18.20634326595133 0.01902466193785837 20.84990047908717 r
2458954.7747917 1102.2423180032984 27.9922402990325 26.296 18.69030729818629 0.027572136177562948 20.930980844944116 g
2458962.7096991 1150.5556677132827 26.8298695376569 26.3323 18.68003090968559 0.02531749673175576 21.013328586944645 g
2458962.7518056 1647.7178318412496 25.9597365116684 26.2495 18.207292895684667 0.017105165329930005 20.966324288880458 r
2458965.7106829 1145.7764223162778 21.6633954664798 26.319 18.67125029716769 0.020527520029090564 21.232258669518817 g
2458968.7074074 1695.0447265972784 26.7618902400101 26.2768 18.203847094303995 0.017141367291178367 20.960583026228633 r
2458968.7310995 1144.9440308176138 25.420154591232 26.3454 18.698439356893573 0.024104813071074014 21.0850295207516 g
2458975.6681944 1587.9489434150157 57.2755210854828 26.2191 18.21700866338312 0.03915997016174636 20.07675236657008 r
2458980.6702431 1232.4368173129594 22.2961687201598 26.3224 18.595488340564344 0.019641534591813878 21.204399383853918 g
2458980.7316667 1641.5646077073402 25.7485746942723 26.2299 18.191755049746565 0.017029623698219573 20.955592004701842 r
2458986.6938889 1180.4386089403488 24.4538211440632 26.3252 18.645091485867482 0.022491227764857905 21.106908160560145 g
2458986.7322338 1685.2734124376152 31.6866865003905 26.2442 18.17752407692177 0.020413444655080538 20.744582921464573 r
2458993.7326389 1100.4789927209824 31.5749216526869 26.2142 18.61024560842955 0.031150883083702636 20.718419285141252 g
2458996.6717361 1204.2704618337543 27.8265179559385 26.2983 18.59648991456622 0.025086765392185628 20.93972782736128 g
2458996.7323032 1598.000968557304 31.3847746057433 26.2018 18.192857404484094 0.021323172175682945 20.712577454035284 r
2459005.6702431 1234.450552489669 82.546443525381 26.2898 18.56111575402428 0.07259964650245168 19.750629072587962 g
2459005.738669 1629.898497072592 79.5299406599541 26.1956 18.165198601772104 0.05297609435777431 19.696848343133183 r
2459013.6862037 1723.0984320106136 44.2254493242641 26.2611 18.170324781919646 0.027865831364796798 20.399494354224366 r
2459013.7126736 1097.21832775206 45.0477492511718 26.2007 18.59996736656071 0.04457484907511417 20.31909224683314 g
2459142.0238194 1463.231801528016 54.2537496088739 26.1373 18.22401717144315 0.040255614926386366 20.053800592389898 r
2459142.0285532 1524.5393514992088 48.9518433305731 26.1588 18.200953402798167 0.034861032778025214 20.186952363560614 r
2459142.0332755 1494.7296467110937 52.4555953013227 26.1556 18.21919337881576 0.038101231178465915 20.108695439014127 r
2459142.0380093 1538.9689128628645 71.7955319408163 26.1988 18.230725382046504 0.0506497619130856 19.81113144519164 r
2459142.0427315 1427.5860909022354 118.069731909585 26.2085 18.321994230163448 0.08979374956870122 19.280728546342218 r
2459144.0267824 1510.3834926457405 38.1517593258698 26.1721 18.224381923829334 0.027424402677719277 20.47088856476299 r
2459144.0314583 1548.7475498820104 43.5340753239447 26.1837 18.208748419172572 0.03051817294742942 20.33920167826986 r
2459144.0361343 1580.7491470454538 46.1974699724186 26.1943 18.1971426096378 0.031729634801828964 20.285329509528548 r
2459144.0408102 1585.0090949013816 67.7210683467172 26.2104 18.21032060356171 0.046387597484799 19.886165487192628 r
2459146.0247338 1417.6857474977362 37.5025760026091 26.1298 18.250850066840083 0.028720431758518277 20.44722223948765 r
2459146.0294907 1462.599398780665 42.3651822239971 26.147 18.234186523584455 0.031448035859264915 20.332052292250403 r
2459146.0342477 1450.470995074006 46.019879234694 26.1483 18.24452737829644 0.03444659221369541 20.24351130251216 r
2459146.0390046 1478.7258667535684 60.523719519026 26.1721 18.247380825303576 0.044437311714894956 19.969860964206127 r
2459146.0437616 1363.67051078381 107.596999161784 26.1951 18.3583263774143 0.0856644336488616 19.3681745911698 r
2459150.0293056 1348.8700250598695 69.0135187939518 26.1687 18.34377474056966 0.05554870073657972 19.8239395607755 r
2459150.0339815 1508.2916011406876 75.911882993582 26.1764 18.23018671824176 0.05464296910743349 19.72820057858465 r
2459150.038669 1380.2622218073286 86.3036285236184 26.1803 18.33039599655907 0.0678855423322396 19.592802350548137 r
2459150.0433565 1510.8717149333559 108.555580205722 26.1997 18.25163102290781 0.07800714796924442 19.363144606918674 r
2459155.984294 1536.4111425683577 72.7402716021097 26.176 18.20973137961588 0.05140167933590524 19.774137693366885 r
2459156.998287 777.6967480768153 84.6615054436947 26.177 18.949974292586624 0.11819130874280118 19.610360022174397 g
2459157.0476852 1647.835736313369 64.9899659325552 26.2885 18.246215207277245 0.04281956293218589 20.00895921588011 r
2459158.9966782 855.572430093844 81.3947306945835 26.1723 18.841658046375116 0.10328787605441701 19.64838426269672 g
2459159.0288889 947.1010958332117 75.324634946295 25.8144 18.37340915223009 0.08634765234776401 19.37463240020134 r
2459165.9839699 1637.771869909644 35.5987463317458 26.2487 18.213066481315902 0.02359886599744122 20.62268822953618 r
2459166.0320718 1148.2368274928983 32.1148317056698 26.3564 18.706321320207195 0.03036575029471553 20.84221086295385 g
2459169.0040394 1083.5605525787166 33.3512269109552 26.3275 18.740367035004404 0.03341707758837371 20.772295451185464 g
2459169.0419097 1736.0292351090002 36.7480363809519 26.3183 18.219407413711593 0.02298195346709956 20.657789645010848 r
2459170.9990741 1151.016746646348 34.6349049900094 26.3427 18.689995893959427 0.03266947805687039 20.74648998760021 g
2459171.0454282 1707.8807049151098 37.4248602706696 26.3278 18.246656169899843 0.023790988843032577 20.647474520315644 r
2459173.9822801 944.992793441196 29.2178774620401 26.1598 18.72122875856985 0.033568350764900196 20.748253330801255 g
2459174.0330324 633.8731064732548 34.2258685817032 25.3333 18.328294184452496 0.058622183430214726 19.749988793057653 r
2459177.004294 1160.2378390200313 31.8160236225595 26.3182 18.65683243730718 0.029772048182973007 20.814160238084312 g
2459177.0493866 1653.961721973456 43.3808147854435 26.2985 18.252186364117193 0.028476203522025574 20.45783072730091 r
2459180.0251389 1712.503418699092 34.0906585686873 26.3178 18.23372138211341 0.021612936712348436 20.73878651146289 r
2459181.9890741 1742.9619966073055 64.0168130835507 26.3101 18.20688020526528 0.039876402411584105 20.046939863947642 r
2459182.0260764 1282.3401306123615 47.3673851174238 26.3858 18.615791915873 0.04010384514553793 20.449676462975425 g
2459184.0068519 386.7815879300816 218.813629572349 24.0664 17.597735519840526 0.6142121679009293 16.468789064022612 r
2459184.995162 1810.8977695433775 56.6731184974391 26.326 18.181265165457773 0.03397762468291326 20.195132212145644 r
2459185.0234259 1398.8851997207375 80.7232153496443 26.4074 18.54294481165021 0.06265074140651773 19.892478858416954 g
2459186.0142708 1281.913575709375 62.9414176106779 26.3936 18.623953132943385 0.05330741353768569 20.148833688730544 g
2459186.0246759 1887.448995518998 50.6471889318433 26.3381 18.148411938669376 0.029133318650648967 20.329286624804098 r
2459187.9883796 1677.0474504804924 89.1885086970685 26.3165 18.255136623165313 0.057739549268366774 19.693302733571144 r
2459188.0260069 1274.391172857792 86.2317105816975 26.3775 18.614243113404218 0.07346391765144165 19.79090748590467 g
2459189.9656713 1212.1393700233198 117.927069377426 25.8622 18.153318606875967 0.10562598855328677 18.93574122426201 r
2459193.0045833 834.6371419435063 92.9868968940237 25.292 17.988255731956187 0.12095780176132503 18.62352060184888 r
2459193.0384259 752.8894910523593 62.652014320864 25.7087 18.51687191191598 0.09034698020965144 19.468937392838804 g
2459193.9618287 1227.2951454041781 43.0848696134769 26.3152 18.592827459102402 0.038114094327283424 20.48196303168379 g
2459194.0181713 1756.2234267788133 35.686826782937 26.3235 18.212050584906486 0.02206165072589847 20.694805156951404 r
2459194.9821181 1816.2452422177307 35.3831477552047 26.3149 18.1669637758935 0.021151044266972688 20.695483824176648 r
2459195.0279167 1320.8018273633736 33.7780455762967 26.4051 18.603005847218093 0.027765576426701938 20.83608869578719 g
2459195.0288542 1368.3599603018572 31.4110142663544 26.4188 18.57829910557283 0.024922490556839986 20.928670089013018 g
2459198.9823611 1696.5551833445622 48.0717840569985 26.3181 18.24418002405502 0.030763240985650524 20.365949388865786 r
2459199.0038426 1364.8119056753449 38.6948271446656 26.4089 18.571217994188167 0.030781511837834764 20.69234271179894 g
2459199.9843171 1553.7594868187687 36.4180922569802 25.6427 17.664240516655372 0.025447389444010697 19.991982009755347 i
2459200.9454977 626.506634142779 32.092852469973 25.5394 18.54708581464207 0.055615069382823214 20.02595418996174 g
2459201.0193171 1084.709645330873 39.8974385191572 25.706 18.117716245105946 0.03993386542353086 19.956212453746648 r
2459202.9731944 1461.050868650391 33.6683045926185 25.6517 17.74003665799181 0.025018758128504757 20.086221870346613 i
2459203.9008796 1152.1822648206187 46.5395180504392 26.2761 18.622297035041175 0.04385413340416974 20.35912028528976 g
2459203.9824074 1854.8933318101322 46.121081792228 26.3215 18.150702650079523 0.026995438305315717 20.414326275838054 r
2459206.0332639 908.970058605108 30.2772812496777 26.0329 18.636526055412478 0.036164056166184434 20.582682801461836 g
2459206.9769792 254.593383177153 40.3017479463273 23.8015 17.786882219370803 0.17186466984839593 18.04076528280332 i
2459210.9255903 1302.2959431522686 77.061072719659 26.0592 18.272425780830403 0.06424438860587879 19.59468736349832 r
2459216.9061806 1308.6766578795846 94.8349120523948 26.1174 18.325319109454124 0.07867662603695566 19.427554374704233 r
2459216.9418287 1126.56140793216 76.4891050081983 26.3764 18.74701282565328 0.0737147755308175 19.9199760408768 g
2459216.9787037 1469.9660671717388 44.0281218703638 25.6398 17.721531726072012 0.03251866351352263 19.783049589316164 i
2459219.940081 1078.3580150485634 60.083773040636 26.3966 18.814692573413964 0.06049285254051807 20.202281996776293 g
2459219.9778819 1677.924396799906 50.6294131920777 26.3249 18.262969028303928 0.03275973220692958 20.316467754581822 r
2459220.0440046 1447.947088111041 50.8601868452469 25.6488 17.746918270349358 0.03813599634356936 19.6354301108805 i
2459220.9542014 30.232105711485133 74.9399386634616 23.6831 19.981929006267364 2.6912545286586123 17.248891655914125 g
2459222.9049769 1041.555750552875 28.9206652493152 26.3891 18.844893697369145 0.030146409584426298 20.988654292605123 g
2459222.9370255 1317.538473554118 37.1685584134469 25.6493 17.849891735149466 0.03062825464263133 19.976435696000017 i
2459222.9664815 1503.303784772241 32.6036360530331 26.2624 18.319783122852286 0.023546649733301242 20.7318098977546 r
2459224.9564352 790.5616425409813 34.6997035755477 26.162 18.91716065281247 0.047654055224440287 20.563760577114596 g
2459224.9846875 1530.487682220324 37.6614244408702 26.3343 18.372225403430697 0.026716326430104867 20.647133134165014 r
2459226.958044 1034.2859702233343 35.2795074221879 26.4098 18.873198415873585 0.037033240622995796 20.79356870711758 g
2459226.9614583 1369.8508997509216 37.1231104222799 25.6548 17.813116751706268 0.029422589708703203 19.98326409624657 i
2459226.9847917 1550.9418648464712 36.8438438675423 26.3127 18.33621120219321 0.025791657439687747 20.64936265607416 r
2459228.9369213 1044.6886422505975 24.5872440246203 26.3957 18.848232817186165 0.025552465833285933 21.17150036027549 g
2459228.9772917 1583.0854953764901 27.5121508025825 26.333 18.334239075497926 0.01886818002792713 20.9867636308538 r
2459229.9820833 1277.3820127789727 49.3857951235715 25.6563 17.8904980089331 0.04197503740405276 19.674869863135022 i
2459230.9438889 1622.4741599088582 32.5282458881149 26.3188 18.29335552799596 0.021766705093602363 20.790723378576924 r
2459230.9648264 1130.3945127189957 26.1250944004314 26.4267 18.793624898381857 0.02509213789646144 21.13663031815525 g
2459232.9364352 1143.1783588600358 25.7968320098416 26.4219 18.776615014069286 0.02449978194217559 21.14555905032953 g
2459232.9740856 1380.1416753767146 24.3780542575973 25.6546 17.804790824438633 0.019177200413319204 20.43967739088747 i
2459232.9849653 1658.307429084861 27.32101310636 26.3265 18.277337384135052 0.017887168210989863 20.98783299007473 r
2459248.8372222 1176.3893880589449 118.5851395028 25.9591 18.282722254547554 0.10944325685445477 19.026599317101493 i
2459249.8793056 1173.7103704505646 58.9516523578423 25.9614 18.287497645355998 0.05453117785807718 19.787735033019164 r
2459249.9220023 1103.8337697838995 53.7317768346371 26.3247 18.717440809046927 0.05284907175904414 20.25169698336827 g
2459251.8521991 1341.2771319434269 27.4758828558007 25.6557 17.83690369959362 0.022240419452555785 20.310895848955937 i
2459251.8997917 1238.6040107795804 30.5833566216551 26.4064 18.67406879503899 0.026807882095611853 20.94526211689246 g
2459251.9427315 1718.3858942021322 30.1240492847494 26.3202 18.23239825245036 0.019032791422928946 20.87549161550576 r
2459253.8529514 1703.8710789474976 26.8929064756362 26.3175 18.2389081715463 0.01713605502279783 20.99598063532001 r
2459253.8600926 1148.3098533764608 26.5631741222491 26.3292 18.6790522714512 0.025114857335523617 21.021075066428534 g
2459254.8503125 1183.5027469298302 26.3384562784213 25.4508 17.767876824322286 0.02416188898222933 20.151899196746083 i
2459255.8593171 1240.789096906489 22.9437942947259 26.406 18.671755078553005 0.020075996418641356 21.256911888442115 g
2459255.9019097 1748.3209413803654 25.8734752883745 26.3231 18.216547101055575 0.016067320053038674 21.0435380730319 r
2459257.871169 843.2300203062412 29.1925540067315 25.9557 18.64083485073542 0.03758684477765361 20.545094758326762 g
2459257.916713 1389.8255372249394 35.7544226758066 26.0248 18.167399281695417 0.027930539236336215 20.3940505643837 r
2459257.9188079 837.456702132398 34.6891920838796 25.1401 17.832694093596654 0.04497194392207979 19.542189526207935 i
2459260.8752894 1041.5733411391798 21.6978906048878 25.3376 17.793375360784545 0.022617130161916115 20.24913120098862 i
2459262.8177199 1253.4430283309227 28.2528531616437 26.3834 18.638138502177846 0.0244718922075318 21.008319208347523 g
2459262.8496875 1818.8015962884974 28.7262339460545 26.3161 18.16663668326021 0.01714759447037803 20.922978256555275 r
2459264.7954977 1814.1745875785527 37.9774381363063 26.3246 18.177902302046668 0.022727748953655997 20.628360826756158 r
2459264.8815625 1470.5239883003374 23.4251627940396 25.6596 17.740919716397052 0.01729499106973729 20.48796844487008 i
2459265.7782292 1759.4341082325716 31.6383391870911 26.312 18.198567482723924 0.019523177761928592 20.814040794890804 r
2459265.8778588 1324.685844787756 29.5510142679226 26.4432 18.637917761019917 0.02421973203452179 21.019344010177473 g
2459266.8005208 1219.989858499792 58.0688335624144 26.3806 18.664709448755517 0.05167693170518603 20.223317233207638 g
2459266.8042824 1296.5960336100275 62.0493790901914 26.3735 18.591488278180762 0.05195682319855264 20.144231389160222 g
2459266.8226852 1823.8625126026488 55.9367943602678 26.3241 18.17161975749227 0.03329778270966287 20.207431053928975 r
2459266.8330093 1799.9458606442463 60.8674583415186 26.3172 18.17905139387654 0.03671432622853094 20.1088120712034 r
2459266.9165509 1255.7665681666947 46.1662063506612 26.3868 18.639527707983937 0.03991398680734699 20.478564518109444 g
2459267.7874306 1265.3136520202663 52.8991190954804 26.3858 18.630304515356492 0.04538998967589041 20.329753889183394 g
2459267.8174537 1851.0829579212786 50.5269116605508 26.3336 18.165035293798304 0.029635121297569057 20.327368104625656 r
2459267.8529167 1511.6897536088445 39.2116090136431 25.6751 17.726443326519963 0.028161892216627404 19.94413833027189 i
2459267.8596759 1421.9736958424764 56.44572103652 26.4379 18.555671093150867 0.0430972243076841 20.311397426459777 g
2459267.8995718 1891.0326622951243 56.8467437224313 26.35 18.158252424672128 0.032637463588035875 20.215811007624417 r
2459268.7872801 1476.8512301497374 54.0549124384272 26.4414 18.518058127290807 0.039738206013106764 20.361887068693044 g
2459268.7984722 1842.3794687864852 38.7678705541238 26.333 18.169552286831255 0.02284560687616417 20.61439512244229 r
2459268.8560069 1820.6632506679898 41.3786573893483 26.3369 18.18632593438814 0.024674968482575138 20.547534001577386 r
2459268.9212384 1312.3499958596094 44.9306806019863 26.4154 18.6202758144592 0.0371709072149035 20.53661749601323 g
2459268.9322917 1276.451985036668 43.1519401961588 26.4118 18.6467887923879 0.03670334804612629 20.57687417109779 g
2459269.7446181 1271.2260414788254 62.2985926982272 26.3466 18.58604304761467 0.05320657372136749 20.11297939860743 g
2459269.8118634 1945.4471948023743 46.6690900493307 26.3158 18.093251381846272 0.0260447218520909 20.39580165634963 r
2459269.877338 1798.4717549206175 48.2281849497224 26.2766 18.13934094601545 0.029114352369812326 20.320922694875293 r
2459269.9225 1263.1458951640775 57.2419817972445 26.3838 18.630166212278766 0.04920066626919263 20.242088336088216 g
2459270.748831 1279.6942607993929 140.035386176806 26.3141 18.546334444451002 0.11880683021676207 19.201080505688438 g
2459270.7882986 1146.914515500663 87.7906502608184 26.3415 18.69267237684639 0.08310498097285215 19.735454324575525 g
2459270.8114699 1960.9521961154417 75.1675527397102 26.3309 18.09973248346992 0.04161723685624155 19.893398961720216 r
2459270.8372801 1696.1392785409537 72.2718823980818 26.3145 18.240846221268086 0.04626128509157266 19.919651572841865 r
2459270.8578472 1895.8174417833661 80.501804234632 26.3208 18.126308713701796 0.04610191199386972 19.80886095406749 r
2459271.7836343 1858.4373967611464 120.453433464329 26.3127 18.139830159865767 0.07036895240062255 19.363227029520402 r
2459271.7966782 1652.383618550454 113.714189080196 26.3278 18.282522797988946 0.07471600038777503 19.440838342507476 r
2459271.868287 951.2476065806435 135.54629350477 26.3911 18.945366057354025 0.154704842188376 19.313455873273785 g
2459271.8954745 1469.9717291873787 88.2212885378689 25.6613 17.743027544041098 0.0651589762331782 19.04994149744926 i
2459271.9039005 1091.0390393043197 119.036898130008 26.3929 18.798299273274544 0.11845438673042909 19.456270985460147 g
2459274.7065046 1339.7467207090626 182.407929947133 26.2582 18.440643243258368 0.14781920081042574 18.858165702185808 g
2459274.7340972 1095.4281587745236 161.526446840751 26.3075 18.708540248523537 0.16009198040991782 19.039465889571588 g
2459274.833287 1474.9328461166083 67.9955598823499 25.6663 17.744369381799153 0.05005162069489288 19.33767360377498 i
2459274.8575463 1776.6481660595919 103.679641945776 26.3214 18.197396420170904 0.06335806346519673 19.534741267391357 r
2459274.8585185 1938.3984984882115 109.478870237061 26.3194 18.100792338203174 0.06131928471316859 19.473649221469422 r
2459275.7290625 1194.261707819651 75.0802133181607 26.315 18.62225123115811 0.06825521329688053 19.878761244484856 g
2459275.841713 1855.5713065429693 63.89659266678 26.3232 18.152005879435798 0.03738607641415186 20.062080739909106 r
2459276.7316319 1202.7178118271636 30.5680782936091 26.3205 18.620090643084705 0.027593972814747545 20.859904646573924 g
2459276.7485301 1236.9596796553412 40.1883025064406 26.3406 18.609711141364922 0.03527393879435103 20.58292583257854 g
2459276.8661111 1911.9831375707959 43.7151046538621 26.3109 18.10718985558422 0.024823173484154595 20.461896183095785 r
2459276.8694097 1786.486453826971 46.7893962692376 26.2999 18.169900681302188 0.028435282798081267 20.377106385510036 r
2459278.7963889 1374.5273831454356 33.3441107321179 26.4064 18.561016509448518 0.026337562616626304 20.85142714033513 g
2459278.8589699 1551.414973756151 38.3229873535979 25.662 17.685180053003904 0.026818915682543236 19.955926599533647 i
2459278.9250579 1775.1321697845326 47.9593269918216 26.2944 18.17132326360514 0.029332712347464786 20.344792289007692 r
2459280.7869676 1900.757214818528 24.8657315137251 26.3261 18.128783380900963 0.014203142039383929 21.089671888986462 r
2459280.8584259 1211.1270185406138 32.228847314062 26.2917 18.583725768156988 0.02889115591776697 20.773663056754728 g
2459290.7552431 1745.636022486092 30.640166520636 26.3171 18.21221576169124 0.019056680982143026 20.85394718607342 r
2459290.7951736 1400.1547415738514 31.1978774376114 26.4204 18.554959911343815 0.024191280098042032 20.937662370178774 g
2459291.7712616 1460.5312692094635 20.981821554999 25.6386 17.727322851433797 0.01559703933938535 20.586567016295906 i
2459292.794294 1196.1614215173927 27.9853262442247 26.3312 18.636725521304292 0.02540097695577868 20.966449053804496 g
2459292.8368519 1774.702626551304 30.9296271153712 26.2703 18.147486019856547 0.018921646734931317 20.79693827860503 r
2459294.7500116 1220.0410458204256 44.7071561337098 26.3064 18.59046389529376 0.03978436592822058 20.433032377044025 g
2459294.7942014 1344.7445859688185 27.1037692659259 25.5869 17.7653004888527 0.021882640465003583 20.256900760353826 i
2459294.8183449 1651.0397239029394 38.0797104441813 26.2243 18.179906193789858 0.025040670451898894 20.525140895720007 r
2459297.704537 1195.4464487110004 78.8239653988518 26.311 18.61717468448368 0.07158763098573745 19.82192929130843 g
2459297.7562384 1733.6476558646998 59.1282236720589 26.2496 18.152197908243146 0.037029157697407236 20.072687908819752 r
2459297.8570833 1450.270101951967 48.1043369679581 25.6148 17.71117776533819 0.036011828814383064 19.66191440652355 i
2459302.7395602 1863.7558325743626 90.4149972024573 26.3296 18.15362746105945 0.052669754667979685 19.69157380616661 r
2459302.7404977 1838.5721549748437 88.4753272147394 26.3294 18.168198303809927 0.05224579437751622 19.714919545421452 r
2459302.8301273 1384.6285100913021 98.057374321615 26.3937 18.54036682580998 0.07688769263746953 19.66757433921019 g
2459302.8334838 1169.1528613599041 109.307662793229 26.3894 18.719721757798936 0.10150540054836896 19.545348468270955 g
2459303.7800694 1340.1168610294399 78.1940027056322 26.3675 18.549643321462373 0.06334912365201552 19.887141376706328 g
2459303.8089699 1577.3278885127477 47.7837677374279 25.6532 17.658395044784978 0.032890331179930954 19.707574012237835 i
2459303.8152431 1943.9934780296853 62.8419834845942 26.2809 18.05916299109184 0.0350965896955453 20.03785027855442 r
2459304.7330671 1296.8291875094471 58.1055368058988 26.3209 18.53869305864754 0.04864571365124736 20.16293119477278 g
2459304.7340046 1262.3866146835737 62.7921409867418 26.3288 18.57581904753539 0.05400360450304183 20.08661176117343 g
2459304.7747454 1770.0097685213427 76.8940076899732 26.2747 18.154760842000556 0.04716574203923511 19.812543747217454 r
2459304.7756829 1905.7180849118154 77.039905859438 26.2679 18.067753361582415 0.04389013593029017 19.803685630606545 r
2459307.6988657 1491.1631460704314 28.529959664221 25.6482 17.71438709599192 0.020772359677122623 20.26252209503467 i
2459307.7477778 1963.3833566876517 27.4942530981174 26.2879 18.055387236940923 0.0152036078369258 20.94237017354802 r
2459307.7782176 1401.3811783138656 29.7530305287861 26.3975 18.531109299326246 0.023050734336227997 20.96624696946927 g
2459309.6719213 861.2199550321345 33.375649091739 25.8801 18.54231478960878 0.04207513075744857 20.324100687556516 g
2459309.7325347 1852.8822314171273 29.0575803831652 26.2595 18.089880458544457 0.017026346568110785 20.853926369450186 r
2459310.7911111 1489.3126141432676 29.870670243746 25.596 17.66353533025464 0.021775540189250896 20.160462570422087 i
2459311.67 1043.243350228944 36.4428213270975 25.6122 18.066235937144707 0.03792592697202128 19.960745009724835 r
2459311.711412 461.78585408725866 31.5935192580559 25.2436 18.582498437457573 0.07427920009864526 19.74717997558214 g
2459313.7117361 1520.7173572564798 33.0942636778763 26.0878 18.132678742629533 0.023627297935161513 20.54099318213306 r
2459313.733287 1338.0547092893135 28.5563451139977 26.3382 18.522015322816767 0.02317066983511787 20.95151843434047 g
2459315.6865625 1487.17883773503 24.8539727145258 25.6129 17.681992007795024 0.018144393593750415 20.376985446114418 i
2459315.7114815 1369.5793283540065 25.9942110758781 26.3569 18.515432019024082 0.020606265282200654 21.072283386322038 g
2459317.6921991 1936.854939744043 24.894427500381 26.3036 18.085857261093018 0.013954519454479855 21.06591963112737 r
2459317.7332986 1474.3905018937824 25.8931236373916 26.4007 18.47916868882339 0.019066973299819392 21.120313876528414 g
2459319.781088 1575.9795160899216 47.6771856672473 25.6044 17.610523578960905 0.03284504649359727 19.66119846027298 i
2459321.7547454 1348.468306370495 24.8906096367337 26.3246 18.49999814125197 0.020040318897325972 21.087086154767135 g
2459322.7115278 1493.600382364578 34.4937055564104 25.583 17.64741395969685 0.02507351803385754 19.991225359558015 i
2459323.7268981 1872.6217470408094 36.7385620316417 26.2755 18.09437484348487 0.02130011405708841 20.615269604740696 r
2459323.7583333 1396.582744694607 38.6626349531594 26.3413 18.478633320334044 0.030056237575686304 20.625646366828427 g
2459325.7289236 1454.712704160129 42.2680797180793 26.382 18.475056921021356 0.031546059932440966 20.56954369456881 g
2459325.7333681 1568.0458642658202 27.9686511433897 25.6373 17.648903096625354 0.019365227279621543 20.27319618425262 i
2459325.7578241 1950.0757474886755 38.6900686701651 26.2939 18.06877129713546 0.021540603030058548 20.577476237805453 r
2459329.7333681 1857.6754759587607 84.4839489668053 26.2783 18.105875380471403 0.04937580572081404 19.713939475285684 r
2459329.8161458 1182.8011364067638 131.448910689533 26.2672 18.584920667215176 0.12065771493015102 19.22288251045767 g
2459335.6906481 1542.0349787694254 32.5464326584327 26.142 18.171764437122754 0.0229149548640323 20.6133165054909 r
2459335.7339815 1006.6573072953372 37.1941005319701 26.0754 18.56819587396477 0.04011457986239265 20.40178983768051 g
2459336.6800579 1504.5951492052995 27.530595894735 25.6372 17.693650856685483 0.019865787802586726 20.290235959859846 i
2459338.7077199 1163.5114417196924 30.4785052195028 26.324 18.65957335399579 0.028440212902337923 20.86659082977126 g
2459338.7367014 1674.642260924249 28.2519406346379 26.2521 18.192294883060242 0.018316229479421842 20.877054276650277 r
2459339.6711343 1436.6483992031483 30.506487512502 25.6034 17.710023766807495 0.023054279328675178 20.144994473475307 i
2459340.6917477 1208.748741951906 29.7735579003804 26.3231 18.6172599122902 0.0267426560132289 20.89109815076489 g
2459340.7548032 1588.3625948891759 30.8978877825134 26.2355 18.23312587224077 0.021119759980129337 20.763253010318984 r
2459342.6901389 1436.912749142006 26.2540185960301 25.6082 17.714624004710682 0.0198369650535357 20.3127855178522 i
2459342.7911111 1489.1743611873553 39.5043609968922 26.1701 18.237736123873013 0.028801116814909915 20.431062386021498 r
2459344.727419 1631.3586098034 27.5626944155363 26.2229 18.191526401599695 0.01834349427962629 20.87467081378125 r
2459344.7705556 1048.5736565914458 25.7914184189136 26.2193 18.667802643259634 0.026704602772912093 20.943186921274602 g
2459346.6914468 1629.4835083151663 31.9595849659341 26.2006 18.170475076465895 0.021294183844420625 20.69167216206813 r
2459346.8324537 763.292467950472 41.8263064017236 25.8679 18.661172557866543 0.05949334333441622 20.066851202688987 g
2459348.7473148 1126.5443596904242 26.8623075885767 26.2421 18.61272925621197 0.02588837900438483 20.92181669487897 g
2459349.7543519 1439.4832287234142 31.9836965640289 25.5835 17.68798347669609 0.024123031562070577 20.07375334778083 i
2459350.6926505 1274.3503703416648 35.4875256340245 26.3068 18.543577876261303 0.030234076496976642 20.68418569105526 g
2459350.7291435 1613.6937646214737 37.358755537764 26.2061 18.186547197817106 0.025135128967214346 20.527693986758635 r
2459353.7222917 1170.7262752926551 55.7238068744175 26.2533 18.582161586029734 0.05167675689898701 20.1407730431794 g
2459358.6798032 1447.3587284254606 48.4933015788194 25.5744 17.672959538706706 0.03637603898060555 19.612770605966887 i
2459358.7340278 1148.3865914359453 92.4439041071113 26.221 18.570779717422838 0.08739769990138288 19.558879293172897 g
2459358.7735301 1539.753974292992 90.3451071964786 26.131 18.162371665672953 0.06370347764697648 19.493813395343384 r
2459361.6922338 1815.9292997899781 47.2501561019043 26.2978 18.15005266006155 0.028249720121686764 20.36436687005819 r
2459361.7551273 1171.541649726866 91.1919675266216 26.2277 18.5558056677422 0.08451011465681622 19.58038352416394 g
2459363.6804745 1812.3626623251378 30.4084088804874 26.2946 18.148987233967166 0.01821622692181814 20.839690748443054 r
2459363.7281019 1232.406744774753 34.5357122533395 26.2865 18.559614833802296 0.030424551758115977 20.69340394620194 g
2459364.6929167 1459.3913986208188 26.9315071804729 25.5969 17.68647054431507 0.02003543214895738 20.273823342370267 i
2459365.6811574 1717.467361185314 33.0093355836502 26.2305 18.14327876884687 0.020866909295111834 20.686483031958712 r
2459365.7069329 1212.305934852131 30.526244909149 26.2552 18.546169421852074 0.02733826763118631 20.796091528653747 g
2459367.7086921 1708.0438342256455 32.4857147671377 26.1797 18.098452470068885 0.02064920104270697 20.653043922226193 r
2459367.7331019 1092.7757917690647 33.1115743878806 26.135 18.538672336173114 0.03289717486761373 20.587625411508625 g
2459369.7244676 1179.344303288299 27.912826292017 26.1944 18.515298466081227 0.025696444558849584 20.832465456977857 g
2459371.726088 1778.2490213230906 38.6786755260984 26.2125 18.087518554120756 0.023615049138303583 20.496396003861292 r
2459373.7167708 1699.5514902423797 42.4616124800152 26.2118 18.135964183337208 0.02712514032921587 20.394383782962546 r
2459375.7274306 1699.1969197422616 56.7438911448169 26.2017 18.126090719687696 0.03625644673677515 20.06947720488914 r
2459377.6939699 1512.5917424406966 27.4633146745848 25.6123 17.66299568709794 0.0197124709236377 20.267992606470628 i
2459502.0275579 1753.6510180148268 62.6291838879802 26.1354 18.02554207079723 0.038774251118762336 19.896033107889124 r
2459502.0299306 1683.2793265251996 63.2681184456317 26.1399 18.074509526009958 0.04080736637942307 19.88951269164928 r
2459502.0322917 1940.320155030069 65.6427459983752 26.1472 17.92751651268568 0.036730190708827395 19.856808138227226 r
2459502.0346528 1858.6568429920894 93.7336054668062 26.1647 17.99170196256818 0.05475275107345064 19.487536682905414 r
2459502.0370255 1901.808317943598 112.355537864703 26.1843 17.986383143646897 0.06414127349679924 19.310388781366214 r
2459503.027581 1802.9622727344176 94.0488278284497 26.0832 17.943233402155013 0.05663391515036367 19.402391521363377 r
2459503.0299537 1694.2085172088628 105.302563068315 26.1035 18.031082848206623 0.067481063612889 19.299977634014873 r
2459503.0323264 1764.0289355462 110.134027969134 26.128 18.011735738422942 0.06778376009408559 19.27577118137645 r
2459503.0346875 1801.4660937871145 129.650892675329 26.1499 18.010834768796265 0.07813745407868834 19.12053621083473 r
2459504.0313079 1896.0879665696862 81.3130991810609 26.1134 17.918753794987502 0.046559881892290496 19.590573703778745 r
2459504.033669 1863.9884397441683 88.0845402285102 26.1432 17.967091963553386 0.05130578242170814 19.533525759634156 r
2459504.0360417 1802.8322630931775 107.637470410444 26.1217 17.981811696230352 0.06482133918777067 19.294366282031145 r
2459504.0384028 1618.6216722142494 128.884193308438 26.1446 18.121736622511506 0.08644983017158646 19.12167584511433 r
2459504.0407755 1521.4239916844735 174.79971679083 26.1361 18.18047434884384 0.12473843817178507 18.782323177514098 r
2459505.0316088 801.529240804765 58.9650889008516 24.788 17.528201573516284 0.07987032008386587 18.614087595019786 r
2459505.0340046 1449.4825731301523 55.961963903509 25.9118 18.008767504306277 0.041916960808182226 19.794642621613207 r
2459505.0364005 1546.92180298536 53.7403686611603 26.0403 18.06662909841205 0.03771743222108683 19.967123385696084 r
2459505.0387963 1992.8552355671825 63.6409604494847 26.2001 17.951410620130115 0.03467135471099112 19.943333176008483 r
2459505.0411806 1922.1222294648624 86.7209226129387 26.2261 18.01664749654087 0.048983828519105495 19.633365265102427 r
2459510.0326852 1912.9165967638005 68.2029133913398 26.2262 18.02195991203954 0.0387094258025933 19.894267672652255 r
2459510.0350694 2182.1580773804826 70.1082865683562 26.241 17.893784479869435 0.034881325746408155 19.879151606218382 r
2459510.0374537 2012.2855749655196 77.1634161110282 26.2454 17.98617596506559 0.04163242131931439 19.77944637390606 r
2459510.039838 2116.5482370590316 96.4072369547188 26.2548 17.940729573290497 0.049452847484911314 19.547100898917105 r
2459510.0422338 2101.427443664916 115.2323694096 26.2442 17.937914000893848 0.05953466718309016 19.342838759295223 r
2459513.0228935 2096.018436025851 74.1521897845312 26.2311 17.92761225432922 0.038409505882834996 19.808365037455083 r
2459513.0254514 2062.378036054186 63.7524701123328 26.2195 17.9335793128055 0.03356128488130446 19.96083244834111 r
2459513.0279977 2042.0433007855868 53.8632719925608 26.2433 17.96813763273729 0.028637666194358313 20.167643160049362 r
2459513.0331019 2038.9399760396882 58.0844069686377 26.2441 17.970588897862704 0.030928934341823137 20.08652609004207 r
2459523.0526505 1626.9420413715773 95.2589535163951 26.3332 18.304769795532543 0.0635687339824108 19.63851047369718 g
2459525.0521644 1551.3825009869263 76.3033533368523 26.3701 18.393302778857915 0.05339917825882366 19.916315927900232 g
2459527.0531481 2217.4981937959124 57.188029115161 26.3202 17.955541813097735 0.027999591334072885 20.179512165137176 r
2459530.9775 1973.8935596689596 88.5790095058646 26.2555 18.01719067487867 0.0487210823245433 19.639747939967222 r
2459530.9958102 1348.8470257386307 66.5908132734357 26.2803 18.455393253404985 0.053599588827635096 19.97433919175407 g
2459532.0099537 1781.3478872379903 26.896079208335 25.6634 17.53652814245117 0.016392684104937 20.34175255144859 i
2459533.0203125 1584.9710780697055 33.700150494479 26.3439 18.34384664552304 0.02308449276968241 20.777395388407733 g
2459538.9834259 1963.6490542227793 63.2825755182476 26.1709 17.938240318146445 0.0349888856628485 19.9202646239899 r
2459550.9828009 1626.7480221500407 29.0427983207666 26.3684 18.340099281555723 0.019383313031591326 20.963378841603777 g
2459622.9439583 2019.4677077057183 56.4639095434032 26.3353 18.072207717558754 0.03035595288667327 20.208447625995408 r
2459623.0037616 1277.13566077424 38.7412713645039 26.3178 18.552207420904878 0.032934166363299995 20.599940317231095 g
2459624.775162 1457.8898829370294 70.5738760276563 26.3338 18.424488194569896 0.052556820717395696 19.964765063606492 g
2459624.8785417 2051.764431473678 44.9973001742444 26.3363 18.055981258003726 0.023810515500596777 20.455908846643958 r
2459624.9439468 1633.4098185187613 32.5641016641744 25.6702 17.63746209542747 0.021644810001727112 20.14092723434127 i
2459629.9620486 1983.0940883470812 87.1487806586749 26.3195 18.076141700265136 0.04771202320510544 19.7214217015063 r
2459630.8543287 1648.191628367075 32.5205814439103 25.6517 17.609180740237726 0.02142202075655121 20.123879234522132 i
2459636.8957407 1649.5091958962594 29.5773015122007 25.6537 17.610313147377724 0.019467655185970777 20.228878617730896 i
2459636.8986806 1978.4774875196008 37.3945073523972 26.3101 18.069272217679412 0.020520433964298736 20.63065544901481 r
2459636.9410301 1290.3654410971158 35.5181074696996 26.3323 18.5555181921278 0.029884564520781053 20.708750446714717 g
2459639.7711343 1908.393158799383 39.8616116281833 26.2987 18.097030372418864 0.022677586924460424 20.54988785541401 r
2459639.7773264 1334.6102849243196 36.3347015352935 26.3613 18.547913831658068 0.029558130865974204 20.713070996379997 g
2459641.7231597 1194.8469470813848 27.6965905944238 26.2495 18.55621930435242 0.025166560856867425 20.89600921064681 g
2459641.7965972 1542.9591795326744 31.0041493219877 26.0905 18.119613908656472 0.021816004833697045 20.614525439489288 r
2459671.8013079 1517.630632909034 26.1056218925853 25.6366 17.68368478982489 0.018675739059412305 20.34733988039165 i
2459671.8171875 1863.1644918686477 26.0703900399537 26.3101 18.13447200291333 0.015191692730248316 21.02230616738293 r
2459671.9023148 1215.319079910732 28.1202140162548 26.237 18.525274209584627 0.025121070558433385 20.867028434979247 g
2459674.8025 1869.1848383223569 31.2837251358919 26.2924 18.113269375907834 0.018170883736956748 20.806678835540367 r
2459674.8409144 1489.9492707783352 26.5555729326043 25.5984 17.665471295070148 0.019350581995229443 20.29058579991946 i
2459674.8586458 1305.7053342514394 31.9978413918233 26.2981 18.508487054106347 0.026606352511394947 20.78787328580085 g
2459676.8409028 1729.7143253617664 56.8683616349783 26.2104 18.115464044437704 0.03569490020508602 20.075798197900806 r
2459677.7707755 1444.58054333891 36.5048744936497 25.5936 17.694245597075465 0.027435882630780516 19.940297840049674 i
2459678.7538542 1804.0063837098817 33.0714616998544 26.2409 18.10030482496043 0.019903303165531502 20.694841513203784 r
2459680.7482986 1823.158445987451 69.6860665398478 26.2941 18.142038965735303 0.04149840218705463 19.938810110980107 r
2459680.7679977 1589.106796430267 45.3452718387631 25.6277 17.624817287280813 0.030980524245404588 19.738944964715202 i
2459684.7769907 1312.9755907954518 133.361785650826 26.372 18.576358369241994 0.1102769097126793 19.311996484521813 g
2459684.8174884 1779.4464209738992 96.8148207613624 26.2876 18.161887710110854 0.05906997235864116 19.575320374758157 r
2459685.7748495 1747.8276278525166 65.3284127838228 25.696 17.589753500140418 0.04058012164880444 19.410819722362948 i
2459687.7599537 1319.8073331551448 62.3075738343969 26.3243 18.523023657316227 0.05125546071204675 20.09052288717646 g
2459689.7561574 1844.3881094595492 48.5476768809661 26.2662 18.101569215715113 0.028577614721832973 20.3033538573046 r
2459689.7975231 1234.8459513239861 90.9516786178165 26.2956 18.566568044599556 0.07996644226714185 19.651148191966104 g
2459693.7478472 1278.3790651006545 37.0788972755564 26.2946 18.52795087508481 0.03149031447014657 20.624357964735964 g
2459694.690544 1478.6561065007263 28.6580566367928 25.5444 17.619732047115882 0.02104211517050984 20.15385814757023 i
2459695.7110995 1759.7097702819876 31.7471898142025 26.1871 18.073497386656086 0.01958727772236912 20.685411767625318 r
2459695.7554514 390.65529118517287 34.7139829663524 24.9517 18.472215722658625 0.09647628524940165 19.353013874091904 g
2459697.685625 1765.2070494994496 31.9388399205862 26.2421 18.12511086707668 0.019644153648498815 20.73387714494165 r
2459697.7119329 1311.228855359341 27.2756611831043 26.3309 18.536703755241533 0.022584299625087855 20.994036771605398 g
2459699.712338 1276.9702389387305 27.4544043762206 26.3115 18.54604806070853 0.023342162504926534 20.967544923856757 g
2459699.7617245 1791.0211024833302 31.8461590058313 26.2244 18.091648242750296 0.019304839448675816 20.719332341215072 r
2459701.7131019 1857.638147163207 44.6315310715865 26.2726 18.1001971978623 0.026084979660015682 20.401070525557618 r
2459701.7458796 1463.0871244343011 35.4281480661241 25.5841 17.670924528954583 0.02628984953323479 19.963303861479986 i
2459701.7583333 1303.5067524193398 30.4945855657024 26.2818 18.494016786899156 0.025399156151077785 20.823818150438985 g
2459703.7772222 1783.3724596749448 43.75093020307 26.2185 18.090394860950028 0.026635145487292653 20.368606761320365 r
2459708.7070255 1853.7691518393563 76.0855661770943 26.3052 18.135060872787953 0.044561157529516254 19.85451929743685 r
2459708.7119676 1977.6897433014346 62.5989331333375 26.294 18.053604596989565 0.034365178832049835 20.05515766005771 r
2459712.691956 1931.9120556322116 66.8482267758466 26.3038 18.088831618485266 0.03756750707101211 19.993650260152933 r
2459712.7342708 1370.7517495890174 80.2181406729032 26.3579 18.515502977807134 0.06353654872567803 19.84979351036801 g
2459714.6905324 1836.6536830256523 61.3256346909253 26.278 18.1179318149105 0.03625138598489265 20.061469860056427 r
2459714.7904745 1292.124524486606 95.2033906207045 26.2141 18.43583907635659 0.0799940866674343 19.520043949563256 g
2459717.6808796 1479.2127720991273 34.9595210204444 26.361 18.435923379912524 0.025659291677176614 20.75466130479773 g
2459719.6800231 1943.2799837066232 35.7904418238539 26.2996 18.078261556633862 0.019995925967415572 20.667757339966354 r
2459719.7130671 1913.5871303145118 29.0494269378361 26.289 18.084379396241367 0.016481592255078035 20.88373106560487 r
2459723.6770949 1453.1282324178485 35.1446473847162 26.0174 18.111640148401246 0.02625820819825241 20.405327013444207 r
2459723.7337847 1144.2269226241597 35.8218849210545 26.0839 18.437619594734837 0.03398960441307807 20.451103903239293 g
2459726.7154861 1338.8037490548477 26.1693041216346 26.3318 18.515007700392104 0.021221940485987325 21.03989455341928 g
2459731.691956 1257.0967784334664 37.0444210886016 26.2958 18.547378216442 0.031993660842893824 20.626567958565282 g
2459731.7371412 1780.662973264014 47.1686379686279 26.2088 18.082345679587906 0.028759507560640676 20.27724164957651 r
2459733.7246759 1820.499010688321 38.753848851906 26.2632 18.11272388184531 0.02311182453354149 20.54498788643238 r
2459735.7379051 1858.945289077013 36.6230080830781 26.2063 18.033133479579938 0.02138933303171067 20.549489957089204 r
2459739.7137731 1413.26851403485 49.0797258812049 25.5688 17.69323829126521 0.037703987501351906 19.594119668030917 i
2459739.7372685 1635.2304527768026 76.5144091779699 26.1994 18.165452584089458 0.05080121514582668 19.74261691639984 r
2459742.6970023 1491.6622516409807 51.2484323112783 25.5862 17.652023751229326 0.03730095261118575 19.564573526985573 i
2459867.0273611 1700.1093440701175 78.7485252098994 26.1314 18.05520786420263 0.05028927940346738 19.643368916313797 r
2459867.0297338 1791.5558141486997 86.3267368557389 26.1466 18.013524143180618 0.05231483019624 19.558811676854557 r
2459867.0320949 1736.5514773906052 88.2613895409791 26.1804 18.081180845430527 0.0551814281766246 19.568548087986674 r
2459867.0344676 1812.253646928103 97.7696006907399 26.1735 18.027952544032217 0.058572626215908245 19.450565385537775 r
2459867.0368403 2033.6274325982035 105.446979167905 26.1794 17.90872152084802 0.05629535845527402 19.374389632562973 r
2459871.0305093 1856.0835294324897 66.8274694874715 26.1823 18.01080620774532 0.0390901500239765 19.872487448442392 r
2459871.0329398 1726.36276036234 79.2046211476335 26.1863 18.093469851983624 0.04981134854990562 19.691998686689715 r
2459871.0353819 1724.3237136496134 92.0753006544758 26.2126 18.12105299788143 0.05797412233517409 19.554817125070606 r
2459871.0378125 1896.6819658920804 100.535454310828 26.2082 18.01321371289095 0.05754857414586532 19.454976877151466 r
2459871.0402546 1961.6222546678293 133.077285198789 26.1802 17.94866155012202 0.07365434817866658 19.12251515766129 r
2459872.0326389 2063.848248582167 83.3784321313516 26.2233 17.93660559710124 0.04386173442121875 19.67324067844428 r
2459872.035081 1755.4628346452034 96.2923695941537 26.2134 18.10242090165346 0.05955388152065447 19.506995303914767 r
2459872.0375116 1752.6711276806209 113.040563277019 26.2102 18.1009489188825 0.07002348450406126 19.329689206861165 r
2459872.0399537 1823.2028099873467 148.151010783081 26.2167 18.06461254619127 0.08822252331231728 19.042513441992085 r
2459872.0423958 1910.5992806722352 171.137983419073 26.2388 18.035875975247954 0.09724933452958967 18.90800896357487 r
2459873.0320602 1968.0059861050745 71.5030096019536 26.2159 17.980833962261123 0.03944643363533763 19.83266418444699 r
2459873.0368287 1806.4977025069834 85.2742811333228 26.2339 18.091806466071855 0.05124960131306377 19.659429821736126 r
2459873.0392245 1922.9212269425948 103.016762993024 26.2461 18.036196266009192 0.05816426487701625 19.466405240915766 r
2459873.0416088 1805.6496508511125 130.172402059283 26.2509 18.109316279384068 0.07826998822786414 19.217177691863252 r
2459874.0346875 1873.3834619627132 64.2766447328537 26.1885 18.00693329499058 0.03725086433364075 19.920941993326476 r
2459874.0394676 1948.5561947163123 123.231309775529 26.0718 17.8475176625108 0.06866223996314896 19.097572328046837 r
2459874.0418519 1774.7380675790196 152.102731054948 25.8925 17.769664337788726 0.09304918743960192 18.68973245909903 r
2459875.0315394 1925.3757432293621 54.8463749439269 26.2156 18.004311259820874 0.030927318725199025 20.120305168447658 r
2459875.0339352 2002.0418182641424 59.9340759435323 26.2197 17.966017138256035 0.032502031505172016 20.02809045462208 r
2459875.0363194 1866.2051195390914 70.2377861921639 26.2247 18.047301558777995 0.040862155864016744 19.86084795243302 r
2459875.0387037 1918.0861719343534 68.5827234840822 26.2447 18.037529714035763 0.03882008221329092 19.90673817075656 r
2459875.0410995 2009.6130404922183 79.7366851375593 26.2394 17.981618899430995 0.043078004227442894 19.73782954679806 r
2459877.0231944 1722.9141254401784 70.3913624903996 26.2058 18.115140920972046 0.044357348475683143 19.839576560512697 r
2459877.0256713 1801.8893176510173 75.7344036042586 26.2048 18.065479723472446 0.045632570873073215 19.759141964739097 r
2459877.0281481 1955.9604408649375 67.3177633990866 26.2363 18.00789983257222 0.03736624432448586 19.918550793374155 r
2459877.030625 1897.2077354082385 62.3794489521927 26.2399 18.044612783213147 0.0356973917317613 20.004871154245286 r
2459877.0331019 1811.2911894670162 63.6603261413195 26.2294 18.084429313457072 0.03815842339075718 19.972302841045178 r
2459878.0247917 1981.5347667030032 47.5010884652174 26.2385 17.99599575854551 0.026026256320748294 20.299316085675596 r
2459878.027338 2049.2470337781924 51.8363293571308 26.2463 17.96731421217185 0.02746311296558326 20.21228938761627 r
2459878.0298958 1973.2811913867258 47.9004264242918 26.241 18.00302755908671 0.026354831331619134 20.292726540023725 r
2459878.0324537 1999.3056550835427 52.6191870694992 26.2508 17.998602013993583 0.02857424589186595 20.200514653538967 r
2459878.0350116 1906.9565561487902 55.7754619750145 26.2532 18.052348002098892 0.031755007145295666 20.139667048835765 r
2459879.0225463 1870.4913873222026 54.0526944562053 26.2237 18.043810717925403 0.03137411418670878 20.144231619556194 r
2459879.0250926 1997.0010646661353 48.9911552491047 26.2331 17.98215425898185 0.026634786628341327 20.260380787722845 r
2459879.0276505 1983.2805162101936 53.8073944706588 26.2261 17.982639636541514 0.029455585177847275 20.151570082655127 r
2459879.0301968 1911.9403613116876 52.9801257858652 26.247 18.043314146725628 0.030084893718260057 20.18929252648973 r
2459879.0327546 2015.5575993471348 49.9997426722908 26.2453 17.984311965842338 0.026932855025770364 20.25045556613449 r
2459880.0235417 1823.092242748498 54.18003342038 26.234 18.081978392126707 0.03226565332526701 20.151976817691992 r
2459880.026088 1974.2907547553077 51.149200038783 26.2372 17.998672220494218 0.028127916999231145 20.217677874560476 r
2459880.0286227 1977.3128498794458 52.3068933012586 26.2336 17.9934115282495 0.028720591210763056 20.189777673042194 r
2459880.031169 1945.7329318052352 55.1638010866445 26.239 18.01629192636002 0.030780863016078595 20.137439529678915 r
2459880.0337037 2133.6401607372313 55.3956552138009 26.2491 17.926297056683126 0.02818800656847524 20.1429857303473 r
2459881.0237731 2010.6780886917236 46.2522635987568 26.2417 17.983343636904024 0.024974700262359786 20.331442508937563 r
2459881.0262153 2000.766257643794 45.6476249655408 26.2501 17.997109113673034 0.024770322987879474 20.354129523596583 r
2459881.028669 2032.1573090926202 49.8080641779102 26.2529 17.983006690986848 0.026610447447153043 20.262225831837068 r
2459881.0311111 1986.8141925991258 50.5427096224538 26.245 17.999606865821455 0.027619200648709034 20.238428686724976 r
2459881.0335417 2095.6448426245192 50.6965700124201 26.2568 17.953505792719966 0.026264596434934354 20.246928546204803 r
2459882.0240046 2104.658497066298 39.9198463356233 26.25 17.94204590737561 0.020592878715002736 20.499602836962758 r
2459882.02875 1952.7629669707626 42.0563454052094 26.248 18.021376174146095 0.023382548204131062 20.440996162037752 r
2459882.0311921 1958.5596120965165 46.4941472627973 26.2406 18.01075801355736 0.025773377216323133 20.324679272066657 r
2459882.0336343 1986.6052240635036 47.3877298584813 26.2478 18.00252106705782 0.02589787728541106 20.31121022909903 r
2459894.0218403 1997.5818657079976 83.9340245927643 26.2761 18.024838533042825 0.04561874137161645 19.71882986964347 r
2459896.968206 1732.4173632501886 98.6454691405436 26.1842 18.087568680448946 0.061820776054194594 19.451582132712215 r
2459897.9863079 1372.1134928772874 86.9543135323498 26.2401 18.39662491236794 0.06880356376651071 19.64444716198964 g
2459903.9858102 2004.2655585547504 49.3665816319902 26.2713 18.01641184102626 0.02674161487687294 20.290292349851356 r
2459904.0177083 1421.8935688908982 38.8418918599106 26.3495 18.467332275143015 0.029658086171104055 20.62882405216748 g
2459905.9518287 144.92762428981197 63.9622048070698 22.9634 17.560522067150345 0.47916169259884434 16.701166424995392 r
2459908.9787037 1337.0503972488336 81.5004981986281 26.312 18.496630556574715 0.0661793235889394 19.786674330369713 g
2459911.0398148 2154.2471453118164 37.9589056719269 26.3335 18.00026118471209 0.019130573749487692 20.637790780318063 r
2459914.9557176 1693.7221059712185 37.037087292581 25.642 17.569894610372664 0.02374130061347768 19.972982926323304 i
2459914.9989699 1487.8527085030669 53.5573447143005 26.3695 18.438100150218844 0.03908129401788577 20.30002739600387 g
2459915.0306944 2103.333237969396 36.5860463285374 26.3076 18.000329787915483 0.018885010602143596 20.651886289198085 r
2459923.9580208 2178.129439543677 55.5044460809078 26.3342 17.988990787564948 0.027666481163151836 20.225955556980903 r
2459930.9864699 1690.4496124040215 51.1534979888935 26.4007 18.330694424536308 0.0328535984503915 20.381086646467104 g
2459931.0066667 2228.5582245021587 54.126924349759 26.3225 17.95244003705011 0.026369336515612508 20.241541614388034 r
2459933.9135648 987.6199663779969 43.7208011875503 25.4713 17.984825346667662 0.04806269158713608 19.622154709571465 r
2459934.94625 1739.6344931073222 39.5026270250053 25.6524 17.551254974553917 0.024653455844303264 19.913410043478212 i
2459935.894456 1623.191848390019 35.8522592648649 26.3236 18.297675367450516 0.023980404979529572 20.68988366827536 g
2459937.925787 2158.9411484778316 67.4446098088974 26.3061 17.97049799031969 0.033916910111768055 19.986306872998327 r
2459953.9426157 713.0742318775724 167.083544255396 25.0898 17.956963143053645 0.25439511889307537 17.785040791281578 g
2459957.9569097 1339.8664542600925 56.9016968974911 26.2767 18.459046215036103 0.046107708813205216 20.14146194433976 g
2459957.9627315 1925.0745859546855 52.5300319553939 26.2511 18.039981098322432 0.02962579014344416 20.202655826670217 r
2459965.8830787 1952.2272588946867 73.1541223458316 26.3051 18.07877406869813 0.040683496385475824 19.897077978399558 r
2459965.9161574 1433.1370301012962 43.5299386904948 26.4038 18.51308070584256 0.03297692645128971 20.559404850464627 g
2459967.941412 1712.9797612193126 57.0153161369452 25.6666 17.582219420436044 0.03613675428705557 19.529196147336272 i
2459968.8957755 1938.6719205343898 40.2245504912726 26.3423 18.12353919978518 0.0225266554932805 20.58364699024973 r
2459968.9159259 1429.4750353225554 39.7910287334459 26.4178 18.529858562143662 0.030221667974882856 20.67091207095699 g
2459970.8660532 1884.539140090361 71.1945127335331 26.3189 18.130887095590673 0.041015801067995156 19.940358684189384 r
2459972.88 1990.5077951388544 39.1262455127005 26.339 18.091590293279133 0.021340968800464127 20.61040454979073 r
2459972.899294 1664.5087250622896 32.8682159489747 25.6667 17.61348481001494 0.021438771403536155 20.12733465993726 i
2459972.9226505 1431.3589203125703 35.44961276459 26.429 18.539628627749263 0.026888884424677146 20.807546250384824 g
2459979.8357523 1287.8865698698296 95.1768136756458 26.3452 18.57050596404168 0.08023491278280265 19.65144708561415 g
2459979.9188194 2073.3818085507382 72.1016838621528 26.3305 18.038801790498166 0.0377551292513058 19.93821147079058 r
2459985.8335301 2051.874769852194 64.7129995272315 26.3498 18.06942287159767 0.034241321458315085 20.07489616322775 r
2459985.8659144 1726.1755034795963 51.0525797235117 25.6772 17.584487627117074 0.03211016822686119 19.65973075868641 i
2459985.9202199 1365.2571790452616 68.6201288192059 26.4069 18.56886382774914 0.05456911342602211 20.068346166626625 g
2459992.8392014 309.6359104882565 62.1213532682591 24.6637 18.436571692788686 0.21782083717937128 18.433172719291672 g
2459992.8595255 272.88483925657033 77.0928186400601 24.4793 18.389351479715973 0.3067215951810998 18.014340177957738 r
2459994.8783449 1341.5841680302233 26.8474853384123 25.4539 17.634855188649684 0.021726788021590296 20.134215954461666 i
2459996.8797569 47.897517202948734 34.0894272226039 23.2238 19.023017494804137 0.7727100128960869 17.64482572869203 g
2460016.7375116 521.3782168969927 38.7156869876145 24.8909 18.098017793865985 0.0806202100513868 19.1737575642252 r
2460020.7271528 1295.4536551099166 25.0445170547851 26.3532 18.572145298243157 0.020989428729562002 21.108993335656727 g
2460020.8004861 1985.9518496885576 27.9083830453698 26.322 18.077078213453635 0.015257233692302129 20.960238301451096 r
2460031.7126157 1438.590547683878 41.0410902718077 26.3779 18.483056993937346 0.03097358854459334 20.59742776553186 g
2460031.7985764 1913.61507054599 35.2366927209807 26.3072 18.102563543553533 0.01999173076968581 20.69228714108919 r
2460032.7067708 1299.78971394115 30.4637781190602 25.4067 17.622017260506297 0.02544605758078892 19.949815580258996 i
