jd flux fluxerr zpdiff mag mag_error limitingmag filter
2458198.8597569 17470.78814053009 23.9778592415584 26.2428 15.637018756809628 0.0014900736915335337 21.04584897314112 r
2458202.8134954 9338.490670814232 36.8792313481994 26.2538 16.328108276851374 0.004287607375341414 20.589420337321638 g
2458202.8546759 9456.288643398053 31.6045105744555 26.2695 16.33019819968026 0.003628592402860092 20.772702316015696 g
2458205.819919 9642.778377775152 58.4720112423794 26.2679 16.307394536538126 0.006583482490084831 20.103104908216277 g
2458205.8668403 8653.153374708798 65.3851558950868 26.1315 16.28856399617313 0.008203791228614933 19.845377080298125 g
2458214.8475463 6656.901189700134 80.5382123040823 25.0882 15.530019723396123 0.013135291422656821 18.575770025655153 r
2458214.8907523 2483.4053783063046 61.758891032287 23.9404 15.452780956659613 0.026999872263900614 17.71622626658567 i
2458217.8204977 16686.766165381745 32.5099355929935 26.1065 15.5505695496453 0.002115211343138371 20.579034716422036 r
2458217.8458449 14839.644501517254 30.1789920691202 25.9737 15.545141257224465 0.002207959340676508 20.527013161837456 r
2458218.8248495 17557.22850987458 32.1229793373151 26.1514 15.540260096055345 0.0019864136669923735 20.636935443273003 r
2458219.8181481 13668.39361964135 42.1503227729159 25.8605 15.521206307420833 0.0033480602555075946 20.051072727525572 r
2458224.8037384 11145.616736014328 43.2313773802914 25.6606 15.54283973773568 0.004211189702057421 19.82367730750078 r
2458224.8428356 8792.174728648142 48.4435095533582 25.393 15.532759224194102 0.0059820374304785755 19.432485992554803 r
2458230.7530671 18255.766209458296 39.3585726058718 26.1891 15.535599836591647 0.002340718093555329 20.454076639801976 r
2458230.8137616 10251.295150520675 29.5186894724594 26.2764 16.249453155742234 0.0031262821613931772 20.853732308138245 g
2458231.7600694 18503.705045575 35.6226153988764 26.2031 15.53495325740565 0.002090147537658087 20.57636048407617 r
2458232.8152199 11922.046388392166 27.9965358946373 25.5644 15.373522981685 0.0025495487964551505 20.199214244278934 i
2458242.7312963 10078.136947599047 27.6222835550897 26.2601 16.251649361233998 0.0029757001131945726 20.909526041209133 g
2458242.8121875 18609.43422380657 36.0731576870794 26.2029 15.528567075933685 0.0021045576576831024 20.56251458858648 r
2458243.8367593 11659.579827494714 30.9494197109486 25.5588 15.392092749561815 0.0028819035914947624 20.084743712691704 i
2458245.8353935 10179.59099395247 55.7147437699593 25.5308 15.5114741779446 0.005942232585472309 19.418449645272705 r
2458247.6500694 11083.38839354127 54.9341729961746 25.545 15.433318618952834 0.005381209202837514 19.447968512070094 i
2458248.7126852 9711.744755537495 24.9124021140797 26.2685 16.300256850659245 0.002785019134675497 21.0300359759597 g
2458248.7719676 18269.10356352249 37.5360874795372 26.2076 15.553306905697337 0.0022307022364197447 20.52405248271144 r
2458255.7094213 9659.17991274212 25.5841214607162 26.2478 16.285449361624245 0.0028756769126183643 20.980448718605462 g
2458256.7752315 18108.092483344524 28.9757818485179 26.2177 15.573018240254253 0.0017372899095733734 20.815187080943094 r
2458258.6858333 9408.183874397517 29.7521300927005 26.2125 16.278735508235783 0.0034333818378643765 20.781279828335563 g
2458258.7302083 17259.909363699655 36.0246442599738 26.1384 15.545803723021962 0.0022660580336135625 20.499475736936432 r
2458267.7100116 9657.978019949802 100.139166991903 26.2559 16.29368446830247 0.011257127876925338 19.506965053166514 g
2458267.7326505 11013.842350292323 42.5068144670907 25.5386 15.433752860513932 0.004190149722425934 19.72002859060962 i
2458270.7976273 16514.577017444222 42.3168859663892 26.1503 15.605631363187914 0.00278199332899529 20.33659073628573 r
2458273.7379051 9223.681910553343 22.2907270898934 26.2643 16.352039206519258 0.0026237941243189952 21.14656440230452 g
2458274.8657407 10070.840510879523 46.4300571376412 25.4803 15.47263570444915 0.005005452422752611 19.565876943867714 i
2458276.7345718 8868.459401895305 17.6461060173838 26.2678 16.398179544379786 0.0021602824611204963 21.40375277883637 g
2458279.7143056 8720.269984674178 19.1511256338747 26.2586 16.407275172118393 0.002384373091342383 21.305689225877003 g
2458279.7366088 16532.29887958835 26.2051138772861 26.206 15.660166879788632 0.0017209277635124596 20.912609860863697 r
2458281.6842708 10250.187142042432 20.6941397382175 25.5409 15.51407051359022 0.002191923640264961 20.503856545769384 i
2458282.6895486 16741.684471764966 31.7489283541686 26.2034 15.643902118546821 0.0020589213452358733 20.701652312154984 r
2458282.7322917 8654.182105303244 25.7564121542249 26.2596 16.416534926039382 0.003231239686845268 20.984961574015017 g
2458285.6712384 1269.7029124361115 72.4931856352169 23.5732 15.813944710568858 0.06198761212033944 17.175032027219103 r
2458286.6729051 10344.128744383828 37.5612555796099 25.5579 15.521165207019774 0.003942357659162298 19.87362473609981 i
2458288.7145139 8288.248614612521 30.293772591095 26.256 16.459843075725217 0.003968262829877656 20.805191586822204 g
2458288.7347685 16151.457489771277 31.7574569984792 26.2116 15.691070703269576 0.002134734347354378 20.70956069240967 r
2458293.6895833 8376.325728070418 61.2640811186648 26.2638 16.456166106751567 0.007940762457175447 20.048360179046245 g
2458293.7341898 16312.178041046298 71.8408668399605 26.2103 15.6790201176239 0.004781558227961947 19.821946079317918 r
2458296.6757639 8990.552921352417 89.9408819009433 26.2913 16.40683399555345 0.010861269193793386 19.658982135015115 g
2458296.7336227 16218.412424793112 56.6244605162759 26.2036 15.67857914980295 0.0037905791992649354 20.073664795798486 r
2458299.6737847 9302.402997230098 42.299874140231 26.2577 16.336212124950386 0.004936893549733709 20.444427301235613 g
2458302.6911343 9386.160400056398 25.6368984311583 26.2124 16.28118007100874 0.002965427761765218 20.942811282178535 g
2458305.6781597 15296.676320688393 30.6834673486633 26.0304 15.568907307333639 0.002177795999735488 20.56571390170874 r
2458305.6929167 7672.128986015351 25.1027574168731 25.9532 16.240910260734054 0.0035523469140283552 20.70647141601927 g
2458333.6846991 6597.335195390905 31.7338809903977 25.9835 16.435078624644085 0.005222331982668549 20.48226701741478 g
2458336.6740856 7711.97622330585 28.7313982942234 26.1164 16.39848579517715 0.004044836008929852 20.723083082491275 g
2458336.6959606 15497.879900325473 44.3365248073961 26.1237 15.648019272407446 0.0031059838695987724 20.259370866228174 r
2458448.0438657 14179.68820028289 136.390322688098 26.1117 15.732533297068803 0.010443034518877063 19.027316096941206 r
2458448.0489699 14066.94694336501 126.870545858202 26.1144 15.743900376442806 0.009791986291895389 19.108572968123344 r
2458448.0540741 14672.04662707922 139.550801943467 26.1494 15.73317325376068 0.010326460208379495 19.04014414778228 r
2458448.0591782 14622.08629162751 123.421840418297 26.1467 15.734176643633607 0.009164156842575322 19.17079494376894 r
2458450.0461574 14299.765252028574 61.5170075716015 26.1263 15.73797772986627 0.004670637170845377 19.906386985357155 r
2458450.0511343 14645.538163396053 63.9575409582759 26.1479 15.733636662875202 0.004741287171812503 19.885745595094754 r
2458450.0561227 14837.192712606811 67.5195073568003 26.1634 15.73502065612559 0.004940687268622708 19.842401826954067 r
2458450.0611111 15022.018899681261 83.7553926004768 26.1703 15.72847923988931 0.006053329472795904 19.615343042388215 r
2458451.0472569 14697.257437926412 54.6213089302291 26.1524 15.734309246581573 0.004034926608315334 20.06156973105105 r
2458451.0520255 15027.709703151722 57.666483196668 26.1661 15.72386800746072 0.004166203769127357 20.016366322478223 r
2458451.0568056 14985.865673095346 60.4527191943157 26.17 15.730795411377178 0.004379694751108222 19.969035388098224 r
2458451.0615856 15230.061829386883 73.5835112928465 26.1818 15.725045833894457 0.005245521594435941 19.7674237195115 r
2458467.9919907 505.78599041412957 30.0420265140028 23.2342 16.474283010482694 0.06448701388416643 17.792451926471763 g
2458469.0395833 15717.836362929 37.6922417034151 26.187 15.696018092356017 0.0026035687019820794 20.498945070683728 r
2458469.0447222 8561.1777504503 30.7150787159043 26.2792 16.447866214668842 0.0038951838092724216 20.81339590751741 g
2458472.0188657 8509.475284861455 32.7172190859255 26.2012 16.376443046884578 0.004174297894111299 20.666834033673016 g
2458472.9846065 8085.170275395685 77.4574473217313 26.1134 16.344177073319106 0.01040120958406013 19.643317038336292 g
2458472.9855208 7965.962516311838 72.7581761046267 26.1035 16.350404353716186 0.009916385073999376 19.701370479977115 g
2458474.9839931 16672.184048787094 95.0272186334585 26.1665 15.611518760147165 0.006188214511574542 19.474454944116133 r
2458475.990787 17090.7508379397 69.9655604302111 26.1744 15.592497143138022 0.004444603381055282 19.81476419611291 r
2458477.0185532 17429.37778672212 55.2489409555391 26.2081 15.604895291349584 0.003441532791900641 20.104865095102994 r
2458477.0239583 17144.36060030141 56.6201981985291 26.1922 15.606896768198045 0.0035855842406314247 20.062346525970106 r
2458481.0223264 9497.067698186842 67.5208144832676 26.2241 16.280126165482056 0.0077189455328910955 19.903080808127832 g
2458488.0185995 10189.868553491035 30.9594064585391 26.2623 16.241878545592794 0.0032986321085094143 20.787893424237158 g
2458488.0455324 18960.205469237375 34.0864115034916 26.2406 15.545992401451569 0.0019518573798888988 20.66172178252831 r
2458492.003125 7915.665692361842 33.0579155130755 26.0688 16.3225813898239 0.0045341706266320446 20.523186325668313 g
2458495.0232639 9582.205197183654 23.7939905782195 26.2293 16.275636333055367 0.002695948901028089 21.040706775958228 g
2458502.9652894 9616.042885297322 77.4294707039069 26.1619 16.204409021213557 0.0087421798494436 19.69220926290343 g
2458503.0404398 17082.95341976616 54.329464293271 26.1015 15.520092608265116 0.003452886508193251 20.016486432245784 r
2458505.9808102 10723.09800419769 118.753706190251 26.2623 16.18649931185224 0.012023661329989142 19.328257058094366 g
2458506.0455787 19716.28845802125 80.1978995555233 26.2438 15.506737091376152 0.004416189169316414 19.7359675043408 r
2458508.0447338 11097.872183051477 64.4571909037752 26.3086 16.19550070342598 0.006305818900230537 20.03799655244523 g
2458511.9918981 8763.68653746923 43.6157777253796 26.1305 16.273782912066906 0.005403393842760536 20.283965936885615 g
2458522.9933796 9761.338410771446 27.3664876016402 26.2645 16.290726576591176 0.0030438239449125525 20.92402733735119 g
2458522.9949306 9664.351784829363 28.4734593996042 26.246 16.28306817501783 0.003198728229106584 20.862474401123286 g
2458526.976875 6346.077872381916 35.7328278518715 25.8256 16.319336507496416 0.006113245374377301 20.1955065214312 g
2458539.8566435 11847.681107199101 52.8890181145926 25.7911 15.607016609555991 0.00484665365715504 19.73526122813417 r
2458539.8983681 5512.17287526595 51.7682566986776 25.7307 16.37739292586577 0.010196486498084027 19.698116138367098 g
2458539.9195255 871.5579072347477 85.2329342529144 22.9389 15.588159381519684 0.10617469699975415 16.364956389550766 i
2458543.8740509 15924.806652821708 29.4021824028218 26.18 15.674814579604352 0.0020045423552497196 20.761626070414756 r
2458543.982963 7976.8679032814925 24.6003323178547 26.1795 16.424918999485485 0.0033482541169457727 20.954722554446654 g
2458547.9191551 10046.271334233918 20.6130050952165 25.5246 15.51958774099134 0.0022276463463230876 20.49182171263127 i
2458562.8967361 4196.239359206853 225.211974357781 24.7811 15.723949367558282 0.05826946931036344 17.15219629436826 r
2458568.7529745 6712.832166938926 26.1795683716332 26.019 16.451735527085916 0.004234152839552254 20.72666878424985 g
2458568.8157639 6600.184874545242 35.7853197692421 25.3384 15.789509748694439 0.005886520212987685 19.706712733357087 r
2458568.8571875 685.1024995252526 51.2295108689694 22.6534 15.564011119998636 0.08118475700932683 16.63217446585216 i
2458572.8350463 5074.641190298241 24.4186627314592 25.732 16.46848664934104 0.005224279142775642 20.51527029798489 g
2458572.8594213 10546.291433488572 34.2580060741924 25.7908 15.73305057914349 0.003526729507649064 20.206469784075985 r
2458573.8364005 9486.5074501212 49.8570973294895 25.5163 15.573534119700291 0.005705983034877096 19.524557513251253 i
2458575.8151736 6060.257129488442 19.0707571325324 25.8651 16.40887237211361 0.0034165416708215133 20.91675515062549 g
2458580.799375 8996.51484712023 24.3863102518163 26.2529 16.36771424745703 0.002942941515721719 21.037609752264242 g
2458580.8554514 16783.429973754344 25.0617042652884 26.1977 15.635498197795412 0.0016212116571745695 20.95274848693565 r
2458581.7727662 9941.269502268688 24.6134376434073 25.4917 15.498095381404712 0.0026880680825873316 20.26634430462856 i
2458583.8152778 15603.3208163271 32.4872702779156 26.1229 15.639857404959336 0.002260507859572139 20.59619193525445 r
2458583.8587963 7855.735478134406 31.8582229475164 26.115 16.377032871836086 0.004402957908956055 20.60952112120117 g
2458586.7941088 9989.557155108314 24.5335650433023 25.4827 15.48383440990444 0.002666393630261431 20.260873335711246 i
2458587.8118634 16309.3551181172 35.5903057339824 26.1522 15.621108027224594 0.0023692166033260948 20.52644569223188 r
2458587.8744792 6495.1748916177785 43.0720360750419 25.8706 16.339122876126368 0.007199699830565375 20.037686484280087 g
2458593.8153009 16480.789280452027 89.8403459430853 26.1879 15.645454983427229 0.005918385456581267 19.55679645023605 r
2458594.7975463 10466.222703939091 67.5818983196647 25.5168 15.467325071071233 0.0070105203263107424 19.194799022701837 i
2458596.8336921 17051.375457749302 39.0470796808918 26.1774 15.59800145669087 0.00248621669932661 20.451003592467885 r
2458599.8572685 27986.98555488672 38.4779621642903 27.393 16.27560969089962 0.0014926767814933783 21.68254483102093 g
2458600.6827083 10673.702476974258 29.6117529015865 25.4862 15.41541226765185 0.0030120270069928052 20.060114697387682 i
2458600.7331597 9455.280642825059 26.6043706392396 26.211 16.271813940759277 0.003054839543545514 20.901192515197003 g
2458606.7723843 17194.754993704522 26.1193420757737 26.1445 15.556010020038219 0.0016492104541210432 20.854669406088394 r
2458606.8788889 9081.318919496014 24.2074653442501 26.1528 16.25742768104803 0.0028940779810991274 20.945501692200907 g
2458607.7741204 10644.753572896216 23.1499956210994 25.4857 15.417860970174326 0.00236115848748476 20.32689770614571 i
2458612.748831 16451.932169760174 22.1280500224532 26.1262 15.585657724317258 0.0014602797812123276 21.01641712783946 r
2458612.7734375 8890.184399600657 18.4670289773072 26.1818 16.30952307707433 0.0022552573106990955 21.268382412517767 g
2458612.818125 10068.369179194373 22.584161141318 25.4517 15.444302171141665 0.0024353123445053203 20.319765079397328 i
2458616.831794 9981.768666883447 29.0386422519504 25.4363 15.438281248431847 0.0031584837261897933 20.031434223231585 i
2458617.6949653 9193.322961123538 53.9608127573875 26.1606 16.251918707162236 0.006372587437473835 20.082978783185943 g
2458617.7731481 17037.12413791816 47.7311725322231 26.15 15.571509280443237 0.0030416949244913435 20.205569731443603 r
2458628.6688426 10169.059444912582 23.0880625227337 25.4636 15.445398034795952 0.0024649978315814114 20.307706264596536 i
2458628.7125231 8922.990124122089 22.7317035174782 26.1549 16.27862396921652 0.002765867737789777 21.015895031554688 g
2458628.829456 16108.587521934234 29.177046104507 26.0901 15.572456347326145 0.0019664988573659613 20.68007168505811 r
2458633.7541782 9300.073658675945 24.7453271218683 26.1866 16.26538402930607 0.0028887945023047634 20.95544199076279 g
2458633.7550926 9346.515479113546 25.8125009003097 26.183 16.256375676094102 0.0029984043026614867 20.905999778789557 g
2458633.7997222 16635.529300823957 24.8040165197732 26.1179 15.565308441035071 0.0016188075683401272 20.884169959359063 r
2458633.800625 16844.567405744718 25.9688840841124 26.1232 15.557050344715522 0.0016737988439231354 20.83964176954615 r
2458634.7107755 8957.966062788208 21.7364604088348 26.1519 16.27137646802698 0.00263444568783358 21.061502927970352 g
2458634.7694444 16591.830485658767 21.9702375249404 26.1171 15.567364245010396 0.0014376404641697207 21.015088108668724 r
2458635.663831 10241.442218395858 29.673496019141 25.4448 15.418897202300066 0.0031457009609558236 20.016453198496116 i
2458635.7096412 9313.243726320716 20.192243736988 26.1829 16.260147578672196 0.0023539294868114282 21.17251353944185 g
2458635.7648495 17168.24252798422 23.7274442752139 26.1316 15.544785400633495 0.0015004964082729793 20.94604758387644 r
2458636.7028241 17129.20590355444 24.9638370708179 26.1337 15.549356925291752 0.0015822822178909572 20.892996640539465 r
2458636.7263426 17079.375204078315 24.1802052822545 26.1406 15.559420051679625 0.0015370848500754874 20.934525030253784 r
2458636.7521875 9327.257070107447 21.0066771709229 26.193 16.26861513352157 0.0024451936119102013 21.13968158594849 g
2458636.7530903 9245.737349858671 22.1888974271068 26.1798 16.26494612007613 0.0026055775786209302 21.067035682793552 g
2458637.7072222 16561.913765209458 24.4632464500252 26.1094 15.56162370244542 0.0016036641083462652 20.890689762788007 r
2458637.7320833 8913.545345714598 23.7311073775858 26.1563 16.28117380449016 0.002890529220478133 20.970579978134747 g
2458639.6685069 16561.680257506094 31.4111992505732 26.1245 15.576739010432076 0.0020591593664471986 20.63436369496695 r
2458639.7340278 8952.11167228291 19.9245084906408 26.1935 16.31368627219967 0.0024164174510093277 21.197605947231153 g
2458641.755 7545.8405035301785 22.2487098499868 25.1505 15.456230946806809 0.0032011575480332525 20.03481290831439 i
2458642.6933333 9792.018908701193 27.1294002005216 26.2855 16.30831939140298 0.003007999685492143 20.954474508855043 g
2458642.7304745 17498.94514024129 25.7098681899343 26.1854 15.577870325938573 0.0015951363736561087 20.912725363921037 r
2458645.7106944 8892.712612509104 51.5436605593871 26.2002 16.32761435658805 0.0062929001203308925 20.17233684340301 g
2458645.7675231 10078.721996672502 42.4147383675149 25.4679 15.459386334652072 0.004569000063779343 19.651683008086465 i
2458648.7097569 16666.81109718535 102.99808576963 26.1656 15.610968717193284 0.006709443160303895 19.386102105732267 r
2458649.8268287 9279.987431638008 64.4328355668033 25.3737 15.454831529919966 0.007538235379110925 19.10350687855297 i
2458651.6901505 8680.542673698625 83.6158589151564 26.192 16.34563280894076 0.010458071740059176 19.638853351000492 g
2458651.7526505 16614.187113213477 73.7146574840815 26.1534 15.602202256769994 0.0048170881358869985 19.73709035935167 r
2458653.7377778 9813.544299097253 32.3995426589721 25.4262 15.446635281870646 0.0035844525069379744 19.902427789421708 i
2458654.7415046 8416.385340536595 36.4563466692084 26.1544 16.341585971878647 0.00470280933884095 20.50254212573634 g
2458658.6740741 15929.02971047791 26.7321208380976 26.1495 15.644026694241552 0.0018220233197776994 20.834491450130134 r
2458658.7080208 8245.32260404605 19.0133549846507 26.1784 16.38788086902496 0.002503576936662935 21.23332809747481 g
2458661.6936806 16058.673949684116 21.6581311579664 26.1595 15.645225798968326 0.0014642699062126896 21.07302254066185 r
2458661.7140972 8312.240392016918 25.861503107719 26.1928 16.393504763417624 0.0033778900272201573 20.91374058141685 g
2458666.6737963 16238.36604366664 29.9656442962854 26.1669 15.640544182490814 0.002003508230137847 20.7279159392336 r
2458666.7028241 8817.008561730907 25.0663125254788 26.2269 16.363596843717772 0.003086590573024207 20.98174886384006 g
2458670.6753704 15718.571480016813 31.4051250369529 26.1387 15.647667314083822 0.0021691884848420904 20.64877367203066 r
2458670.6919329 7870.14680871369 34.3683868375818 26.1553 16.415342915728903 0.004741176816199848 20.567477119245915 g
2458677.6714468 7395.711923136078 61.2895313288188 26.1784 16.505950034422025 0.008997381841704035 19.96250923819794 g
2458677.6865394 7227.298679197993 46.4382946110345 26.164 16.516559992564616 0.006976058233806799 20.2493843330815 g
2458677.691713 13859.422410746647 45.4574158701915 26.111 15.756637171253605 0.003560979306900865 20.219563130068064 r
2458677.7067245 14373.445860791417 49.0881305983339 26.1082 15.714297756260358 0.003707877979071933 20.13333375573687 r
2458678.7067593 14011.375030988385 44.2602235997819 26.1281 15.761898105920528 0.0034295937876193906 20.26564098009904 r
2458678.759213 6593.495945196401 73.0812238101532 26.0369 16.48911064138489 0.012033720100865232 19.629960460687144 g
2458679.6698727 7913.219438848919 64.1407218992292 26.2209 16.475016977075196 0.008800158052500924 19.955640380226942 g
2458680.67 7800.69789588169 88.6949117887969 26.213 16.48266635264183 0.012344544938720864 19.595828223837458 g
2458680.6709259 8001.97464268047 80.4798854320592 26.2133 16.45530707295785 0.010919431204835394 19.70165661548979 g
2458680.7360069 14910.181887892377 67.9338146813167 26.1262 15.69249264649391 0.004946669541261463 19.798559983724978 r
2458680.7369097 14519.579565408687 69.7405728882792 26.1244 15.719514897634337 0.005214843835092377 19.768261212675757 r
2458681.7346644 14486.165211585765 80.3730298769065 26.1028 15.700416415180708 0.006023747297011888 19.592599137830796 r
2458683.6710764 7443.388303925887 34.9829994964485 26.1677 16.488273310758427 0.005102655000984121 20.560632379611754 g
2458683.6797454 7426.832340283803 31.9834531491675 26.1751 16.49809095027949 0.004675537765367708 20.665361610907418 g
2458685.6878588 7257.382165311365 24.6271974421845 26.1694 16.517450017183883 0.0036842139016434973 20.943437508551884 g
2458686.6665394 13779.379277424901 39.6671469215989 26.1116 15.76352586435489 0.0031254398725592118 20.368097577259018 r
2458686.6696412 7104.117740563645 38.9108528684734 26.198 16.569224623403965 0.005946623423494919 20.475398114154423 g
2458686.670544 6976.804958365111 33.7047193946765 26.1624 16.55325854466973 0.005244981630585133 20.5957481996252 g
2458688.6953819 6441.588126982084 29.244479049413 26.0497 16.527217618185954 0.00492902220353897 20.637165265651934 g
2458689.6663773 2644.3449633265823 47.921584592619 24.3592 15.803404725938007 0.01967536955796974 18.41044706376334 r
2458692.6990856 6252.127162839819 30.0528867688269 26.0002 16.510130493475536 0.00521877087830936 20.55805950151132 g
2458812.0464468 14488.267809560004 74.1013843533242 25.9939 15.591358837170674 0.005552897975789651 19.57190918542642 r
2458812.0513194 14273.866436339604 63.2226999544971 25.9403 15.553945928369066 0.004808850191132923 19.690692392546676 r
2458812.0561806 14877.305076847075 66.7819795416216 26.0294 15.598089327931703 0.004873543616523356 19.720326768654083 r
2458812.0610532 14561.77597372841 117.142829008901 26.0375 15.629464136638116 0.00873396003924376 19.11828571899534 r
2458820.051956 621.378789501898 74.6361015599123 22.5588 15.575408938209126 0.13040743719069167 16.12900262169334 r
2458820.0615046 151.81365304903068 85.2433290723099 21.9919 16.53862292325515 0.6096202845729348 15.417823983647992 r
2458820.0662847 2093.6915470080517 103.253818572962 24.0019 15.69961825088796 0.05354306893241412 17.219709684476864 r
2458831.0667361 10099.424955120146 76.6280132919299 26.3155 16.304758383842376 0.008237601091225554 19.85710607441142 g
2458835.9835764 17115.337830417855 115.389594177453 26.1649 15.581436310342678 0.007319661676546772 19.262058374283022 r
2458836.0470139 9771.118372760338 68.6432351951489 26.285 16.310139313496975 0.007627167905276293 19.946080629480726 g
2458851.0041088 18536.58136150703 44.4053650305275 26.2446 15.574525895642422 0.002600852005740294 20.37858637792786 r
2458851.0628819 10057.303202721752 41.3446577476935 26.303 16.296796141934806 0.004463213846881247 20.514526486215143 g
2458854.0419213 10047.700111955834 29.7938672934902 26.3262 16.32103333889039 0.003219363770824742 20.893457791611254 g
2458857.0440856 9727.30044776696 31.1988606131118 26.3266 16.356619174588012 0.0034822202880997084 20.84382815463258 g
2458861.9984259 9783.350186464504 76.1304353518888 26.3008 16.324581002512414 0.008448518358864489 19.849479205876513 g
2458872.9403009 9481.062755302914 33.561739430218 26.0673 16.12515744703072 0.003843237982894621 20.50526383602031 g
2458873.06375 15585.659727512335 35.4038325489402 25.972 15.490187024219523 0.002466237661440306 20.351949294211124 r
2458876.0221065 20985.87184780975 43.0826421717584 26.2712 15.466382458813198 0.0022288721166835814 20.43801916453637 r
2458879.0223264 11890.978368682046 42.6665429918915 26.3354 16.147356027322196 0.0038956479685725715 20.512756348988866 g
2458882.001412 11925.797135118824 35.4554741504714 26.3372 16.145981456335292 0.003227793316373838 20.715566745100993 g
2458882.0232755 20970.74507983164 36.6004334786875 26.2773 15.473265347500089 0.0018948821549515514 20.621159416637916 r
2458884.9617708 11539.416513936245 52.3986118491296 26.3345 16.179040376387526 0.004929986955223819 20.288775534785014 g
2458885.0194792 20434.38441391308 52.7347522229074 26.264 15.488096102205112 0.0028018519828484864 20.21133271467211 r
2458887.9411111 11533.095165313045 66.630905000529 26.2925 16.13763531094257 0.006272485618314133 19.985885709101325 g
2458888.020081 21174.199305086713 49.1199099758703 26.2899 15.47538250845031 0.0025186069844913075 20.314331083699862 r
2458895.0019213 21231.182313851565 44.9503892456333 26.2711 15.453664550844504 0.0022986302355919416 20.39184134706811 r
2458895.0448727 11949.537330385745 53.7746935374522 26.3496 16.156222274185076 0.0048858113213432 20.275730129115694 g
2458898.9390625 12033.293193936172 33.9367351879002 26.3243 16.123338753713913 0.003061930994257688 20.75019984014569 g
2458899.0035069 21279.66075427013 35.7099444597239 26.2804 15.460488249885483 0.0018219410143623797 20.65100205234043 r
2458904.9405093 11763.487213720668 37.7859643715221 26.3035 16.127159788086967 0.0034874200798477354 20.6127487123159 g
2458904.9983102 21282.144130007637 42.9336764088612 26.2696 15.44956154985673 0.0021902441874442793 20.44017979243612 r
2458908.8537847 11367.095268942712 36.0251322612898 26.2597 16.120576250294278 0.0034408514374772467 20.62076102930728 g
2458908.9789468 21353.69169886034 37.8648876941447 26.2606 15.436917579601461 0.0019251897587210629 20.567583306506993 r
2458911.9371296 12052.857962213724 39.0962380702621 26.2979 16.09517490345898 0.003521719562775587 20.570137562673306 g
2458911.9554282 20966.843459571166 48.1727319222917 26.2474 15.443567368194827 0.0024944687143241455 20.292971798475953 r
2458915.0043981 21141.214977471525 38.1172152746921 26.238 15.425175143937484 0.0019574967979764948 20.53777207686037 r
2458936.9646528 10636.043584466608 32.7842890595961 26.2456 16.178649729203336 0.003346535988625182 20.70901056352163 g
2458937.888831 11175.578436736305 29.4550237054731 26.3096 16.18892497241817 0.002861535930159095 20.88927654767649 g
2458939.9067824 2089.315129317596 54.0764858465878 23.7033 15.403290127188946 0.028100519572084027 17.62335383595986 r
2458940.8805324 8371.902331832693 32.0416972549226 25.9782 16.17113961715969 0.004155288646571454 20.4664862074487 g
2458941.8798264 20338.37617522898 43.1215382902197 26.2432 15.472409310722144 0.0023019071787408535 20.40903937616236 r
2458944.8946528 20098.292850414615 78.6900028406283 26.2592 15.50130207499745 0.004250795663090744 19.77197608669095 r
2458944.9334375 11077.40672008889 93.3985712771624 26.2831 16.1720047458997 0.009154022362627625 19.609824407021293 g
2458956.7968403 19223.51464498775 38.9253482554501 26.1994 15.489818017815912 0.0021984143576971333 20.476393722203188 r
2458956.8611343 5509.127865812001 28.9260315772791 25.5337 16.18099286904304 0.005700537952357561 20.13305284924212 g
2458962.8104977 20209.741903259895 35.9431674546591 26.2406 15.476698081959608 0.0019309250505187684 20.60413412362529 r
2458962.8377083 11164.132976406096 33.8638090686878 26.3132 16.19363749813689 0.0032932192391092303 20.741435472087986 g
2458965.7534838 10820.722565492302 28.8554543339712 26.2821 16.196459344439493 0.0028952194810261465 20.884105197314906 g
2458965.8076157 19988.177454292865 30.7203428521273 26.2475 15.495567008905365 0.0016686401904737625 20.78150984341458 r
2458968.7947917 11393.853879727625 33.0351000184055 26.3438 16.202123386113325 0.003147855718405988 20.798935924075273 g
2458971.7158333 20464.22332763436 45.4036909007458 26.2667 15.489211833376658 0.0024088276609243856 20.37654709310346 r
2458971.7931713 11381.452219691842 48.6728499878071 26.338 16.197505801187965 0.004643002686452692 20.37235804754234 g
2458976.7068056 10670.69325978939 137.391903514801 26.3121 16.24161841040778 0.013979072026006638 19.21977213774503 g
2458976.7927662 20145.92006328492 110.358050036024 26.2946 15.53413223403188 0.005947394536845717 19.4401649438138 r
2458979.7501389 10085.46444386356 34.7238813791011 26.2309 16.221660243438976 0.003738024978733452 20.631904329284758 g
2458985.7064352 10439.9589335351 27.7599102803949 26.2753 16.228553024161542 0.002886882485199521 20.919329843780034 g
2458991.748287 19472.886896519627 27.3897171362521 26.2701 15.546524146586775 0.0015270984755806178 20.92870612126685 r
2458991.796956 10440.698693367658 28.1026739260368 26.2984 16.25157609324799 0.002922321003371162 20.9291058783586 g
2458994.7301968 10660.677515039728 25.650495030047 26.3077 16.23823798459326 0.0026122863593644923 21.037535611666755 g
2458994.7727778 19258.479408258547 30.4768861046871 26.235 15.523445016117085 0.00171813955517534 20.77764850905236 r
2458997.7016551 10548.09195743103 28.2412987250539 26.298 16.240065231792926 0.0029068364353981796 20.923363327601887 g
2458997.7530324 19319.607490203896 28.7957962041491 26.245 15.530004253104908 0.0016182314239405248 20.849252260959556 r
2459005.7708796 20337.779734911535 72.2726829941534 26.3009 15.530141151334025 0.0038581621469750698 19.906039545601157 r
2459009.6685648 20665.595115657132 55.2387856210745 26.3108 15.522680209112648 0.00290205770572572 20.207764683141814 r
2459012.696956 11183.875023509048 25.6702151120943 26.3689 16.24741923670871 0.0024919942764575222 21.09790121915605 g
2459012.7341204 20694.921357465395 29.4141094962386 26.3208 15.531140549043979 0.001543127327156824 20.901985727207133 r
2459015.7159259 19154.540511340714 28.7721186796111 26.2481 15.542420654070792 0.0016308346959280462 20.853245381619963 r
2459018.7027083 10804.493592038049 26.8500744093199 26.3544 16.270388959350612 0.0026980557244885967 21.034611255177882 g
2459021.736713 19272.818952624926 29.1207748235358 26.265 15.552636895765096 0.0016404670901350794 20.857067673725954 r
2459024.6992477 9809.935977309206 21.0292486548608 26.3226 16.343434567378893 0.002327380659506085 21.26811559856126 g
2459024.7197801 17076.205130106333 27.2843070380039 26.1843 15.603321592046344 0.0017347280572856632 20.847092668847637 r
2459027.6866551 17284.82570232564 38.1174881891591 26.1982 15.604037488655084 0.002394247858767929 20.497964303153537 r
2459027.6924537 9144.276853892135 40.9772041628398 26.2425 16.339626584075276 0.0048652234912002984 20.463719180258146 g
2459032.6947454 10047.04143554671 88.6480773622485 26.3425 16.337404516598568 0.009579458610738377 19.725901686977537 g
2459032.7118403 18209.715835046085 52.8186687700368 26.281 15.630242078433396 0.003149155604793315 20.226606361291324 r
2459036.6923958 10926.857471870902 53.8339409971711 26.3524 16.256161804380174 0.005348977040387922 20.277334553707924 g
2459037.7379051 9861.731048692693 88.6023602340929 26.2543 16.269417114546023 0.009754431755559456 19.638261761671735 g
2459038.6912847 20545.534143337693 34.0549054796407 26.2948 15.5130064086399 0.0017995838230000602 20.716925791100934 r
2459038.7557176 10278.055069146738 59.6191095821488 26.2481 16.218322649307968 0.006297735012886303 20.062211275385007 g
2459040.7041782 20436.05655825141 35.7109976316305 26.2704 15.494407260117502 0.001897207028085201 20.640970031847967 r
2459040.7115741 11167.187706680304 34.0076024792152 26.2871 16.167240459612188 0.003306298325190403 20.710734950547593 g
2459041.691794 10768.83097661055 38.9456500710281 26.234 16.153578598756734 0.003926451475926473 20.510427595733297 g
2459043.7371759 18897.340539525205 42.06980726679 26.1663 15.475298276640592 0.0024170168100649306 20.358948683158424 r
2459045.7324653 10631.958850888079 41.0009074888266 26.2304 16.16386678230468 0.0041868752395425955 20.450991316078408 g
2459176.0470255 1670.2118909386086 61.6105128739521 23.6747 15.61777107178985 0.04004913040683679 17.453137928976453 r
2459176.0517014 3064.414941355777 70.302668174532 24.289 15.573131072027433 0.024907725715277995 17.92414546923179 r
2459176.0563773 1634.4320004390884 76.4799322276727 23.5443 15.510882858171549 0.05080313062720088 17.088006253109377 r
2459178.0435764 18546.95959942117 54.6176980870467 26.1824 15.51171818512465 0.003197205153504364 20.09164150803404 r
2459178.0482523 19015.113638160874 58.240856183495 26.188 15.490252687032687 0.0033253599616424 20.02750561215805 r
2459178.0548958 19139.528344468206 78.1786510669313 26.2078 15.502971921873211 0.0044347258686705995 19.727654557586632 r
2459178.0595718 19795.775273449435 105.895515644345 26.239 15.497568712628919 0.0058078433275238735 19.429381065570922 r
2459180.0441204 19935.192026715147 50.9063179084674 26.2041 15.455048941546343 0.00277243325668281 20.18974577582734 r
2459180.0546412 20148.412527968256 60.9000485906462 26.2317 15.471097914440255 0.0032816075540980584 20.02273089129529 r
2459180.0632176 20965.932489742692 117.829844949244 26.2779 15.474114542411272 0.00610170154482665 19.352336723661885 r
2459182.0461343 20176.693689995725 56.4326455118032 26.2259 15.463774997853537 0.003036618594380699 20.09964896395237 r
2459182.0508218 20168.221712142393 56.0698965792278 26.2327 15.47103098261022 0.0030183665959709993 20.113450601549356 r
2459182.0555093 20793.44927184247 62.9111557550052 26.2464 15.45158365696536 0.0032848153719114525 20.002155829709974 r
2459182.0601852 20879.283820115492 77.8611029657925 26.2496 15.45031100535095 0.004048692484773807 19.77387361026006 r
2459182.0648727 20797.924980136217 139.800959763929 26.2682 15.473149981659233 0.007297934873823342 19.156999606795534 r
2459184.0471991 14616.548410566924 170.668973552939 26.0259 15.613787926725191 0.01267709033498415 18.69808854781825 r
2459184.051875 19159.688060065095 107.384075080824 26.169 15.463028914930643 0.00608500983678617 19.34422528708543 r
2459184.0565509 20527.488058896088 104.616618122736 26.2258 15.444960479581976 0.005533178826847781 19.429373297292656 r
2459184.0612384 20826.260908188884 104.93262803641 26.2668 15.470271737841216 0.005470274033412061 19.467098614412873 r
2459184.0659028 21216.33999281348 116.555164072027 26.2822 15.465523834076821 0.005964456719484295 19.368446189020784 r
2459185.0465625 20555.937950850534 77.422514895789 26.2394 15.457056754812449 0.004089213765061016 19.769806803437803 r
2459185.0512384 20122.67516714156 81.6017276569792 26.2331 15.473885708506343 0.004402744415506425 19.70642660502193 r
2459185.0559259 20683.569017742575 84.4551777413492 26.2586 15.469536300432845 0.0044331317479651446 19.694609288508275 r
2459185.0606019 21120.98590875051 100.642632594168 26.2617 15.449914532966725 0.005173418829952353 19.50732001801849 r
2459185.0652894 21420.15203195078 115.373896926447 26.2797 15.452643627597592 0.005847831504939869 19.377006084596097 r
2459186.0492593 20510.715669371246 72.8719771966672 26.242 15.462047964408649 0.003857354707547702 19.83817360624433 r
2459186.0539583 20526.773998961606 73.8874107865918 26.2335 15.45269824816845 0.003908045262984861 19.814648869210387 r
2459186.0586458 20517.64657069916 83.2221474109925 26.2602 15.479881138624533 0.004403735347169287 19.712177694514505 r
2459186.0633449 21155.874859699503 106.070217101158 26.2575 15.443922526412683 0.005443425784584311 19.446091344778047 r
2459189.0377546 10327.555323839762 61.2568679543504 26.2161 16.18110617466591 0.006439721642983291 20.00078801993738 g
2459196.0435648 7526.2001047382255 51.0656413139683 25.9545 16.2630605973722 0.007366528394544163 19.936753013116938 g
2459198.9998148 18445.472158834506 60.0848532116166 26.2248 15.560075558554054 0.0035365928597608765 20.030462477858954 r
2459199.0410185 10324.219120383546 47.1643247367656 26.2981 16.263456966499334 0.004959823766778412 20.366640936864037 g
2459201.0407176 10716.929522723982 44.6520440040905 25.6219 15.546724063274858 0.004523564708758013 19.74987162900563 r
2459204.018831 19282.926916786648 57.0625340918993 26.2628 15.549867611854186 0.0032128314094082063 20.124497353292853 r
2459204.0520255 10418.631035505252 38.7427096435175 26.3254 16.280873354410787 0.004037282798154788 20.607500009761665 g
2459205.0428935 11853.530408309663 28.6870236911662 25.6151 15.430480704620244 0.0026275295670280022 20.223461258973217 i
2459207.010625 3316.7108205703553 70.1303593386106 24.302 15.500230980912917 0.022956638444842203 17.939809828731192 r
2459207.0424769 3114.548884573209 33.6590243896369 25.0469 16.313412120608582 0.011733192874523273 19.48172117978249 g
2459217.0461458 5628.173378143228 88.4835603056208 25.6574 16.28148133103784 0.01706887740823392 19.042818516702535 g
2459218.9765509 10037.037221970488 64.0740742822387 26.2792 16.27518616320665 0.006930852293339349 20.01506913820808 g
2459224.0251505 10473.248519748478 34.6378904098893 26.3506 16.300396477421756 0.0035907061259079103 20.75429640458733 g
2459224.9608565 8120.495110087523 53.0678326082088 25.2192 15.445243727074473 0.007095102586929742 19.15969661272436 i
2459225.9833333 8000.418903982854 55.1174590664443 26.0377 16.279918181606007 0.0074797365021283925 19.9370520185646 g
2459226.0226389 4015.5037556912825 82.9111213258944 24.5886 15.579249908906455 0.022417263163044134 18.044643017231785 r
2459227.9828009 9139.828575593216 32.7703948208662 26.2202 16.317854874279234 0.0038927226438385597 20.68407080457107 g
2459228.0197685 16222.626048224098 36.8273230746188 26.107 15.5816971068257 0.0024646703032700835 20.44414960976455 r
2459228.0251736 11044.508789693917 40.7041522631453 25.5282 15.420333987093246 0.004001309515307253 19.756678203628226 i
2459230.0242824 19446.317340058482 59.5884734890421 26.303 15.580906578432012 0.0033268615612779286 20.11766933914796 r
2459231.9435648 9989.406745053655 32.870057826427 26.2775 16.278650757663282 0.0035724866043544126 20.73807381888013 g
2459231.9989931 19528.409896394063 31.6041134623715 26.2965 15.569832794409137 0.0017570599023749797 20.79971595842521 r
2459232.0208102 11938.977122967166 31.7722229665528 25.62 15.427582199951356 0.0028892845776903034 20.117455985115903 i
2459234.0045139 1672.787093302749 26.6419347742981 24.421 16.36239832764152 0.017291590005842086 19.109660587380308 g
2459249.9105671 16826.469343213703 103.495962837892 26.1093 15.544317503527095 0.006677905183859477 19.324566466161244 r
2459249.9354282 9760.89543353456 84.9323565227143 26.198 16.224275849274605 0.009446987738431285 19.62789205382696 g
2459249.9647222 12629.304251107471 59.0261297872944 25.6404 15.386951435216515 0.005074283415449898 19.46536421809342 i
2459251.9222685 11081.946051576924 37.2943792413488 26.3304 16.218859920939177 0.003653736207872148 20.653866532185656 g
2459251.9772222 20760.977304443655 44.5576896267497 26.3052 15.512080515794876 0.0023301544488181563 20.435468329098477 r
2459252.9164931 12614.159858801206 28.0848955809956 25.6305 15.378354173773086 0.0024172653171992326 20.261892955364615 i
2459254.0240394 11752.941585773176 30.6601665986622 26.3779 16.202533555909422 0.002832290336273095 20.914038713264983 g
2459255.8933333 10779.690565137775 30.8838750270225 26.2842 16.202684263870868 0.003110536699938175 20.812445523175008 g
2459255.9154977 20703.747049359194 32.3486407678754 26.2937 15.50357761756647 0.0016963556982198236 20.77163489638641 r
2459256.0050694 12692.462062544702 29.4595652582746 25.6212 15.362335315042216 0.002519940563406832 20.200709155239444 i
2459256.0229051 119636.63084417226 95.2943008153353 28.9389 16.2442395647117 0.0008647938483821767 22.243807669318166 g
2459256.0410185 216950.08668457743 123.103262382366 28.8481 15.507200430020074 0.0006160551213001009 21.875001083154054 r
2459256.9810764 118188.6497506393 105.824254630523 28.9476 16.266160572328815 0.000972118672095561 22.138711943613306 g
2459257.0018866 214449.85027397884 133.33864654949 28.8449 15.516585631608521 0.000675056514955968 21.78508488286764 r
2459258.854456 18284.12308132152 41.3092028175467 26.1784 15.523214659695167 0.002452915094671791 20.39085795398677 r
2459258.8793866 7514.309769779159 33.6534864958067 25.9559 16.266177263888018 0.004862401392532845 20.390899829836215 g
2459264.9124769 10669.228844474537 26.8694931137023 26.3771 16.306767423953456 0.002734237787827985 21.056526305027017 g
2459265.012338 20288.597872256225 33.0650456729059 26.3363 15.568169914129683 0.0017694036972443464 20.7904521718263 r
2459265.8383449 11538.330132732683 43.2172650213368 25.6041 15.448742598101266 0.004066531646599093 19.767531790781536 i
2459266.8794792 19409.79193977779 54.7429763142769 26.2883 15.568247799845773 0.003062085856912635 20.195053974609156 r
2459266.9863889 10494.5029925691 45.9598596383671 26.3592 16.306795310687697 0.004754738708894281 20.455828254957876 g
2459268.9085764 12101.979855909693 29.1999985537635 25.6417 15.434558935746322 0.002619607602002408 20.230817914313953 i
2459268.9841204 10982.110237672958 31.7410564895273 26.4004 16.29868550296599 0.003137945648411368 20.898921544176535 g
2459270.8729051 19602.778626702308 61.3704875510233 26.2749 15.544105911313624 0.003399004784116918 20.05757605540515 r
2459270.901794 10786.123086437838 68.5782734690088 26.3413 16.259136570110428 0.006902890956150964 20.003408621432566 g
2459271.8406019 12183.319196097606 63.3037269008246 25.6233 15.408885943426366 0.005641225940976706 19.372301791335506 i
2459272.9028935 11277.488819824495 113.028800299537 26.3548 16.224268986942498 0.010881444481637453 19.47440219422343 g
2459272.9560301 20346.242962108685 96.101894246626 26.3068 15.535589434335538 0.005128112682910196 19.60254511903257 r
2459278.8387847 10723.871972433702 45.8569485423949 26.3048 16.22892094877005 0.0046426224744624016 20.403862108884436 g
2459278.8945833 12746.707044427214 41.8892151582225 25.6375 15.37400498849556 0.0035679113624224523 19.834819430560927 i
2459290.9001505 11945.533287819524 33.0436563636224 26.3764 16.18338614287496 0.0030032562673920913 20.831254746451993 g
2459292.8300347 11033.146153607491 33.8491881098915 26.2732 16.166451571954635 0.0033308779761693896 20.701904348233533 g
2459294.7692477 9471.848232120597 54.3879441586629 26.1153 16.174213173216902 0.006234157212614055 20.029118381716742 g
2459297.8154051 10633.062427955818 63.9384222966513 26.2723 16.20565409080416 0.0065284997203594675 20.010470199917904 g
2459300.8401273 10847.903783977777 113.531631424662 26.2941 16.2057354386411 0.011362683030044106 19.408882792621178 g
2459300.8410648 11258.030297617352 106.815149212765 26.3148 16.186143967251738 0.010301021087573612 19.495792860403018 g
2459300.9023611 20726.906010761744 114.928630640325 26.2779 15.48656380491226 0.006020098427686896 19.379404408731595 r
2459304.8770023 20847.165814273292 149.993954134792 26.2927 15.495082448234776 0.007811538386318553 19.105090603834327 r
2459304.9106713 11317.816033466363 180.625312582497 26.3217 16.187293424062283 0.017327097497515605 18.932328459977793 g
2459305.838206 20535.157045091364 58.4348611454976 26.2388 15.457554928695437 0.0030894688853052537 20.074694948172503 r
2459305.9324074 11657.576614760019 66.4267094968492 26.3446 16.178079304093245 0.006186489772618477 20.041318139583815 g
2459306.8161227 11167.822503419993 40.5145455468038 26.2715 16.151578742890624 0.003938694592136882 20.505047559728062 g
2459306.9790625 20291.928754377353 48.1299501792868 26.2319 15.463591677935064 0.002575146381705059 20.278436458843142 r
2459307.8188542 11795.47156337265 31.8760131949404 26.332 16.152711730147146 0.0029339893144425906 20.82591499434093 g
2459307.8197917 11872.48096547305 33.0773978325169 26.3283 16.14194629506746 0.003024821090991971 20.78204664743555 g
2459307.8744676 21677.982905642293 38.1034182578909 26.301 15.460952826287011 0.0019083362775336797 20.601165144199964 r
2459307.8754167 21476.01811293381 37.5001886240751 26.2974 15.467515596058659 0.0018957869459347585 20.614891358628057 r
2459308.831794 11137.266762585168 33.7928872926994 25.4285 15.311553444712672 0.003294249703790659 19.85901173954538 i
2459308.8565856 11864.741756395892 34.5045873485798 26.3398 16.15415427509423 0.003157391138678493 20.74768289439456 g
2459308.9219444 21478.8192859242 39.5193556498113 26.2956 15.465573989891814 0.001997603492903262 20.55615035180093 r
2459309.8316551 11563.538355082721 32.0189656081268 26.332 16.174273136900315 0.0030062589748286943 20.821056744993985 g
2459309.8325926 11713.363864190173 32.7950722504193 26.3376 16.165895913928274 0.0030397424988335667 20.800653509090136 g
2459309.8926389 20691.303414525584 40.4280442299239 26.2813 15.491830377020232 0.0021213128405248296 20.517168158747896 r
2459309.8935764 20757.3466664212 35.2419826424702 26.2792 15.48627040376628 0.0018433098010944737 20.66412415677478 r
2459310.832581 15475.621230865738 34.6170253223629 25.9612 15.48707977067725 0.0024285748424450744 20.365550624764737 r
2459310.8687847 2818.9589565761135 26.5941804171973 24.8415 16.21627811828683 0.010242540641322573 19.532108462358025 g
2459311.7909375 5828.601455521008 28.3756189421078 25.6266 16.212689098957117 0.005285557731222957 20.246811630819085 g
2459311.8315046 20490.910378782137 31.9485185351294 26.2769 15.497996865380797 0.001692775280961019 20.768348177754532 r
2459311.8538426 12253.73975145237 23.8539172546639 25.6048 15.38412836895181 0.0021134933896665323 20.41347571810019 i
2459313.7764352 7279.16409785336 30.5442188035798 25.8727 16.217496224977374 0.004555723419509954 20.41295243383438 g
2459313.8381481 19516.561778414645 35.2847421193071 26.2498 15.52379172335653 0.0019628787567132423 20.63340761987494 r
2459314.7956597 12320.081852901274 28.0064830073418 25.6238 15.39726601692548 0.0024680549175012576 20.258228552910097 i
2459316.8065972 19650.22668966237 30.412289170947 26.2482 15.514781087839504 0.0016803176306494042 20.793152211005058 r
2459316.845162 11156.959417567217 27.4327770141836 26.3341 16.215235366563668 0.002669523558309537 20.9910005557401 g
2459317.7952662 12461.201333672247 31.6865821749217 25.6145 15.375600217740494 0.0027607388201290202 20.114886496155954 i
2459319.8571875 21153.301824452457 40.6808914477865 26.2959 15.482454584644312 0.0020879597999119955 20.52499883633722 r
2459319.9128704 11402.792006681922 37.1868682220241 26.3094 16.166871993449455 0.0035406927360415712 20.636000977193984 g
2459322.7902894 20640.130662761287 39.2793236242952 26.2388 15.452018894315481 0.002066147853212867 20.50596498719532 r
2459322.8160417 12088.811628636115 37.0108951798602 26.3152 16.109240974169886 0.003323960214715309 20.64695101548108 g
2459324.7711921 21544.250338614023 47.7146683387113 26.2667 15.433371532944319 0.0024045308888047154 20.322645215601767 r
2459324.8126273 13108.551278524244 34.4539822209866 25.6065 15.312613256760416 0.0028536096554474775 20.015976425970994 i
2459324.8641898 12371.630746337956 41.8708445504587 26.3101 16.079032626946354 0.0036744691836109867 20.50789568700921 g
2459328.756169 21872.05893137736 71.115619812205 26.2662 15.416475831563723 0.0035300850584005254 19.88886249038685 r
2459328.8166319 12605.402492147572 83.0779676355319 26.3259 16.074508206716565 0.007155483493532628 19.779760329910033 g
2459334.7320949 12756.12541360324 39.1301870562625 26.323 16.058703048955245 0.003330450486295727 20.59429517918921 g
2459334.8452315 22536.788419148383 54.8680199518102 26.2861 15.403869931374466 0.002643243045715711 20.190376769438792 r
2459335.8733218 9183.664125458192 66.2296182651836 25.2122 15.304660020315904 0.007829717590735858 18.91214435949993 i
2459336.7740509 12657.53675608709 36.8453906303033 26.3196 16.063727006990348 0.00316041275472359 20.6562170761101 g
2459338.7908449 22187.445381068534 41.6512600383414 26.2555 15.390231746760357 0.002038124364791088 20.459004628499144 r
2459338.8166319 12842.540380254175 39.2796381999607 26.3232 16.05157265016947 0.0033206750324310296 20.59035629191266 g
2459338.8397222 13200.143948788627 47.1556951226012 25.5869 15.28545333186725 0.0038785136278234643 19.6556396112191 i
2459340.7943634 22222.03835974551 39.2159291099568 26.2607 15.393740267652166 0.0019159688929259722 20.529618717057126 r
2459340.8373495 12793.24463320416 38.9596905175613 26.3207 16.05324823857088 0.003306318077052384 20.59673624332582 g
2459341.7533796 13556.37381891737 35.0170429899294 25.5968 15.266441159845087 0.002804437534845327 19.988676315786368 i
2459342.7954977 21994.110390719485 39.4922842633092 26.247 15.39123399876826 0.0019494661190191558 20.508294353206818 r
2459342.8327778 12439.372362445914 36.0487571666253 26.2844 16.047403829338656 0.0031463111253074096 20.644749248212104 g
2459344.812581 12824.509690534396 34.6663175253973 26.2958 16.025698074851448 0.002934788295657291 20.69860571263213 g
2459344.8928704 20266.13824066065 41.4144759637943 26.1483 15.381372498093931 0.0022186612969845075 20.357994563149823 r
2459346.7709722 179116.05247279615 122.015140137817 28.5329 15.40006372677954 0.0007395866301137221 21.569440681523318 r
2459346.7956713 21908.157026084486 41.2977528013446 26.2296 15.37808538734727 0.0020465879518316234 20.442358938259154 r
2459346.8150116 12346.917372298827 36.9250135417036 26.2904 16.061503645547255 0.0032469227737905795 20.624673331022187 g
2459348.7875694 13734.792248744721 33.5971889091466 25.6108 15.266244763234347 0.00265577136792835 20.04761763588761 i
2459348.81 22358.840403023914 40.2310731871825 26.2506 15.376976810061866 0.001953539422080973 20.491770944703283 r
2459348.840706 12370.317949719696 35.1870228823555 26.2603 16.029347844291344 0.003088243236645265 20.646918680587213 g
2459352.6907407 11322.942072937385 55.2538390602482 26.2083 16.073401786219627 0.005298012891109772 20.10496884323277 g
2459353.7728819 13105.00744493323 46.3385707791964 25.5755 15.281906819988322 0.003838974262805531 19.66321840237662 i
2459354.7323495 22452.855217165532 52.8159472997238 26.2751 15.396921060235867 0.002553896750711292 20.220762305052176 r
2459354.7970139 12378.104145685696 69.5257282415062 26.305 16.07336466900817 0.0060981942196788475 19.952211122805572 g
2459356.7130556 12738.02971285177 75.372479271133 26.323 16.06024435602413 0.00642421964694481 19.882542986635805 g
2459356.7525694 22353.734317959654 72.5859247469403 26.2717 15.398324787794195 0.0035254305780326634 19.872143953848038 r
2459359.7316319 22154.328584748226 87.8262818450792 26.2517 15.388053518206108 0.004304034484026144 19.64521374631087 r
2459362.7534491 22710.3479371699 55.2007772048821 26.2775 15.386940530144695 0.002638950489756741 20.175212007997487 r
2459364.7962269 21553.532704488025 40.8451595124654 26.2475 15.413703842954744 0.0020574627041742323 20.472223498040574 r
2459365.8651389 12189.95578058769 50.3544959605356 25.4758 15.260794674485954 0.004484829744125438 19.47327935637081 i
2459366.7241667 20792.864928857274 37.5055100320716 26.2174 15.42261416903873 0.0019583512123578246 20.53473729979159 r
2459366.7537037 11796.070566674245 33.537927614895 26.2684 16.089056595169716 0.0030868014739044956 20.70713443153057 g
2459368.6907986 11755.814382255649 33.6860730890707 26.3 16.124368199531595 0.003111053676383977 20.73394902264127 g
2459368.7276736 21323.85801178999 36.0131563187294 26.2589 15.436735544886233 0.0018336027089294233 20.6203220238506 r
2459370.7144213 11990.926979947184 33.8336586800536 26.3246 16.12746810423905 0.003063416472334818 20.753802579774014 g
2459371.7947338 12934.955407707665 35.7596764882759 25.5816 15.302187660356589 0.003001500935997552 19.950691036277 i
2459372.8090046 19044.466941280098 48.0920921748538 26.1521 15.452677947071843 0.0027416668912408626 20.199490812111232 r
2459374.7197569 12012.231150577965 34.1175800185371 26.3542 16.15514079823088 0.0030836450083083435 20.774329442143706 g
2459375.6900463 12905.330230519126 37.3367778630971 25.6126 15.335677194875586 0.003141069542730633 19.93483289933304 i
2459376.7139468 12070.257800679296 36.1859778391642 26.3595 16.15520863498513 0.0032548696795663768 20.7157242069444 g
2459376.7708218 21048.621419931118 39.6885984170238 26.2633 15.455240857566341 0.0020471607352185324 20.519210583445354 r
2459378.691169 12205.41575573547 33.7026598725841 26.3574 16.141018556318237 0.0029979296531926843 20.79081454540885 g
2459378.7353241 21827.835718680617 36.9411396968314 26.2964 15.44887330869224 0.0018374242818093797 20.63019926407877 r
2459378.7911574 12873.714834029315 34.1763589576778 25.5973 15.323040287920362 0.00288225064782931 20.015560507974232 i
2459380.6922454 17945.695515622512 42.4118929925974 26.0785 15.443599262978083 0.0025658850715469584 20.262355846687164 r
2459382.7057176 9925.692672548877 57.4818690706395 25.4411 15.449197939782676 0.006287527461190995 19.294847786317465 r
2459382.7144097 7019.598125073504 46.1645548813553 25.7102 16.09441937674775 0.0071401320049447456 19.802003358036522 g
2459386.6906944 20629.392424229114 93.4917214558547 26.2405 15.45428390664132 0.004920356348711734 19.566142097947 r
2459386.7308912 12574.228732009999 68.5366139517445 25.582 15.333296609657143 0.005917675219155528 19.244768378347505 i
2459390.6918866 12205.74937663758 62.7043474691834 26.3523 16.135888879382282 0.005577544478964754 20.111630857321515 g
2459390.7891667 20859.25562180503 76.0457280026791 26.2242 15.42595298439389 0.003958091716667128 19.774087934540947 r
2459392.6931829 20824.510042198453 35.5318389555755 26.2452 15.448763019637603 0.0018524765997325592 20.62123077654475 r
2459392.713669 11329.595268013672 35.1822360173855 26.2654 16.1298640108684 0.003371466741792293 20.652166394878776 g
2459394.6943056 9866.76693156718 33.4498316220036 26.086 16.10056282597484 0.0036806871434066613 20.527590149208176 g
2459394.7368634 11130.680390681602 30.9406320175486 25.4298 15.313495718793263 0.0030179865922280295 19.95605203742818 i
2459394.8055556 11769.77316675489 60.8998370450227 25.614 15.437079767567699 0.005617691364396207 19.405034662772433 r
2459396.7174306 20266.193891808827 37.9284035388824 26.2128 15.445869516648592 0.0020318994253187453 20.51796358164141 r
2459396.736331 10195.770756831058 33.0766560830741 26.14 16.118949844580712 0.003522178594034526 20.593770994975188 g
2459397.7081134 20502.06808594477 37.0675030697753 26.2345 15.455005821383438 0.001962933100902368 20.564591658665293 r
2459399.7078935 20147.836393728958 41.9808904631819 26.225 15.464428960992688 0.0022622107845814655 20.419945873580637 r
2459399.740544 9954.14576412962 34.7393400729466 26.1845 16.189490009820442 0.003789024433730102 20.585021078911037 g
2459401.7046528 12401.726674631997 41.2904408723002 25.5763 15.342594611074338 0.003614741143001893 19.789251189130802 i
2459401.7119097 10881.90444131517 37.2248161012579 26.2797 16.18793773035017 0.0037139622994383894 20.605193586860747 g
2459401.7788194 18454.733445631024 52.0000353684635 26.1756 15.510330558090018 0.003059184710842103 20.13816589159587 r
2459403.7080787 19585.37320301676 40.0608256933393 26.1777 15.447870371182992 0.002220740856169084 20.423475248435714 r
2459405.7009144 19718.326695729404 42.4393667180077 26.1755 15.438324855541367 0.0023367307559479782 20.358652752366545 r
2459405.7236574 9535.252280698776 36.7730994133934 26.1077 16.1593695300987 0.004187047480005994 20.446449399570326 g
2459407.7364815 7943.641910024064 42.3417879253388 25.8866 16.136550853881694 0.005787078480026938 20.07225200766082 g
2459409.7248843 7774.971887989771 36.6295204465931 25.8877 16.160952931448307 0.005114960018093181 20.23069690685579 g
2459414.7434722 7172.902939734053 87.2499340082507 25.8524 16.21316261447111 0.013206264485752258 19.253062221281432 g
2459417.6937037 4364.78207865241 89.7961701478741 25.3654 16.265493586311443 0.022335983829837997 18.734830453703115 g
2459419.6915741 8135.863288521317 74.1642169842691 26.024 16.24799089429503 0.009896932571792931 19.601088949502163 g
2459537.0483102 16015.33920815934 95.8003258534075 25.9978 15.486459646142032 0.0064944246529635985 19.29695752345482 r
2459537.0506713 17752.520019437838 103.983250333069 26.1105 15.487349972317464 0.006359357137071293 19.320666517686153 r
2459537.0530208 17262.236452463003 106.076338826484 26.1371 15.544357347154172 0.006671619948032949 19.32562868452137 r
2459537.0553819 17555.133124560984 106.019541484578 26.1896 15.57858968208116 0.006556795404118298 19.378710185037313 r
2459537.0577315 17993.81155898262 139.189330260731 26.1872 15.54939208000477 0.008398323799753072 19.08076012630565 r
2459538.0486111 4313.030257879694 192.835307810789 24.7166 15.629643737672398 0.04854157777068243 17.25620860062292 r
2459538.0510532 7018.8135448832545 141.335622935183 25.1709 15.55524073622046 0.021862396662836632 18.047845895679018 r
2459538.0535069 8505.627638983053 160.717391031382 25.4019 15.577634084584812 0.02051475550646535 18.139317804714132 r
2459538.0559491 10265.6766550115 162.835529269207 25.6167 15.58823104782008 0.01722151788613685 18.33990206391217 r
2459538.0583912 9432.47174691927 171.158071102716 25.4738 15.537236217417984 0.019700702295441422 18.142881530464624 r
2459540.0514815 18493.16335054909 150.861897331033 26.2072 15.53967198546319 0.008856827727498516 19.013326075745 r
2459540.0539352 20211.293385971967 138.716716601097 26.2171 15.453114734220474 0.007451514177630073 19.114352987699668 r
2459540.0563773 15109.050535045912 155.688725441539 25.9384 15.490307065549885 0.01118741702662293 18.71033208098654 r
2459540.058831 17983.35606241045 179.341976005967 26.1467 15.509523141994205 0.010827321812121185 18.765070112797915 r
2459541.0581019 19142.52875572405 95.4173701757633 26.2052 15.500201729601269 0.005411753072009834 19.50870638246281 r
2459541.060544 19145.896874517606 106.829706501191 26.2168 15.511610711638772 0.006057956600754197 19.39764490107061 r
2459551.0432986 19912.095066116643 47.4806993404436 26.2281 15.480307607366765 0.0025888684793213537 20.289382221590742 r
2459551.0457292 20104.81135693022 45.5136159007366 26.2355 15.477249993797429 0.0024578262340370807 20.34272163894839 r
2459551.0481597 20123.34789449667 43.4408686254697 26.2494 15.490149411531394 0.0023437328278546926 20.407228737563138 r
2459551.0506019 20340.009979043327 41.1005843782623 26.2447 15.473822095858361 0.0021938487004409114 20.462654997094454 r
2459551.053044 20121.03025412533 44.9231936632906 26.2421 15.482974464827247 0.0024239867812054436 20.363498430680544 r
2459600.9378125 10124.326270354592 67.8788119136846 26.2861 16.272684668876472 0.007279104221530216 19.95933940857585 g
2459600.9979514 19560.537385329382 59.8082227577011 26.3084 15.579948045103492 0.003319632082129663 20.11907274604522 r
2459623.9011458 18344.42569308102 44.6116064908344 26.2766 15.617839700262047 0.002640301853950495 20.40555533233688 r
2459623.9358796 9707.691775154917 48.7856765954292 26.3396 16.371810053057317 0.005456148619717815 20.371444157957164 g
2459624.9620718 11615.788147168189 31.9279836093264 25.6557 15.493078293468347 0.002984232439974076 20.147846259597646 i
2459625.9187037 18352.083536527945 61.7881846103484 26.2987 15.639486556452137 0.0036553578179792257 20.07401140051217 r
2459627.9341898 11277.224599254429 81.8045952902442 25.6356 15.505094424981424 0.007875630065263574 19.106230738137477 i
2459628.8824769 9133.358911710797 89.7253218419312 26.3273 16.425723689091445 0.010665822165258331 19.69758742713787 g
2459628.932037 18033.702273113442 110.762795797717 26.2887 15.648487761435 0.00666835714465967 19.43029021572952 r
2459636.9217361 10534.127607467894 32.6900310673118 25.6313 15.574803562562757 0.0033691984806240253 20.09783665586782 i
2459636.9824884 9210.56927365701 35.6733425003273 26.3315 16.420783816807692 0.004205011308408257 20.703215480361386 g
2459640.9216667 10796.068635105854 30.0196081216857 25.6414 15.558235907789502 0.003018903421170646 20.200462442584723 i
2459640.9545718 9485.605490303775 28.6824069329696 26.3659 16.423237354425154 0.003282920551456313 20.974436006446872 g
2459670.8729398 18281.152788061685 24.8315811890487 26.2957 15.640691054094571 0.0014747236134121633 21.060764052152837 r
2459671.8953935 11293.875392407219 21.4879678307263 25.6272 15.495092520577112 0.0020656759405636594 20.54928662628447 i
2459672.8167477 9737.807642780774 23.862206971333 26.3101 16.338947021513707 0.002660475443667529 21.1183984684492 g
2459675.8013426 10631.830023437384 23.7503567000678 25.5435 15.476979938250524 0.002425336203872718 20.35689964776218 i
2459675.8372801 17691.137880983257 25.5746409041904 26.246 15.626610581725231 0.0015695082937274745 20.979051128011136 r
2459675.8581481 9675.64412640354 23.8807022116141 26.3134 16.349200283800776 0.0026796436549787264 21.120857256493874 g
2459677.8012037 9098.986071824322 38.1646770922693 26.2766 16.379117499402003 0.004553846944263879 20.5750210086386 g
2459677.8801736 17470.234571705383 33.9220160929554 26.254 15.648253159335269 0.00210810751973358 20.680370849535983 r
2459678.8612384 10815.37263184471 25.4914585848026 25.5963 15.511196282063372 0.002558957284932646 20.332888274436556 i
2459679.7319792 16883.56133725464 40.153253037063 26.2176 15.648939850143366 0.0025820610919418735 20.46087315006617 r
2459682.7285648 8837.820003184686 72.052425689343 26.2601 16.394237119521918 0.008851426997011783 19.86855347369078 g
2459682.8538426 17759.36520505906 63.6829630489646 26.2874 15.663831404511093 0.0038931905608070375 20.029916833889104 r
2459684.7362847 17919.61643507218 126.756479636746 26.2813 15.647978226349132 0.007679824534205261 19.276449566216414 r
2459687.8124306 10008.959833878116 92.7807435222338 26.3184 16.317427633943886 0.010064187978967956 19.652330367843284 g
2459687.8154861 11138.960079173585 74.6079103573532 25.6207 15.50358838128943 0.007271936311759188 19.191312798413257 i
2459689.8152894 10330.521304920961 74.2718658786503 26.3287 16.293394405751265 0.007805701416639941 19.904214152858813 g
2459690.8784491 11249.68561643332 35.7589597485818 25.5801 15.452249035427325 0.0034510744497893036 19.949212798163863 i
2459693.7732292 17889.316185928445 37.5856086636336 26.2066 15.575115649748948 0.002281065128593632 20.52162102008414 r
2459693.8531019 9896.685083917902 37.9190493004682 26.2709 16.282175622304713 0.004159848623699002 20.576331388534996 g
2459694.7258796 10211.149594000326 29.4497312498485 25.5082 15.485513403297492 0.0031312412891048966 20.088071649437072 i
2459695.852581 4418.211186420924 31.7964102866126 25.4108 16.29768382273161 0.007813425205719997 19.90742975843748 g
2459697.7884375 10388.34704956195 23.720275697308 26.3328 16.291433875179024 0.0024790376372392413 21.147575658002353 g
2459697.8316898 16250.818788182476 23.6217236131469 26.1287 15.601511881138748 0.0015781423484608251 20.947996029847673 r
2459697.8356829 10700.153691296544 30.0356821288282 25.4998 15.42632496073963 0.0030475954858287125 20.058281240434034 i
2459699.8953125 9303.295434697713 29.4794614895104 26.2363 16.314707968508923 0.0034402703390233025 20.81507612449213 g
2459700.816956 11219.190644542254 29.6938516799827 25.6008 15.475896180179031 0.0028735241061832017 20.171708651883527 i
2459701.8814468 9005.562936205833 33.858119062157 26.2182 16.331922835804484 0.004081894727312988 20.646617919525056 g
2459707.7919213 18472.648903464087 37.2659945962247 26.2955 15.629177060036113 0.002190248434025829 20.619793197524707 r
2459707.8201389 18409.829908701457 37.4866568190339 26.2935 15.630875559980272 0.00221073543374719 20.611383213245272 r
2459709.7891551 18358.542607769978 41.0454291614212 26.307 15.64740449554468 0.002427372553074794 20.5264129868915 r
2459709.8168866 16246.139178416943 48.5274191214926 26.1728 15.64592457636314 0.0032429993588998893 20.21040700304666 r
2459710.8167824 9523.604241955303 55.769043960567 26.3449 16.397896650530903 0.006357724396111226 20.231491990366457 g
2459711.7326505 9767.817167373287 71.3412371662752 26.3444 16.36990619512518 0.007929630526884019 19.963623398162817 g
2459711.8180324 18086.452619248303 132.008006972204 26.257 15.613616512502087 0.007924223516179952 19.208074303600213 r
2459714.7135764 17881.42364484793 100.035062184162 26.2907 15.659694768591795 0.006073793069862047 19.54289437305459 r
2459717.7322569 18155.072598171308 46.6268539337571 26.2632 15.61570502524702 0.002788354331393813 20.344184706223004 r
2459717.8102431 9644.514941808839 63.4210890733747 26.2921 16.331399024351207 0.007139423477739862 20.039090750399957 g
2459719.7541088 18665.358489489616 30.4824722397647 26.2979 15.620309161342307 0.0017730610493952254 20.84034952175065 r
2459719.882419 17480.12458452589 55.0989733005397 26.2095 15.603138690956081 0.003422227056971429 20.10921622315864 r
2459722.7340162 10101.361073250559 31.9668449958891 26.329 16.318050261885702 0.0034358145759132326 20.819825551162175 g
2459722.7747685 10105.39829709858 28.0390232484751 26.3196 16.308216411006747 0.0030124460853373576 20.952767787355814 g
2459724.7918519 18065.507383594653 29.8331622575492 26.2542 15.612074591079793 0.001792911960636905 20.820026763715312 r
2459724.8183912 9598.80815301384 29.8430291949717 26.2646 16.309056720709155 0.0033754791512118744 20.830067729701025 g
2459725.6929977 11361.740159203635 31.0356506327892 25.5838 15.445187867939635 0.002965690591394497 20.106722853194725 i
2459726.8383218 18899.12837800981 26.7677458972503 26.2733 15.58219556223218 0.0015377292084252738 20.956845486818597 r
2459730.7988426 10311.268039145274 27.0765738340355 26.3204 16.28711980901705 0.0028509622773853463 20.991490715337413 g
2459731.7590046 11523.808143256427 30.3337550881972 25.6092 15.455209951954995 0.002857853713794068 20.156959549178076 i
2459732.7045718 18825.96656120995 34.7180788994744 26.3011 15.614206792609158 0.002002203612685945 20.70228577468744 r
2459732.7561458 10546.456804575842 28.5468484531638 26.3633 16.305533554394067 0.0029387417916653035 20.97697956540662 g
2459734.6931713 10042.13699987833 30.1523874504348 26.299 16.29443464514434 0.0032599084293844726 20.853270726535058 g
2459734.7372338 18717.393461856947 29.7310609912247 26.2747 15.594086575419578 0.0017245463682724908 20.84424896956063 r
2459736.726412 19722.491156989905 29.949710224878 26.3134 15.575995574982453 0.0016486964112353431 20.874993427216854 r
2459736.7531134 10897.145654703369 32.641487154662 26.3609 16.26761811036598 0.0032521234208263156 20.82905014640405 g
2459737.7547685 12024.07494462393 28.760805910058 25.6391 15.43897081376761 0.0025969238482259475 20.24467236090967 i
2459738.6907755 10530.050043845553 62.468452319409 26.3146 16.25852391208511 0.006440804972510264 20.078023123505186 g
2459738.7491667 19498.700881641085 47.160511980386 26.2872 15.562185807328236 0.002625927140885281 20.355828711151013 r
2459742.7111458 11965.590286846162 46.2746535371462 25.6106 15.415764679735307 0.004198739062669493 19.69981704958025 i
2459742.7531597 19436.07082884368 82.5956864483934 26.272 15.550478817380274 0.0046137996494611325 19.732181571844986 r
2459747.715 19942.266597704358 27.8150392472002 26.2921 15.542663705465525 0.0015143107210371751 20.933975796485953 r
2459747.7963542 10222.949966456286 50.043346935382 26.2644 16.24045941185134 0.005314714631884095 20.26860911935234 g
2459748.7130208 11975.236765854668 25.458046778043 25.6335 15.437789728168118 0.0023080797421668885 20.371512288789873 i
2459749.7163657 19878.084870125036 38.520642268302 26.2899 15.54396364874032 0.0021039180375746337 20.578241190013777 r
2459751.7085069 10339.046764832063 30.6477557266585 26.3055 16.26929875074953 0.0032183110444586145 20.84207829538553 g
2459751.7479977 18925.589064405147 36.6484878943086 26.2482 15.555576485192017 0.002102405540532721 20.590634837945274 r
2459752.7487269 10434.098573760191 24.5605290874604 25.4737 15.427562661741153 0.0025555984776024806 20.250680693605055 i
2459753.7082755 18769.684990903846 32.8774512102425 26.2421 15.558457540058276 0.0019017393630345314 20.702429634282556 r
2459753.7491204 9804.276772907195 28.4219759544496 26.2485 16.26996109298643 0.0031473753759193295 20.866939319934737 g
2459756.6922454 19811.84711935276 32.602660020653 26.3271 15.584787579913646 0.0017866435053320437 20.796542401170868 r
2459758.7147106 9827.003042931447 30.2755286926153 26.2685 16.287447273671674 0.003344879548522771 20.818345649566023 g
2459758.7701389 17231.535888278435 37.6287741953484 26.1655 15.574690027784985 0.002370860056164811 20.479274812006793 r
2459760.7162847 9964.859153610669 28.5460629625488 26.2788 16.2826220884303 0.003110175475707494 20.89250944076516 g
2459761.7370602 11399.905429926053 25.5652629574041 25.5907 15.448446878551717 0.0024347751096241927 20.324149328856166 i
2459762.7052546 10710.607576326229 33.1828062379959 26.3684 16.29386473105259 0.0033636348335851713 20.81869221139016 g
2459762.7348264 19367.693146311027 36.5693409866693 26.2764 15.558705260733182 0.0020499774138970795 20.621182154108652 r
2459764.7036111 12089.958566708065 31.9096973550221 25.6313 15.425237968749826 0.0028655481511530687 20.124068276205726 i
2459764.7278819 10543.712009814724 39.463480992267 26.3351 16.277616162190128 0.004063606941599041 20.597186512094062 g
2459764.7711227 18681.052603769 38.4632436014319 26.253 15.574496641580494 0.0022353956419805493 20.54296022551893 r
2459769.7577083 9517.231712259063 66.1155306158115 26.2539 16.30762339241157 0.007542280545415875 19.955716269776506 g
2459771.7106829 10013.88736432029 89.2172750787554 26.3156 16.31409324457796 0.009672886465463007 19.69205260251948 g
2459771.7316319 9574.63440814175 65.3565784779855 26.2686 16.315794499679786 0.007411002261685348 19.982951718898086 g
2459773.6945486 18837.886997165286 59.9260458419324 26.2896 15.602019531582862 0.003453768885033468 20.0981359337342 r
2459773.7190278 18185.300607429177 57.276457404547 26.2412 15.591898788892067 0.0034195227863713425 20.098834617500692 r
2459775.7142593 7656.097985209369 74.6737937221114 25.3614 15.651381292387258 0.01058938090927258 18.931054449773086 r
2459777.6879398 17139.757213760306 29.4282436681948 26.2042 15.619188335476476 0.001864101326062454 20.784864130714574 r
2459779.7060069 16736.842311322842 34.6209013244352 26.1856 15.626416189053687 0.002245818647792974 20.589829063765215 r
2459779.7109838 16960.13465378557 33.951505114707 26.2019 15.62832676003849 0.0021733995546320633 20.627327409443186 r
2459784.6833333 9816.365085494084 26.5491686841596 25.4984 15.51852324477684 0.002936365160560985 20.190847671994256 i
2459818.649456 16287.602168343 62.0964452193996 26.0932 15.56355711760616 0.004139228713833502 19.863108141125394 r
2459818.6509722 16186.825821078046 73.1450525338667 26.0823 15.559395766248716 0.004906062770664331 19.674412598751882 r
2459818.6525 16190.102987302975 58.7460806806484 26.0802 15.557075971588597 0.003939482030781378 19.910327745653547 r
2459818.6540162 16320.870710009925 60.3567379504401 26.0765 15.544641688945351 0.004015062159189972 19.877260589681647 r
2459818.655544 15818.9101084609 57.9921616290148 26.075 15.57705860459061 0.003980178751186246 19.91915174625749 r
2459903.0490741 17008.772690959027 143.348493428815 26.132 15.555317557058242 0.009150187502852047 18.993592156818544 r
2459903.0515278 17078.29193260383 139.794194339446 26.1542 15.573088917451699 0.00888698690672846 19.043052150383613 r
2459903.0539699 17048.932633817138 149.324354326627 26.1495 15.570257013196837 0.009509184825497261 18.96674837528804 r
2459903.056412 17496.848328522094 162.693609660187 26.1633 15.555900432112779 0.0100953296668935 18.887448751928776 r
2459903.0588657 18094.50990173025 204.452409440485 26.1971 15.553232938664479 0.012267476827781272 18.673194406622972 r
2459904.0496875 17275.90298557125 70.5457477124784 26.1597 15.566098108596162 0.004433430678292572 19.7910978869058 r
2459904.0521412 17617.90898951711 81.0025896244866 26.171 15.556114094549244 0.004991767843030253 19.65232773080138 r
2459904.0545833 17756.052969757253 100.159168310868 26.1848 15.561433920149712 0.006124266987732242 19.435648215056673 r
2459904.0570255 17811.03228473456 132.155431311581 26.1838 15.557077272850586 0.008055745982671537 19.13366244808848 r
2459904.0594792 17660.181939335038 168.569918255368 26.198 15.580512066329558 0.010363220542038438 18.883624798629615 r
2459905.0489699 17875.8321359454 76.9070188196918 26.1804 15.549734330651107 0.004670996555435233 19.7180600468228 r
2459905.0514236 17574.391985229006 77.9785169276562 26.157 15.544799227936442 0.004817308951542266 19.679637561435655 r
2459905.0538657 17627.765784248386 96.293486222657 26.1692 15.553706821217109 0.0059307480750259095 19.462782713540587 r
2459905.0563194 16338.04994834213 121.737674452825 26.0891 15.55609945139605 0.00808974103833266 19.12811248617013 r
2459905.0587731 14432.49147352557 202.03257817709 26.0112 15.612846726007916 0.01519812227356782 18.500221474185224 r
2459907.0526505 18730.116801595526 80.405085244927 26.2257 15.544348785855787 0.004660718455475993 19.715066197389227 r
2459907.0550463 18628.10080580786 94.9611561196088 26.2136 15.5381785513802 0.0055346129094875325 19.522310005746068 r
2459907.0574421 18808.97718124608 109.986979998498 26.2356 15.549687051078648 0.00634871652156783 19.3848217955707 r
2459907.0598264 18508.594853585022 123.756235538452 26.2359 15.567466377550245 0.007259446002626832 19.257057263242572 r
2459910.0529861 19019.536412499543 72.0535498651407 26.2393 15.541300182211943 0.004113062347680139 19.847736533957928 r
2459910.0553588 19050.094445609757 89.8787563878294 26.2493 15.549557167148663 0.005122356011875561 19.617732352534766 r
2459910.0577315 18761.506892547204 95.5850685800683 26.2515 15.568330706891878 0.005531363208282821 19.55309984894412 r
2459910.0600926 19230.46147902361 124.79769821807 26.264 15.554025734361066 0.0070457415233198045 19.276058551042528 r
2459910.0624653 19115.47660093027 161.078106743597 26.2814 15.577937173412186 0.009148738697052027 19.016383698114627 r
2459914.0441088 18589.193251674555 54.2703859754613 26.2248 15.551648644175504 0.0031696565448449776 20.140967713338362 r
2459914.0537731 18816.836052835773 53.9647486464007 26.2508 15.564433497477854 0.0031136758295009733 20.173099592730118 r
2459924.0187153 9587.973279329912 84.1861236759032 26.2071 16.25278296242401 0.00953286704208629 19.646573706599103 g
2459924.038831 19478.255189907155 58.2951710715169 26.2741 15.550224871638042 0.0032493191312710995 20.112593536389863 r
2459935.9883565 9613.494043590876 34.2698337517805 26.2101 16.252896846109948 0.0038702638536623527 20.62539499514536 g
2459936.0216898 19921.564245661484 38.2343927846954 26.2845 15.536191409185003 0.002083725943126383 20.58093949571081 r
2459938.0286111 10629.888230459866 37.1385052999915 26.34 16.27367825476648 0.0037931984165798147 20.668013937004105 g
2459956.985787 20486.665516054352 59.6748009417996 26.3157 15.537021807977503 0.0031624927605588163 20.12879754166478 r
2459968.9766088 19905.352358563825 36.4644522924529 26.3116 15.564175325653677 0.0019888849562054427 20.659500752389363 r
2459969.0391782 10908.661042045087 34.37362903903 26.3946 16.300171381489136 0.0034210843020820872 20.806611524802886 g
2459972.9842014 12001.298445875504 34.9241007675987 25.6285 15.430429410428335 0.0031594161560420915 20.02326190757719 i
2459977.9792245 19601.439961197906 57.2497988982268 26.298 15.567280058313976 0.003170996966898665 20.15614007549668 r
2459978.0364931 10736.101420184801 34.6908922373954 26.3378 16.260683486320122 0.0035081544247829843 20.73983631444712 g
2459980.9107986 10434.468703552042 84.4074378565273 26.3338 16.287624147998432 0.008782541582556641 19.770423194938182 g
2459980.943287 20139.867208961638 56.984626250434 26.342 15.581858493170664 0.003071927340839998 20.20518072871434 r
2459984.9582986 19254.453493308196 73.294893513332 26.3244 15.613072009041566 0.004132875852076557 19.914290693629262 r
2459987.9764005 10879.002239776059 58.9259911244803 25.5428 15.45132733457939 0.005880681624454302 19.36960774912948 i
2459987.9815625 19024.161052961703 62.0488009151464 26.3153 15.617036215250632 0.0035410961338075285 20.0860415060786 r
2459994.9232755 10978.499619702574 33.6206714952569 25.573 15.47164252207546 0.003324858979535978 20.00905903111188 i
2459994.9611227 18913.47644131168 30.3904544728867 26.3019 15.609971592943785 0.0017445188632346875 20.847632002238228 r
2459994.9963079 10400.221784507443 33.1447346867984 26.3862 16.343593498204793 0.0034600452947130397 20.83773862171895 g
2460016.9170718 10320.880332674846 51.0953053000015 26.3288 16.294508143565366 0.005374945855014529 20.31042249302905 g
2460021.8500926 2531.2906203800217 36.9665998862704 24.8358 16.32744497532872 0.015855404817364818 19.16885122197375 g
2460021.9432176 18601.485677278797 42.6396239162197 26.2712 15.597330919606168 0.0024887173255406358 20.449241575323256 r
2460030.9676389 11752.819016951276 29.4911503983352 25.6298 15.454444878870609 0.0027243286858490445 20.208145704278902 i
2460032.8684722 19216.471892769525 33.7955018011832 26.3008 15.59161586244796 0.0019093919274198515 20.731227740901293 r
