jd flux fluxerr zpdiff mag mag_error limitingmag filter
2458202.773287 4424.744554383876 41.2143639293905 26.2516 17.13687949141186 0.010112772470403096 20.46655348499401 g
2458207.7606134 4383.159667791394 89.4482889537923 26.304 17.199531771929024 0.02215616465691439 19.677644895627957 g
2458207.7876042 4219.512255980557 103.368757773898 26.2446 17.181444368317628 0.026597258997424322 19.461201746149108 g
2458210.7323495 3527.9597928871067 69.2239842172624 26.0358 17.166990932593997 0.021303099830164866 19.68773350993515 g
2458210.7645486 3632.275716223335 69.4398176362075 26.0432 17.142752981951165 0.020755805973346707 19.691753560110293 g
2458214.683912 399.6695031634357 64.1078247679076 23.3331 16.82884747343992 0.1741485522403124 17.068397386262802 r
2458214.6959375 6543.153665554692 482.769906224159 26.275 16.735532200507794 0.08010560564194476 17.81822451355923 r
2458217.7002083 6707.421132423543 36.9179914319205 26.275 16.70861106292952 0.005975748727611741 20.60947982746287 r
2458217.7185185 6827.794922803215 33.4581600103171 26.275 16.68929882918634 0.0053202424404814284 20.716319854657545 r
2458221.7029514 4379.999585670106 51.9683908393342 25.7648 16.661114826445914 0.01288175508483136 19.728026815556586 r
2458224.6789931 6908.4449988484685 47.6000113747842 26.275 16.67654923916855 0.00748060270556071 20.33355734790465 r
2458229.6660764 4455.2168974567685 37.9280031152064 26.2873 17.165127869878297 0.009242744838233586 20.592475044206044 g
2458234.729537 4369.35490463058 86.5988513838345 26.2563 17.155256694782103 0.02151813597192292 19.66509465983745 g
2458237.7068171 4377.940358875281 76.5280362731683 26.2311 17.127925397913703 0.018978442411473197 19.77412356571705 g
2458245.6531944 6588.1947123302425 44.7745017106711 26.275 16.728083934638768 0.007378603491529425 20.399998085800334 r
2458245.7280093 1704.1565596991572 37.1488664061599 25.1345 17.055726273497676 0.023667147262742043 19.462211074541674 g
2458249.6711343 1605.4970694460771 35.5348924643771 25.2147 17.200676207063317 0.02403008606044048 19.59063747536167 g
2458257.6845023 4595.775909468358 34.0134878220825 25.647 16.49110288928379 0.00803530121047762 20.070447069706045 i
2458257.7285301 6940.443499338573 38.7544147168847 26.275 16.67153194232057 0.006062388961473651 20.556772033152583 r
2458263.70125 6876.308131442904 32.4503351677041 26.275 16.681611676389515 0.005123582046952789 20.74952702208688 r
2458279.690081 3879.0525568239386 31.5168800562719 26.1002 17.12838584038888 0.008821194396270583 20.60641694184721 g
2458425.9818634 6437.3555956353175 59.77123673274 26.1957 16.673931250108783 0.010080790280520665 20.00704438426506 r
2458426.0228819 4293.454735535993 44.1466461036911 26.1898 17.107782778408183 0.011163507391395351 20.330130701481753 g
2458429.9759491 4212.441373603265 32.2171192355467 26.2381 17.17676532586399 0.008303528346582838 20.72045822809837 g
2458430.038125 6561.91375367207 42.4648868746017 26.2719 16.729323705124262 0.007026018538258758 20.454400060478278 r
2458432.9817361 4589.496239140402 27.172698961702 26.1793 17.02488745422231 0.006428025588325873 20.846543045676896 g
2458433.0388079 7187.842474768406 40.3786602886748 26.2327 16.591203623109276 0.006099064027808531 20.469895225355607 r
2458439.9006597 4951.608001931792 35.5127450133243 25.8793 16.642434359756024 0.00778659927157483 20.255914381479414 r
2458439.9923264 3382.7035522834276 18.2866174422831 25.947 17.123840151294687 0.005869204986551321 21.044241540396328 g
2458440.056794 5439.357180032765 34.2823999146469 25.9493 16.61043105482635 0.006842794167657131 20.364196947192667 r
2458441.0001389 3982.2367607652436 22.1352783730605 26.1015 17.10118230725749 0.006034867631781302 20.991362519078244 g
2458442.9045255 5005.611354602741 66.1891359865126 25.8961 16.647457182216883 0.014356197445188963 19.596708209227593 r
2458442.9128009 5229.30643879673 59.7320504477951 25.8998 16.603689769121125 0.012401470047736096 19.711856431118726 r
2458443.9626968 6990.458792409542 45.5163329957312 26.2246 16.613335800094625 0.007069218802508924 20.33175682405079 r
2458447.9407407 6988.585244809842 57.318159659447 26.2086 16.597626832652658 0.008904567056469366 20.06544439451948 r
2458448.0412963 7020.836027674708 69.8990181823708 26.2472 16.631227924594498 0.01080916343031792 19.88859730018821 r
2458448.9683102 7066.484809426487 64.1650421975822 26.2283 16.605291425731586 0.009858364971079432 19.962628778629234 r
2458448.9687731 6979.495715567807 59.4480340835766 26.1994 16.589839887517286 0.009247477645208118 20.01663124592673 r
2458449.9504398 7142.857561923024 54.8588550433758 26.2121 16.577420025496295 0.008338435759673486 20.116558141102278 r
2458449.956956 6375.065926602481 64.6329360425896 26.117 16.60578829923046 0.0110072553710573 19.84344027712934 r
2458458.0468519 3775.387088194153 24.7364891216081 25.9802 17.037796284492075 0.007113550375618808 20.74942983978252 g
2458461.9801273 3928.784590877122 28.5912903045619 26.042 17.05635445555893 0.007901060281020056 20.653990601157915 g
2458464.9990972 4725.838784230231 25.0305476684838 26.2502 17.06400274458891 0.005750442798505107 21.006599108966967 g
2458465.0417477 7184.095561220761 29.5791802084493 26.2361 16.59516974853742 0.004470168259685065 20.81120965593749 r
2458467.9760764 1039.7493975349566 26.8388132422497 24.5848 17.042478306518703 0.028024925627457113 19.26546671840352 g
2458468.0230671 1139.296712919202 39.3365640283917 24.2234 16.581807889095224 0.03748602719672172 18.488983932985022 r
2458468.996794 7277.794528767141 30.8669806461686 26.2545 16.59950052462325 0.004604730286775798 20.78333961506921 r
2458472.0246296 7053.7356291911965 43.0270819262778 26.2914 16.670352053808767 0.006622661424116379 20.45962025550645 r
2458474.9755093 7403.136373427395 53.9299031061938 26.2709 16.597360625976656 0.007909039202973268 20.19390088913875 r
2458476.9400347 6566.915056663014 73.7314954306877 26.1941 16.65069650323606 0.012189937573179955 19.777542383152053 r
2458476.9676505 7323.476279585563 44.6453036887829 26.24 16.578206801907072 0.006618633605740935 20.368135535427577 r
2458480.9534028 6941.915854910629 66.3467940848436 26.2177 16.61400163712301 0.010376489119636852 19.91572513328768 r
2458480.9816898 4759.477424410156 63.2782079464074 26.2385 17.044601822061097 0.014434599482511188 19.9879395608028 g
2458481.9366088 7183.701626499145 39.1062475589772 26.2434 16.60252928573496 0.005910275117519402 20.515359626127914 r
2458481.9599421 7009.041161529294 41.962171584292 26.2175 16.60335347389171 0.006499937529133516 20.412930100969163 r
2458483.0085069 4771.3647469244315 37.1993897520794 26.2366 17.039993456338124 0.008464533649385295 20.562835450576067 g
2458486.9365509 4758.096543722634 35.8112089771306 26.2592 17.065616875492243 0.00817138307917805 20.626727531838682 g
2458486.9774421 7230.124802225593 28.7696816819284 26.2655 16.61763551525257 0.004320152729930023 20.87073734734227 r
2458491.9348958 3588.8577973400916 32.0897097945355 25.9493 17.061909373847886 0.009707767733162615 20.435960515305716 g
2458491.9569676 2725.1681680552233 36.8099629002692 25.6611 17.072616731445486 0.014664994692544942 19.998761539825853 g
2458492.9430671 2801.4555286686277 33.1941001730014 25.2405 16.622040668228507 0.012864325058536564 19.690422738484266 r
2458492.9435185 2352.186170800155 35.106322497557 25.0407 16.61202076925395 0.016204046605134102 19.429811643969018 r
2458493.9705093 6987.9422656387815 27.0541927075025 26.2126 16.60172672953547 0.004203345692617918 20.884588541188307 r
2458493.9709606 7088.8794954585555 28.6058137048482 26.2621 16.635656015496778 0.0043811341354088994 20.873539224226548 r
2458494.9568519 7009.471937343178 26.5464591350133 26.2421 16.627886746572752 0.004111792006661238 20.93465848547288 r
2458494.9642245 4720.59746947392 25.9950084210197 26.2536 17.06860757689235 0.005978645886501807 20.9689500830143 g
2458502.9244444 6052.692059037151 67.9987370843631 26.0634 16.608528552482337 0.012197255061450647 19.734722872187948 r
2458503.0047106 6344.336504798751 72.9439540883887 26.1572 16.651234475046806 0.01248282635920425 19.752301735387604 r
2458503.8054167 5120.885937970443 130.864245626287 25.8716 16.598237243709125 0.027745064662145158 18.83212247416319 r
2458503.8218171 4841.149334939043 133.71011871787 25.7975 16.585128801175262 0.029986489952766423 18.734664303146907 r
2458503.8383796 5086.7137010291735 115.621295088549 25.8973 16.631206763432054 0.02467802346576724 18.992280415027437 r
2458503.8552778 6571.739988642342 93.632504295541 26.1 16.555799069472428 0.01546878149308372 19.42400839120185 r
2458503.8729977 6385.680554700396 84.710410766568 26.1006 16.587582027363702 0.014402551487102686 19.53333301998522 r
2458503.8905093 5338.391843461807 103.465790432819 25.9265 16.607973879290185 0.02104244348613921 19.142083039366547 r
2458503.9079167 6511.276716675848 77.2646594030112 26.1089 16.574734618962008 0.012883224652242252 19.641522752935874 r
2458503.9245023 7328.033405200219 63.8970474532236 26.2538 16.591331398957415 0.009466799697001304 19.992673012167614 r
2458503.9409375 7321.316590494112 65.8757400299958 26.2464 16.584927032131617 0.009768911105883418 19.952161221677198 r
2458503.9573032 6573.6330907368665 85.278968763145 26.1221 16.577586349630224 0.014084658378121926 19.547570139151162 r
2458507.965787 4876.018659039073 103.365227725697 26.2404 17.02023660284425 0.023015422128000094 19.457038824727434 g
2458510.7850116 4131.362014805992 57.4210555420405 25.6432 16.602966869648778 0.015089948491217114 19.498097060039207 r
2458511.8951852 7186.78191305004 33.1981366240035 26.2083 16.566963834635647 0.005015209501102562 20.65809071940467 r
2458511.8956366 7468.418242930796 34.4122322835544 26.2607 16.577628422204167 0.005002580114687508 20.67149287481303 r
2458513.8792245 1368.539276212902 23.0795971839375 24.9104 17.06975683524414 0.018309681788557436 19.754904427508755 g
2458513.9205093 5715.84202698432 27.6646420797641 25.9391 16.546399456594315 0.005254781668948018 20.586862349756235 r
2458513.9317477 1193.3096765740643 22.4947766299336 24.2584 16.56651709414586 0.020466254038293715 19.130770776565015 r
2458522.8982176 4993.318497344574 26.8205484280028 26.2203 16.97432682929055 0.0058316066647397 20.901705853952272 g
2458538.7338426 573.1980380479075 58.7588643778041 23.2201 16.324338261956907 0.11129573868089551 17.049991504993535 r
2458538.7763542 2013.3007204907851 34.6293698873326 25.2685 17.00872837761256 0.01867436220730697 19.672463516057604 g
2458540.7420486 7246.503467807849 26.1948759773304 26.1978 16.54747873906627 0.003924620608398188 20.904834122731494 r
2458541.7562384 3642.159379929156 30.8862337993508 25.9168 17.013402633784608 0.009206951299480867 20.444962602663274 g
2458541.7958333 1150.7168300664964 47.7056882302644 24.1557 16.50327883747147 0.045010261741461666 18.211849575116716 r
2458556.7113079 6962.7790474460035 40.3740761633498 26.2113 16.60434346560029 0.0062954941111663665 20.448618494264046 r
2458558.6856134 6762.11564213469 60.5038551248793 26.1828 16.607593516079007 0.009714272719586988 19.98091737045764 r
2458558.7616204 4971.251372987752 50.984088030446 25.6853 16.444135690150226 0.011134706379047473 19.66928835081858 i
2458559.7479282 6996.725038171621 46.6238645274392 26.1892 16.576962982345265 0.007234746176429509 20.270254318698374 r
2458567.7287037 6718.314414579538 25.8468321752115 26.1832 16.61504918800216 0.004176926526649225 20.904756681816185 r
2458567.7707407 4327.539610681745 28.4639266454152 26.1507 17.060097370663904 0.0071410750539748135 20.767537960365104 g
2458572.7086343 2721.097774719309 29.6700798459029 25.6021 17.01523963208298 0.011838165459533936 20.173878201511734 g
2458574.7079514 2396.3766805610994 36.2760691941768 25.008 16.55911228808654 0.016435199292164693 19.361524435125148 r
2458575.755162 3462.629693587842 24.599360702977 25.8693 17.020784877559034 0.00771307597941518 20.644565437537388 g
2458581.7113657 4172.680836557466 25.2216156221004 26.0903 17.03926208172832 0.006562473659860827 20.838442732289582 g
2458581.7343171 6990.5256457678015 29.9770072039054 26.2041 16.59282541668968 0.004655735258046596 20.76470430844873 r
2458582.7174074 6792.389908144037 29.0549048458489 26.1503 16.570243479872907 0.004644154799375693 20.744826345478476 r
2458584.6859722 6903.464277902468 37.4955501556635 26.1831 16.58543229517955 0.00589688266140674 20.50072566367465 r
2458584.727037 4503.327351187136 34.8405547438254 26.1826 17.04876620651729 0.00839965370836293 20.579962335701474 g
2458591.6857986 4489.974911489809 66.2918386853255 26.1969 17.066290214213282 0.016029721920378544 19.895824826975282 g
2458591.8356481 5243.813476401442 126.344416537947 25.8528 16.553681911643615 0.026158850548853467 18.85148485374052 r
2458594.6546065 6851.49662012049 33.956649299912 26.1935 16.60403638044211 0.005380829355830016 20.61876291585093 r
2458594.6892245 4636.826926638415 42.9368134587843 26.2125 17.046947785496997 0.010053534261628767 20.383000463467937 g
2458598.687037 6663.905646371204 24.5145525575902 26.1887 16.629377901733676 0.003993971572251925 20.96771506200468 r
2458601.7593866 6672.880480638744 26.2957781181238 26.1793 16.618516634547703 0.004278411157772483 20.882159922801048 r
2458605.6640509 6604.899819714919 23.5374895496341 26.1738 16.62413441297941 0.003869044664047718 20.996974638652027 r
2458608.6907523 4173.929823788984 23.5642471811833 26.1431 17.091737142487272 0.006129404241249676 20.965041064925533 g
2458608.7173032 6320.334986801713 28.6645525451413 26.1459 16.644049757195926 0.004923964435943318 20.7551120721383 r
2458619.7118519 4209.804040202117 88.2930849474487 26.1019 17.04124529855786 0.022770609133351192 19.489658260985145 g
2458645.7008796 3493.438036546126 65.3009779050633 25.9669 17.108767388663104 0.020294412258023496 19.682175776569785 g
2458758.0221875 5913.8665307865185 61.2387211724052 25.9887 16.559021203074387 0.011242539754788457 19.773709706921252 r
2458758.0272222 5906.554898677102 77.8113614115507 26.0103 16.58196438779194 0.014302719018736566 19.535267454330366 r
2458758.0322685 6076.279018886174 107.58587551672 26.0394 16.58030572955917 0.019223275410073962 19.212586843078356 r
2458760.0152894 5873.385808992548 59.1952249307656 25.9979 16.575678676075277 0.010942284024477533 19.819758301316313 r
2458760.0201273 5868.364655017597 53.6169308077477 26.0076 16.586307268282937 0.009919612225903356 19.936920114026805 r
2458760.0249769 5924.44905133705 72.3979275326959 26.0284 16.59678007746744 0.013267466601727073 19.63165965357028 r
2458760.0298264 6451.605219688387 95.2053058927993 26.057 16.532830538482184 0.016021501174990484 19.36292210728091 r
2458762.0167593 5963.7673943111 47.5989091724729 26.0044 16.565598259349233 0.00866535065365731 20.062982488966078 r
2458762.0216667 6094.96601826432 50.744700568221 26.0178 16.555371778486204 0.009039184343575172 20.006898253689535 r
2458762.0265741 6172.259809856148 59.0710697475314 26.0436 16.56748950350373 0.010390596378085638 19.86773789969778 r
2458762.0314931 6106.005783393513 93.9493592205607 26.063 16.59860697172183 0.016704998803501642 19.3833404332821 r
2458764.0191898 6075.385758000613 40.709142432442 26.0447 16.585765353068098 0.007274915157559913 20.27304510478976 r
2458764.0240394 6016.259420484864 52.7058054204687 26.0332 16.58488361319862 0.009511340676262123 19.98112885325316 r
2458764.028912 6238.1749775053195 59.3918876397831 26.0644 16.576756119194364 0.010336640546799657 19.88265716769522 r
2458764.0337731 6414.941375127315 105.038290589999 26.0984 16.580418270504413 0.017777258656755626 19.297605875757892 r
2458766.0046412 3282.389349372478 35.5996708386728 25.84 17.049524763071013 0.011775130405214182 20.213960033104797 g
2458766.0227546 6251.747837348408 49.4398347384882 26.0499 16.55989636864136 0.008585891493400817 20.067282463219918 r
2458766.0276736 6359.140255338542 52.3946666032249 26.0636 16.555103990596535 0.008945374256113635 20.017957286141225 r
2458766.0326042 6211.89284173605 83.1797380703203 26.0627 16.579640111690686 0.014537958706594193 19.515231118022314 r
2458768.0229282 6091.027810346461 61.0143723370117 26.0575 16.595773543992944 0.010875554357799862 19.84649461919669 r
2458768.0279282 6123.166868990908 66.2382399862746 26.0579 16.590459762445104 0.011744716205153794 19.757703028389535 r
2458768.0329282 6156.864014734295 86.8721101669038 26.0649 16.591501096166947 0.015319008148059251 19.470274061982995 r
2458768.0379398 6038.21412033414 139.704121578782 26.0703 16.61802872644776 0.025119474363670003 18.959851941796522 r
2458770.9955208 5799.520590518722 81.4419527583691 25.9856 16.577119763289872 0.015246351268123131 19.461054543340303 r
2458771.0382986 4300.386408246934 114.82538062495 26.0704 16.986631298591888 0.02898946836624588 19.1728802549139 g
2458781.9684375 3217.881702924035 76.5024122816622 25.9079 17.138974814134777 0.02581159802696496 19.451287165194298 g
2458782.0238657 6343.656416036704 83.2899545379001 26.1388 16.632950868080236 0.014254855198840411 19.589893426574434 r
2458784.9937037 3617.4809766826734 75.235684998837 26.0123 17.116284360089324 0.022580183207526687 19.573815290535762 g
2458785.0278125 5939.169610072973 95.7767788279337 26.1224 16.688085680044118 0.017508314394175047 19.421824422343832 r
2458788.0290394 6166.473035283895 61.0872856964442 26.1306 16.655507908100272 0.010755332213591052 19.918297917991627 r
2458791.0110417 6162.728478462719 39.7975597989579 26.1195 16.645067415698065 0.007011214403608903 20.372433879223006 r
2458791.0424769 3864.4515540421085 36.1815485461127 26.0988 17.131080331954166 0.010165040680980038 20.455157113071603 g
2458794.0204167 6055.4186421179265 36.9277635303002 26.1156 16.660239566200467 0.006620925031671186 20.44979247388176 r
2458799.034537 6440.882172949843 48.9711161421821 26.1601 16.63773661397397 0.008254760662888647 20.187824982899038 r
2458805.0038889 4122.543797675383 67.1378163387114 26.1341 17.096186804346452 0.01768120140774271 19.8192569599374 g
2458805.046412 6653.954145419373 58.750558211249 26.1707 16.613000490806535 0.009586101685696678 20.000744995761647 r
2458813.0493866 6447.639946888649 36.7165254888979 26.1446 16.62109805666956 0.006182592708597612 20.485021046970502 r
2458820.0033102 607.394651362636 44.4558331911174 23.4961 16.53742259185242 0.0794634888326994 17.628853103650037 r
2458824.0432986 3098.252410951647 42.1241373505464 25.3746 16.646808009197024 0.014761281475914578 19.565847438748328 r
2458827.9509375 6472.304296461029 58.3949384133365 26.1506 16.622952681221534 0.009795488860130602 19.98723697730464 r
2458828.0459722 4419.202859085904 27.9636477040419 26.1936 17.080240155316098 0.006870047219004149 20.8296904339214 g
2458830.9284722 7132.012370779919 55.3107310204185 26.2776 16.644569780484275 0.008419904165463685 20.173151493139095 r
2458831.0484259 4799.371697684655 58.0801987495866 26.3188 17.115839034732282 0.01313873476664599 20.161304754550166 g
2458836.9806597 7310.529128423098 40.3312023689464 26.2954 16.63552797031468 0.005989660343698024 20.53387206528306 r
2458837.0509259 4725.041179947036 40.3213504275102 26.3051 17.119086005375774 0.009264869551811723 20.54383731688854 g
2458846.9599884 7119.37350267775 25.8595598416911 26.3043 16.67319555533946 0.003943566678945015 21.02532216807276 r
2458849.9572569 6988.672073567356 33.4976530425787 26.2912 16.680213343149887 0.00520390734112146 20.73123903920689 r
2458849.9962616 4554.9534031894345 26.2523981580455 26.3184 17.172190153665554 0.006257413887095396 21.023052533211338 g
2458852.9392245 7023.1776847021365 21.9513066742548 26.3124 16.69606585974759 0.003393411746957561 21.21132404621936 r
2458852.9828472 4621.144189284263 21.7472858675743 26.3236 17.16172620095299 0.00510934679795879 21.232662330908877 g
2458853.9948611 4625.091686808437 21.694613636019 26.3187 17.155899133701407 0.005092621642897473 21.23039518893132 g
2458854.9344792 6870.930803319063 59.5125682904288 26.2956 16.703061062968796 0.009403790729737344 20.111653257074963 r
2458855.8617014 6686.170149393021 59.3654244904194 26.2414 16.67845643923514 0.009639754886450125 20.06014104526564 r
2458855.9838657 4564.398179970706 32.7602796897758 26.3238 17.175341191188284 0.0077924480417301935 20.788005986963437 g
2458859.8182176 6997.76287031647 90.655120282664 26.2629 16.650501945808085 0.014065104221863571 19.62199414299269 r
2458859.8386458 6884.233155906021 86.9688679818219 26.2443 16.649661073414695 0.013715703380391584 19.648465446215678 r
2458859.8390972 6766.374267839869 88.3681516535943 26.2393 16.663409959481914 0.014179130277541698 19.626135561165903 r
2458863.8417477 7027.3055507809895 61.0190536209479 26.2679 16.650927906774154 0.009427281343828935 20.05681132006095 r
2458866.8721875 7063.526359859628 32.2463660586143 26.2948 16.672246074466553 0.004956430803286942 20.77617303976384 r
2458866.8983333 4734.874692784734 25.9013675251993 26.3252 17.13692877499508 0.005939146555443465 21.044468253380643 g
2458873.7916667 6955.684889046601 27.9933796028002 26.2436 16.637750252285755 0.004369434889527607 20.878536655620103 r
2458873.8577662 4733.798772295737 23.0874440183973 26.2922 17.104175518287622 0.005295121144031593 21.13633535069006 g
2458876.8369676 7226.891191638628 26.6508710563321 26.2837 16.63632120996943 0.004003775612304337 20.971996469001475 r
2458876.8378819 7197.2748392543 27.3817538841219 26.2816 16.638679781945807 0.0041305036775657255 20.940521832751145 r
2458876.8777315 4753.742523064795 23.5421247438481 26.3036 17.111010861652325 0.0053767499418368265 21.12656084768258 g
2458876.8786343 4736.1597818586515 22.8047709791988 26.2986 17.110034136062833 0.0052276825513685905 21.156110701353786 g
2458877.8387731 6994.418745392661 35.4459263526795 26.2605 16.648620926717836 0.005502050083354524 20.639159162168287 r
2458877.8746644 4569.278276890336 41.1244682340993 26.2759 17.126280979648584 0.009771528993447031 20.493224250943566 g
2458878.8515856 7172.148036478861 40.4262964420093 26.2727 16.63357688744196 0.0061196213217926745 20.50861509838284 r
2458878.878669 4714.835153564329 34.7406647555258 26.2946 17.110933717628882 0.007999842729720952 20.69507967834292 g
2458879.8521412 7314.598819068907 70.1944196293099 26.288 16.627523721161275 0.010418901060282995 19.92481852010783 r
2458879.8611343 7265.342257909358 63.2287441815355 26.2848 16.631659805025272 0.009448618540050278 20.035088598775474 r
2458880.8369097 7241.689918394981 36.3007846352543 26.2788 16.629200187893453 0.005442343199255715 20.63158495831358 r
2458880.9207407 4709.291373349148 29.0467453063474 26.302 17.11961109512757 0.006696559817379405 20.89683129748882 g
2458881.8715972 7247.725184430157 27.1371880319526 26.2948 16.644295705942703 0.004065116198056759 20.963462879512768 r
2458881.9430787 4563.202997330598 26.7849028027234 26.2724 17.124225527246768 0.006372797570024466 20.95524980230912 g
2458883.772037 6717.228714223738 59.0492740032923 26.196 16.628024660504476 0.009544084251533955 20.020538583071144 r
2458883.7870255 6457.505742160761 64.9003023759515 26.1991 16.673937997424893 0.010911683411990744 19.921058188611216 r
2458883.8984606 4792.936740653703 56.1706072384904 26.311 17.109495757463325 0.012723812472123602 20.189802191936213 g
2458883.899375 4708.62380350241 50.3847698151679 26.2755 17.093265015552507 0.011617565316566237 20.27232679213445 g
2458884.7318171 6576.932474724324 90.431509466807 26.2098 16.664741542533385 0.01492815840901996 19.57157553898847 r
2458884.7745255 4643.959987773962 79.9282005307565 26.2531 17.085878826965356 0.018686217698839082 19.748924900259592 g
2458885.7286227 5996.084348503391 86.4356671823552 26.0818 16.637130666113798 0.015650747788981005 19.49264251768205 r
2458885.791412 4124.15066358443 78.7063215441977 26.1512 17.112863693602158 0.020719770025634052 19.663750950463495 g
2458886.7727315 7049.877933114147 53.7276748398471 26.2763 16.65584600661154 0.008274205188664155 20.203379873876045 r
2458890.7929282 4922.727701454541 101.915019388563 26.2887 17.058185465933917 0.02247720029638626 19.520679510573963 g
2458890.9154051 7392.53085297496 95.4846683091391 26.2837 16.611717135638763 0.014023303581007519 19.58644087965807 r
2458891.732037 4652.281465304692 70.7987384785721 26.2251 17.055935045300266 0.01652225707739967 19.852611190863357 g
2458891.8082986 7481.708198074581 57.8687186628464 26.2817 16.596698085451898 0.008397556572497864 20.128165323505797 r
2458892.7935532 7133.500807361934 53.2978171540551 26.2576 16.62434321317173 0.008111787136049552 20.193401432698654 r
2458893.7501389 4635.164882549962 22.71369313283 26.2367 17.071537031194623 0.005320254458941077 21.098555603983986 g
2458893.8121412 7404.76696844186 34.6341677127438 26.2835 16.609721510956955 0.0050781227884661405 20.687313100039542 r
2458894.7695602 7151.355079937453 37.4561385724148 26.2546 16.618629144455582 0.005686492866527671 20.57336748149063 r
2458894.770463 7232.285140779604 32.587724708466 26.2578 16.609611149146325 0.004892021266762125 20.7277398920055 r
2458894.8146991 5013.452395960717 24.1352143690707 26.3061 17.055757761106207 0.005226658232880003 21.102047087717033 g
2458894.8156019 5015.867518025186 25.8921418630962 26.3033 17.052434857153102 0.00560443399267277 21.022955044528125 g
2458895.7485764 4715.521340972029 27.2286036323227 26.2476 17.063775713313024 0.006269104267804884 20.912611564319647 g
2458895.7767014 7336.553754498173 31.787657641686 26.2742 16.610469740153086 0.004704096917495991 20.771128671792788 r
2458896.7503588 4768.583620711342 25.6045582651446 26.2618 17.06582649320347 0.005829586124426747 20.99358176990605 g
2458896.8128009 7319.802489787814 33.1477436615121 26.2757 16.61445159337606 0.004916595132657319 20.727140059925233 r
2458898.7896991 4909.294366882811 24.1231839593817 26.2787 17.05115231581877 0.005334889062953169 21.075188417395612 g
2458898.7906019 4929.572393891404 24.480561408049 26.2677 17.035676877784386 0.005391653351851417 21.048221556209185 g
2458898.8170833 5183.244227760989 23.0727018486835 25.9207 16.634195818210827 0.004832886759020531 20.765528854041857 r
2458898.8179861 5749.269037713328 24.9327687163778 25.9919 16.592868420044276 0.004708338889309972 20.752548718143338 r
2458899.8009144 7389.825979023988 28.2936008667036 26.2799 16.60831447141465 0.00415684517445663 20.903254432374837 r
2458899.8164931 7491.676934716748 25.2825473381903 26.291 16.60455239768106 0.003663967611559993 21.03652291648046 r
2458899.857419 4981.562124500591 25.6847340385139 26.2855 17.042086123186394 0.005597825551239139 21.013887306582923 g
2458900.755463 7310.693039773817 32.8204911179795 26.2628 16.602903627002497 0.004874121647965237 20.725012300548812 r
2458900.8328241 4918.868399473543 28.1395245262644 26.287 17.057336991247023 0.006210997997310739 20.916283101950114 g
2458901.8749421 7242.41096682649 33.7551721097416 26.2611 16.61139208751576 0.0050601920448053546 20.692824172418327 r
2458903.7271759 7247.561272360968 30.1461311133149 26.247 16.596520260858327 0.004515954169927833 20.80149602997224 r
2458903.7974653 4788.317190989467 23.949545026718 26.2597 17.059242721199922 0.005430304634880427 21.064031820489408 g
2458903.8101852 4862.900980361876 25.5797423390095 26.2579 17.040661433893796 0.005710979180866634 20.990734575209732 g
2458904.7274306 7182.43498367846 33.6900255430358 26.2309 16.590220741518763 0.005092598932700822 20.664721638525545 r
2458904.7283333 7114.3331437636425 32.5744748620881 26.2354 16.605064504780763 0.00497110644709837 20.705781431370745 r
2458904.7729514 4733.432779019245 26.4503994417869 26.2402 17.05225946514136 0.006066886341184753 20.93669440181852 g
2458904.7738426 4841.796146385213 26.7753336556621 26.2512 17.038683748906372 0.006003966063638471 20.93443776062337 g
2458905.7123148 7222.160093146029 47.3868171967343 26.2438 16.597132222063447 0.007123612155775869 20.307231139985593 r
2458905.7597222 4864.7602649948485 38.8442517917256 26.2645 17.04684639216596 0.008669122808320164 20.543758087677737 g
2458906.7503819 7233.525028777309 44.6947139708263 26.252 16.603625028731848 0.006708354607895559 20.378934583402337 r
2458906.8120255 4974.356521790559 29.813836848249 26.2899 17.048057728054477 0.006507149723657625 20.85643031284931 g
2458909.7727662 4882.5612776482185 44.3024522232807 26.2848 17.063180743690907 0.009851217351640445 20.421305574416944 g
2458909.7737269 4820.8958280137795 43.9374249351154 26.2818 17.073980632092926 0.009895020335195355 20.427288488174415 g
2458909.7955093 7452.4782960626935 52.5433710593238 26.2756 16.594848200235624 0.00765468018729376 20.226880157514408 r
2458909.7964699 7232.166159918219 50.0413950556454 26.2694 16.62122901112065 0.007512264155795969 20.27365146799521 r
2458911.8608449 4654.407711503801 50.7811860793 26.2485 17.078838941374386 0.011845359741483187 20.23681788833955 g
2458912.7268634 7038.54498372192 42.6117563801743 26.2552 16.636492773611437 0.006572890279020632 20.433951400637387 r
2458912.7277662 7127.557916814398 43.4945265416237 26.2443 16.611948112580205 0.006625271659293137 20.40078846989595 r
2458912.753044 4787.03936541586 50.5783535414491 26.2716 17.07143250288872 0.011471165003712246 20.264263269635308 g
2458912.7539699 4830.452899190516 47.9727689832169 26.2708 17.060830370637685 0.010782433111770285 20.32088802260615 g
2458913.7319676 7131.945465770773 40.0897249700939 26.2421 16.60907996576266 0.0061028809893356375 20.48709229704826 r
2458913.7746065 4450.934445528429 46.2399711092553 26.1978 17.076672005169296 0.011279145367722499 20.287831103996794 g
2458914.7314931 2666.929839365119 82.9739346238447 25.5786 17.013571023558754 0.03377846671907706 19.03382077710179 g
2458914.8382755 7270.891083865474 52.5548451437098 26.2762 16.622230902326002 0.007847565685469075 20.22724308728936 r
2458936.753125 4653.721709685918 25.0077859432565 26.2481 17.078598977183486 0.00583424512516156 21.005486880904314 g
2458936.7540278 4628.131651400207 24.1666952922535 26.2304 17.06688573911088 0.005669195056467674 21.024931823470205 g
2458939.7008102 5555.727049725909 37.9358271680823 26.0139 16.65204774773821 0.007413418115711589 20.318851094071345 r
2458939.701713 5334.023255785482 39.6460792886148 25.9491 16.631462737908343 0.008069658908397562 20.20617437619938 r
2458939.7021644 5961.112830429207 30.9050063722996 26.0309 16.592581644692768 0.0056287418763703865 20.558402895472497 r
2458939.7258333 5773.945028186635 38.3071721266374 26.0461 16.642418388022925 0.007203064209108345 20.340474756365314 r
2458939.7267361 6277.88364627299 33.4586953360262 26.1373 16.642766844339967 0.0057863617061283835 20.57860248317466 r
2458939.7922569 3031.6983704601003 35.5100174048314 25.8095 17.10528502422353 0.012716708981366934 20.186197776244526 g
2458939.7931597 3220.999248033076 36.1497703698155 25.8394 17.06942344142417 0.012184978222045725 20.196711131863577 g
2458940.6742477 4486.007134009058 33.6039483014826 26.2385 17.108850100256284 0.008132801750209164 20.67509921943483 g
2458940.714213 1797.8774251984191 103.695729196813 24.641 16.50409980177195 0.06261964893215952 17.8541728143024 r
2458941.7126505 6989.512059230686 39.418260326645 26.2554 16.644282853690232 0.006122946047445399 20.51873135579114 r
2458941.7353009 4709.016200137658 44.3159161535101 26.2581 17.075774538695548 0.010217376225305705 20.394275659143425 g
2458954.6853125 4509.007657828202 30.1696433806245 26.2172 17.081997567782746 0.007264388154559224 20.770849547559262 g
2458954.6871759 4520.704212751603 30.9681445086984 26.2276 17.089584769227024 0.007437362169870696 20.75288702692831 g
2458955.6850116 4575.850338105522 23.2285138612887 26.2685 17.117320471025913 0.0055113685185871515 21.106021426829827 g
2458955.7104167 6977.910684284955 27.6343897469665 26.2553 16.645986484314363 0.004299661934030041 20.904250293023537 r
2458956.6857292 7157.342570104944 28.3805489208318 26.265 16.628120489399905 0.004305056193907356 20.88502301144592 r
2458956.7278009 4623.490895249269 23.06962447841 26.2604 17.097974983158124 0.005417268437133881 21.105373676056367 g
2458962.6698843 6992.060143891912 26.4579595732229 26.2591 16.647587111672106 0.0041082894193554525 20.95528411782478 r
2458962.670787 6886.3704347484545 27.865025481522 26.253 16.65802404809518 0.004393179026883633 20.892926377813865 r
2458963.6912153 4298.381414834931 22.7404268493538 26.2404 17.15713762554988 0.005743855430123936 21.100978458269765 g
2458963.7328472 4238.791714997759 23.3502215961165 26.2187 17.15059480798351 0.00598079294559466 21.050547473102274 g
2458964.6876273 4172.908264912698 24.4171918260686 26.2045 17.153402906229427 0.006352822416075159 20.98783570137555 g
2458964.7489815 6688.187743205387 27.6076304653762 26.2175 16.654228860942 0.00448157341676144 20.86750215618845 r
2458965.6723843 6846.633883844339 25.4062244619837 26.2678 16.67910723731918 0.004028773608511945 21.008024662342336 r
2458965.673287 6841.905761521338 25.6244746019948 26.2515 16.66355727989841 0.004066190480413707 20.982437565443714 r
2458965.7087269 4387.15146859847 26.7988394869766 26.2693 17.163843427755072 0.006631979825466435 20.95158502044199 g
2458966.6699884 5438.990663924741 32.0834226363145 26.0238 16.68500421663621 0.006404308098427844 20.510673258398313 r
2458966.7338773 864.7626881021974 38.6772874363305 24.4835 17.141257642863806 0.04855890702428345 18.767434969165556 g
2458967.6868287 6988.435039267388 31.2739097263742 26.2539 16.642950168613012 0.0048586104899222115 20.768519543611855 r
2458967.7196181 4363.965996263119 28.9396327431578 26.2384 17.13869660516159 0.007199817619145357 20.83724245059149 g
2458968.6854514 6945.634499250746 29.1192918233154 26.2669 16.66262018585389 0.0045517533547127995 20.859022967173367 r
2458968.6864236 7077.107764406745 29.2427100176122 26.2923 16.667660478158375 0.004486127853781944 20.879830945056423 r
2458968.7110417 4575.486298605226 29.2531340956021 26.2758 17.124706852039164 0.006941366581575567 20.862943984267453 g
2458968.7119792 4551.748546245603 29.8558297071494 26.2566 17.111154344560997 0.007121323593278979 20.821602126840958 g
2458973.6487731 7278.28659983245 78.1508726680331 26.2726 16.617527117589255 0.011657744070924165 19.792840409382134 r
2458973.720544 4397.390085541686 78.3398739741009 26.2312 17.12321251773157 0.0193418367529712 19.7488178177603 g
2458976.6763426 4404.080993482787 65.1036347558206 26.2619 17.15226175677842 0.016049436047836544 19.980461899063222 g
2458979.7113079 4279.870772656882 25.2910112160999 26.156 17.077423359925778 0.0064157196176916 20.901159503700043 g
2458987.6869792 7067.771643627949 26.8205187192011 26.2745 16.65129372697176 0.004119974249548558 20.955907056609984 r
2458987.7018403 4459.010078984122 24.5439549784495 26.2549 17.1318038649646 0.005976073488977981 21.032613625077214 g
2458996.7293056 6379.706897924343 33.7786717966308 26.1816 16.669598183893857 0.005748462203104331 20.61256856721625 r
2459124.0141551 5451.4379325847785 92.7585961374427 25.9714 16.63012232053824 0.01847365944028482 19.305589571284095 r
2459124.0188657 5381.327489060494 113.07592386752 25.9996 16.672376443706447 0.022813428618223684 19.118749627256634 r
2459124.0235764 5698.428891219266 107.958009068669 26.0573 16.667912166926996 0.020568829177892062 19.22673782210677 r
2459124.0282986 5612.763865910487 109.492686560357 26.0709 16.697958071401317 0.021179620707114113 19.225012209314436 r
2459124.0330208 5819.163071539151 143.709786184703 26.0631 16.6509486807932 0.02681239775249394 18.921959131084247 r
2459126.0161921 6440.920448035005 75.799141155421 26.1346 16.612230161981664 0.012776920351119561 19.688014276978713 r
2459126.0209144 6369.775269722624 76.3389565544427 26.1457 16.635389724044295 0.013011637243328926 19.691409440504014 r
2459126.0256366 6654.478413272958 78.0666456304597 26.1861 16.628314948562938 0.01273682953001015 19.707511191685814 r
2459126.0303588 6329.670341373991 77.7147261366281 26.1564 16.652947270237163 0.01333005885235751 19.682716686884167 r
2459128.0211111 15.219177489867207 141.671394082584 24.1522 21.19622204520541 10.106501002295856 17.02656957042642 r
2459130.0170949 6489.715804312453 56.0552269169188 26.1729 16.64233580319219 0.009377785052352754 20.05393470172378 r
2459130.0218056 6597.651312827444 49.664995103731 26.1759 16.627426601832894 0.0081728000810356 20.18834899667887 r
2459130.0265046 6672.186489430559 54.4550196885536 26.1881 16.627429558878898 0.008860935612264103 20.10058019065871 r
2459130.0312153 6525.509832005826 55.6990835346982 26.1922 16.655663879101773 0.009267091238913 20.080154865637564 r
2459130.0359259 6683.908848338201 76.1082273632019 26.2105 16.647923703549573 0.012362631556349325 19.759495971894992 r
2459132.015 1583.2597940724627 114.696962253194 24.2269 16.2280195418479 0.07865196374246677 17.33059519972818 r
2459132.0196875 3792.3566347645706 76.5109453021846 25.6355 16.68822707045823 0.021904040499012477 19.178766069762197 r
2459132.024375 6139.70886161158 63.4434174180438 26.0627 16.592330555369124 0.01121885741544593 19.809308567973673 r
2459132.0290625 5974.744783389023 80.110188535531 26.1127 16.671901603160066 0.014557212876244612 19.606055604587002 r
2459132.0337384 6206.244105291949 81.7073784301579 26.1317 16.64962786663616 0.014293620949582265 19.6036217980488 r
2459141.0042593 3836.19661801032 39.855389767452 26.0466 17.086847854686297 0.011279660814925997 20.29795733744049 g
2459141.0269676 6661.865305171475 49.2222807838037 26.1933 16.634310381158087 0.008021871923091986 20.215470655459008 r
2459143.0000116 4195.955449860152 28.5428096780131 26.1307 17.07362282883122 0.007385428381622036 20.74453318497818 g
2459143.0388426 7217.921351099955 49.0828645616759 26.2658 16.619769636173885 0.007382910323134881 20.291050236712767 r
2459145.0052894 4380.459884712609 23.6335938910351 26.1653 17.06150073121207 0.0058576025264023696 20.9840505678165 g
2459145.04125 7336.183040267424 49.3490987684742 26.2842 16.62052460351875 0.007303296038123303 20.303576924581602 r
2459150.9411227 3510.933654818598 80.2995269744742 25.9761 17.11254344301166 0.02483134260214071 19.46689252175966 g
2459151.0393403 7389.630996222105 48.1140858598752 26.3075 16.63594311927197 0.007069021855728999 20.354394392005837 r
2459151.9515046 6307.697722518672 104.636142037614 26.2147 16.715022817760037 0.018010289079749293 19.418070692354142 r
2459151.9755671 4421.0839289105415 91.9041079279388 26.1768 17.06297810115607 0.022569191533523172 19.52103767939534 g
2459152.9842593 7250.066210864242 80.3629657567824 26.2667 16.615845068096075 0.012034382774517868 19.756635099655142 r
2459153.0388079 4968.284529838239 50.5591601555223 26.3045 17.063983851019792 0.011048497695971889 20.297575361123048 g
2459155.995787 7419.369358644606 48.9996037046023 26.2912 16.615282519720342 0.0071702684110345 20.318293570190733 r
2459156.0214005 4783.22905599936 60.8692748719389 26.2809 17.081597053582858 0.013816141973292301 20.072479668940048 g
2459156.9996991 4759.026765948759 72.366778370853 26.2621 17.068304631535803 0.016509386297089187 19.865826891396956 g
2459157.0368981 7607.490619304841 50.2497201474001 26.2966 16.593496436230488 0.007171368838180379 20.296340870634026 r
2459158.9737153 4613.7646846056605 63.2243902137595 26.1943 17.034161398823926 0.014877811320571413 19.944663365770744 g
2459159.0380093 1241.3819783600943 139.460615568321 24.5008 16.76603640932995 0.12197083006033871 17.392246044621885 r
2459165.9949074 7387.799828792995 31.8595480296277 26.3075 16.63621220052276 0.004682031470446328 20.801975963010587 r
2459166.0075 4930.137045860849 25.553184920331 26.3182 17.086052520552414 0.00562724577632084 21.052162394605272 g
2459168.9436111 7257.381825351362 51.5850914358683 26.2711 16.619150068043393 0.0077170989648475226 20.24236447746936 r
2459169.0190625 4943.17557752393 30.8287592951238 26.3302 17.09518490870768 0.00677110967267759 20.860384871969366 g
2459170.9824074 4845.143780197167 31.2283082296525 26.2967 17.083433326708622 0.0069976404794233 20.812903845941793 g
2459171.0445023 7574.390974847363 37.9499129291862 26.3364 16.638030703069546 0.005439674371713793 20.640948029649543 r
2459173.9995139 4236.389297116916 26.5612317628352 26.1267 17.059210344604693 0.006807100882946621 20.81865446082002 g
2459174.0339699 3358.3882457929617 35.6122692888908 25.4249 16.60957274692517 0.011512737044438883 19.798475867369564 r
2459175.0289583 3587.656864383967 28.3136172049667 25.9259 17.038872752580758 0.008568292721804292 20.548486598703263 g
2459176.9915046 4975.00168816252 25.2048835224889 26.2763 17.034316918873756 0.005500488995908912 21.025163252147383 g
2459177.0395949 7584.445281397431 34.446577730791 26.3117 16.61189044392941 0.004930967006123499 20.72140978613874 r
2459179.9002083 5287.251512073081 62.18802102063 25.7255 16.41742507479703 0.012769873774290154 19.493808147435484 i
2459179.963588 4861.669688469126 32.8618546088732 26.289 17.072036378308162 0.007338654790446734 20.74984481450494 g
2459181.8918866 7119.5624868640125 80.1432303866406 26.2272 16.596066734790885 0.012221468017355947 19.720107879542862 r
2459181.8923611 7349.671656137476 87.477506130505 26.2317 16.566030156069402 0.012922254605289648 19.629534005726484 r
2459181.9848727 7698.509881589932 51.2561881256003 26.3393 16.623283321104452 0.007228521402699219 20.317509226715263 r
2459182.0246644 5294.163913967918 48.5748453898788 26.3488 17.039306541308935 0.009961480319989769 20.385346421792516 g
2459182.9266204 7520.431416968677 48.5172880709849 26.2688 16.578193112405636 0.00700428163466991 20.306633695437966 r
2459182.9270833 7374.368598626853 52.5414350209215 26.2693 16.59998789629692 0.007735473924213175 20.22062016381153 r
2459186.0180093 5254.201739487568 61.385093468797 26.3412 17.039933140321295 0.012684285698092122 20.123617685501742 g
2459186.915 5470.790404332578 119.257618111832 25.7707 16.42557480873603 0.02366714613695971 18.832059661425568 i
2459187.9832176 7545.115319579275 97.9505962714546 26.3136 16.619435295196723 0.014094544333332761 19.588657278924842 r
2459188.0207755 5440.388751282514 83.113133581468 26.3559 17.016825165044718 0.01658630168811515 19.8093008475314 g
2459192.873287 7070.943040021588 47.0644420743441 26.2345 16.610806653002307 0.007226456848952271 20.305342702388636 r
2459192.915544 1266.881259903874 52.6296056411225 24.7199 16.963060220062705 0.045102855850044116 18.66939969961581 g
2459193.9133796 7524.195723982574 36.1102480870744 26.2799 16.58874978960238 0.005210509905155077 20.638398808768784 r
2459194.9428819 4843.998864689593 32.0093397509237 26.2848 17.071789918291447 0.007174349362653047 20.77418319879242 g
2459194.9830556 7718.231321227706 39.43961559172 26.3282 16.60940552358904 0.005547850131177369 20.59094330584049 r
2459197.0041898 7446.5060992010385 50.6935164658808 26.3198 16.639918626102236 0.0073911106892012085 20.309993944038986 r
2459199.9062269 7318.071379170255 41.6531919589898 26.3004 16.63940839699351 0.006179615935230566 20.503854269697356 r
2459200.0256366 5172.094737650783 35.5787507507756 26.3572 17.073033821784726 0.007468511628165231 20.731798251738578 g
2459200.984375 2713.9635142940033 39.343761437756 25.016 16.431989987902284 0.015739165824446795 19.281385294052022 i
2459201.9675231 7559.584380219191 37.2341261318721 26.3231 16.626855202496717 0.005347528211623907 20.648322075150944 r
2459203.9122106 4930.382485104682 34.5880495275664 26.2997 17.06749847020095 0.007616497398635702 20.704959808704753 g
2459203.9785532 7774.974556120989 34.2585325906877 26.328 16.601252558857098 0.004783872740062874 20.743653097359676 r
2459204.9891667 5300.222567482341 26.6105868782198 25.7643 16.453564732696172 0.00545092471228181 20.454238857351022 i
2459205.933669 524.0303099102638 31.0992031292933 23.8184 17.020008981748312 0.06443216012305784 18.339101836607693 g
2459210.8954167 7729.87128673984 56.6693664477381 26.3052 16.58476934409294 0.00795950267087287 20.174404095803496 r
2459210.9265278 7631.347327833662 50.2786660550956 26.3223 16.615796949546958 0.0071530681793136605 20.321415621945164 r
2459210.9409606 5189.142970840378 51.3526767173136 25.7151 16.427360908735956 0.010744279243275142 19.691267274718065 i
2459215.8948958 4813.527450541667 119.335167292093 25.6421 16.43594136787758 0.02691626721988377 18.70275387348247 i
2459218.8706019 4814.442899137605 60.2744953093155 26.2904 17.084034899504474 0.013592438611961914 20.092641032589604 g
2459218.9423958 7649.90224368462 51.1289293169512 26.3416 16.63246028639687 0.007256390577440488 20.322508243340508 r
2459219.005787 5263.152205651011 37.4518836582915 25.7505 16.447385175983534 0.007725695267590607 20.06939082513739 i
2459220.9318056 5289.608713019913 50.7431813416132 25.9326 16.624041131850305 0.010415112907498355 19.921730759626207 r
2459220.9449884 1138.587771852156 58.1240775456197 24.7149 17.073983711783796 0.05542419526307142 18.556584805383793 g
2459221.7770023 5041.940585205116 53.5569719227031 25.6825 16.42600569101109 0.01153262388436361 19.613034953412573 i
2459222.899375 5208.009648754451 28.3655001639637 26.3286 17.036920549580397 0.005913280812638409 20.949198874640448 g
2459222.9521644 7520.088753858393 31.4472574068666 26.3199 16.629342584330907 0.00454014420363289 20.828518050318937 r
2459224.9426505 4974.862690539576 34.6333609464972 26.3091 17.067147253910676 0.0075582869957630415 20.71293839140881 g
2459224.9760069 5108.2776619724045 42.4517606786996 25.701 16.43031376139885 0.009022586401669476 19.8838357210736 i
2459224.9898495 7574.193943408342 43.8005210975992 26.3163 16.617958946521718 0.006278453669257952 20.465176795749837 r
2459226.9205671 7402.6224590633965 41.8116876095959 26.3107 16.637235998733658 0.006132279403518545 20.510030746752236 r
2459226.9456829 4915.514507862625 32.9557817710551 26.288 17.059077544411224 0.007279012646916692 20.74574594327741 g
2459227.9008449 3184.092269962735 26.1955747873745 25.1698 16.41233588896042 0.00893207015856527 19.876805158546066 i
2459228.922419 5226.194434216981 28.5444795767304 26.342 17.046536092273392 0.0059298868166008855 20.955769665777325 g
2459228.9631829 7559.925594142287 31.0748923719242 26.3242 16.6279061971638 0.0044627437437135065 20.845750906323083 r
2459230.8693866 7650.801120608388 30.9471760348932 26.2915 16.582232717984144 0.0043916118706287515 20.817522425916458 r
2459230.8698611 7664.338495677328 32.910247888008 26.2899 16.578713307201625 0.004661936076043916 20.74914710536351 r
2459230.8812269 5240.27722681048 33.5713981501663 25.7564 16.458014342230925 0.006955446323556454 20.194051417373128 i
2459230.9223495 7837.1633156890075 33.584298558235 26.3365 16.60110275759738 0.004652509010713416 20.773734284026144 r
2459230.9690278 5240.45681091208 24.979781131562 26.3457 17.047277134729956 0.005175226006645907 21.104303417052183 g
2459231.8912731 7350.865487252295 28.1778387348535 26.2623 16.59645381072175 0.004161779258168114 20.890105790960003 r
2459231.8953472 7558.285841156872 36.3410387338262 26.285 16.588941719625925 0.005220160573773174 20.63658164775071 r
2459232.9003009 7578.432095641605 27.4059969277855 26.327 16.628051591013964 0.0039262330900357075 20.98496097739399 r
2459232.9229398 5168.2033451429315 25.2636869552978 26.3515 17.06815101794258 0.005307218601052984 21.09783316087467 g
2459233.8802894 4144.135930821777 30.6475520895994 25.4432 16.399615019596716 0.008029188197279975 19.979785509514493 i
2459248.8273032 3097.987267784717 47.8277739298955 25.1956 16.46790092862909 0.01676140334586294 19.248974569724176 i
2459248.8874769 7698.434174558211 35.2475274025327 26.3271 16.611093998270647 0.004970912218409122 20.711853347054152 r
2459248.915544 5309.220128864317 38.7430418092398 26.3548 17.042223169332562 0.007922692876041913 20.636890701099265 g
2459250.8401968 7750.0702879897135 37.952288600677 26.3238 16.600535896783366 0.005316700133366547 20.628280064491825 r
2459250.8709838 5036.895019537322 36.0917254183395 26.3306 17.075192751856502 0.007779551913371152 20.68965587754458 g
2459251.8278125 7481.142767631349 35.8812528957017 26.3171 16.6321801431166 0.005207262777742381 20.682505991009243 r
2459251.8535995 5440.360198744897 37.9824171661691 25.7657 16.42663086327817 0.007579922801218819 20.069318490703175 i
2459251.872963 5130.62028576253 34.8757877164119 26.3334 17.057975315096215 0.007380129616838489 20.729664925371406 g
2459251.9040509 5147.724490537904 30.0952551294353 26.326 17.046961762150758 0.0063473518355706806 20.88232991575172 g
2459251.9579398 7674.21456475012 33.8558617509769 26.3142 16.60161515612537 0.004789716106176199 20.742690307662485 r
2459252.7271644 7398.6179577706735 33.357287484425 26.2741 16.6012234943785 0.00489496919945745 20.718698169500644 r
2459252.7823495 5027.7080734974725 27.7807540766101 26.3064 17.052974867316934 0.005999068414486129 20.94961491419574 g
2459252.8173032 7729.732780314889 30.7934858120217 26.3139 16.593488798852526 0.004325180248307369 20.845327854979416 r
2459252.8182755 7720.595379392838 27.3604049242531 26.3183 16.599173018585923 0.0038475260218335215 20.978068687911524 r
2459252.8827778 5227.813381563512 24.2952229835894 26.339 17.043199809807803 0.005045574826045952 21.127772765638923 g
2459252.8837153 5286.177523374268 25.0940201561182 26.3503 17.04244564059719 0.005153927873785593 21.103949382928164 g
2459253.8742708 4601.359518613768 26.0201948757189 26.1987 17.041484581557523 0.006139517127989774 20.912998627049873 g
2459253.9890394 7334.920825495906 34.5784174191983 26.2386 16.57511142412769 0.005118226724619818 20.644162207520615 r
2459254.7679167 7636.921816196943 25.5581199061561 26.303 16.59570413877701 0.0036334601099703204 21.036752730899167 r
2459254.7986111 5247.03589830548 24.811736604522 26.3213 17.021514911267708 0.005133965719622605 21.087232083783046 g
2459254.8512731 5098.073953788515 26.0837950017227 25.683 16.41448467212308 0.005554877487080312 20.394648043327308 i
2459254.8727431 5155.1930033830295 24.0855203322823 26.3124 17.031787676710056 0.005072486986927264 21.110584906544823 g
2459254.8818403 7394.732784230998 25.7649306017639 26.2622 16.589893787579054 0.0037828256910089376 20.987202546610416 r
2459254.9168287 2615.8794623180825 29.3837988667994 25.1751 16.631055679592855 0.012195512403852854 19.75740513269629 r
2459254.9447454 1490.986570092149 27.4546521132468 24.9615 17.027815670980424 0.019991807033855332 19.617535126672987 g
2459255.8798611 5311.947613367345 22.3678955627841 26.3381 17.02496554161971 0.004571736391263107 21.21661217335986 g
2459255.9038773 7802.04276050617 26.0653672243166 26.3162 16.58567918447066 0.00362714869222334 21.02861536940051 r
2459256.7385995 7470.677187494521 28.928744475868 26.2728 16.58940007328539 0.00420416209791864 20.872051025592597 r
2459256.8091551 5017.407388269692 27.5340630494915 26.2739 17.022701587527017 0.005958003793497444 20.926799232763962 g
2459256.8326042 7619.914851709439 35.9003203169638 26.2815 16.576624704078604 0.005115146104209232 20.646329180299865 r
2459256.8330787 7607.819325101334 28.3149275715567 26.2793 16.576149524562524 0.004040779039403601 20.901836351519474 r
2459256.8365972 5142.372859041643 24.1181913289894 26.3204 17.042491092689914 0.005092030672152345 21.11711314894859 g
2459256.8577315 5275.597343514798 26.0862821596649 26.3294 17.023720897751126 0.005368468193571253 21.040944520481503 g
2459256.8807986 7857.117291242917 26.6895922299766 26.3308 16.59264190911964 0.003687979854441214 21.01752014270391 r
2459256.8817361 7904.326562965533 30.4670098550717 26.32 16.575337813521912 0.004184800860155907 20.863000406537733 r
2459257.7698843 7681.816855682344 24.4221078525413 26.3085 16.594840127955315 0.0034516681396654916 21.091617127072553 r
2459257.7979745 872.1213558774947 29.2355951434289 23.684 16.332557696725715 0.036395262463541106 18.27179514137709 i
2459257.8202546 1453.4045580942752 27.7460498432547 25.0864 17.180433705320283 0.02072642895404188 19.73097208388168 g
2459257.9024306 7337.81731174484 44.8143252647791 26.2647 16.600782762483423 0.006630706499341989 20.388732834243758 r
2459258.8391898 7755.889464424936 35.5766543283051 26.3131 16.58902097259485 0.004980160403447003 20.687762228938194 r
2459258.8716319 4391.015433047608 28.447687445695 26.1186 17.012187591208722 0.00703382958468782 20.736057569836127 g
2459260.769375 6384.049717290544 42.1522565897912 26.1155 16.60275934868402 0.00716860096743722 20.306022916119776 r
2459260.8008912 3324.24320105278 31.350582989211 25.8172 17.01296802704268 0.010239120874371297 20.32916093592069 g
2459260.8358681 4002.250605620737 24.9224456972286 25.4261 16.42033930247373 0.00676077086614231 20.187198343159487 i
2459260.8618287 4631.301572784614 39.1070509705798 26.1807 17.016442346191592 0.009167730619889194 20.45263732063561 g
2459260.8825 5497.445760509828 41.3490800226158 25.9419 16.591497617072314 0.008166100792305167 20.153310360759342 r
2459262.7340741 6688.5661164425865 43.0546925380775 26.1581 16.594767438936785 0.006988714602622855 20.325623758667696 r
2459262.7350116 6616.426914436258 40.446373563942 26.1528 16.601241200974684 0.006636909671375601 20.388176017414796 r
2459262.8115162 5258.198359080013 33.4820175457467 26.3248 17.022707586735713 0.006913285495714416 20.76534594003662 g
2459262.8288657 5125.211039058402 28.1885036764571 26.3167 17.042420617772464 0.0059713167337499635 20.94409493182445 g
2459262.8534491 7503.2306667024095 31.2899629565232 26.2727 16.58457925531396 0.004527584755278137 20.786762366672153 r
2459262.9019329 2846.8668735170168 34.739082708307 25.6812 17.04528210263555 0.013248326589228365 20.081729122562457 g
2459263.7386111 7438.447783461172 71.3684427053882 26.3126 16.633894203275247 0.010416785934495826 19.931409438308524 r
2459263.8846296 7839.936249377377 45.4113200383633 26.3285 16.592718671942023 0.006288708045242911 20.43816467324013 r
2459264.7287731 7849.793199129727 44.6036753576119 26.311 16.57385446121325 0.006169106511127968 20.440148373670805 r
2459264.7746065 5309.902531016714 33.1384409481948 26.3268 17.014083626971516 0.006775718598843306 20.77854480797422 g
2459264.7940972 8024.578103658453 35.8221401846839 26.3519 16.59084447894935 0.004846622102261075 20.719096166405308 r
2459264.8337731 5458.057376864724 35.5060770237002 26.3681 17.02550475799511 0.007062759726204091 20.74491826201591 g
2459264.8413773 5473.138165054648 27.0978398386932 26.3648 17.01920897074394 0.005375366713874189 21.03503831026985 g
2459264.8619097 8075.659438287412 29.1065197077456 26.3525 16.58455501035094 0.003913110587214281 20.945099290238456 r
2459264.8839699 5493.083528837086 25.5887410774815 25.7647 16.415159492416922 0.005057577595894158 20.497152689501792 i
2459265.6897917 4908.669786432281 45.7048328259546 26.2372 17.009790456394196 0.010108998803768582 20.33986967724173 g
2459265.7347222 7834.8252308831015 32.244455506694 26.3313 16.59622671691305 0.0044682305363526005 20.812737370015533 r
2459265.7967361 7903.857692954371 34.5280877223467 26.3456 16.601002219292795 0.004742892179545246 20.75274367321898 r
2459265.9148032 5248.223605440904 31.4568406438898 26.3206 17.02056917429615 0.006507476520562997 20.828887233478767 g
2459266.7314352 7682.590080119419 59.0452753880519 26.2905 16.576730847099906 0.008344250418188585 20.115112107909663 r
2459266.7801042 5259.766494406898 56.5709230659725 26.3276 17.0251838394453 0.011677144078171114 20.19869182624089 g
2459266.7810417 5174.234715018313 55.4696603898781 26.3185 17.033884686475616 0.011639095171019414 20.21093622180618 g
2459266.8207986 7479.047680085844 62.066055249136 26.3214 16.636784245183094 0.00900985246603128 20.091839629964795 r
2459266.8750579 7830.371570594834 53.1921204724927 26.3271 16.592644072751 0.007375216447435878 20.265056730262685 r
2459266.9031713 5143.470754970003 58.1475128710897 26.31 17.031859312894742 0.01227396008097071 20.151247130426626 g
2459267.7485069 5253.6744570833125 57.1734840631819 26.3219 17.02074210422346 0.011815207081151706 20.181488343532862 g
2459267.7883912 5307.439812485568 50.3642097521841 26.3289 17.016687305318293 0.010302598702921226 20.326169929229422 g
2459267.8126273 8079.5395166072185 51.9568653294676 26.3329 16.564433476496497 0.006981780158665606 20.296367636004916 r
2459267.8372338 5536.031595470957 37.425344733538 25.7801 16.422103599801506 0.007339679349092576 20.09976046560795 i
2459268.6934259 4993.686101929632 59.7840503455661 26.2651 17.01904690109922 0.012997922203219764 20.07621165171509 g
2459268.7264815 5197.263622832517 54.5182865573144 26.3244 17.034963134324535 0.011388782253653957 20.23561949407054 g
2459268.7698495 8100.46303266337 55.8702568157839 26.3255 16.554225388981408 0.007488255619500382 20.21012332000326 r
2459268.8154977 8004.874489857326 48.4620761990358 26.3481 16.589713682718887 0.006572904571578231 20.387169948845795 r
2459268.8597685 8177.60657436478 44.8611502827656 26.3595 16.577934468097048 0.005955990963747481 20.48239897637177 r
2459268.9240509 5245.472420452304 47.8992147111198 26.3228 17.023338480136378 0.009914107489936737 20.374554005697817 g
2459269.7422801 4940.935648672593 58.3863379528264 26.2619 17.02737700594049 0.012829563390977109 20.098696897313413 g
2459269.7674884 7747.068879047897 55.3840188510671 26.2755 16.552656456779513 0.007761700612889542 20.16961382309924 r
2459269.767963 7785.408012668657 55.582513314244 26.2975 16.569296555682094 0.007751158912555122 20.187729537436333 r
2459269.8439699 7784.087943901872 50.2901229649801 26.3328 16.60478066523327 0.007014307507387946 20.331668245357832 r
2459269.8601389 7622.125040073141 51.8708973116619 26.3033 16.598109827387603 0.007388521300187294 20.268565586925526 r
2459269.924838 5022.136592579599 62.6197272209533 26.2669 17.01467869869291 0.0135373135697347 20.027697060544618 g
2459273.7760185 7610.1847089308985 177.905473173518 26.3002 16.596712005545335 0.025380720654232723 18.927301716301265 r
2459273.8778472 4467.557209166921 139.875684746874 26.2316 17.10642469360508 0.03399240878618754 19.119819425197203 g
2459273.9121759 6729.641619588797 166.009975311135 26.2514 16.681420157708718 0.0267825599613895 18.953639526704094 r
2459273.9126505 6867.726460786437 163.52202169372 26.2397 16.64766752742108 0.025850746963579824 18.958334369512535 r
2459273.9131134 6778.490679946239 158.064452987193 26.2493 16.671467491859637 0.02531693037742091 19.004789457392157 r
2459273.913588 6538.791875644169 148.110593984451 26.239 16.700256214131606 0.024592260305437062 19.065109680054118 r
2459273.9140509 6984.263004219061 156.511644253477 26.2405 16.63019853725592 0.024329652543632976 19.00670835415174 r
2459274.8164815 5546.406189430549 71.6738043757337 25.7675 16.407470820411156 0.014030030753792213 19.381673846636218 i
2459275.6914931 5005.054011408745 43.5817670846792 26.2636 17.0150780788132 0.00945378899328166 20.417912900774525 g
2459275.7075579 5097.076024921311 47.4314448858079 26.2816 17.01329722171904 0.010103109991049554 20.34400910266334 g
2459275.8248958 7792.470844004932 57.9319897333839 26.3198 16.590612034967062 0.008071478548029984 20.165078876552514 r
2459275.8258333 7713.5583527080735 52.289226615952 26.314 16.59586307677862 0.0073598215947907044 20.270544443053414 r
2459276.7537153 5257.284764008844 45.201831417598 26.3218 17.01989624630297 0.009334786029863913 20.43648491106713 g
2459278.7551968 5355.824398373607 33.3508295223067 26.3235 17.001434176642398 0.0067606763999514055 20.768308388095242 g
2459278.7594097 4846.347847231876 35.7693925919651 26.1903 16.976763543845564 0.00801321546889749 20.559096075759683 g
2459278.7828819 7921.287927813935 44.216929371633 26.3185 16.571510501055155 0.0060604185400479965 20.45710353948599 r
2459278.7838194 8027.001675371624 40.3423900693485 26.3232 16.56181661594645 0.005456549614618573 20.561370928539663 r
2459278.8627431 5488.3471018422915 40.0254834381921 25.7564 16.407796075410758 0.007917805955504939 20.003133523798333 i
2459281.7463194 7693.408027520733 31.6979528331519 26.3025 16.587203084282745 0.0044732408924427446 20.802496952067845 r
2459281.7947801 5407.56302624777 25.2552142601898 25.7528 16.420296025171965 0.005070599452876673 20.499497345831013 i
2459281.816956 5228.453067813724 31.6752333824212 26.3415 17.045566964967676 0.006577433217292851 20.842275430561365 g
2459290.7745486 5663.33613662896 29.1494392345668 25.765 16.382319152197677 0.005588145469996248 20.35599947818702 i
2459291.726412 7810.075391759252 30.7022113805716 26.28 16.548361934491453 0.004267998607421651 20.81465084559794 r
2459291.7369444 7793.629774262064 27.1268334837036 26.3093 16.579950571548842 0.003778932790792672 20.978377235387633 r
2459293.7087037 7854.693951074683 35.4938958942523 26.2917 16.55387683017201 0.004906075655196883 20.668890811267485 r
2459293.7333912 7761.987959578815 35.0900495054632 26.3177 16.592767588186263 0.00490818421085887 20.70731503685068 r
2459293.7781019 5257.42899051072 30.4975171195673 26.3229 17.020966461006203 0.006297974617722363 20.86481377974082 g
2459294.7883565 7294.018009152834 51.4434823984548 26.2109 16.55348292183649 0.0076572595200500955 20.185149089406373 r
2459294.7888194 7145.997275144558 46.0227260490849 26.2068 16.571642884338253 0.006992288374540514 20.301944140366025 r
2459296.7479745 7516.986963468755 66.2747177880532 26.2653 16.57519050734954 0.009572247690753686 19.964505271434646 r
2459296.7668403 5324.312398511857 50.4330578113804 25.7132 16.397541176677883 0.010283989136535217 19.7089867373944 i
2459296.809456 4786.666262673522 76.2233140126979 26.229 17.028917128669246 0.017288786700864364 19.77635542175433 g
2459301.753831 5116.683033134988 135.499420592103 26.3012 17.02872871437257 0.028751384438740774 19.223931393831133 g
2459301.7547685 5157.731366283831 148.193606655659 26.2895 17.0083532031778 0.03119468373204045 19.115001319695082 g
2459301.8114583 7710.82111662333 172.099828501138 26.2783 16.560548429895135 0.02423202159376628 18.941423895285368 r
2459301.8123958 7733.5720526782925 162.947767832686 26.2943 16.573349659627688 0.022875896200472957 19.016753950194587 r
2459302.7778819 5518.659045978664 50.948348599184 25.7589 16.404316091763878 0.01002319976887152 19.743649709956685 i
2459303.7559954 5470.743928073229 68.3137148925844 26.3018 16.956684032480325 0.013557242165600794 19.968105231997644 g
2459303.8190394 7730.296949546809 63.4958362685165 26.2714 16.550909557224703 0.008917824229348635 20.017111870610925 r
2459305.7708565 2433.495323584769 49.3216101002356 25.6917 17.226123709993843 0.022004756519089518 19.711681874995797 g
2459307.6565162 5450.845551325791 29.3671959071255 26.2921 16.950940308624226 0.005849361222243974 20.875018788174753 g
2459307.7055324 5696.758586956877 33.2039863743745 25.7495 16.360430460913314 0.006328084200232108 20.199099421732363 i
2459307.7289699 8126.661435856915 30.6659190558869 26.318 16.543219582438372 0.004096883890360535 20.85393502665995 r
2459308.8095833 5531.232587138216 29.8835134169398 25.7087 16.351645197893752 0.005865696299268785 20.27269584834571 i
2459309.6709838 3190.6887658460314 31.5132900153763 25.7345 16.97478889195108 0.01072306999539706 20.240840623486548 g
2459309.712419 7513.81502923362 30.7209303510853 26.242 16.552348750880522 0.004438985249491197 20.775989079883626 r
2459311.7071528 2339.9672440252393 28.9725168080168 25.3701 16.947075555020216 0.01344269308845272 19.967709430443183 g
2459311.7535417 5012.990946899653 27.48984875627 25.6386 16.38835769922693 0.005953676978639031 20.293244113041467 i
2459313.7073495 7906.69680642426 31.7032950346243 26.2915 16.546512286312648 0.0043533055916757605 20.791313983379986 r
2459315.6928009 5178.924437890468 23.6918981473656 26.2902 17.004601063566774 0.004966725065614647 21.106275346860954 g
2459316.7472801 5161.418660965178 29.2053205088188 25.6961 16.4141772808406 0.00614331418534748 20.28502004742812 i
2459317.6720718 5453.576601839539 23.8730218539821 26.3243 16.98259645578358 0.004752649814825317 21.132106500142683 g
2459320.6718287 4805.569101619705 29.0032597268945 26.1782 16.973837933590243 0.006552572321741482 20.774657959770806 g
2459322.6925579 4737.598342704376 38.1137104410309 26.1934 17.004504404696586 0.00873439503151425 20.493271913633038 g
2459322.7356134 7210.84426657048 41.0407979411272 26.2294 16.584434709613646 0.006179303376617486 20.448935499125966 r
2459323.7422569 5403.622082526755 30.2633105266155 25.7247 16.392987580477936 0.006080528159989762 20.274983903934057 i
2459324.6903125 7814.297145598135 41.4206031928246 26.2945 16.562275195908377 0.0057548808355441005 20.50403394147908 r
2459328.670544 7824.853325312285 64.8882036034556 26.3001 16.566409486084623 0.009003251527332643 20.02226061139543 r
2459328.6903125 4988.757958124328 87.6662838355096 26.2755 17.030518916039483 0.01907875370165248 19.670993496041426 g
2459334.6721528 4995.166968709861 26.5068296648186 26.2739 17.027524976113813 0.005761261865191742 20.96808052095991 g
2459334.7917708 7257.107262100642 56.0509817125505 26.2371 16.58519114468895 0.008385510734162847 20.118216930391362 r
2459336.6921644 7597.899215553871 34.4212213626209 26.2759 16.57416617890742 0.0049186122338782876 20.686409298495747 r
2459338.673287 4744.588647982092 25.1244782621749 26.244 17.053503586466636 0.005749212012477556 20.99633235937825 g
2459338.7144097 7230.340887950033 30.7418070439333 26.2489 16.601003066492012 0.004616155783639872 20.782151508369793 r
2459339.6753472 5130.483195418136 27.7192513803092 25.701 16.425604326391248 0.005865878529819249 20.34662124662213 i
2459340.6846065 4801.144778783495 27.6767235781619 26.2496 17.046237994148772 0.006258636257251971 20.89688829855527 g
2459340.7489931 7177.22368186641 33.4188312572422 26.2303 16.590408796364834 0.0050552730002909226 20.67289684559911 r
2459342.7249884 4671.931223696874 26.7842343174306 26.1896 17.015858897930915 0.006224330326383494 20.872476899952417 g
2459342.7692361 6668.747991963555 41.5927661853864 26.1682 16.6080892350062 0.006771475890510874 20.373230477433722 r
2459343.6846875 5026.15747435305 29.1607222907661 25.6714 16.418309771665015 0.0062990060205306035 20.26197929678301 i
2459344.6777199 4697.956074790007 23.1678422055323 26.2125 17.032727620325097 0.0053540999281630666 21.052861022711497 g
2459344.6926157 7291.699997654487 27.2368412157404 26.2374 16.580328019558365 0.00405543817181747 20.90208314167849 r
2459346.6771181 4563.302397419703 23.7793946777775 26.194 17.0458018769511 0.0056575888585120495 21.006073001326165 g
2459348.677581 7119.573826812952 31.9708540209134 26.2381 16.60696500544539 0.004875398030115493 20.728789395382805 r
2459348.7282407 4439.908749758894 22.9210479616667 26.1935 17.075064888836998 0.005604930906143718 21.04548881438965 g
2459350.7149306 6756.211975226377 46.9721717562478 26.1978 16.623541832393293 0.0075482662567065905 20.270773388576742 r
2459356.6823032 4639.506842159605 69.7328134482369 26.2288 17.062620451151226 0.016318311005121763 19.872782020024204 g
2459356.7348843 6804.672421207093 82.0534729257591 26.1977 16.61568194253165 0.013091806635372703 19.665032570764144 r
2459358.6812037 4892.091197870452 55.8863225782105 25.672 16.448263638715954 0.01240283101213967 19.55631115618904 i
2459358.7392824 4008.0129121433656 95.4593924562269 26.0616 17.054277220057877 0.025858265594833584 19.364628324144828 g
2459361.6959838 7232.8891528657305 54.7407519710375 26.2828 16.634520476503592 0.008216914867471451 20.18959809166701 r
2459361.7428009 4233.110735165556 93.4150168882115 26.1302 17.06355092635671 0.02395890166373469 19.45673324752859 g
2459486.0227199 1946.8611445629706 118.629080530039 24.9153 16.691962556100485 0.0661555104179632 17.982397078444073 r
2459486.0251389 2381.2824216461863 99.5153115784464 25.0622 16.620172734830106 0.04537209563997384 18.32005022140536 r
2459486.0275347 2505.189448327623 108.939824629726 25.1695 16.67239856545766 0.04721238454818275 18.329108309623383 r
2459486.0299421 2762.8827866680103 128.732216287902 25.2609 16.657493848315923 0.05058649896339935 18.23925687354639 r
2459488.0208681 6249.46790937487 88.7049881072581 26.1248 16.635192394183626 0.015410432853584115 19.5075048841537 r
2459488.0233102 6476.711937751471 83.4365119274179 26.1245 16.596113546166812 0.013986575575730614 19.573684638986812 r
2459488.0257639 6872.326844707743 104.825782469851 26.1506 16.55784048459894 0.0165605266744785 19.3520047069856 r
2459488.028206 6482.184295767358 111.071675379977 26.1517 16.622396564123072 0.01860337695717514 19.290266682368664 r
2459488.0306481 6806.19388563812 172.025550996372 26.1568 16.574539208676704 0.027440908069172716 18.82039259525451 r
2459489.0207523 6392.740419844003 77.5437880551585 26.1231 16.608882324836713 0.01316951497516616 19.65180745739721 r
2459489.023125 6542.80628104837 80.839395023439 26.1317 16.592289845179963 0.013414325200361052 19.61521735232904 r
2459489.0255093 6496.001282004771 88.091409481757 26.1494 16.61778474514398 0.014723033312706994 19.539641092039453 r
2459489.0278935 6717.891277362275 87.3537767584211 26.1808 16.612717572694546 0.014117524608682853 19.580170772820694 r
2459489.0302662 6709.133364672535 110.37541865604 26.1582 16.591533937747464 0.017861411529820084 19.303594079470223 r
2459490.0225463 6587.404443182339 69.9527559107855 26.1397 16.592914179011913 0.011529230935705218 19.780262916776902 r
2459490.0249074 6472.101123652965 83.0966125931808 26.1353 16.60768676421977 0.013939521427238736 19.588916688486506 r
2459490.0272801 6472.960068800467 83.3269736188532 26.1526 16.62484268025878 0.013976309802070814 19.603210967108115 r
2459490.0296412 6847.194361212495 86.7886700349513 26.1705 16.58171836070119 0.013761323848306986 19.57691740612848 r
2459490.0320139 6615.309056229171 121.033657893474 26.1826 16.631224653717815 0.01986396119334874 19.227909592196106 r
2459498.0157986 6547.055922769626 60.0529180620709 26.1976 16.657484873658603 0.009958591145256143 20.003839700967315 r
2459498.0182639 6821.702096606416 63.2229676689968 26.2033 16.61856812533273 0.010062177302110082 19.953687795041194 r
2459498.0207407 6633.862881485121 62.1660814732627 26.2033 16.64888377341525 0.010174119643608238 19.971991256004678 r
2459498.0232176 6747.2373852980945 67.4020156973226 26.205 16.63218502492618 0.010845678647980476 19.8858927777499 r
2459498.0256944 6613.8622039137845 70.996954669742 26.2182 16.667062144021195 0.011654520658039354 19.842675687731674 r
2459499.0168634 6782.785778880175 59.7365725102153 26.1937 16.615179747665984 0.009561852443620645 20.00567423770642 r
2459499.0193403 7024.507317066291 74.1822396511402 26.2102 16.59366032694971 0.01146552405085677 19.787025136500247 r
2459499.0218171 6913.001129761711 63.2074958055854 26.2089 16.609733430356755 0.009926857656753997 19.95955352786987 r
2459499.0242824 6887.532714495623 57.6893869257497 26.2116 16.616440813293707 0.009093730655313938 20.061435179993868 r
2459499.0267593 6935.371131131862 65.3904558757522 26.2122 16.609525734137176 0.010236570848475672 19.92598907641394 r
2459509.9855787 7124.62834478069 64.1753672739776 26.2398 16.607894464095384 0.009779485031019147 19.973954082143074 r
2459510.014213 4669.84762814358 62.25109585141 26.1996 17.026343224353468 0.014472852252942467 19.96680748656657 g
2459512.9901505 4452.304478123706 68.7143705371652 26.1845 17.06303785845822 0.016756084957522854 19.84445605799802 g
2459513.0069792 7397.559426924568 52.7176559377536 26.2663 16.59357884332243 0.007737086753680055 20.213984760798787 r
2459520.9662731 508.04193783413024 42.1947301854654 23.8421 17.07735109026369 0.0901713326219862 18.031529453834263 r
2459522.9849537 7549.374992111542 34.355894929713 26.2901 16.595322504606784 0.004940832209840544 20.702671824477903 r
2459523.0190741 4806.314923189879 23.3405732201364 26.291 17.08646944102821 0.005272409475882564 21.12329619501027 g
2459523.9778356 5226.067292120065 34.7987556647614 25.741 16.445562506226924 0.0072293384132650134 20.1396657023962 i
2459524.9773264 7481.060122008368 34.6752334097836 26.273 16.588092137519524 0.005032294928662511 20.67552650634388 r
2459525.0398495 4945.900727349164 27.9417817677003 26.3107 17.07508651229282 0.006133643624798652 20.947639748207042 g
2459526.9647106 4758.698639617891 31.8996956488242 26.2236 17.029879493673995 0.007277935038287989 20.716708640346685 g
2459527.0271528 7802.642334657937 30.0053348788264 26.3211 16.5904957506352 0.004175097445289984 20.880678793823026 r
2459528.0234954 5293.887624031168 31.5167862993383 25.7481 16.43866320480105 0.006463638315604361 20.25432017171795 i
2459528.9982986 7697.512474609957 40.3703782862157 26.3138 16.597923996513394 0.005694062835223312 20.55121794181411 r
2459529.0080787 4952.277799341781 38.2358309661611 26.2877 17.050687503600052 0.008382534938867656 20.584098656659737 g
2459530.9646181 7220.990643518888 60.9826865398826 26.2707 16.624208044337376 0.009168950085231801 20.060258606856884 r
2459530.9852778 4786.739194839102 59.9062589129683 26.28 17.07990058594722 0.013587584920426379 20.088894491226633 g
2459532.9653472 7533.324373130212 37.7461187674104 26.2858 16.5933333303142 0.005439957064897931 20.596194233985624 r
2459533.0078356 4854.698708098223 30.4792857294842 26.3097 17.094294295167842 0.006816357204887014 20.85226302600961 g
2459536.9981481 7838.536573668906 53.1533047192018 26.3073 16.57171252737843 0.007362157769026819 20.24604931105229 r
2459537.0238079 4841.995887252944 58.2627084847326 26.2386 17.026038959449735 0.01306399759000244 20.07769831415036 g
2459537.9991898 3191.077099853562 98.4270855479377 25.8127 17.052856756645298 0.033487842328942745 19.082488424856194 g
2459538.0221875 2692.9400727737166 145.342091663981 25.1904 16.614833277586406 0.058596888402738585 18.03699647423151 r
2459540.9373264 4718.660763303442 87.4079783572046 26.2306 17.046053110213915 0.020111393224203772 19.62929730006914 g
2459540.9838889 5513.580080820749 42.1644919325959 25.7578 16.404215783065137 0.008302770290842476 19.948007810165457 i
2459541.0414005 7902.699091570695 47.7303845913116 26.3373 16.592861385579102 0.006557364509305566 20.392887654804603 r
2459550.9639583 5213.86200547554 26.2986824279205 26.3191 17.026201168560565 0.005476262985481356 21.021840012290827 g
2459551.0196181 7964.391152276849 30.5646799739255 26.319 16.566118546930554 0.0041665549083691475 20.858525356936887 r
2459623.7049653 5482.921113145848 42.8225405726383 25.7482 16.40067000647127 0.008479500496230594 19.921593915372785 i
2459623.7982986 5042.753086030751 50.3029354704514 26.3073 17.050630740418946 0.010830174729664736 20.305891665614553 g
2459623.8384954 7874.343745239653 51.5413176585749 26.3226 16.582064076289466 0.0071064218673135525 20.294786196320974 r
2459628.7063426 4670.080107339955 91.3220756564484 26.2759 17.102589174453392 0.021230551780980104 19.627035554171584 g
2459628.8270602 5693.620583688075 51.1205304394596 25.7979 16.409428692771048 0.009748025721476832 19.778986610354167 i
2459628.9015856 7696.280544254465 111.086584653454 26.3165 16.600797774527678 0.01567077814598274 19.454920952581055 r
2459629.8611574 7705.269791683809 70.3830708935987 26.3078 16.590830375820023 0.009917225760433938 19.941704459970516 r
2459636.7337269 4918.784419934792 26.2361669286698 26.2792 17.049555528112954 0.0057909849268885875 20.984524025522607 g
2459636.820625 7593.1383273118045 36.6204124557028 26.3118 16.610746720823776 0.00523614612157768 20.6550669105301 r
2459636.862963 5407.342685252526 35.662069252367 25.7655 16.43304026637061 0.0071603208527714545 20.13755864158404 i
2459638.8227662 7172.956799542429 37.8921061010482 26.2375 16.598254461938605 0.005735355829346744 20.543703127421153 r
2459638.8544213 2216.9817142762026 44.859244970656 25.4427 17.07829472235777 0.021968463677898193 19.565645089996952 g
2459639.7127199 5176.7184520944975 37.6873853053432 25.7497 16.464563636235134 0.007904079506092522 20.061784969683707 i
2459639.748669 7558.56902432653 38.2413668340919 26.2912 16.59510104155861 0.00549292489598888 20.58744147275602 r
2459640.8262847 7562.018493627826 31.3272300320293 26.3218 16.625205662160404 0.004497737432728389 20.83456999900223 r
2459640.8448264 4951.575201478624 36.7269650878628 26.3226 17.085741551916122 0.008052885066551238 20.662712383791597 g
2459641.7602315 6844.008701588755 29.6487833312701 26.1748 16.58652361740304 0.004703337687938284 20.747357798312045 r
2459671.7807176 5021.21899650098 24.3011739020345 26.3078 17.05577709200436 0.005254458035752734 21.096306855898543 g
2459671.8027546 5241.285084906217 27.3514215477712 25.7401 16.44150554358152 0.005665678911443249 20.40022523156228 i
2459671.8245255 7439.7952297014735 31.1707237510922 26.2813 16.602397544144225 0.004548788472222338 20.799507773533904 r
2459674.7269329 7773.987083857346 28.9831295891729 26.317 16.590390463164034 0.004047727820426418 20.914211792539735 r
2459674.8615278 4558.385013303123 33.9690353999699 26.1492 17.00217248985305 0.008090624558065355 20.57406695260147 g
2459675.6730208 5134.443550221542 25.8376024231075 25.6813 16.405066541395087 0.005463471294675628 20.40324446108492 i
2459676.7265278 4988.42849520719 40.8036378022218 26.2709 17.02599062158875 0.00888065441940994 20.49672777953556 g
2459678.6866551 5102.205788166219 39.7880248193409 26.2805 17.01110507224253 0.00846650651499577 20.53369403871498 g
2459678.7365509 7443.161301478957 37.8407090070692 26.2784 16.599006423169534 0.005519651678220611 20.586076826615887 r
2459678.7901736 5195.736431132955 32.7594361720905 25.6901 16.400982219732626 0.006845404943738289 20.15433394305813 i
2459683.7765162 5167.785153293733 84.0625875538373 26.3001 17.016838875244574 0.017660709298069698 19.741168104124593 g
2459683.8666782 6970.870538268325 91.8289542389058 26.1885 16.580282457065554 0.014302187233267248 19.53362589281423 r
2459685.7138194 7561.864014371658 71.0683321952123 26.3004 16.603827842142458 0.010203686302437879 19.92378467990224 r
2459685.7800463 5464.497031046383 49.4409392323869 25.7547 16.410824514154683 0.009823050029972072 19.772058207968556 i
2459685.8191782 4886.387675922395 135.72947556081 26.2213 16.998830199917506 0.030157552243038975 19.142189561548122 g
2459688.7570139 5159.427542246509 55.6856127661475 26.2832 17.001696205735918 0.011717941435394572 20.17141748162842 g
2459688.8326968 5136.586079879323 90.8688048192264 25.9139 16.637213573749833 0.019206581931661488 19.27043794942451 r
2459693.6929861 7524.76454456899 41.6408791259746 26.2614 16.570167712290196 0.006008095296443615 20.465175264661607 r
2459693.7198495 4869.6603511417525 33.3562861773941 26.2269 17.008153322204166 0.007436847190853 20.671530761227814 g
2459694.6947917 4937.069723441938 37.4330413820432 25.6484 16.41472684860487 0.008231816706074572 19.967837203248166 i
2459695.6936806 6388.427699404936 36.8644939997861 26.0906 16.577115039852387 0.006265044079515195 20.42665429622111 r
2459697.6739352 7156.952611373396 31.3758859598518 26.2357 16.598879645971422 0.004759679326711955 20.746784994607143 r
2459697.7147685 4776.797112374994 24.5953418771382 26.2213 17.023458010904655 0.005590181464234787 20.99674283000018 g
2459697.7478819 5136.1398105201 29.4361725916369 25.6843 16.407707907192744 0.006222348643485222 20.264671637563538 i
2459699.686169 7362.82434763499 31.8069995114037 26.2468 16.57918890053404 0.004690164770890301 20.743068233642546 r
2459699.7142361 4745.335934000258 29.7559247736998 26.2239 17.03323259343505 0.006807949526888884 20.792541358927977 g
2459701.6848148 4816.8815645492905 24.4978466285653 26.2862 17.079285079509248 0.005521686952068962 21.065955210741734 g
2459701.7045023 7471.6889778881 28.2307342597277 26.2802 16.596653036671313 0.004102165959596692 20.905969554260153 r
2459701.7343519 5042.258178111352 34.1588257576946 25.689 16.432437302411284 0.007355084927249837 20.10781765669649 i
2459703.6716551 4548.0093769940795 37.9928756373483 26.2303 17.08574662140942 0.009069652601888809 20.53361957403018 g
2459703.7838194 6944.928106194124 44.5793674635443 26.1883 16.58413061428488 0.0069690885945964875 20.318040234196516 r
2459711.6725694 4624.253533816441 63.9377538716153 26.261 17.098395907209007 0.015011551350023416 19.99918155048035 g
2459711.7623958 6814.536275780619 92.7269022218529 26.2343 16.65070923061574 0.014773360015716306 19.568860610877657 r
2459713.672963 4639.248574442697 70.0107425871049 26.2546 17.08848089257861 0.01638426180600827 19.894263278826273 g
2459713.7139005 6862.969770172194 61.4190545743587 26.2539 16.662619785184923 0.009716299180159168 20.035717171538828 r
2459715.6814931 7257.20649431132 33.6622233328687 26.3043 16.652376298654115 0.005035970231954068 20.739017996653722 r
2459715.7377778 4460.690176035242 64.8182549674995 26.2099 17.086394850723018 0.015776298429397626 19.933231652139746 g
2459718.6852431 6667.798083635102 35.0054395352169 26.2003 16.64034390021851 0.005699843520556262 20.592536151386092 r
2459718.7399769 6508.872555052742 35.5725028362105 26.1734 16.639635579856005 0.005933603093717478 20.54818893248482 r
2459851.023287 3358.1708418146372 71.4447235144256 24.8633 16.048043033918056 0.02309815074140097 18.480949589449086 r
2459851.0256944 5826.000462194323 83.1869551096437 26.0479 16.63447371313612 0.01550224339126181 19.500336918868147 r
2459851.0281019 6072.041454091004 98.050384333142 26.111 16.65266318038786 0.017531715334184676 19.384951738325977 r
2459851.0304977 5995.067307459917 132.467893801364 26.0799 16.635414841632038 0.02398978775787539 19.02719841111019 r
2459852.0215394 5818.942038949786 51.2994265035944 26.0527 16.64058992171386 0.009571462816117777 20.029993714183362 r
2459852.0239931 5935.636588423026 56.8646547828716 26.0593 16.625631741894157 0.010401235786264026 19.924768971782765 r
2459852.0264352 6129.710537517889 63.2391632094148 26.1043 16.63570008406566 0.011200979079880618 19.854409702547237 r
2459852.0288773 6100.2120596318555 81.9922306203039 26.1093 16.645937668732437 0.014592765614419672 19.577443234986948 r
2459852.0313194 6157.813334983812 114.299791334307 26.1287 16.655133700572634 0.020152491915701006 19.236161395289894 r
2459853.0208681 6503.195640238822 54.4870155241696 26.137 16.604182951517963 0.009096535922824934 20.048842437966453 r
2459853.0233218 6484.939596295113 59.3371337256986 26.1529 16.62313516194817 0.009934144355453343 19.97215857931985 r
2459853.0257523 6567.369866569021 71.1392115826064 26.1579 16.61442131016932 0.011760543959675894 19.78020236990106 r
2459853.0281944 6599.6716190368215 79.2342811765543 26.1766 16.627794182959057 0.01303468779041157 19.681892183398702 r
2459853.0306366 6721.306787719432 103.241637953051 26.2129 16.644265702960297 0.016676734133074723 19.43083777388156 r
2459854.0224421 6706.283462110044 52.4157639116292 26.1952 16.62899523425113 0.008485742542852571 20.14912019010499 r
2459854.0248843 6564.907063938692 55.0660531695672 26.1759 16.63282854404451 0.009106787551434169 20.07626511474014 r
2459854.0273264 6777.715677344608 66.2057696297364 26.2142 16.636491634021848 0.010605284657671861 19.914535392857868 r
2459854.0297801 6922.6905899302 77.6404558349534 26.2315 16.630812696931567 0.012176514579840383 19.758854797883572 r
2459854.0322222 6481.956285318241 101.85311394972 26.1799 16.65063475550153 0.017059961676335472 19.412539211158055 r
2459855.0336111 6352.891402674907 106.181193316599 26.1515 16.64407142124871 0.01814621316134762 19.33895598453979 r
2459856.0231134 6180.775447876725 47.4094331781103 26.1319 16.654292585899718 0.008327825858672252 20.194813081725805 r
2459856.0254861 6501.281594030618 49.3439827535897 26.1359 16.603402556719065 0.00824033866257417 20.155389488552725 r
2459856.0278472 6608.30005628534 59.6963507160727 26.1378 16.58757561419253 0.009807715663697095 19.950505531198903 r
2459856.0302199 6522.160994116038 66.8788723262604 26.165 16.629021212999767 0.011132873253224864 19.85435263499835 r
2459856.032581 6531.881290567718 80.2296175579082 26.1795 16.641904291666297 0.01333540704550223 19.671238184176772 r
2459857.026331 6670.370931174035 49.8879523448657 26.1687 16.608325037066628 0.008119990690126066 20.176285792529868 r
2459857.0287269 6836.279870773059 56.1362898590337 26.1982 16.611150414964428 0.008915253771355748 20.07766572415821 r
2459857.0311111 6675.570108634804 61.5173602136961 26.1882 16.626979096645808 0.01000504779323915 19.968280761465465 r
2459857.0335069 6899.539891214752 82.4519923299766 26.2002 16.603149675102202 0.012974506921344114 19.66227210368826 r
2459858.0247917 6475.1642112615045 49.6302241134636 26.1734 16.645273033313522 0.008321570320374892 20.186609398334646 r
2459858.0271759 6654.71850725679 54.4153516930705 26.1808 16.622975775841645 0.0088777229673566 20.0940713881209 r
2459858.0295602 6937.976346447431 61.1364104591327 26.183 16.579917962814918 0.009567026106894685 19.969825148832275 r
2459858.0319444 7014.128348812034 67.9543635200803 26.1918 16.576865728489146 0.010518491935815062 19.863831616405957 r
2459858.0343403 6771.534024943279 90.3880536729163 26.1961 16.61938233748226 0.014492182939818759 19.558397402096894 r
2459863.0150579 6865.032509872184 96.2320049802689 26.2059 16.61429350447132 0.015219023020915481 19.50017615327811 r
2459863.0175347 6801.658593276224 98.0773642841619 26.2033 16.62176292776558 0.015655386541832298 19.476953023737998 r
2459863.02 6933.726840875961 77.3548276160851 26.2121 16.609683179210236 0.012112409137273369 19.74345643254589 r
2459863.0224769 6993.938192047708 98.9817909290035 26.2179 16.60609552506666 0.015365381772147932 19.48158672050476 r
2459863.0249537 6941.149997996917 75.6813035833085 26.2372 16.633621426021016 0.011837691351448958 19.79230347909786 r
2459864.0149537 6757.534686421606 65.3393590612204 26.1689 16.594429290975484 0.010497754791449262 19.883537814161134 r
2459864.0174306 6991.021253193594 64.0657832019932 26.2192 16.60784844395846 0.009949364807127398 19.955209639784847 r
2459864.0198958 6907.912700040812 69.6705022543436 26.2004 16.602032898856596 0.010949945024217513 19.8453526357278 r
2459864.0223727 6746.6678136930095 64.0370644751644 26.1869 16.614176681789647 0.010305093243153051 19.923396451164304 r
2459864.0248495 6951.697322508282 65.1467556916097 26.2134 16.608172863415916 0.010174469539312482 19.931243007354432 r
2459865.0188773 2856.641315399339 89.0440793686758 25.543 16.903360717315863 0.03384224559430094 18.921562368965436 r
2459870.98375 6737.801258752913 67.2137551533336 26.178 16.606704508283315 0.010830532271217646 19.861929590160535 r
2459871.0060648 4143.4342591464365 55.5774677309586 26.1426 17.09919886849962 0.014562909157374234 20.032928101189214 g
2459874.9763194 3985.663643820663 37.3908386548703 26.0651 17.063848387142215 0.010185313452260624 20.385761973566616 g
2459875.017037 7297.821687356929 39.2650936229272 26.2584 16.600416880635816 0.0058414844830021505 20.52595839587768 r
2459879.9649421 4085.5422241805827 41.8400001495833 26.0694 17.041275741744236 0.01111864366339119 20.267995795630267 g
2459880.0058449 7060.130601105088 43.7104619080773 26.265 16.642968162804394 0.006721752213219879 20.41611149941322 r
2459881.0181481 5207.982981022887 37.2035037500457 25.7252 16.4335261091315 0.0077557557635281205 20.05131538222032 i
2459881.9630093 4014.2078767705457 37.6544444978079 26.0933 17.0843003530414 0.010184183691094592 20.406334376665917 g
2459881.9958449 7317.920198695903 37.0509196354162 26.2586 16.59763082692094 0.005496942075883789 20.589177509138796 r
2459889.0011111 5923.738691924607 34.6052984770248 26.0538 16.622310268337152 0.006342442587436131 20.458518490504403 r
2459893.9824884 7262.051086037193 71.9460839410715 26.2892 16.636551750749355 0.010756171005875694 19.899257088998482 r
2459897.9004167 6359.698156027634 83.9795301554508 26.1591 16.650508740864193 0.01433662001762726 19.601241387811733 r
2459897.9839352 4644.891929494228 66.4653540418937 26.2734 17.105960965193237 0.015535654215132946 19.969486683020698 g
2459898.0186227 5148.774091362838 49.1496042038537 25.7479 16.468640407364752 0.010363967099205076 19.771674927013954 i
2459901.9721296 4609.2902984972325 38.4158835810753 26.2878 17.128714846598445 0.009048708608692224 20.579097922684554 g
2459903.9036227 5079.860957971209 49.4093361901258 25.7047 16.440070436815915 0.010560075707868148 19.722752441104188 i
2459903.9627431 7367.447957646344 39.9433120767031 26.2885 16.620207308117166 0.005886224669787924 20.53746480546234 r
2459904.003669 4748.811913371212 32.3964458235764 26.2978 17.106337578046762 0.007406657048602183 20.77413157196722 g
2459905.9418056 3518.3719270860997 41.7082015600106 25.4328 16.566945632958607 0.012870326211136625 19.63482133002143 r
2459906.9025579 5275.9411317673885 41.7869197420966 25.7383 16.432550147243298 0.008599045673732987 19.9382740917097 i
2459908.9860532 7250.3540178557305 67.4497470200783 26.3221 16.67120196831472 0.010100222714553271 20.002224176341407 r
2459910.9661343 7607.941703179042 33.4547206126668 26.3378 16.634632059736497 0.004774194070650539 20.77923147079244 r
2459911.0018171 4868.1766330664 31.0830874006882 26.3347 17.11628418139746 0.006932145346104759 20.855964615181954 g
2459913.8809606 4979.463523372133 53.7901902867066 25.709 16.46604361166976 0.011728172988950505 19.63481728757783 i
2459914.9658681 4858.249418025744 23.0572429012276 26.329 17.112800481705115 0.005152730225208491 21.174556552271703 g
2459915.0048495 7327.037506088696 32.0209412354415 26.2963 16.633978963405227 0.004744773842146891 20.785289755199365 r
2459923.9151042 4507.330368828878 77.9606113290967 26.287 17.15220152189539 0.01877870686057398 19.80988689919875 g
2459923.9839583 7303.6159996998385 47.062926728092 26.3176 16.658755171651062 0.006996016706079485 20.388477660686302 r
2459930.9641782 7529.161506020138 37.4284353280898 26.3052 16.613333467062986 0.005397155075397901 20.624770808936013 r
2459930.9841088 4822.103419439788 41.2057387317582 26.3134 17.105308698910115 0.00927750125820969 20.528580727840705 g
2459933.0257523 5372.056458154511 30.315515182748 25.766 16.440648579297154 0.006126807320490533 20.31441260654302 i
2459933.9009606 5487.632790342868 36.8514626320394 25.9532 16.60473739379237 0.007290872860519038 20.289638165021135 r
2459933.9398843 3425.6558607788793 28.0967286338565 25.9306 17.09374067032039 0.008904752700652855 20.56153559677901 g
2459935.8801968 4787.983448486574 26.5329256762558 26.2911 17.090718398923975 0.00601647806777954 20.98421213795093 g
2459935.9624306 7666.24032617508 25.5139676266881 26.3534 16.641943925821924 0.003613311541736639 21.08902998881437 r
2459951.9226505 3887.3932628059106 156.488216490209 25.6862 16.712053805852186 0.04370518883926528 18.452570886944972 r
2459957.9041551 3600.9355462019516 58.7307678342724 26.0261 17.135061630186996 0.017707618983884326 19.85651079226252 g
2459957.9792477 6790.629573218049 43.7381562187336 26.2295 16.649724898798198 0.006992947516083613 20.379923810633347 r
2459966.8113194 5288.5962168506285 37.8118002185774 25.7451 16.436748975006836 0.007762413656483727 20.05360660265769 i
2459966.8558218 7715.582033136365 45.6395948264156 26.3324 16.61397826724737 0.006422186672402873 20.436620538567134 r
2459966.9151505 4911.118915008571 35.5896653425386 26.3381 17.110148874960753 0.007867799646290325 20.71236522851899 g
2459968.8618866 7588.779131732886 37.9164173530684 26.3311 16.63067021737571 0.005424568775244642 20.636606751704978 r
2459968.9010417 4980.588669881301 34.4274680548097 26.3394 17.096198309279345 0.007504715716264459 20.749712279207642 g
2459969.8533912 5238.684290044194 31.4228311182416 25.7567 16.458644433935063 0.006512277865247555 20.26616171088518 i
2459970.8632176 7532.110255810726 61.9319097807017 26.3298 16.63750832840299 0.00892704330729031 20.10258880801088 r
2459970.9155556 5264.532045963735 49.0931267089645 25.7611 16.457700565891308 0.010124434081237602 19.78612325688305 i
2459972.8372106 7510.292742047974 31.3002451984676 26.329 16.63985783599217 0.004524813796101053 20.842705639868566 r
2459972.900706 5228.364463786877 32.2943166311356 25.7528 16.45688536456192 0.006706100886667863 20.232559741607254 i
2459972.9259606 4985.276626230274 39.1623932467701 26.3457 17.10147684568163 0.008528836719772896 20.61610192905265 g
2459979.8145023 4484.501311766227 105.913152572332 26.2809 17.151614611532814 0.025641626962194356 19.471100250956848 g
2459979.9167593 7144.32838334096 68.3971387211519 26.3006 16.665696479155407 0.010394087383036613 19.96558015385112 r
2459983.8863657 7486.2132473488255 98.7713063124967 26.3272 16.641544515045773 0.014324466017776656 19.59319799510097 r
2459983.9002546 5011.5414555590105 103.042643234872 26.3376 17.08767168199935 0.02232315122047048 19.557632512616443 g
2459984.8570255 5204.305735168674 52.4729699396286 25.7675 16.476592995112576 0.010946686525058343 19.72023587488624 i
2459985.7709491 4738.498958560963 66.2116123861437 26.31 17.120898026223692 0.015170615884121098 20.010239579270937 g
2459985.7753588 7376.265081016002 58.9902217591211 26.311 16.641408711056794 0.008682671116132959 20.136624917173194 r
2459987.8831366 5222.152107297582 35.7625915594836 25.7575 16.462876206235805 0.0074351426113905775 20.12650253241833 i
2459992.7906481 3169.7741815924987 40.0151563056499 25.8845 17.13192919081333 0.013705851809045133 20.131513695016118 g
2459992.8209028 1845.606736202887 71.645677336591 24.8554 16.69005208342698 0.042146417413046276 18.47000000705429 r
2459993.8383796 4960.690425013919 24.6382376132732 25.7018 16.462944686341814 0.0053923410422563635 20.475350890961078 i
2459994.836412 7237.242878738208 32.6786065213291 26.308 16.6590671309864 0.004902303777097045 20.774916166403152 r
2459994.8573148 3431.6213950362358 33.4167440372307 26.0076 17.168851582883413 0.010572424759240747 20.450264658895385 g
2460013.8140856 2175.342468323166 105.866691830036 25.5709 17.227080903790863 0.05283741249646529 18.761576633503665 g
2460017.7168171 4435.4516196931445 24.9613060348162 26.3206 17.20325538379992 0.006109973072792716 21.080006726850847 g
2460021.733287 6519.691982476522 38.6092255608925 26.2599 16.724332304178887 0.006429450394915484 20.54574726300737 r
2460021.7863426 4536.844560420081 30.5520359571687 26.3283 17.186415250263575 0.007311325084416539 20.868274597926135 g
2460021.7953009 4976.2052298867675 27.9530569370971 25.7354 16.493154291668617 0.006098750456338575 20.37190171635728 i
2460031.7251273 4440.245448978498 34.5395009042368 26.3058 17.187282555461962 0.008445374599811114 20.71258484485538 g
2460031.749213 4730.807411052437 31.8415698162229 25.7007 16.51336182878984 0.007307503634307219 20.195788812466574 i
2460031.7606944 7113.02493467231 33.2885111794639 26.3165 16.686364172206023 0.005081007998632717 20.763339059469125 r
