jd flux fluxerr zpdiff mag mag_error limitingmag filter
2458202.791088 6244.370124073366 51.6321885240727 26.2561 16.76737840700983 0.0089772172319629 20.226373654665835 g
2458205.7596181 6563.306164449921 86.6949094635833 26.2759 16.733093340862403 0.01434104410890317 19.683490995664954 g
2458205.7806366 6317.619904380575 73.720834914873 26.2855 16.7841162667466 0.012669124081298335 19.869099376371143 g
2458208.8364236 3732.1852358149026 217.048475127319 25.9226 16.99269202371801 0.06313982681898624 18.33378314152916 g
2458221.7188194 7611.0073851383695 90.4688002534738 26.275 16.57139464163079 0.012905253071622243 19.63632791169779 r
2458221.7402894 6118.670600130367 47.2573757207956 26.0016 16.534957316263316 0.008385372603482627 20.068000986948586 r
2458224.7246412 7276.759464310117 32.1775894665436 26.1778 16.522954951472425 0.004800929459764474 20.661491222924454 r
2458227.7420255 7679.995053789208 35.734066662887 26.2266 16.51319764917667 0.005051627755509393 20.596468881010985 r
2458230.7306019 8379.976525690257 61.567709161234 26.275 16.4668929948257 0.007976640701967339 20.054192502986353 r
2458230.8098843 5640.693866579331 31.3094379909768 26.0361 16.657768674486846 0.006026325418616908 20.549486809067535 g
2458242.7026736 7133.739650037058 30.2045459288093 26.3387 16.705406861343157 0.004596898278273712 20.891094210970646 g
2458248.6586458 8197.080068351277 29.2540848843487 26.275 16.490852056856674 0.003874691926161175 20.86210869611726 r
2458248.6704861 6683.223445076969 20.0559044537937 26.2716 16.709135046374627 0.003258112742216275 21.268569359212876 g
2458257.6863426 7499.461333441779 29.006643344991 25.6643 15.976724824292505 0.004199303293854528 20.260631301511438 i
2458257.7315509 8215.233716021945 30.1543682045065 26.275 16.488450191912882 0.003985108481549773 20.829199405291334 r
2458263.7245139 8263.155739763131 45.4481761939131 26.275 16.482135154511422 0.005971457690950638 20.383783839286547 r
2458267.6861574 6165.507194736351 88.0618188155379 26.1916 16.716677977794365 0.015507031890199249 19.582205861487616 g
2458271.6864931 8114.478854936163 40.0277109910952 26.275 16.501848417780838 0.005355622535955693 20.521673100604662 r
2458274.7265278 5859.543446467606 17.715299995002 26.1769 16.757240553130615 0.003282423175165376 21.308603711222382 g
2458277.7342245 8053.355546395481 34.035787697567 26.275 16.510057817204665 0.004588479235812177 20.697735474090752 r
2458280.7130556 6128.579566205403 24.6421102550529 26.204 16.73560042791356 0.00436543881251688 20.977380248196617 g
2458283.6959028 7980.407518553283 30.0371481929855 26.275 16.519937327218386 0.004086424373355342 20.833428246129422 r
2458283.7355324 5753.675541109307 30.461411515118 26.1568 16.756936580774834 0.00574797001424021 20.699999929855576 g
2458290.692037 5123.444178295042 51.5911028240805 26.0664 16.792494978052495 0.010932579410818096 20.037537960264938 g
2458293.6760301 5765.392898567392 61.153214283493 26.1893 16.78722772791996 0.011515961863429328 19.975826766681873 g
2458293.7378472 6756.773289460865 70.5092449333193 26.1281 16.55375163186764 0.011329651587320458 19.760059829295056 r
2458427.9970949 7303.339932729458 85.9057294833643 26.1066 16.447796211811124 0.012770575018987495 19.52411966398146 r
2458428.0398264 5924.502628181892 47.5918908860329 26.1742 16.742570258823264 0.008721494305560388 20.232942588633108 g
2458430.9831019 7748.241066382208 41.3400742479058 26.1222 16.39919218949676 0.0057926590340209895 20.333846858418063 r
2458431.0234028 6419.437816313171 28.409581398363 26.1471 16.628357509252936 0.00480482612446541 20.76601290254008 g
2458438.9836574 5562.523447714026 31.2698412556873 26.0481 16.684920363312315 0.006103285131364553 20.562860797881374 g
2458439.0233912 8101.680188985286 34.6216984592114 26.1962 16.424762261095182 0.004639627477306496 20.60040406533681 r
2458440.0163773 5661.227294139562 27.4081950075158 26.041 16.658723520398066 0.005256294399354729 20.69887390013676 g
2458442.0028356 5601.339804338477 32.2363357534611 26.0314 16.660670200325683 0.006248324677682384 20.51311081300322 g
2458442.0559375 4616.322794120772 46.0814842341509 25.5684 16.40765957740158 0.010837774926990673 19.66215884218453 r
2458447.9978704 8201.748575634714 65.5292903037492 26.2116 16.426833870323144 0.008674388129152662 19.923086327961602 r
2458449.9749884 5439.317422952139 77.6968894414725 25.6359 16.29703899066475 0.015508474006435818 19.162465908227325 r
2458451.0028472 6571.77749935145 56.4765217214009 26.2057 16.661492872237176 0.009330285396755462 20.078605135362487 g
2458461.9819792 4961.684902412666 33.260794154169 25.9276 16.688527048914366 0.007278020455434776 20.375343452969254 g
2458462.0443981 7513.474064031915 31.7211654368463 26.141 16.451398021013254 0.004583721061825674 20.64020215182304 r
2458464.9808333 5905.932085373332 25.0587263418924 26.161 16.732778878661517 0.004606598720762769 20.916177505749364 g
2458465.0445139 8016.48327881523 31.9790065695316 26.2294 16.469440272418367 0.004331027237877772 20.719812568595003 r
2458467.9975347 1070.4107363844048 22.837465916564 24.275 16.701123858784804 0.023163665967480835 19.13095520864809 g
2458468.0437616 7832.996489132674 27.7463314974164 26.1703 16.435480170286738 0.003845806920574856 20.8148610624725 r
2458472.001331 6305.8593531081315 36.8054745467564 26.2224 16.72303930013355 0.006336916426104153 20.560193935097377 g
2458472.0426505 8505.892109792832 30.730332690098 26.2357 16.41140032563352 0.003922448318293095 20.769356834150994 r
2458476.9607755 8571.537540813213 48.7064569353751 26.234 16.401353171096893 0.006169324936506056 20.267608642308158 r
2458477.0027315 8694.664060193305 45.6632162153284 26.2598 16.41166798344092 0.005701951622485094 20.3634587464946 r
2458477.0479861 7050.61842769525 51.1259756333641 26.2695 16.648931970657586 0.007872709651554358 20.250470967396836 g
2458482.0026157 8455.475662747482 47.3949683100017 26.2327 16.414854890361976 0.006085608799144572 20.295944396113697 r
2458482.0078241 8422.481764190383 45.4682711539228 26.2403 16.426699801629965 0.005861087429324844 20.34860388595341 r
2458483.0204051 5154.409588318592 43.5720441889793 25.9202 16.63975268444782 0.009177805443165502 20.074755150648997 g
2458487.0006134 8587.245604808766 30.6101354375547 26.2612 16.426565289041832 0.003870091246248131 20.79911186120937 r
2458491.9760995 5623.93382209274 34.2901332223672 26.0683 16.693199495961444 0.0066197076312094205 20.482952058114606 g
2458492.0265278 7273.8359979377055 34.521426178412 26.0883 16.43389123785464 0.005152702427237609 20.495653165771305 r
2458493.9677662 8569.749354556658 26.7510055385322 26.2741 16.441679700012543 0.0033890800665881244 20.95832471096513 r
2458494.9540741 8416.214611851297 28.3458486344195 26.2481 16.435307996558777 0.0036566424790372264 20.8694513299571 r
2458494.998206 6970.530159892429 22.9274176488927 26.2664 16.65823547342081 0.0035710766283790028 21.118087133625128 g
2458503.0209028 8481.964511374244 45.481756030242 26.2397 16.41845887241259 0.005821710578465188 20.34768192852256 r
2458505.9574653 6868.307580351934 98.3737787550572 26.2727 16.680575660649342 0.015550324493314687 19.543076604350333 g
2458506.0037153 8230.491824380262 142.396633769639 26.2656 16.477035530367743 0.01878381372371245 19.134425682209656 r
2458510.0057523 6803.113098460671 69.0232909868305 26.2691 16.68733077260994 0.011015337528543823 19.924185833322035 g
2458511.9718171 6453.398611187892 31.4505287039766 26.2075 16.683028771800306 0.005291140540228011 20.71600511261694 g
2458512.9567477 1712.197448177769 35.202065294925 24.6681 16.58421538637036 0.022321539102499583 19.054254628768806 r
2458513.9285185 2920.130279730478 18.4136904110407 25.2513 16.58779443087733 0.006846182109762613 20.341022896426022 r
2458522.916412 6224.477007418758 28.1565450027595 26.2277 16.74244283240141 0.004911185449486133 20.8563265819383 g
2458522.9314699 6365.235529366356 27.5784323398595 26.2275 16.717963804373166 0.004703974244668069 20.878651050069664 g
2458526.9393171 4894.49336002404 37.4804094040463 25.9089 16.684630640823418 0.008313931084743202 20.226964173898942 g
2458538.7962037 2098.124769892549 47.3137172582915 25.0026 16.698021722595627 0.024483054375244714 19.06770731353526 g
2458543.7795023 2337.7742086211915 29.6361145173531 25.1667 16.744693592521877 0.013763488968623483 19.739721828466415 g
2458543.8363079 6795.772194260589 36.0396035929903 25.9982 16.417602969605255 0.005757726495593176 20.358824975562456 r
2458546.7709954 3100.6405901731564 28.7391475441948 25.3421 16.613471429900663 0.01006311166396419 19.948490284113188 g
2458567.7342708 8778.085526675737 29.1569505379575 26.1894 16.330900480127028 0.003606219272170669 20.780119738895557 r
2458567.7540162 6699.23889394654 26.6088381077741 26.158 16.59293633762672 0.004312313083761614 20.84801021112412 g
2458572.755787 4376.7050024673745 29.1101907450316 25.6063 16.50343181151046 0.007221170737818399 20.198762361234238 g
2458572.773831 4969.240393012391 37.0686145019597 25.585 16.34427498306399 0.008098902766179236 19.91505910443393 r
2458575.7338194 1600.475308259417 35.8772937660461 24.3827 16.37207755414233 0.024337756190789435 18.74822579751622 r
2458575.7727431 7677.550776112177 27.6387177169263 26.2129 16.49984325658299 0.003908454232387671 20.861680263368847 g
2458580.7531134 7000.527512081948 30.025881676393 26.1695 16.55667308319487 0.004656663327127608 20.728335567076638 g
2458580.7737731 9031.685398013422 35.0439472041882 26.2348 16.345377996653237 0.004212637154960675 20.62584244573011 r
2458583.7564468 8454.72140030309 35.8456135269931 26.176 16.358251746719265 0.004603059138632441 20.542484943932628 r
2458586.7107523 8591.922043789886 39.6176988008067 26.1903 16.3550741801662 0.0050062064540174625 20.448151874450954 r
2458586.752419 7465.132192842425 41.2295413180465 26.23 16.547406243419495 0.005996265284079203 20.444553730991714 g
2458591.690081 6917.45587775229 107.903208278573 26.18 16.58013400569695 0.016935491212140958 19.349989094853825 g
2458591.8555903 6916.118165209423 162.488964751396 25.9768 16.377143988010904 0.025507700246941743 18.702315309877516 r
2458594.8169792 8605.583946554256 74.6421551631344 26.1645 16.327549136362073 0.009417023686470885 19.734614563106167 r
2458597.7522569 7436.107726170667 29.6753721172764 26.2053 16.52693581818143 0.004332717154478127 20.77688455531103 g
2458597.8331481 8847.08309750213 37.2854103656487 26.1981 16.331099733839785 0.0045756063990643496 20.521827670844313 r
2458600.6899421 7540.0770444679 30.8710677503174 26.2112 16.51776054122201 0.004445142676772856 20.7398958620006 g
2458605.7324884 7609.060017269104 29.3323905128003 26.1839 16.480572475855208 0.00418529704161499 20.768106343453187 g
2458608.7132176 8901.845505456069 30.5642268175689 26.1743 16.300599868289815 0.003727719272986244 20.71384145433789 r
2458612.6718866 7457.253451903603 27.0390460194614 26.1618 16.480352740405124 0.0039366091621621776 20.834396576809958 g
2458612.6911343 9225.818013683796 29.0122282052365 26.2006 16.288087791085157 0.0034141770535367558 20.796722276936375 r
2458619.7325926 5247.563154821404 114.769904379119 25.761 16.46110581486753 0.023745437931494577 18.864004939641408 g
2458622.6684838 5740.576898995037 82.4333782805565 25.8319 16.434511152515288 0.015590405001780916 19.294217243052458 g
2458634.6859491 9122.800659007697 30.0556906917862 26.1702 16.26987953684545 0.0035769129024925627 20.727958207459686 r
2458634.6925579 7090.5985822028115 27.8982708707844 26.1 16.473292751261482 0.004271734231357489 20.738631772602147 g
2458637.6804514 9088.712565257985 31.5626415779367 26.1498 16.253544077809508 0.0037703425776886347 20.65444163029489 r
2458637.7158912 6946.032302083645 27.9157284262128 26.0688 16.46445800340389 0.004363369623727135 20.70675257738833 g
2458640.6706366 7159.873448428256 48.6352658120695 26.1071 16.469836634570793 0.007374894049804093 20.142296754612513 g
2458640.7183333 8594.252491994916 36.6611605075337 26.1098 16.27427972813445 0.004631353570319667 20.451859468115398 r
2458646.6908565 6666.184739471457 67.4500212404868 26.0051 16.445406637346792 0.010985367331209422 19.685219762234112 g
2458646.7129977 9223.004029560514 58.5813386599588 26.1441 16.231919004043775 0.006895991715851822 19.977276760024807 r
2458649.67375 7106.438271461786 75.3641913093275 26.0805 16.45137003003962 0.011513911664176884 19.6401623808107 g
2458649.7161458 8365.684854319441 67.2043609680715 26.0814 16.27514624964187 0.008721793370612324 19.7654813495716 r
2458654.6739583 8699.126270294328 47.1825153081502 26.1065 16.25781091300669 0.005888643902662363 20.17462226545601 r
2458654.7331713 6387.48738242294 52.3986515999009 25.9615 16.448174861859126 0.008906352785691588 19.915774711121305 g
2458662.6769213 8812.120793912844 51.681485822309 26.1474 16.284698895754424 0.006367433046995957 20.11663751175653 r
2458662.6997106 6759.459050739578 37.5276139843772 26.0613 16.486520146491742 0.006027661414470793 20.377997607327885 g
2458669.6746759 8487.24836611384 57.9002713296059 26.1018 16.279882721713285 0.007406679040233705 19.947673491902048 r
2458669.7018634 6424.435222281625 43.5850661997713 25.9992 16.47961261381566 0.0073656756953471144 20.15343071426927 g
2458673.7085185 8297.44235963516 56.632249595424 26.0856 16.288239389624195 0.007410191083081579 19.955515455680132 r
2458778.0254398 6895.6501209739645 70.1916461572671 25.979 16.38256195583002 0.01105146996961922 19.61586141979297 r
2458778.0349884 6842.931740851395 84.8919025835836 26.0112 16.42309448031736 0.013468954846468966 19.441609321588366 r
2458778.0397685 6875.72154572569 172.874947287674 26.0488 16.455504299422728 0.027297546740662565 18.707044837424753 r
2458780.026713 6889.564474843033 63.9770073744055 25.9957 16.40022057808679 0.010081890830693559 19.733215185628232 r
2458780.031713 7307.994405304101 65.0682762864539 26.044 16.384504484492815 0.00966675994072047 19.76315173401261 r
2458780.0367245 7470.079042321827 85.3035587761084 26.0591 16.375787007020207 0.01239800452425131 19.484257114506498 r
2458780.0417245 7453.877383694185 151.88334316878 26.0828 16.401844389172446 0.022122680209238858 18.88159961912675 r
2458782.0371875 7461.43996245893 165.620089100339 26.0732 16.39114337789936 0.024099065547795437 18.777992454289727 r
2458784.030081 7207.782133240816 86.8907345649079 26.0592 16.414695872692242 0.013088252221450526 19.464341317367037 r
2458784.0349421 7029.655157113125 82.8770830211449 26.0552 16.437864947420636 0.012800008965590432 19.511688846541297 r
2458784.0398032 7429.857062184533 105.163038656437 26.0792 16.401748853115937 0.015367120809148337 19.27711717307849 r
2458784.0446759 7489.863356318923 129.47057233864 26.1048 16.418615263541056 0.018767525347371115 19.076947319531108 r
2458786.0157176 6882.568388973237 50.2878478620211 26.0114 16.417023661312736 0.007932724142816885 20.01031736469544 r
2458786.0337384 7351.00253019639 52.1771377345172 26.0584 16.392533569418287 0.007706257507824841 20.017274360518876 r
2458786.0386458 7473.200217789361 53.3988765757317 26.0618 16.37803345553438 0.007757742146432346 19.99554468844684 r
2458788.0334144 7120.9741926798815 85.4058957722569 26.0636 16.432251470415075 0.013021417931167008 19.48745535889596 r
2458788.0383102 7552.417531460344 89.6906067631318 26.0994 16.404185020756447 0.012893499512851118 19.47010758401766 r
2458788.0432176 7494.139793082115 101.517209041109 26.1135 16.426695524970402 0.014707122751789902 19.349725815603772 r
2458788.048125 7169.7405307258605 162.383952230825 26.1197 16.480941402362227 0.02458948914280419 18.845917220646605 r
2458790.0182292 821.7045785788982 38.9947394007165 23.9144 16.627610732772798 0.05152288264059227 18.189459933346214 g
2458793.0189005 7246.701257743866 49.462409138821 26.0505 16.40014910480683 0.007410452796661434 20.067386825442515 r
2458793.0378125 5955.119908257991 32.8131211953613 26.049 16.61177372358462 0.005982281839934429 20.511456132681907 g
2458799.987037 6858.451994216966 74.5362581184786 26.0496 16.459034742159652 0.011799166270678457 19.621256023055274 r
2458803.0572569 6655.280355529872 77.9643803408958 26.1423 16.584384112571296 0.012718611871215656 19.66513441046653 g
2458807.0272685 7171.977333067702 47.009220532152 25.5568 15.917702729223038 0.007116295599044617 19.62891736381598 i
2458807.0277199 7365.107056440216 44.0994433337378 25.5602 15.892252340083473 0.006500756236200648 19.701692220627077 i
2458807.0281713 7206.744811306304 37.2548698547546 25.5629 15.918552139767334 0.005612466274350498 19.88751736270345 i
2458807.0286227 7204.214901492868 40.4343951248229 25.5569 15.912933351673018 0.006093602618367656 19.79259761240787 i
2458807.0290856 7483.340049833656 39.6909348051536 25.5865 15.901261298972722 0.005758451123561217 19.842346670215363 i
2458807.029537 7258.137676984884 39.6306113919146 25.5614 15.90933699520648 0.0059280984603857214 19.81889805825593 i
2458807.0299884 7136.549803013624 40.5945449160137 25.5595 15.92577924775101 0.006175742989519209 19.790905796352856 i
2458807.0304398 7186.133809264402 46.0091878085255 25.5635 15.922261750710378 0.006951189127499621 19.658963572124293 i
2458807.0308912 7116.6132650474565 44.7878031139418 25.5568 15.926116585509744 0.0068327610381231476 19.681475588177264 i
2458812.0322338 9316.684719380748 68.7766687393652 25.6956 15.772446502436292 0.008014742529066924 19.354572147794055 i
2458812.0333796 15627.289172466433 67.7215971667785 26.4233 15.938590878615624 0.004704932329115339 20.099057008932338 i
2458812.0345255 14464.200360472063 63.9822623807558 26.2227 15.821963927271902 0.0048025843486393365 19.960126008022502 i
2458812.0356713 4739.278784823218 71.8079123502356 24.9621 15.772819358685542 0.016450150746208717 18.5742442371642 i
2458815.0154398 4296.0486175566675 40.8191698485661 25.7321 16.649427031133733 0.010315845245204245 19.957514568921052 g
2458820.0060648 304.98327750771904 49.4348495384818 22.477 16.26630993183977 0.17598150489602266 16.4944919475066 r
2458828.0143287 24020.70769657575 70.0703823109582 26.8473 15.895835503969947 0.0031670763008307275 20.486038771525394 i
2458828.0154745 23163.45482029415 66.0666823566335 26.8186 15.906591663150428 0.003096627752253674 20.52121874273789 i
2458828.0166204 23382.070213846546 66.3033492870051 26.8354 15.913192599205011 0.0030786643638711073 20.5341363212353 i
2458828.0177778 23496.884567670553 64.9807297837438 26.8214 15.893874291635875 0.00300250776323258 20.542013527913582 i
2458828.0189236 23272.005292552945 67.6052474481939 26.8214 15.904315482482774 0.003153961862409504 20.499023972332935 i
2458828.0200694 23944.433241016384 72.3831402140078 26.8535 15.905488595364478 0.0032820311318010743 20.45698143847043 i
2458828.0212037 24037.83753702169 64.1619918371993 26.8481 15.895861510972399 0.002897959287326072 20.582480394981637 i
2458829.0451157 7546.175048000783 78.1961285157919 26.3068 16.61248281181216 0.011250406489322995 19.826411859894275 g
2458829.0670255 9249.717477683304 44.1259389927594 26.2978 16.382478830248896 0.005179350837474213 20.438640088635694 r
2458831.9568403 8973.05728539858 78.3257781392533 26.2594 16.377048899090987 0.009477070592669236 19.777213193811978 r
2458831.9604745 25409.67794692317 100.790339051724 26.9093 15.896802098369799 0.004306550887305019 20.15332772380689 i
2458837.0227546 27656.617601634793 101.409048670543 26.985 15.880502337751198 0.003980956953141678 20.222383217732887 i
2458837.960787 9130.066866427776 84.0197407674077 26.2674 16.366215104462647 0.009991189975464585 19.70902164605558 r
2458838.0022106 7594.363690187834 59.3511855120827 26.2639 16.56267152139469 0.008484921810332004 20.082901493645572 g
2458847.0226505 27466.864962365948 59.8327456623032 26.9869 15.889877269108206 0.002365046467974007 20.79712765760943 i
2458847.0647454 9785.350448735671 39.8217735058436 26.2876 16.311159040184425 0.004418288309835707 20.539873494416042 r
2458850.0018171 8523.672215016582 31.9270396900556 26.3264 16.49983314949064 0.004066696385910463 20.81857835878965 g
2458850.0229861 26664.376124383605 74.0379756060003 26.9655 15.900671433000507 0.003014622571346313 20.544438650450317 i
2458850.0449884 6386.4376107278895 41.5424308535044 25.8534 16.34025331525371 0.007062249712090931 20.05974522499739 r
2458853.0032755 8479.473702432537 28.0238321333351 26.3378 16.516877755921463 0.003588132426005833 20.971556182077755 g
2458853.0450231 10101.717701117417 34.4887437812058 26.3261 16.315111930719343 0.0037067388172125583 20.73448154940168 r
2458855.8746412 8841.037360206787 52.8987210717754 26.2122 16.345941935492846 0.006496086276722085 20.156162058513623 r
2458855.876875 7885.960952731238 42.3500852939973 25.6544 15.912263444157286 0.005830549742675084 19.83983926579449 i
2458855.8965046 8773.879993380919 37.1179182403557 25.7494 15.89142077511515 0.004593056192238325 20.07801596213549 i
2458856.0207986 8122.355478234533 31.102118710593 26.305 16.5307950183827 0.00415736178680898 20.825600052527108 g
2458856.0395602 9883.41480208051 35.0493871922985 26.308 16.32073244281451 0.003850199595656767 20.698873916379707 r
2458856.040463 9642.65326080733 33.110813713462 26.298 16.33750862427278 0.003728062129416019 20.750650354485764 r
2458856.8634722 9196.25641525816 60.9041391334079 26.2385 16.32947231996971 0.007190276224511376 20.02945796686702 r
2458859.8690625 9150.655366942437 94.5031905078814 26.2339 16.33026950197754 0.011212542689025988 19.547858811892688 r
2458859.8770486 8338.333578103331 61.7653145742142 25.7173 15.914601836879033 0.00804220668375776 19.493013345041184 i
2458859.8967245 8801.250503283007 48.2803638661263 25.729 15.86763904459843 0.005955743565065053 19.772148652888752 i
2458859.9393403 9848.690986292493 65.2272652818917 26.3043 16.320853722032222 0.00719052329036559 20.02080206247204 r
2458860.0037731 8552.368231877168 75.4989733644208 26.3177 16.487484020892758 0.009584390330181113 19.87542237383527 g
2458860.0254861 8372.38575922467 84.0549261581992 26.3116 16.50447692418413 0.010899931746385266 19.752767061745907 g
2458860.8577315 9345.227850634237 92.2752279996588 26.2376 16.311125263517365 0.010720253870795712 19.57746217177949 r
2458860.8764931 9301.89994244825 86.770510249635 26.238 16.316570840914274 0.010127688274534762 19.64464461089435 r
2458861.8192593 8510.507602742968 130.546802312759 26.1809 16.356011339948378 0.016654078685656878 19.144059393073764 r
2458861.9417014 7627.012306399698 123.495257362401 26.2745 16.56861388216078 0.01757946565863746 19.297949290330422 g
2458864.8267245 8632.814745946049 56.6530128712972 26.1968 16.356418946597536 0.007124927139581153 20.0663174614467 r
2458864.8384144 8980.894916029083 57.6870883461384 26.2208 16.337500962973063 0.006973789628204982 20.070678440998297 r
2458864.8582407 27000.134826985548 75.2014481484781 26.9874 15.908985167892382 0.0030239186869985765 20.549409479541307 i
2458864.8758565 27033.989215543552 67.5262068627259 26.9611 15.881324659480025 0.0027118899177746626 20.639994102007954 i
2458864.9397685 8110.163288163183 53.2837505692356 26.2931 16.5205260042889 0.007133046023555611 20.229188022600276 g
2458864.9597569 8152.649156599872 49.3186453350305 26.3046 16.52635311706224 0.00656783484873696 20.32464714151216 g
2458864.9822569 9504.666223328257 45.8073726469435 26.2884 16.343557824274605 0.005232489317796527 20.38863653202148 r
2458866.854919 9082.819434148378 44.1571720566162 26.2477 16.352148298678678 0.00527825550749411 20.38777185858067 r
2458866.9231366 26056.434798144383 82.7622647257279 26.9505 15.910712518509389 0.0034484760293884043 20.40849407343292 i
2458866.9397338 27187.447486118992 67.1471032198192 26.9751 15.889178911403635 0.0026814437068054604 20.66010678517322 i
2458867.0047801 9768.462743126143 38.6776162547661 26.3071 16.332534438887933 0.004298761132845454 20.59102573872086 r
2458867.8558796 8981.552530536854 48.7312043214749 26.2508 16.367421464243026 0.00589068185616489 20.283857127969803 r
2458867.9219329 7851.925766726096 33.2772722549862 26.2876 16.550159537343106 0.0046013087184728655 20.734805689491168 g
2458867.9389699 8130.594999238392 31.806106951276 26.3236 16.548294178625326 0.004247154152953754 20.81989870173 g
2458867.965 9360.252042198827 39.1994769610728 26.2971 16.368881142294043 0.004546765615366826 20.56647430849882 r
2458867.9659028 9540.157086466448 38.6315263902 26.3102 16.361311185560545 0.004396389684331185 20.59542031886619 r
2458868.0053125 26832.220428233315 65.1889012871001 26.9706 15.898958467423 0.0026377090303318063 20.687740835722344 i
2458868.0265625 27154.658884910736 59.8309797849608 26.9633 15.878689121041527 0.0023921675844960806 20.77355970202317 i
2458871.856412 26105.661826890748 74.6375738463492 26.9257 15.883863230360017 0.003104078129193811 20.495881204458396 i
2458871.8772338 25770.02448878068 73.3617857230217 26.9272 15.899412921867086 0.0030907572786421237 20.51610025392626 i
2458871.9376389 8070.574946801534 32.5794244377417 26.3052 16.53793881272118 0.004382770911020944 20.775416470146524 g
2458871.9404167 8078.669111506983 31.0940674288162 26.3166 16.548250448662515 0.004178761197111145 20.837481149125185 g
2458871.9413194 8056.206734774189 32.9574987740861 26.3163 16.550973494101697 0.00444153900179527 20.773989377670613 g
2458871.9840972 9276.25650296964 44.7471448695651 26.2913 16.37286812736948 0.005237239307616614 20.41696166416145 r
2458871.985 9553.393934384043 42.981566494476 26.2868 16.336405784359087 0.004884660578592726 20.456169390104026 r
2458872.004537 9489.799425103263 41.3469373668535 26.2868 16.34365741663762 0.004730381316642463 20.498266623660736 r
2458872.9600694 25012.609694380037 70.782287975296 26.9201 15.924702484314171 0.003072383529498146 20.54786349736969 i
2458872.9846528 24531.863229751863 58.7393920178809 26.8655 15.891173663150017 0.002599613299509593 20.695751371548205 i
2458873.7940972 8544.527754828634 36.5758055157833 26.2007 16.371479837957747 0.00464746012745351 20.545290240532438 r
2458873.8177662 7994.936979023253 35.3356230412642 26.093 16.33596238819659 0.0047985226195726045 20.475043106054216 r
2458873.8591319 7525.780135273844 28.6582191148115 26.2369 16.54552118422459 0.004134352576567623 20.846351991962067 g
2458873.895162 7471.890369140717 28.7442376436586 26.2341 16.550523772226803 0.004176669794113841 20.840298002281838 g
2458873.9184375 14959.747271081227 63.998878587204 26.343 15.905689358375078 0.004644702963428165 20.080144078718053 i
2458873.9395833 24832.854795852494 58.0140494312208 26.8903 15.902733377229405 0.0025363919688362263 20.734042037512374 i
2458874.8312847 9368.42156154354 28.8538507827043 26.2709 16.34173393763041 0.0033438531335283645 20.87296553537178 r
2458874.8966898 3416.9770250008614 20.854249281742 25.477 16.642894853229087 0.006626166427086698 20.431588587697796 g
2458874.8975926 5296.977174994834 22.7213921201601 25.8745 16.56442974615598 0.0046571118979537385 20.735987647400755 g
2458875.8128356 8147.289959233749 57.2717187335987 26.159 16.381467067559495 0.007631973986466063 20.016724447767526 r
2458875.8353125 25059.38334327763 77.0584521014848 26.901 15.90357405062391 0.003338564253578296 20.436524286789307 i
2458875.8562847 24951.230441690856 69.4243813105397 26.9053 15.912570081929093 0.00302085506223817 20.554094943819585 i
2458876.7956597 8784.886878414949 36.5139884240142 26.2069 16.347559566183378 0.004512663370698409 20.553326805310974 r
2458876.8747801 7717.188343090322 28.1050385685288 26.2679 16.54925225094092 0.0039539841477592656 20.89851452513135 g
2458876.8822569 7716.045275970521 28.4781576008291 26.2711 16.552613081702553 0.004007070280355659 20.88739526636128 g
2458876.9179514 26873.35579997665 56.0758701769666 26.9642 15.890895244559808 0.0022654994301525063 20.844834935099676 i
2458876.9390625 27519.181298257183 50.943140321337 26.9978 15.898711226503575 0.002009833317620476 20.982660706780614 i
2458877.8583102 7458.51747503581 41.7380316144857 26.2317 16.550068720995295 0.006075601629347871 20.43294507996721 g
2458877.8762847 6708.843254041421 36.5849666823687 26.2207 16.65408088724285 0.005920588218113475 20.565018329507097 g
2458877.8978472 25386.279060747635 71.3536601191631 26.9295 15.918002375603079 0.003051596045485758 20.54853435076153 i
2458877.9189699 26683.9664693817 61.0261778850265 26.9439 15.878274034365422 0.002482993726056369 20.732684562606263 i
2458877.9823148 9552.742129829418 30.5081464444093 26.2815 16.33117986399521 0.0034673493897910386 20.82303543313313 r
2458877.9832407 9926.616498270918 32.8158617818571 26.3173 16.325296890476483 0.0035891566016243506 20.779665454635484 r
2458878.8510532 9490.361550652384 56.5052934123579 26.2516 16.308393105269424 0.006464221276541338 20.123952153147034 r
2458878.857338 9158.67318514698 42.3883976404715 26.258 16.35341859478949 0.005024863578809027 20.442457489792606 r
2458878.8815046 7761.889096460227 44.0861920661992 26.2781 16.553181417111446 0.006166588846019561 20.419918518237083 g
2458878.8977546 25424.041215142108 66.3733939878785 26.9222 15.909088540243577 0.0028343878631584773 20.619789924770057 i
2458878.9400116 26132.53659842428 62.6538971994981 26.9296 15.886646081763686 0.0026030131416173623 20.689804763739705 i
2458878.9897338 7955.379160933506 39.3817949036652 26.2972 16.545547791590636 0.005374579119606929 20.561536223939047 g
2458879.8373843 8824.994323175662 67.1655151811087 26.2279 16.363613913267994 0.008263076117865307 19.912609113467674 r
2458879.8629514 9163.596162291184 69.560296541503 26.2794 16.374235145812953 0.008241482123130476 19.92607142723695 r
2458879.8966898 25787.799549321964 77.731727648182 26.9128 15.884264285635975 0.003272607131376983 20.438879188295374 i
2458879.9182986 25862.586283021723 77.1295754686145 26.9198 15.888120118565379 0.0032378656631586824 20.454322636772883 i
2458879.9652431 7542.023760025923 47.4281320713915 26.2716 16.57788025936992 0.006827441099142436 20.334084937759137 g
2458879.9989468 7996.975916173752 35.9492749472018 26.3031 16.54578552977321 0.004880610898332106 20.666449650109904 g
2458880.7731366 8608.34373575213 51.6260582992516 26.1956 16.358300999303452 0.0065111725572376 20.166002570413372 r
2458880.8053241 8929.411521603728 44.7723269571657 26.2303 16.353242904106068 0.005443731119322917 20.355350822645462 r
2458880.8387153 9249.12666168447 39.6958344470086 26.2506 16.335348182724722 0.004659658045083814 20.506312649934422 r
2458880.8591667 26583.94384669155 53.2861397169288 26.9668 15.905251472723318 0.0021762294648342614 20.902839341229914 i
2458880.8976968 28151.208785220027 54.8670579301751 27.0222 15.898457380585775 0.002116042875788203 20.926495806227013 i
2458880.9388889 7854.681123846298 29.0762245492618 26.292 16.554178603251614 0.004019011910909405 20.885729953763786 g
2458880.9397801 8193.631371047704 29.687730083473 26.3128 16.529108946795937 0.0039337830922585425 20.88393250711903 g
2458880.9628125 8037.675899308009 35.3989874924181 26.2945 16.531673774278808 0.00478156636345926 20.674597888667822 g
2458881.816412 9097.701348845709 40.5244385468352 26.2469 16.349570809751413 0.004836098838953561 20.480182472783028 r
2458881.8366204 9265.765680501687 36.99042527519 26.2665 16.34929671688079 0.004334288833332479 20.59885167820003 r
2458881.880081 26829.463430204436 49.9864264302997 26.9846 15.913070032039082 0.0020227860060100674 20.990044764655774 i
2458881.8976273 27525.95528779323 52.2341084156133 27.0094 15.910043999780806 0.0020602580696619985 20.967089523837103 i
2458881.9411806 7873.643054141672 29.6892596347738 26.3075 16.567060693806816 0.004093864677865791 20.87857656998808 g
2458881.9784491 8193.512428121256 35.4401797539543 26.3129 16.529224708010112 0.004696081625117022 20.69173519921268 g
2458883.8348032 25039.07512425683 83.1159705566264 26.883 15.886454292073536 0.003603927412874345 20.336363787755886 i
2458883.8773495 25228.080542236316 79.7869371940488 26.9118 15.907089477910032 0.0034336610574297794 20.409545504170374 i
2458883.9387731 7868.054013585297 38.4262741794538 26.2779 16.538231668360677 0.005302379191169583 20.56890429613251 g
2458884.0031366 8935.891329434531 49.747701556919 26.2432 16.36535530343353 0.006044285632977233 20.253842438476003 r
2458884.0040625 8953.180532117827 61.1383216027806 26.2261 16.346156645739658 0.007413887782785228 20.012891208903458 r
2458884.0651042 8914.590486577588 63.8448850520083 26.2272 16.351946506012517 0.007775611432216979 19.966959715688752 r
2458884.7350231 5435.904330975633 140.469231464229 25.8199 16.48172048806031 0.028055579221965724 18.703521973373483 r
2458884.8342014 26596.406528347394 96.4764644150741 26.9304 15.86834259360408 0.003938295096512589 20.221921540549708 i
2458884.8771875 26486.128753123317 84.4272097346067 26.934 15.876453785270353 0.003460778374342585 20.370368898272524 i
2458885.0653704 8274.550622108027 74.4406053820475 26.1478 16.353438956913287 0.009767317761928105 19.720850248317618 r
2458885.7332292 6380.60026002443 121.382623581926 25.8736 16.361446156898644 0.020654030820353022 18.915783688757777 r
2458885.8351852 24955.689760038695 72.212703907548 26.8895 15.896576054993668 0.0031416215454789062 20.495540971980574 i
2458885.8762731 24421.654706019723 71.1820942140196 26.863 15.893562283681838 0.00316450300434031 20.484648086599915 i
2458885.9225579 7798.1508598626015 64.3660173889858 26.274 16.54402091845481 0.008961378964711792 20.004933393574433 g
2458885.9407176 8230.551788657345 69.4002723668058 26.3085 16.51992762012971 0.00915465665527786 19.95767205195766 g
2458885.98875 9414.983769838325 58.8521030191667 26.2752 16.3406510607794 0.0067865999357964385 20.103370022855295 r
2458886.795706 9426.693252677906 60.8987840798112 26.2656 16.329701561891433 0.007013892157429487 20.056653435439017 r
2458886.8120486 9029.614849002131 67.4262324609307 26.267 16.377826934437827 0.008107174204769361 19.9475027553673 r
2458886.8352778 27432.16933138451 72.148903258701 26.976 15.88034961775526 0.0028554819460943535 20.583000654824367 i
2458886.8763657 26922.913513116062 68.1834995247708 26.9771 15.901794859801228 0.0027495844904742548 20.645476769980938 i
2458886.9399074 8137.440713392118 64.4239833135785 26.3055 16.52928040633294 0.00859546891302577 20.035456055164943 g
2458886.9616319 8494.131747649402 58.8036863797587 26.3277 16.504902517995617 0.007516149289793095 20.156763607464327 g
2458887.7504282 6363.9617288434065 104.585262938219 26.0655 16.556181101869935 0.0178423794501135 19.269398757648165 g
2458887.7924306 26152.324589294043 81.8347876039047 26.9487 15.904924255382419 0.0033973281647754934 20.41893009022694 i
2458888.7580324 6466.658323095766 144.067670899238 26.1401 16.613400212837952 0.024187804965149752 18.9962586513736 g
2458888.8144213 25646.544272593394 128.95983190252 26.9287 15.906127863363988 0.005459280907727843 19.905138843249652 i
2458888.8764931 27267.21273551616 114.295884222647 26.9505 15.861398133826839 0.004550925050689045 20.05799850966291 i
2458888.9414468 9596.555554572917 118.583006750454 26.2904 16.335111545544002 0.013415810464163732 19.357918844230028 r
2458892.7940856 9199.112524547161 68.3855410359045 26.2389 16.329535171930456 0.008071015731632915 19.904064271121193 r
2458892.8155208 9327.836324640499 60.9749061278587 26.2633 16.338847707687222 0.007097085892056282 20.052997138207807 r
2458892.8320602 9632.630635436606 57.9858008174353 26.2567 16.2973377311924 0.0065356169389376795 20.1009708406662 r
2458892.856412 7912.398322696138 63.9605812488316 26.2777 16.531929644466715 0.008776353291348736 20.0154939846822 g
2458892.8753819 8433.533542829473 60.2740456859559 26.2994 16.484376058509618 0.00775944401820535 20.10164913177282 g
2458892.8786574 8456.621943950184 60.3227270307796 26.3077 16.489707710629048 0.007744508997965823 20.109072572636926 g
2458892.8976042 25895.78983043864 84.1285469235813 26.9329 15.899827095784943 0.0035271510926293717 20.37311651964997 i
2458892.9224306 27631.144150552336 71.8459428672863 26.9834 15.879902828607797 0.0028230152087080147 20.594969367660703 i
2458893.8116204 9668.23120910366 40.1030316795053 26.2693 16.305932430715472 0.004503394731958989 20.513931975819503 r
2458893.8131481 9554.640608336747 40.7325127548155 26.2735 16.322964110023626 0.004628461803086228 20.501221983716004 r
2458893.854919 27917.250645426648 66.7090864963664 26.9864 15.871718385637363 0.0025943118872620687 20.678512505325813 i
2458893.8764699 27431.167993546915 59.1710805740755 26.9698 15.874189250369554 0.002341936085054289 20.79210123822223 i
2458893.9402199 8602.079259653065 50.5797688525499 26.3217 16.485191400423375 0.006383858295840466 20.314332888397168 g
2458893.9613426 8527.211048590994 53.9137070758019 26.3053 16.478282470223167 0.006864391116702817 20.22862700241838 g
2458894.8753356 8248.899959788163 38.8477244548708 26.2996 16.508609908397098 0.005113042302156415 20.578761027561924 g
2458894.8981829 27503.3982696515 57.3674642140886 26.9915 15.893034105553681 0.0022645876442825915 20.84741085565865 i
2458894.9208681 28559.309142149432 55.2608189629728 27.0115 15.872130756191098 0.002100774596803993 20.908031697025386 i
2458894.9678935 9699.273085064522 36.5690818866589 26.2699 16.30305203211143 0.004093404923868216 20.614689846761866 r
2458894.9907639 9556.387485608946 40.3109270704904 26.262 16.311265622752757 0.004579719437532061 20.501018023734623 r
2458895.8144329 27401.53425916703 55.3861054857769 26.9731 15.878662799004184 0.0021945010143288213 20.867172917938856 i
2458895.8563773 27424.40375210352 50.7275618680521 26.9708 15.875457014669017 0.0020082447158370686 20.960265016132904 i
2458895.8813657 8170.79353221351 32.8525857806523 26.2937 16.51303940887513 0.004365310693683817 20.75485109429313 g
2458895.9169329 8271.033692757206 35.5168649339077 26.3068 16.512900525088888 0.004662133137301866 20.683288429867222 g
2458895.9248495 9568.69160819184 32.9696942926755 26.2809 16.328768605450644 0.0037408664171926296 20.73818768860717 r
2458895.9257407 9551.20726026339 35.0906483901814 26.2724 16.322254326712525 0.003988806432430965 20.66199650666103 r
2458895.9456829 9533.68660837545 38.1568125875776 26.2757 16.32754782078807 0.004345312902349763 20.57434476678437 r
2458896.7719792 9220.528990867111 36.6942230704449 26.2396 16.327710405819207 0.004320675964149377 20.580680747202095 r
2458896.7926505 9168.838192225645 36.1445510408506 26.2562 16.350414228619815 0.004279946732872364 20.61366790252885 r
2458896.8145023 26108.553579773365 52.8647079159933 26.9287 15.886742968826693 0.0021983298771808928 20.873360396612096 i
2458896.8563079 27541.420422533505 50.7820235723809 26.9863 15.886334162942793 0.002001859096106207 20.974599982317038 i
2458898.8198958 8772.761390467396 32.2538649519044 26.161 16.30315920704147 0.003991676009373021 20.642120581133856 r
2458898.8381713 9649.956410951412 28.9489204826515 26.2901 16.32878662092187 0.0032569932577463314 20.888594055803463 r
2458898.8390625 9440.316058311642 28.6351059490756 26.2675 16.33003366359727 0.0032932302623003003 20.87782800333615 r
2458898.8567014 9792.435541046609 29.2085694536553 26.308 16.330773196312613 0.0032383918916707244 20.896799271460544 r
2458898.8796412 8278.89359959491 25.4977096082495 26.306 16.511069247318233 0.0033437877886280626 21.042322062503807 g
2458898.880544 8189.270589923595 26.4029313823365 26.2934 16.510286946721784 0.003500392652438926 20.991844621559377 g
2458898.9226852 8386.55773013604 28.6522705996848 26.3045 16.49554064785934 0.0037092417641502577 20.9141773789128 g
2458899.7959259 9308.38347046084 32.3922831021207 26.2568 16.334614334285497 0.003778132032868574 20.733271090598805 r
2458899.8316898 9512.370680908181 30.5183139753404 26.2627 16.31697808585559 0.0034832256431646625 20.803873647230056 r
2458899.8354282 9357.59189976755 27.9034281584392 26.2723 16.34438974759879 0.003237451715795598 20.910731081439028 r
2458899.8753125 8192.523776120372 30.7976149477961 26.2911 16.507555723865217 0.004081400489344267 20.82238227705806 g
2458899.8794676 8196.477271798347 31.9260181995045 26.292 16.50793190261905 0.004228899417370923 20.784213096962294 g
2458899.8803704 8248.748216809503 28.9476393949899 26.2913 16.500329881285836 0.0038100874538872288 20.889842104366583 g
2458900.7701852 9190.60120112036 38.3396919123259 26.2422 16.333840196020834 0.004529127376796414 20.53565344246019 r
2458900.8352546 7768.361888965775 32.1994957021283 26.2639 16.538076377575038 0.004500175581863231 20.746852314229223 g
2458900.8542593 8024.773835114658 28.04472638442 26.2832 16.52211799654318 0.0037942701017105677 20.916146971121595 g
2458900.8558218 7883.2862566276035 28.5788720764296 26.2743 16.532531757797848 0.0039359323514725625 20.886762277974377 g
2458900.8767477 7984.983609696615 29.5906198122816 26.2873 16.53161492743792 0.004023369051275331 20.861989833926962 g
2458900.9017477 9717.742133327707 31.7150232520249 26.2711 16.30218657352383 0.0035433128675675537 20.77051240381313 r
2458900.9026505 9182.699452348501 34.4014157135684 26.2045 16.297074074523476 0.004067389685793206 20.615634200758784 r
2458900.9193403 7567.989304068984 38.1967209162913 26.0136 16.316148725998715 0.005479682678267097 20.311109785354873 r
2458901.8778819 9462.632190726623 33.5796770804762 26.268 16.32797010114655 0.0038527816226442057 20.70538370060497 r
2458903.8550579 7973.531411207521 27.4490661687381 26.2801 16.52597322639517 0.0037375473428887876 20.936356053867048 g
2458904.7268981 8709.465764946308 40.0696976903206 26.1764 16.32642120905133 0.004994987288138134 20.42193482448829 r
2458904.7474537 8870.363453916434 40.6702671800068 26.1933 16.323446462597545 0.004977891752320229 20.422682425469514 r
2458904.7483449 9015.87403771734 36.4504390065797 26.2127 16.32518041130085 0.00438939602127173 20.561018080914067 r
2458904.7878588 7427.390175293572 30.8631266541839 26.2139 16.53680940287221 0.0045114226959435365 20.742875186472503 g
2458904.7953009 7463.883265659247 33.274895497428 26.232 16.549587903819916 0.004840182081594588 20.67928323863251 g
2458904.8123727 7743.735487849908 31.3354613538109 26.2439 16.521523725422046 0.004393346137043557 20.756384756095326 g
2458904.8342245 27115.184312031302 52.3057208106868 26.9531 15.870068597891885 0.0020943365322788924 20.909302010747055 i
2458904.8556713 27519.895166204595 49.5821967570854 26.9732 15.874083062067475 0.0019560899739645256 20.98746057808118 i
2458905.725544 8755.321117593658 60.8396621693247 26.1918 16.33611980183784 0.00754439732478827 19.983908004570367 r
2458905.7476273 8974.0217800608 42.6838206379179 26.2249 16.342432201909094 0.005163997280411492 20.40181677344912 r
2458905.7485301 9038.340091381639 45.2937894372555 26.2222 16.33197830305543 0.0054407630930948 20.33467834715427 r
2458905.7738426 7566.908708679605 42.7117489456284 26.2342 16.53690376391677 0.0061282813914588 20.410406601339538 g
2458905.7908565 7674.50767805895 40.1483978320978 26.2583 16.545673687692165 0.005679727919346251 20.501704441808286 g
2458905.8114931 7666.513129813189 37.7741044013649 26.2625 16.551005290519065 0.0053494130192093215 20.57208954840305 g
2458905.8345833 26601.66449016971 67.9193951374262 26.9216 15.859327970802049 0.0027720102750695657 20.594190465153247 i
2458905.8556597 26217.813969032966 71.1708655519357 26.924 15.877508806096593 0.002947240712784212 20.54581937021777 i
2458906.7490162 8829.169848108078 49.4098215290965 26.2018 16.337000321275355 0.006075796949996947 20.21984177616625 r
2458906.8135069 7674.088940697468 36.3809124520199 26.2676 16.555032929370746 0.0051470287814475236 20.617991021176653 g
2458906.8540856 7897.741385809561 34.2740307661034 26.2713 16.527542728712767 0.004711640124050998 20.686462033561124 g
2458906.8562153 25849.783604885248 64.0896482073303 26.9222 15.891057720361037 0.0026917877581593553 20.65780526986723 i
2458906.8763889 28093.598964012876 49.3783110495543 26.9909 15.869381553554309 0.001908265024184836 21.009634411379317 i
2458906.9468403 8441.878543464554 39.0045222363643 26.1454 16.329302251243703 0.005016325403639531 20.42018758259107 r
2458906.9477662 8214.870699084127 42.8157090686778 26.1225 16.33599816977382 0.005658642361960254 20.29606713729709 r
2458907.8143287 9793.370999134737 59.0602054209509 25.8843 15.906969482359038 0.006547455930260548 19.708637606214534 i
2458907.8353472 5844.137543318457 61.7165473711251 25.2528 15.83599892845571 0.01146544806383577 19.02937093367675 i
2458908.8159144 7819.452400121602 28.2624605958573 26.2726 16.53965914929814 0.003924130731769029 20.897150064532596 g
2458908.8346065 8022.418536082681 31.1378522381361 26.2805 16.51973671066977 0.0042139868448513905 20.79985335564571 g
2458908.8559491 26488.955203674806 65.6413319274322 26.9742 15.916537927796671 0.002690434315949401 20.683831527324262 i
2458908.8758449 27892.64750997609 58.7870756131291 26.9996 15.885875653703515 0.0022882420168378265 20.828970347730877 i
2458909.7559606 7198.7147977896875 58.1262844347974 26.2333 16.590162580466803 0.008766524134313015 20.074943582295287 g
2458909.7751273 7649.579570238113 55.0158516506013 26.2487 16.53960608379674 0.007808365098841447 20.150055388492085 g
2458909.7769444 7359.495563451473 44.6315190258762 26.2462 16.57907988043249 0.0065842067283846 20.374670818589593 g
2458909.8175694 9358.305277044876 33.5725124487353 26.262 16.334006979508032 0.003894901447060064 20.699615380321113 r
2458909.8184606 9532.816291542867 33.3057210003006 26.2715 16.32344694064244 0.0037932149518192316 20.71777788996948 r
2458909.8354282 27541.781123378503 68.9449827697408 26.9534 15.853419943509081 0.002717818700896184 20.609718320664797 i
2458909.8566667 26086.75291509895 73.443107432293 26.9135 15.872449938203472 0.0030566158233165473 20.50119737940182 i
2458911.7139352 8352.366281276993 65.7719654452238 26.168 16.36347617137615 0.00854950806503206 19.87547293927609 r
2458911.7328009 8686.861593935704 58.5543725785571 26.1874 16.340242744902014 0.007318233590013611 20.02107665968967 r
2458911.749537 8879.97778935146 66.5211075330602 26.2014 16.330370301199377 0.00813312467236679 19.89657631084099 r
2458911.7521991 24847.562554571763 95.035307657137 26.8719 15.883690518435115 0.004152513281604329 20.17976252667809 i
2458911.8142824 25971.305105310832 73.0674244519436 26.9199 15.8836655643371 0.0030544981242106787 20.513165491154865 i
2458911.8585185 7833.715119052014 42.6968166468475 26.282 16.54708056514415 0.0059174903770424616 20.458586247981756 g
2458911.8786574 7821.294566394568 44.1372356408625 26.266 16.532803393402173 0.006126836974172974 20.40656216570904 g
2458911.8795486 7764.048062909342 37.7492870181022 26.2711 16.545879461998567 0.005278741267889048 20.581403105672635 g
2458912.7706134 7554.9015174680935 46.3165066417945 26.2415 16.545927981422558 0.006656053840639446 20.32973549941919 g
2458912.7914468 7737.388014560991 45.7054314771089 26.2581 16.536614058987773 0.006413325383360996 20.360755456142222 g
2458912.8137153 27510.361055652684 55.4983900817739 26.9766 15.877859274348527 0.002190251228978368 20.86847402634168 i
2458912.8347454 26905.708580403185 60.2489249303583 26.9561 15.881488915054971 0.0024311665162586775 20.758801734527278 i
2458912.9004977 9578.517578836007 36.9379384274335 26.2826 16.329354248480122 0.004186819037559044 20.616493356592557 r
2458912.9210648 9439.934443139535 36.310040878818 26.264 16.326577554265846 0.004176068342379483 20.61650814452609 r
2458913.721875 8155.204412182624 42.340999501475 26.1557 16.377112871976074 0.0056368449931285414 20.34137222476419 r
2458913.7482639 8693.216366797109 42.8980303861814 26.1743 16.326348777545633 0.005357555779718482 20.345781607885193 r
2458913.7936921 7422.263983816837 47.2555574782975 26.2357 16.5593590084644 0.0069123597417245514 20.302142761796592 g
2458913.814294 8093.880923914921 45.7558014750442 26.2754 16.50500797294832 0.006137608661214062 20.37685957163125 g
2458913.8353356 25662.075914820667 60.522245996784 26.938 15.914770536515636 0.00256054898663749 20.73578739807263 i
2458913.87875 18930.443652969712 72.1648020471994 26.5652 15.872298019530705 0.004138800284818119 20.17196142750611 i
2458913.9283912 8014.834560400756 41.4662793591482 26.0915 16.331763594455683 0.0056170765798035545 20.29983731612739 r
2458914.7491898 2395.7351629788695 83.7292939189187 24.9446 16.4960029819985 0.03794446724016791 18.389981417009587 g
2458914.7500926 2869.7796956815414 79.3043616077183 25.1127 16.46807860365471 0.030002562749699774 18.617032305542054 g
2458914.7518634 9165.715415607685 175.177507902612 25.8478 15.942384078002439 0.020750177340876592 18.49167912985454 i
2458914.7938194 24036.390968086354 82.144256497006 26.8301 15.877926851272813 0.003710374797830964 20.2962319814443 i
2458914.8544676 9518.533439355615 47.3742198802775 26.2573 16.310874900115266 0.005403583530142988 20.321019810584026 r
2458914.8564815 8444.784985225499 53.9885455689232 26.1612 16.344728509080525 0.006941013184673136 20.083020919412164 r
2458914.8573843 8634.35278747296 45.6942156316956 26.1375 16.29692552664358 0.005745677890682003 20.240421922149004 r
2458915.8739931 9525.378998823306 53.6092220766297 26.2774 16.33019433865237 0.006110363946231105 20.206876226099403 r
2458936.7915856 7715.610665456139 28.8392610893426 26.2295 16.511074238116663 0.004058108570055511 20.832114667083445 g
2458939.8152431 5882.313933164089 39.4326139752214 25.9393 16.51542950337948 0.007278086392418938 20.202236070989546 g
2458939.870625 2012.343908772529 69.3787729916131 24.5422 16.28294449129813 0.03743124299411631 18.19170845217072 r
2458940.7156829 367.6018933483838 82.750592380446 22.9273 16.513855651072284 0.2444011300624745 16.385447210634577 r
2458940.7343171 5604.556420295571 51.3601790038599 25.7115 16.340146886236862 0.009949359443070778 19.68750866742243 r
2458940.7516204 24902.77556079779 65.5112645110696 26.8822 15.891580613830829 0.002856130623111542 20.5939850332881 i
2458940.7718519 6350.343722982786 69.7765309046404 25.4171 15.910106917890252 0.011929492781468678 19.06040155482711 i
2458940.8377199 878.2681062522696 40.5428882614637 24.0513 16.692232220223584 0.050118424513103964 18.284088278037153 g
2458940.8630903 2964.771938102678 41.0992317514048 25.1423 16.462321771628677 0.015050545824127006 19.360290729435956 g
2458954.7318171 9441.537984103848 31.8968428394988 26.2393 16.30169313830023 0.0036678772387665 20.732505742742685 r
2458954.7752546 8070.206217524007 31.6657188350988 26.2453 16.478088419084386 0.004260048629812414 20.74640161096175 g
2458962.7469097 8140.978079809336 27.9563063786127 26.2804 16.50370853656501 0.003728318825785448 20.916775510795514 g
2458962.7527083 9743.66644895643 33.2588646664817 26.291 16.31919397871588 0.003705909839746881 20.738806439300706 r
2458963.7277431 7939.969917380298 27.3253580586201 26.2638 16.514252857515537 0.003736429930207113 20.92496033553661 g
2458965.7097569 8197.687905752226 28.5021150093223 26.2876 16.503371549334503 0.0037748139013571917 20.902982268717903 g
2458965.7496528 8070.119623719548 27.3956567714717 26.2745 16.507300069162525 0.00368562870733234 20.932870697957078 g
2458967.7447569 7858.547152381187 32.5115941690137 26.246 16.507644341652423 0.0044916492966009264 20.718479326275403 g
2458968.7064699 10153.307268891676 33.4837779492276 26.3107 16.2941811764768 0.003580442978501989 20.751188856154307 r
2458968.7315625 8146.577751488588 31.2174785162773 26.3014 16.52396198299007 0.0041603747560046535 20.81798043538455 g
2458974.6893056 8117.70986170903 84.6002046223545 26.2728 16.499216187582107 0.011314822003154585 19.70694645549112 g
2458977.6699306 6630.318368136694 60.5988945510212 26.0814 16.527564043918165 0.009922935243987867 19.877813234634104 g
2458977.7101389 3474.645682848537 124.805499161718 25.1737 16.32142368691423 0.038997164835751656 18.185690685189513 r
2458980.6697801 7942.877502599738 25.8164941483198 26.2745 16.52455533804148 0.0035288178229686672 20.99733182611321 g
2458980.7495833 9778.927776255174 28.8927954417078 26.2976 16.321871903517657 0.0032078064925718107 20.89820108209398 r
2458985.6703704 8326.16167535477 29.6206312475841 26.2756 16.474487900860456 0.0038624183146349716 20.849189215241434 g
2458992.6758449 9379.001984022645 31.5782417878717 26.4998 16.569408430675928 0.003655452591597355 21.003905124874947 g
2458992.7215625 9868.968607701283 31.9512950002848 26.3011 16.315420581190487 0.003515009760466674 20.79245382665785 r
2458995.7024074 7828.649121925069 30.1094536206243 26.2374 16.503182928670007 0.004175667255843669 20.793217802445547 g
2458995.7128704 9854.241223280897 32.4926421705614 26.2782 16.294142026946574 0.003579906438786488 20.75131241952021 r
2458998.6950579 7885.65000759181 34.9312783422801 26.2421 16.50000625581381 0.00480935482296346 20.6366387908231 g
2458998.7468519 9320.237117826635 42.2692494949224 26.2295 16.305932596353863 0.004923879467493488 20.41701364703639 r
2459005.6848843 6716.465144503651 78.5453078285554 26.0912 16.523348086763786 0.012696654992581604 19.605974373932334 g
2459005.736794 8917.454947595534 72.450085637821 26.1804 16.304797690272615 0.008820796790029378 19.782877731273743 r
2459011.7053935 6586.0159961014415 30.0656353471355 26.064 16.517443047023324 0.004956298362425392 20.62139902468158 g
2459011.7378241 7930.935002954226 39.6788617292414 26.1515 16.403189023292875 0.005431811023970137 20.40767697661135 r
2459014.7026736 8233.980217562686 34.4967119557984 26.2799 16.49087545186397 0.0045485997270827425 20.68803073318 g
2459014.7207407 9656.778437490117 38.7645904837239 26.2674 16.305319332038557 0.004358256344039903 20.54888698825286 r
2459018.7273032 9388.221539452155 42.9089367944805 26.2229 16.291441676617787 0.0049621999738713035 20.39410560506614 r
2459021.7147801 7435.509042109533 29.8360598897507 26.1843 16.506023234764424 0.00435652892610996 20.750021313566023 g
2459021.7443056 8648.969859668996 40.7213532984044 26.1504 16.307989040847577 0.005111727060379612 20.378419482816142 r
2459024.7063426 6292.040991176571 33.7276817310415 26.0108 16.513821141781204 0.0058197561183631775 20.443408761595858 g
2459024.7235417 5574.519521031179 46.1318405567581 25.623 16.257481398438244 0.008984691703655108 19.715573033340704 r
2459144.0263194 9151.799856646187 47.9733576281989 26.1488 16.245033715396588 0.005691194649444919 20.198874700272228 r
2459144.0309838 9535.859711599971 50.1926944490452 26.1506 16.20220036688244 0.0057146612902702915 20.15157371379509 r
2459144.0356597 9633.162674302566 60.441548126369 26.167 16.207577764405677 0.006812029550362573 19.966236040010322 r
2459144.0403356 9709.1387960524 76.0626143630432 26.1976 16.22964822613355 0.008505510339138662 19.747246867777562 r
2459146.0214352 8770.202277904345 49.7540256029452 26.0579 16.20037597463376 0.006159258804464575 20.06840442588192 r
2459146.0261806 9195.521818959704 50.5328676326592 26.0857 16.176759051963472 0.005966331815521139 20.079340128597895 r
2459146.0309375 9169.75427254004 51.2478655800155 26.1119 16.206005755565894 0.006067753399547805 20.09028553367582 r
2459146.0356944 9456.683192890745 54.6514007285894 26.1393 16.199952899906904 0.0062744013477828925 20.047871745408084 r
2459146.0404514 9777.086431930864 85.2897258089348 26.1627 16.18717636381135 0.00947102758633108 19.588033193574894 r
2459150.028831 9753.674207886117 76.8778875105232 26.1307 16.157779387003714 0.008557423663247866 19.668771386507423 r
2459150.0335185 9404.046932118532 81.2416168394934 26.1625 16.229213030346575 0.009379368695129162 19.640628594207563 r
2459150.0381944 9404.246923769906 115.080567233863 26.1697 16.23638994072683 0.013285802984394504 19.269770004490805 r
2459150.0428819 9570.986867411146 109.675311655357 26.1806 16.228208199190547 0.012441192064494969 19.332902796215397 r
2459152.0291088 10420.159947712536 62.6927611300537 26.2455 16.20081403659416 0.006532100380459251 20.005031495247703 r
2459152.033831 10429.753430752444 73.5619069643222 26.2391 16.193414896462293 0.007657531208329128 19.82504254155985 r
2459152.0385648 10435.209217121961 84.4403214254625 26.2721 16.22584709818517 0.008785339619372692 19.708300294664728 r
2459152.043287 10823.455462923424 88.4091639010161 26.2732 16.187285163946548 0.008868316553446356 19.659531780660767 r
2459152.0480093 10867.588793895473 140.672251615284 26.3177 16.227367006772813 0.014053518814081735 19.19975389196339 r
2459154.0284954 10433.526891116368 85.1366631838525 26.261 16.214922150689254 0.008859216656393602 19.688283427682556 r
2459154.0332292 10603.688760533305 83.3360603666196 26.2683 16.204657570408152 0.008532687330167205 19.718792574795106 r
2459154.037963 10749.548499604834 80.840266048565 26.2508 16.1723244412891 0.008164833792987072 19.734305653844416 r
2459154.0426968 10954.969210189158 82.7235113325363 26.285 16.185972096801716 0.008198372312192366 19.74350258798706 r
2459154.0474306 10874.080725407235 108.198659078315 26.27 16.179018618176492 0.010802870341660747 19.437020292836557 r
2459157.9932407 9700.80963876425 82.1097011664014 26.1358 16.168780043980288 0.00918959405204018 19.602388810303612 r
2459158.9957407 7255.907134328865 88.3242352570366 26.0393 16.387570710717004 0.01321593846824148 19.42667527454621 g
2459159.0298264 6623.4818769036265 84.7743057984103 25.676 16.123284119151883 0.013895933515917018 19.10791438389734 r
2459165.9849074 10615.483513189698 44.4072165982083 26.2252 16.160350549593307 0.004541754033226126 20.359141106998223 r
2459166.0311227 9315.855061428321 39.3720010857262 26.2681 16.34504319238707 0.004588540858236477 20.532706268135403 g
2459169.0059028 8997.896672766963 42.8116169295447 26.2458 16.360447495892565 0.005165715298896997 20.41947091219753 g
2459169.0395718 11771.349310170555 49.0110567676039 26.3249 16.147834381469433 0.004520408232776891 20.351739822176935 r
2459170.997662 8855.5811098119 40.6757630499227 26.2271 16.3590573370306 0.004986874988290759 20.45633571726663 g
2459171.0463657 11633.913490832696 48.567039635226 26.3193 16.15498542479128 0.004532372960613341 20.356020908636125 r
2459173.985081 7466.362942485168 40.6661874334958 26.048 16.365227256729007 0.005913358356224069 20.2774913441215 g
2459174.0230671 6923.147289204544 42.8899922013398 25.7529 16.15214107180619 0.00672608317977082 19.92458507098098 r
2459177.0178241 9054.29452300133 39.2277549848077 26.2505 16.358363456611556 0.004703798123510574 20.519091354039332 g
2459177.0512616 11185.080612152691 48.6577428790241 26.2941 16.17250220386542 0.004723051471471621 20.328795091314568 r
2459180.0260995 11366.349209453765 44.3490450334943 26.3127 16.17364751303663 0.004236167418894453 20.448064307610323 r
2459181.9909722 10989.314317033753 74.3518394109805 26.2981 16.195673511802674 0.007345662315198077 19.872445696350688 r
2459182.0279745 9340.3377309563 54.4205471815406 26.3098 16.38389355031371 0.006325722878218596 20.222967728758572 g
2459184.9946991 11070.956398532851 58.5119668736646 26.3085 16.19803714909863 0.00573811693840257 20.142963246360424 r
2459189.0093056 10998.865572143113 56.996237698752 26.3167 16.21333026464191 0.005626108880379531 20.179659516671627 r
2459193.9632407 8297.667327736508 40.3634807403348 26.2452 16.447809952516863 0.005281319352644585 20.482803462867984 g
2459193.9779745 8544.504803302663 41.992388946238 26.2664 16.437182754366574 0.005335726028418697 20.46104853329526 g
2459194.0379745 11141.090921319741 38.5780096327824 26.3354 16.218080703805057 0.0037594294269838327 20.622125446170095 r
2459194.038912 11116.62604929109 40.3840653226281 26.3353 16.220367508169456 0.003944090547470862 20.572349899872464 r
2459195.0004282 11083.808344150535 40.6340576727017 26.3305 16.218777481087173 0.003980256157941834 20.560849507496407 r
2459195.0302662 9066.909306632548 38.1699870341771 26.3419 16.44825182088969 0.0045705932993827785 20.64016995809689 g
2459195.986088 9431.420143930583 43.3878042937672 26.1758 16.23935727021511 0.0049945966145996945 20.33495580778882 r
2459195.9986458 9561.81381245268 41.7645068048726 26.171 16.21964929283976 0.004742167744261815 20.371556596138134 r
2459196.025706 7767.469407493447 38.5619686101506 26.1908 16.46510112139198 0.005390008910707877 20.477976997225213 g
2459196.027581 7830.428412364486 42.5895764875519 26.1822 16.447736191267637 0.005905105156126773 20.36151668552605 g
2459197.0084491 10521.832409106988 45.0892756683712 26.3052 16.24997154972761 0.004652557148770002 20.422591842441328 r
2459198.9828356 10646.050667852074 53.6370278053824 26.3145 16.246528678041024 0.005469983461956677 20.243413228565856 r
2459198.9837731 10424.919771902967 53.6071360097564 26.3049 16.25971819646199 0.0055828983665327965 20.234418475591376 r
2459199.0244444 9042.798807424793 37.6824160903967 26.3487 16.457942829094414 0.004524240782151666 20.660928137278276 g
2459199.0253819 8806.164373140356 37.4084003206561 26.3362 16.47423303098592 0.004612030676149292 20.65635214654241 g
2459199.9866667 9550.257134926287 40.4879320506168 25.7594 15.809362337853141 0.004602781601198631 19.99366100055709 i
2459200.9643866 3546.654052414744 34.7204191273177 25.327 16.4524529284921 0.010628597683741805 19.728112591362052 g
2459201.0240625 6139.911415642423 39.8264744061541 25.6916 16.2211947366321 0.007042382265092879 19.94374533245889 r
2459202.971331 9595.98499404457 40.9077415707513 25.7609 15.805676099605645 0.00462834561026601 19.98396122994192 i
2459204.0020949 10495.063103609413 50.1439545842556 26.3095 16.25703736448409 0.005187323883112539 20.311528535547446 r
2459204.0419213 8763.567770496851 37.8796739350861 26.3413 16.484597626248554 0.004692833223675904 20.647859409213748 g
2459206.0356134 828.3497424744817 30.4829672176132 23.9768 16.681265646090967 0.039953362464143216 18.519231891585907 g
2459206.9736574 625.5300207273256 44.8854756732883 22.7097 15.719079606519704 0.0779053911462579 16.83201040922396 i
2459215.9835995 8673.64391998395 88.5743108095384 26.335 16.48949602739584 0.011087050625211025 19.719305534650836 g
2459217.0001505 9480.770852478123 58.6010119790801 25.7722 15.830090875176092 0.006710753766299203 19.605012199407582 i
2459220.9604167 3962.5963740563093 88.8884715692742 24.875 15.880050405492655 0.02435428806592595 18.255461392654286 i
2459221.9273958 9978.774089786253 50.8198593802121 26.3109 16.31320702322028 0.005529248466058635 20.298391341628427 r
2459221.9619329 5943.719295958283 41.61235349685 25.9737 16.5385542729736 0.007601054145045403 20.1782192912547 g
2459223.898287 7932.159468355343 34.9598725648543 26.2913 16.54282140827646 0.004785069412066688 20.68495038695437 g
2459223.9346181 9135.104413207468 43.9058442775235 25.7643 15.862516210865993 0.0052181751817952276 19.91056915731622 i
2459223.9642245 10014.68754334987 42.245187037923 26.3204 16.318806490193573 0.00457983330668459 20.508531896001116 r
2459225.9144676 9000.658806111162 42.1682068357178 26.2239 16.338214252682995 0.005086519014636382 20.41401215557648 r
2459225.9422685 7773.001294878077 42.7608418524018 26.2807 16.554228149867132 0.0059726538357512075 20.455659372218612 g
2459226.9642593 9107.543819725417 44.1621925918283 25.7571 15.85859682632844 0.005264525040560665 19.897048420716857 i
2459227.9608565 7379.80007776082 32.3540230437246 26.2363 16.5661885081461 0.004759852902306531 20.71405426296507 g
2459229.9362269 9408.235512911808 55.7714542503325 26.3068 16.373029548993127 0.006435964299202126 20.193345066802287 r
2459229.9825463 9199.219246552113 50.439871998275 25.7758 15.86642257601186 0.005952958350139584 19.771440049686554 i
2459231.9204282 8205.364832188656 30.8316321570267 26.3231 16.53785526075517 0.00407951428333446 20.85318369939786 g
2459231.9653704 10715.412803486503 35.8757017183281 26.3718 16.296777733551888 0.003634974225436791 20.73737397791164 r
2459232.9726852 9114.623838187237 33.0176740063693 25.7748 15.875453125084384 0.00393294219323972 20.230508800926863 i
2459234.9526157 8062.097018051656 47.797850012777 26.3026 16.536479949794135 0.006436802440193543 20.356654083852813 g
2459248.8376968 3466.0021893482135 83.8118723060362 24.7286 15.87902791823475 0.026253459978274035 18.17291113256661 i
2459249.8797685 6888.912768580888 58.7759643933423 25.952 16.356623286255726 0.009263154678469996 19.781575579811246 r
2459249.9210532 7370.859858305064 53.4267265783515 26.25 16.581204614838583 0.007869556355865191 20.183178574033455 g
2459251.8787037 9030.975631930241 38.04376338503 25.7725 15.883163323918422 0.004573604845205291 20.074366309419965 i
2459251.9011921 8148.983651959109 34.3541518877718 26.3457 16.567941383631727 0.004577049641716597 20.75832691056298 g
2459251.9422685 10015.719423342412 33.1776126413597 26.3512 16.34949462532036 0.00359644000817102 20.80166215835576 r
2459252.9799074 8473.69989746767 24.2382833715092 26.3586 16.53841730233087 0.0031055506537718924 21.149920342821247 r
2459252.9803704 8464.346835929004 25.1452801471997 26.3462 16.527216373124553 0.0032253204157386564 21.097633792856254 r
2459252.9808449 8467.146232568712 29.8432920458038 26.3372 16.517857349109526 0.0038266567370125143 20.902658166817638 r
2459252.9813079 8505.343726860936 24.0627863252451 26.3409 16.516670326332957 0.0030715945119081673 21.140110202679512 r
2459252.9817824 8339.546503734342 25.57593291664 26.3429 16.540043913058124 0.003329652320442363 21.075896278785056 r
2459253.8515394 9557.747367016284 31.6786289557085 26.3145 16.363611132634105 0.003598493048257835 20.815159046280392 r
2459253.8785532 6291.5057049965635 25.5113579478993 26.0709 16.574013513129273 0.004402393103138638 20.806641048281975 g
2459254.8600231 9171.257835996788 29.7087083002653 25.8003 15.894227742130743 0.0035169379357103637 20.370665565159225 i
2459255.8783796 8270.374523883145 24.6015825248917 26.3494 16.555587057444857 0.0032295923322628373 21.124567377933783 g
2459255.9009491 9917.63465529189 26.5525889760357 26.3671 16.376079735603597 0.002906756182624627 21.059407807142712 r
2459257.8785648 5863.205206085777 35.5303814447534 26.037 16.616662264234776 0.006579223100451796 20.41307531419808 g
2459257.9192824 5146.821835200979 36.2551316099017 25.2011 15.922252163077856 0.007647864575310916 19.555251274159026 i
2459260.8536574 8020.342779165691 37.3018613027663 25.6301 15.869617675324836 0.005049488772676397 19.953348731799597 i
2459262.8379282 9442.76940348813 33.0551214359074 26.3025 16.36475153960845 0.003800574154623301 20.756978096698116 r
2459262.9125694 6523.367206476946 31.3313428561069 26.0843 16.54812043486117 0.00521455221853844 20.596927466486555 g
2459264.8542477 8356.017261983285 28.8099627034303 26.3745 16.569501678797195 0.0037432876843639116 20.97821824902165 g
2459264.8787384 9038.933146363383 26.9665920958816 25.8064 15.916107064295371 0.0032390580353255376 20.48190982431334 i
2459276.7321065 7079.876221857796 30.8321353786567 26.2277 16.602635837637884 0.004728112234118087 20.757765978588232 g
2459276.7480671 7607.127137678604 43.4184829195508 26.2703 16.567248313335483 0.006196747609524166 20.428688377290833 g
2459276.8675231 9715.962669046849 47.95089138652 26.3255 16.356785406306344 0.005358221779113934 20.376083276834926 r
2459276.8684606 9566.116965399837 47.4699110737019 26.3206 16.368760783227046 0.005387565575366557 20.38212894379268 r
2459278.8585069 8720.522330324975 36.3786071146426 25.7772 15.925843753728188 0.004529115602057707 20.127659822847427 i
2459278.9093287 9607.295826922022 49.6917801359786 26.3081 16.35159709084712 0.005615562033850325 20.319963601674026 r
2459280.7965278 9593.23505623668 26.8425809156097 26.327 16.37208728547474 0.0030378688658453377 21.007514311803597 r
2459280.8588889 8056.777742771026 35.7971697549642 26.3235 16.558096541994345 0.004823887221890462 20.691453261125055 g
2459281.8111921 8691.182285578781 34.4435676825631 25.7573 15.909602853131034 0.004302680602500842 20.167104665263224 i
2459290.7965741 8950.280571149773 32.6169851080789 26.3513 16.471708375790598 0.0039565531438186105 20.820265450820273 g
2459290.8410301 10232.658238159886 30.1983842059653 26.3295 16.30452882671692 0.003204092716606983 20.882115723588782 r
2459291.816713 9140.515269209176 28.9077532600915 25.7877 15.885273303809106 0.0034336300296117484 20.3877391412235 i
2459292.7956944 8267.692514156093 32.6887159840061 26.2751 16.48163920925087 0.0042926292775243595 20.741680334696852 g
2459292.8378356 9816.296412653595 31.1970167863757 26.2839 16.304030840342953 0.0034504460441218496 20.801192322636197 r
2459295.7637037 9293.397501112458 56.2469602132747 26.2498 16.3293637165656 0.006571044087616217 20.127127347680275 r
2459295.7747569 8295.961062718636 57.0017221060996 26.2591 16.46193323746308 0.00745986742496977 20.12195504779107 g
2459295.837581 8709.389755252172 34.8065699836497 25.7121 15.862130684585097 0.004338936951174982 20.110521919642824 i
2459297.7064583 7541.519252062679 69.7946202876291 26.2049 16.511252889860124 0.010047845362929153 19.847920117037496 g
2459297.7576389 9621.314688849678 58.1221250108742 26.245 16.286913951115977 0.0065586869533991645 20.086721278621077 r
2459298.8386227 6012.93192451688 111.019681210636 25.3542 15.906484282492533 0.02004580617301302 18.49327504932168 i
2459302.7551042 10006.91552587575 95.9307735848082 26.3281 16.327349415822486 0.010408006404342208 19.625780122583713 r
2459302.7646296 9911.664023774601 95.3499950869292 26.3002 16.309833569216615 0.010444410688010343 19.604473301649296 r
2459302.7735764 8689.649288536717 62.7119697415085 25.7658 15.9182943779597 0.007835343324865197 19.52499888442963 i
2459302.8315625 8719.174725612074 93.6879110472196 26.323 16.471811548297637 0.011665893645321569 19.64636610009941 g
2459302.8325116 8759.184194572277 97.4189909837502 26.3269 16.470740852243694 0.012075074134940304 19.607865921514495 g
2459303.7948495 8692.559666945495 79.7560405298017 26.3292 16.481330798940995 0.00996152301749264 19.827366025685986 g
2459303.8157176 10068.54339711726 63.3269393976475 26.299 16.291583384278916 0.006828600264434573 20.0476037416494 r
2459304.7349653 7912.352276504818 68.9014868500736 26.2578 16.512035962925474 0.00945437483809425 19.914803504644333 g
2459304.8062616 9632.959014780967 69.1262346363249 26.2589 16.299500718741747 0.00779099680892439 19.91236773630014 r
2459304.8071991 9696.091976939555 58.5011698056136 26.2582 16.29170818362314 0.006550548428069088 20.092863613055208 r
2459304.8293403 8266.73877661716 70.5685905366122 26.2713 16.47796446392202 0.009268022229311583 19.90234638072003 g
2459305.7738079 4258.054863015175 53.6786736543751 25.5955 16.52247186795863 0.01368675084315074 19.523570548367452 g
2459305.8750694 8861.066517546595 39.9910357323288 25.729 15.860285008259263 0.004899891836791086 19.97666835885802 i
2459306.7712731 10074.40348785889 30.1991086912711 26.302 16.29395164822786 0.0032545025961712086 20.85458967615242 r
2459306.8126389 8492.554879892612 38.1123320856519 26.2793 16.456704094966582 0.004872333417987344 20.579211179224913 g
2459307.7553704 10339.444909976077 34.1513771010138 26.344 16.307756941065882 0.0035860871102273203 20.763054437614386 r
2459307.7772685 8446.467009980943 29.6460943836038 26.3142 16.49751227464381 0.0038106778413086193 20.886856271837868 g
2459308.8115046 9095.834699082801 30.071937157544 25.755 15.857893601981681 0.003589456410772039 20.312171476296896 i
2459309.7344329 8619.166290440648 32.6890787829311 26.1614 16.32273685080129 0.00411762943638646 20.627968284613814 r
2459311.6709375 6247.921236358473 37.4726149672751 25.7607 16.271361134938964 0.00651160866645028 20.078989987394788 r
2459311.7321065 6324.203425002139 36.1105154039286 25.9849 16.48238542238127 0.006199229205539357 20.343390771313274 g
2459313.6870602 8511.036669407571 30.6742734650143 25.7043 15.87934384585695 0.003912926238547643 20.23993927654433 i
2459313.7136343 9125.924494382449 34.8593686661867 26.1743 16.27360782198113 0.004147176166554509 20.571076195684153 r
2459315.7128935 8542.003551213724 29.9273966177499 26.2462 16.417300630893862 0.003803811870726077 20.808602641072255 g
2459315.7500463 2978.1003051915677 40.1194065579621 24.909 16.224151697237318 0.014625981409708628 19.153188738265854 r
2459316.7573032 9033.280484503171 29.5929357454075 25.7342 15.844586261648878 0.0035567422481685533 20.308804861254398 i
2459317.6936111 10487.855346280568 33.1398508404193 26.2988 16.247083278205633 0.0034306285574584343 20.750498615744704 r
2459317.7356829 9040.997794386863 28.517358954184 26.3209 16.430359091764252 0.0034245442063684617 20.93570173361004 g
2459319.7801505 9104.364316417883 44.4587508087608 25.7371 15.838975930139354 0.005301728278384955 19.86978184957752 i
2459320.6746528 8306.81162013181 32.8473220926982 26.1938 16.39521409562122 0.004293143895259846 20.655125066427324 g
2459323.7264352 10145.732427121835 41.7036292328438 26.2769 16.261191488733907 0.004462726627509039 20.479040362084454 r
2459323.7474306 9166.096143421673 31.0091847727588 25.7508 15.845338979352968 0.003672956445252447 20.274649117048277 i
2459323.7578588 8948.40795131016 45.0221804842279 26.2927 16.41333556239843 0.005462489150885158 20.411708677573326 g
2459325.7284606 9384.482864404325 44.6533596549438 26.3194 16.38837413587604 0.005165990846577111 20.447339638785422 g
2459325.7568866 10580.228212916414 41.2632020884301 26.2845 16.223262411437013 0.004234262022128888 20.498167671985684 r
2459329.7343634 10844.80002813063 93.0451737840685 26.3001 16.212046129290467 0.009314984593107 19.630940360734954 r
2459329.8119097 8825.736247273137 99.7802847366647 26.2705 16.40612263842233 0.012274494966022552 19.525463141851137 g
2459334.7945602 9308.085309576647 41.6628398513309 25.7454 15.823249112531649 0.004859575704581427 19.94860281590549 i
2459335.7344444 7413.3316990914855 35.4779475190266 26.0941 16.419066418870656 0.005195829511598364 20.471778771783892 g
2459338.7067708 9069.218420134286 35.2736913826205 26.2879 16.393975346420493 0.004222706407543334 20.671847712034378 g
2459338.7129861 10690.661023897072 35.5825122828467 26.2851 16.21258860176865 0.0036136150514109325 20.65958346930261 r
2459339.6910648 9342.784947113823 33.1092718326492 25.7395 15.813309119146172 0.0038475397466803426 20.192200915454038 i
2459340.7140278 9021.837034933009 33.568447888903 26.2645 16.37626255500792 0.004039672156775176 20.702246836283305 g
2459340.7543403 10756.179264595321 34.5412677644063 26.2913 16.212154920878305 0.003486503291671091 20.69802930569181 r
2459342.6713194 9496.197985736748 32.2761995587751 25.7441 15.800225598440155 0.0036901368225046994 20.224469009213053 i
2459342.7560532 10154.763656644582 35.1193957573614 26.2349 16.218225449926504 0.003754802106971558 20.62360740142083 r
2459344.726956 10450.468122444807 35.82781990191 26.2477 16.19986063789161 0.0037221551811598406 20.614724033032708 r
2459344.7696181 8617.393902164977 31.4778816045345 26.2147 16.37626013736254 0.003965878367177468 20.722261245255105 g
2459346.8329282 7395.769447880284 38.0946160359427 26.0503 16.377841589467003 0.005592295016994759 20.350715987707478 g
2459348.7468403 9033.714710059126 34.4770982126167 26.2457 16.356034072073115 0.004143565159054371 20.654448224126348 g
2459349.765162 9333.061750873429 36.677443415552 25.7141 15.7890396517864 0.004266627756163535 20.055677349773923 i
2459350.6775231 8910.388202043934 39.1082095451413 26.2579 16.383158436222935 0.004765200139475422 20.52980515539473 g
2459350.7473611 10266.566764161544 46.0166701617414 26.2208 16.192236910641665 0.004866310222517978 20.316087016056674 r
2459358.7123958 10469.268661176835 77.2764177799215 26.2292 16.17940913809246 0.00801383644826914 19.761657534784455 r
2459358.7335648 8581.297866896959 87.0370128194915 26.2185 16.38461755724166 0.011011863972540578 19.621815045977858 g
2459361.6926968 11619.806448268213 53.4703925773072 26.3164 16.1534027648791 0.004996021704805116 20.248691557451632 r
2459361.735787 9025.736031072182 79.1231695844802 26.2577 16.36899343028728 0.009517675336630189 19.764515798454394 g
2459363.6903935 11596.98743810737 38.5138379077746 26.3322 16.171337033166747 0.0036056324144208107 20.620732993491316 r
2459363.7135301 9361.178711917499 36.4026408894569 26.3073 16.37897365917724 0.004221941320633947 20.657042760661305 g
2459365.7059954 9033.300677246758 38.4819286373958 26.2618 16.37218383462712 0.004625090143058829 20.551232914452058 g
2459367.695 10318.562866113072 40.8905075802231 26.2213 16.18725196384053 0.004302423181976643 20.44481873527828 r
2459367.7455903 8015.326504254253 35.3277133827022 26.1103 16.350496954919066 0.004785244668354076 20.492586168528717 g
2459369.6843171 11344.966067497431 38.8923991491701 26.2996 16.1625919968519 0.003721957166291326 20.57751315359085 r
2459369.7268056 8635.592414856075 35.456535402435 26.217 16.376269659521036 0.004457732444643783 20.59533424737073 g
2459371.7279745 10844.790540909506 42.2225343961474 26.2571 16.169047079111944 0.004227007005895823 20.445814243754352 r
2459373.7144329 10530.642372791182 43.1581656451012 26.2519 16.195762839735842 0.004449569055915705 20.416817545283152 r
2459375.728831 10584.364644645299 49.4812766253972 26.2574 16.19573801643221 0.005075583073318622 20.273872749226157 r
2459376.6877894 9762.79919188154 36.9763849116353 25.7369 15.762964108678508 0.004112064614823388 20.069663866617613 i
2459377.7133681 10770.666537940906 39.9377884506054 26.2678 16.18719354937052 0.0040257914185793525 20.516914958647657 r
2459379.7142824 11126.340575279277 40.2096763739201 26.2942 16.178319126289814 0.003923630176857972 20.53594854487484 r
2459386.6949306 10027.894418468539 75.6468883952893 26.207 16.203975618206044 0.008190136762858785 19.762597317235773 r
2459504.0294097 7757.374979178863 85.6305173231613 26.0306 16.306313037358287 0.011984602124725087 19.451603569782957 r
2459504.0317708 7797.730435890634 106.732898414994 26.0306 16.3006794556441 0.01486072245788316 19.212429231181567 r
2459504.0341435 7936.803106393929 107.073163890581 26.0609 16.31178598348918 0.014646871350802788 19.23927339972392 r
2459504.0365162 7624.567771628335 136.84432489581 26.0744 16.368861927401234 0.019485941759509243 18.98640801069046 r
2459504.0388773 8784.187786848704 169.063376570288 26.0959 16.236645971305876 0.020895740436829884 18.77835114278624 r
2459505.0296991 7848.3896638002625 56.6942703037418 25.8856 16.14864860713947 0.007842751431249396 19.754327064203043 r
2459505.0320833 2309.096604704585 65.7966871069424 25.1597 16.75109474326738 0.030936541609590428 18.86676492105952 r
2459505.0344792 1572.9201309056898 78.2643081728404 25.0298 17.038033323110525 0.05402153466897654 18.548465612672455 r
2459505.036875 4877.219381821834 71.6173808019125 25.7899 16.56946927250775 0.01594248366732108 19.404928904398353 r
2459505.0392593 5687.093183333454 96.4836804299226 25.8856 16.498374139376622 0.018419309912092393 19.177040335297868 r
2459510.0336574 9394.260902284896 79.9180765290443 26.2108 16.27864345633434 0.009236176915895502 19.706762432336195 r
2459510.0360417 9185.27233154378 78.9557162350088 26.2123 16.30456990723229 0.009332572625197454 19.721416045336714 r
2459510.0384259 9221.511561288678 98.5133531873938 26.2252 16.313194712300543 0.011598526645517396 19.49403723467861 r
2459510.0431944 9201.001972566923 146.682687895481 26.2071 16.297512190477857 0.017308266504337543 19.043727840119754 r
2459518.0243403 9749.711384784638 52.0361736247674 26.2433 16.270820600715364 0.005794599601438142 20.205111603926152 r
2459518.026794 10008.608815577676 46.6323350127777 26.2634 16.262465711822777 0.005058517827629831 20.34425708328294 r
2459518.0292477 10225.06966755005 49.0778248694705 26.2644 16.240234310714882 0.005211093537082085 20.289761722814276 r
2459518.0317014 9884.688001015586 50.2284372949497 26.2581 16.27069258536887 0.0055169181228101475 20.258300822615226 r
2459518.0341551 9901.51164835192 45.0276202631249 26.2579 16.268646243197587 0.004937275140994429 20.376777502049283 r
2459519.0249653 9746.638767673947 58.782937625311 26.2381 16.26596282391529 0.006547963549389968 20.06754677475622 r
2459519.027419 9784.749986873661 55.3869943145853 26.2415 16.265125666636905 0.006145651121185024 20.135555494329353 r
2459519.0298727 10003.958395983027 51.3687303248399 26.2604 16.25997030765586 0.005574896286661178 20.23622791053776 r
2459519.0323264 9692.657711164788 51.7430367689224 26.2585 16.292392809428044 0.005795873195368218 20.226445205108348 r
2459519.0347801 9821.184879911949 48.390121756457 26.2659 16.285490283647444 0.005349370349237981 20.306583202017606 r
2459524.0487384 8557.999999941701 66.2139609745756 26.2849 16.453969294637613 0.008400151604415337 19.985101067865234 g
2459525.9991898 7297.461871470069 37.1061690560393 26.1367 16.47877041370133 0.005520572557102824 20.46565969192348 g
2459526.0203356 9945.268073236472 47.0683775746663 26.2699 16.275858765094902 0.005138336860957547 20.340651917576235 r
2459527.9993519 7612.092679722775 32.0588796937891 26.1678 16.46403983168799 0.004572504191424853 20.65550413479668 g
2459530.9770255 9050.53900090724 83.968634749223 26.1962 16.304513889514837 0.010072852759166381 19.638482259098183 r
2459532.9792477 9810.845134412779 51.4850200162607 26.2291 16.24983394908258 0.005697499600272707 20.202472774354632 r
2459538.98625 10225.2040714652 63.8552634493138 26.2707 16.246520039297433 0.006780075883315436 20.010283236618697 r
2459550.984213 8580.677840167891 31.9608941347124 26.2557 16.421896008054027 0.004043962890626169 20.74672768768493 g
2459551.0066551 10500.162792861556 36.6789013362926 26.3091 16.25610991911244 0.0037925395983275335 20.65063419284354 r
2459622.9193866 8949.920889210644 58.9066977446148 25.7734 15.893852008785952 0.00714587341419159 19.600563295988678 i
2459622.9429977 10301.631388994745 52.0084173613692 26.3232 16.290934985048906 0.005481222982755994 20.285590893642407 r
2459623.003287 8261.974035930463 37.0733378616466 26.3111 16.518390435426493 0.0048717803688736365 20.64102076648993 g
2459624.81 8059.934908408553 68.3985356244833 26.2889 16.523071163797802 0.009213509906888856 19.953857979633575 g
2459624.8833449 10280.243489208435 49.5320648576053 26.3499 16.319891497211948 0.005231098161473881 20.365258906859175 r
2459625.817419 9147.476382217945 53.5546225948836 25.7807 15.877446757851724 0.006356316356748786 19.71128258131471 i
2459630.8987037 8560.815275555027 59.5924913219202 26.3287 16.49741218503182 0.007557640919195523 20.14329613439368 g
2459638.9019097 8012.583126134861 34.1594763038944 26.3065 16.54706862970952 0.004628587665090258 20.725296979321886 g
2459639.0274884 8573.871425164441 46.1392369161417 25.7303 15.8973575837757 0.005842561316330246 19.8226989702344 i
2459640.8703704 8012.490095858341 31.4457276069045 26.3301 16.57068123574732 0.004260925886256449 20.838770868902913 g
2459640.8943287 9929.313475400617 33.2830657296156 26.3371 16.344801945265154 0.003639267161034586 20.784116682483003 r
2459671.9003935 7808.792866444986 28.4253224722777 26.2689 16.537440242438905 0.00395213103177134 20.88721148851018 g
2459674.8948843 7436.998498320465 35.8686889167483 26.2099 16.53140576551324 0.005236337692646872 20.575686232905483 g
2459676.8543866 9157.924431037198 39.9702000227934 26.2274 16.322907361214668 0.004738589676245226 20.47563418514854 r
2459678.8127083 8338.431238735171 43.5660192099671 26.2801 16.47738912054167 0.00567248511165225 20.43480529256406 g
2459680.7463657 9760.226424653394 64.4457925618546 26.2914 16.31775026786275 0.007168767807237657 20.02098856650413 r
2459680.7703935 8922.20444475822 53.6242511851288 25.7534 15.877219573725391 0.006525276334134936 19.6825718874105 i
2459685.7321296 10325.824964806114 74.5281025401025 26.347 16.312188102604892 0.007836193350514404 19.91877482820338 r
2459685.774375 9676.322341192175 65.5127734759362 25.8156 15.85132418173103 0.0073506457985628324 19.527360025086356 i
2459685.8158565 8418.178541193565 122.981822666322 26.3225 16.50945466884084 0.015861075435196766 19.350472675990183 g
2459688.8129051 7738.6069357983415 56.3998335768337 25.609 15.887343029347988 0.007912703128919328 19.48338043295911 i
2459688.827963 9746.265937856628 59.1446360920505 26.2572 16.285104356445927 0.006588505979066364 20.07998657918686 r
2459690.7533333 8395.770004757545 36.2472754202027 26.2899 16.479748667670734 0.004687320746210762 20.64428656978494 g
2459694.7330787 9360.29334600834 36.3288623209707 26.2061 16.277876351296726 0.00421378309032354 20.558045495016582 r
2459695.8247569 1461.2330881731016 34.2786730231295 23.9409 16.029101255453106 0.025469143562675028 18.35591498563291 i
2459696.6921644 8587.287504065542 30.598736925268 26.2726 16.437959991484135 0.003868631237050744 20.810916239762197 g
2459699.7118634 8680.080694106387 36.9025332211768 26.2644 16.41809059349822 0.004615749752814521 20.599334539465783 g
2459701.7150579 9947.313910851444 43.1455237928617 26.2619 16.267635441649286 0.004709120029961978 20.427135624773364 r
2459701.7578704 8197.834660841327 31.0066552715827 26.2371 16.45285211264832 0.004106441154413632 20.761037687033188 g
2459703.7583796 8359.394121685302 38.6116732894513 26.2454 16.439962996337925 0.005014800484356854 20.53117843222306 g
2459703.7762847 10109.046023825977 40.5427115328919 26.2566 16.24482456555672 0.004354240925159179 20.489393010828408 r
2459708.6699884 10384.15919568152 55.9366951401352 26.3005 16.259571656213833 0.0058483762401197485 20.183832979798822 r
2459708.7695023 10419.508158533452 72.4049550408797 26.2918 16.247181952369615 0.007544507714934932 19.89495426865066 r
2459712.6924306 10487.109828416129 70.2939174814243 26.3024 16.250760459333733 0.00727732496924834 19.937680621081906 r
2459712.7352083 9170.009653409006 82.7798905782376 26.3269 16.420975517853282 0.009800875963896213 19.78466286916659 g
2459714.6919792 10608.006879672994 63.5211868156382 26.3128 16.24871551820915 0.006501216798594718 20.058078479770586 r
2459714.7535648 8896.098581166394 86.1674791210231 26.286 16.41300103286858 0.010516074122621616 19.700216520166208 g
2459717.7819213 7913.177138713465 63.3790836851945 26.1884 16.442522780896468 0.008695707166768039 19.936110099142443 g
2459722.699213 8384.592575120392 46.6684716269574 26.2649 16.456195089554676 0.0060429841034536046 20.344916043774127 g
2459724.7292477 7983.513736917975 34.0831069469136 26.2028 16.447314807747514 0.004635055494568418 20.6240270459012 g
2459726.714537 8483.157967657633 29.4334812630491 26.2961 16.474706114458805 0.003766985211064751 20.876570910200535 g
2459731.7347801 9963.945026904774 40.7061929989726 26.2544 16.258321693048025 0.004435463425345023 20.48282377072378 r
2459733.7137731 10297.20983147889 39.471752999616 26.3042 16.272401093321577 0.0041617567217748265 20.56605895293085 r
2459740.7584375 7412.279492059833 78.7866291118445 26.117 16.44212053316063 0.011540126531704602 19.628443690222277 g
2459742.7368287 9628.704272980569 85.5829109289539 26.2117 16.252780379009995 0.009650038443521814 19.633307354049514 r
2459871.0358565 8407.915307187694 93.8006118922104 26.1654 16.353679178999933 0.012112315670486503 19.4874608105752 r
2459871.0407176 8378.630669514558 168.374055944716 26.1915 16.383567382203182 0.0218178506428628 18.878387054921806 r
2459872.0404282 8017.583081424321 178.665625208401 26.2019 16.44179132760476 0.024193983064320298 18.82437248056435 r
2459873.0401968 8809.34485899214 120.104796457531 26.2413 16.37894097094042 0.014802210561757933 19.29497411025628 r
2459873.0425694 9077.345533656486 167.862782548687 26.2598 16.364902831513135 0.020077303693836264 18.94998894454768 r
2459875.0325231 8695.584862183523 67.8227936853388 26.1793 16.33105300543646 0.008468114367373561 19.853435802127393 r
2459875.0349074 8700.172934696264 69.5471934738131 26.195 16.346180286890842 0.008678837595675329 19.84187596654716 r
2459875.0372917 8854.566479243944 84.1253879085402 26.1933 16.32538174267293 0.01031500908219516 19.63355728965639 r
2459875.0396875 8887.515858305058 80.9728940889436 26.2121 16.34014902833667 0.009891658424464616 19.69382583448573 r
2459875.0420718 8885.60377953439 95.328927470137 26.2132 16.34148264102797 0.011647899132381878 19.517713221972798 r
2459881.0291435 8833.215668882742 55.9917980468655 26.2072 16.34190291460675 0.006882011876335276 20.089463953960017 r
2459881.0340162 8774.916426364234 59.2142635124015 26.2234 16.365292527822497 0.0073264430989061335 20.04490915906734 r
2459882.0244792 9272.190284731529 43.7566467590992 26.2303 16.312344160805466 0.005123556562960413 20.38026490681881 r
2459882.0316667 9041.461521772291 45.1431360775456 26.2024 16.31180340402811 0.005420794273289572 20.31849567397908 r
2459883.0259259 8141.871428562255 66.4692385819696 26.1171 16.340289400036113 0.008863521484174049 19.813123229472346 r
2459885.0347917 9324.503340637852 41.1871832534818 26.2486 16.32453572779676 0.004795636102506484 20.464269759044267 r
2459896.0544676 9509.815308723324 81.5211809723011 26.2968 16.351369793666244 0.009306967938740054 19.771198832823295 r
2459897.9910185 6741.061498242143 87.1105036657874 26.1606 16.588779277010836 0.01402981916937085 19.56299867715574 g
2459904.0158218 7424.983735333606 39.1571135599527 26.2574 16.580661233364452 0.005725652702743669 20.527948312689876 g
2459905.9508912 691.4278726624451 57.2201933980893 23.454 16.354632793183384 0.08984879902669828 17.312701685809238 r
2459911.0034954 7703.117107413671 41.5204905033644 26.2877 16.57103374920752 0.005852020151182406 20.49461880061108 g
2459914.9820139 7347.4480267638055 30.6978879119624 26.2638 16.59845869322327 0.004536091549693787 20.798603749142426 g
2459931.0004051 8121.840023909135 53.0021048071029 26.2815 16.50736392267816 0.007085141423577912 20.223342197801394 g
2459931.0437616 9857.108137176396 60.5367860864653 26.3175 16.333126197504633 0.00666775566823623 20.11502658809271 r
2459933.9581481 3301.442830941236 39.8357202843932 25.3391 16.542340546841974 0.013100224273892786 19.590993303630583 g
2459934.0056481 5833.833439430688 42.9572677850476 25.7044 16.289514936222538 0.007994521290065759 19.87438336141233 r
2459935.8935069 7663.864156305497 36.5034740225363 26.2034 16.49228050456862 0.005171258380625173 20.550139493976182 g
2459938.0243519 8809.842680814154 37.6780628935818 26.3513 16.488879617013104 0.004643337499391235 20.663653572346025 g
2459965.9238657 11119.981447682028 57.8277505968335 26.3032 16.18793984330038 0.005646015608782283 20.150434240909288 r
2459967.9442361 9789.287892437384 52.7292556339754 25.772 15.795122247926573 0.005848040579747744 19.71944588779596 i
2459968.9231481 9552.31141910288 44.443189820735 26.3369 16.386628818396563 0.005051339835076655 20.46996193415462 g
2459970.8944329 9078.799010024944 75.4447231947443 26.3302 16.435128995937465 0.009022155450526802 19.88870281551268 g
2459979.8362269 9379.434550668118 86.0411337559616 26.2788 16.34835835685798 0.009959540568700206 19.694609678132842 g
2459985.9408565 10079.661617159825 75.0429226167067 26.3546 16.34598511820515 0.008083019468258268 19.918900639898496 g
2459992.8804514 1781.574218775012 75.14536566682 24.2616 16.134590201549273 0.04579395157646787 17.824419483851578 r
2459996.8649306 1015.5908702695095 37.5278387107662 23.6497 16.132903029759166 0.040118492279737156 17.96639110563966 r
2459996.879294 1032.2403417907642 30.0287393809891 23.6539 16.119447929831622 0.031583925783583024 18.21263223736478 g
2460016.7060417 5948.308973419173 33.7888688167776 25.7595 16.323516202440633 0.006167227532783763 20.190140857373994 g
2460016.8575463 2763.1057154961386 41.2317480810771 24.298 15.694506247011713 0.016201084395928524 18.51249561978497 i
2460020.723831 9529.027247692014 39.2495413757493 26.2767 16.329078578026937 0.004471938841603396 20.544688523026522 g
2460031.7889699 8583.433046615784 37.4057696550031 26.212 16.37784744034347 0.004731375417490891 20.532228501300985 g
