jd flux fluxerr zpdiff mag mag_error limitingmag filter
2458204.7941319 1992.4417232890764 71.938462254804 26.3358 18.087335930945194 0.039199936217511604 19.945972113731138 g
2458208.7799653 1377.6309599215156 178.935248132338 26.0473 18.199467764370382 0.1410174455634672 18.668135239453115 g
2458215.744919 4287.659384760261 1370.27401129072 26.275 17.194449306652633 0.34697403887681205 16.685556436793615 r
2458215.7571296 1090.3611509476586 54.9035983612234 25.6166 18.022674076512015 0.054668892677415 19.520172966959535 g
2458218.7153241 3257.1116415786005 27.2253938974825 26.275 17.49291838798252 0.009075098862798206 20.940139559526088 r
2458218.7420486 3241.742054646017 24.7085809921265 26.275 17.498053862291115 0.008275213120274317 21.045455477433887 r
2458221.7265741 2383.3446321018773 51.5669660368131 26.0018 17.558832885113375 0.02349062501162225 19.97344603849033 r
2458221.738912 2588.976077213767 53.5321431793224 26.0714 17.538579906340452 0.02244897060321175 20.00243841197723 r
2458224.695544 3283.6924072895476 51.2037016098266 26.275 17.484093828084678 0.016929679136321978 20.254321594014677 r
2458224.7237269 3271.703461884004 27.6822526790942 26.275 17.488065166156755 0.009186230379322239 20.92207141791593 r
2458227.7439468 3263.035896953926 28.3884513880758 26.2718 17.487745371182125 0.009445603004492199 20.891520733977494 r
2458231.6680324 3221.3574475363152 33.674582698696 26.275 17.50490270605108 0.011349406277138109 20.709319432721507 r
2458235.6708681 2095.3455969223214 91.7922561089849 26.3391 18.03596084050556 0.0475620120155384 19.684659878504192 g
2458235.7096181 2139.6942302714074 82.1890616145052 26.3144 17.988520711012278 0.041703465351472055 19.779939934256404 g
2458235.718831 2184.805935351707 93.6388644727081 26.3286 17.980067832602206 0.04653214892591982 19.652534642879644 g
2458235.722963 2042.2775983782067 89.5514830778196 26.3064 18.031113065943664 0.04760667465323859 19.678793032480694 g
2458238.6491667 2214.1843330023576 91.3859028678888 26.3344 17.971365566284 0.04481003377398626 19.684776971895225 g
2458246.7135764 3331.8972469426003 31.5889975375279 26.2707 17.46397100088666 0.010293287002762386 20.77443537919511 r
2458257.6858796 3042.6262573857707 26.7579119398062 25.717 17.008878477898197 0.009548022838009792 20.400944438804792 i
2458257.7124306 3187.8884321544133 27.929945506947 26.247 17.488242215482437 0.009512108871513847 20.884399768243934 r
2458263.7159838 9618.699140908993 123.555709399988 27.4687 17.510909147900875 0.013946213695887569 20.491617942746316 r
2458267.6672917 2022.165080100484 57.2873822798965 26.2601 17.995558483818186 0.030757583321631185 20.117527544609842 g
2458267.7755787 2672.6988071181895 174.564344101403 26.275 17.7076249504494 0.07091128558374528 18.922686136746563 r
2458270.7538889 1618.8887448498588 65.9121108827281 26.0551 18.032057490775642 0.04420364216690795 19.760261938020342 g
2458274.7133333 2057.7893807463274 19.2047784781473 26.2221 17.938597695727708 0.010132537464141417 21.26615173400409 g
2458277.7087731 1746.8758272590887 23.7294662151041 26.1003 17.99464491191702 0.014748089742681785 20.914655066545613 g
2458280.7135185 2038.8390195213576 29.8943096505718 26.2269 17.953442658572737 0.015918987069045456 20.79050366739113 g
2458284.6725116 3336.57352826084 46.0813426308442 26.275 17.466748250338817 0.014994578501132425 20.368762178536983 r
2458290.6929514 1741.4358761411918 54.4209666773667 26.0653 17.963031281697624 0.0339288080205065 19.978459359492287 g
2458427.9773727 2968.843740192723 50.8608709143413 26.17 17.488531650299155 0.018599715035226394 20.15661550783569 r
2458428.0257292 1836.0647596566616 39.8854802473391 26.2143 18.054580012268396 0.023585042780644466 20.464837925137196 g
2458430.9821875 3223.0468780128704 34.2213131292985 26.2244 17.4537334444768 0.01152762620920558 20.64123331382501 r
2458431.0382407 2064.2952504338955 18.087510241219 26.2688 17.981870466662567 0.009512985056165695 21.37792801409396 g
2458434.9841088 3228.729134923508 74.2672958466059 26.2104 17.437820968397215 0.024973294361705662 19.785980961492868 r
2458435.0227778 2071.1298578542255 44.2432325454687 26.2534 17.96288167601422 0.02319259576721155 20.391357863322703 g
2458437.9874653 1990.095870209428 40.741467472051 26.1942 17.94701500382493 0.022226573049343046 20.421683319526085 g
2458440.0029398 1626.5685517358897 19.0226412452819 25.9927 17.96451907163584 0.012697209458501828 21.047097945483337 g
2458440.9819329 1960.1207647339083 21.046135531236 26.1945 17.963792926402377 0.011657337526019653 21.139144082143524 g
2458441.023287 3427.84035172085 29.3027759484765 26.274 17.436448532786077 0.009281069298133915 20.85930307803583 r
2458443.9550694 3193.633455105663 55.2083158795769 26.2459 17.48518732722517 0.01876848717708386 20.143463741005412 r
2458447.9812963 3289.988013956636 63.8523318001159 26.2729 17.479914210658478 0.021071346260624877 20.01253308483122 r
2458448.0229051 3608.3379852123667 62.4194714391093 26.2806 17.38733197450071 0.018781173055065815 20.0448747721868 r
2458449.9647685 3299.747480402641 45.7622653484169 26.2379 17.441698235202153 0.01505693747289829 20.339206201666194 r
2458449.9754398 1039.610573402788 94.5860673299676 25.102 17.55982328034596 0.09877938521154178 18.415007066954185 r
2458451.0201042 2303.7167940735785 47.3424127305525 26.322 17.91592727919294 0.022311621651493332 20.38644902095337 g
2458461.9815278 1696.977580986947 24.3457026386802 26.0478 17.973609737927042 0.015576003861784907 20.83431920618827 g
2458462.0434838 3029.0831926705905 30.3231625298252 26.1722 17.46892199690753 0.010868588105566582 20.720338754871143 r
2458465.0194792 2072.9739387634945 22.3302761424007 26.2923 18.00081539445463 0.011695265605830868 21.172639754882688 g
2458465.043125 3415.800367004764 30.8327415178358 26.2976 17.463868797856968 0.009800077249616282 20.82764463394976 r
2458467.9623843 186.3181240905403 23.4185640772491 23.7114 18.03576224266192 0.13646302603558821 18.540074332819238 g
2458468.0405208 2791.6404211117133 29.0434169641806 26.0592 17.444551305007494 0.011295307790913036 20.654155714479753 r
2458473.020625 2318.1969738693947 23.6199881117445 26.3317 17.918824163564633 0.011062140698992121 21.15107580243161 g
2458473.0443403 3570.1767601512033 27.9480038828037 26.3219 17.440175703376443 0.008499060369849838 20.958598001863333 r
2458476.0203241 2101.4804969496086 64.7484487962266 26.3115 18.00518659040911 0.03345136486401039 20.036001568369734 g
2458476.9603125 3573.159074256489 46.3650020774053 26.3005 17.417869122288486 0.01408794898556636 20.387599280215575 r
2458476.9657986 3220.4227819435405 47.7256234920896 26.2207 17.450917774322395 0.016089722664951046 20.27639596224188 r
2458481.9752894 3486.613122760188 40.9569898978121 26.2883 17.432290598990384 0.012753638664920804 20.510054911648197 r
2458482.0017014 3464.4754366442417 44.2966452943572 26.2985 17.449406283739318 0.013881717066716254 20.43514789624993 r
2458482.0064583 3252.5727721421763 41.4453652458988 26.2117 17.431132444689787 0.013834350896886071 20.420585060911254 r
2458483.0185764 2045.8466256454944 37.9210326987042 26.1669 17.889717319683523 0.020124121077743622 20.47227459937504 g
2458486.9812384 3621.919051151137 29.0977766247663 26.3317 17.434353150675577 0.008722297664678125 20.924625475156116 r
2458491.9770139 1733.3988751201225 29.9587764957624 26.0486 17.95135372401284 0.018764431031025798 20.609864806710632 g
2458492.0274421 3101.9745564737614 37.85964728745 26.1627 17.433604421873703 0.013250985239128012 20.469833580108187 r
2458492.9462731 971.7745478776252 32.5366257783289 24.8746 17.405686199746267 0.03635103912186445 19.34624370845649 r
2458493.9682176 3374.072536361638 24.6721670601058 26.2448 17.42441396278234 0.007938943661845997 21.016856746474076 r
2458493.9691319 3744.265543350477 25.4069085828027 26.3486 17.415183396681563 0.0073670738170096995 21.088795426800374 r
2458494.9809144 2253.242600678985 16.4808791696691 26.3338 17.951780116047658 0.007941129157205637 21.54392405080094 g
2458503.0259954 3320.8725226534484 55.205457198202 26.2757 17.47256948803713 0.01804843891815435 20.17331996177898 r
2458505.9372917 2074.0770734967796 133.873035897367 26.3041 18.012037772745437 0.07007741271095876 19.23994220869542 g
2458506.0046296 3230.915644704271 130.792825030378 26.2972 17.523885951843617 0.04395093705656898 19.258315188348018 r
2458508.9618519 3557.689609189567 65.4290694015061 26.3044 17.42647986160859 0.019966986570646078 20.017548130744203 r
2458509.0410995 1930.7777071469827 91.3253197633315 26.2779 18.063569310523853 0.05135334808353522 19.62899698538403 g
2458511.8797454 3514.0693890958423 32.0742865184292 26.2965 17.43197416785601 0.0099096087803828 20.78368247810571 r
2458511.9212963 2162.421797998348 27.1648778799911 26.2993 17.96194897360226 0.013638832137932818 20.966855596663745 g
2458511.9648843 2151.038099711868 27.9000254078803 26.3125 17.980879743036354 0.014082064650269623 20.95106349222173 g
2458513.9225231 2720.221954055582 23.8664506205837 26.0067 17.420189146634264 0.009525621760436049 20.81480539854628 r
2458513.9229745 3161.1870236368723 21.2717643574259 26.1656 17.41597452366367 0.0073057223094277176 21.098666205762385 r
2458514.956794 54.8055022767455 25.7846121489435 22.5247 18.177639594278567 0.5107945780470701 17.248873481278828 g
2458522.9150463 2026.1623580296991 24.3227835284906 26.2725 18.005814393032566 0.013033134275854103 21.060041802595634 g
2458522.9310185 2116.398515322143 26.7266957447277 26.2793 17.965306379506096 0.013710637840640368 20.96451181491494 g
2458526.9207755 1277.8204697063309 35.2293536764277 25.7377 17.971525397707026 0.02993261588248609 20.123013300120824 g
2458538.7465972 604.0692321755204 50.7921521730574 24.5224 17.569683210447423 0.09128927062828007 18.5104834511286 r
2458538.8153125 1190.4137218105352 45.2869282568412 25.6358 17.946555189222785 0.041303302463341414 19.748442828783187 g
2458540.7642824 3236.0514027015693 30.0536661921688 26.1805 17.40546147125545 0.010083049162197367 20.738331343245726 r
2458541.797662 88.84374751029519 45.4796531540582 22.431 17.55943282699969 0.5557764143575682 16.5390321293457 r
2458558.7083565 3303.3684856920004 59.5149063801618 26.1934 17.396007446806326 0.01956043781879388 20.00941060223951 r
2458558.7661574 3220.422217255056 36.0576478355839 25.7277 16.95791796470199 0.012156104266496234 20.087781507191828 i
2458559.7488773 3300.5933352665347 51.0903785524876 26.1969 17.400419954040505 0.016805712900694714 20.178627187697618 r
2458567.7333681 3283.962502783712 21.230108238846 26.2382 17.44720452605498 0.00701881598689898 21.17339446825111 r
2458567.7531134 2012.0213121084964 18.923846378411 26.2244 17.965318558441247 0.010211432597356565 21.28445145456338 g
2458572.7543981 1279.3304586663314 24.7586580717297 25.7692 18.001743150456765 0.02101136175284932 20.537457233992136 g
2458572.7757176 1893.4210325175875 32.1561712914155 25.6444 17.451282007394344 0.018438558868583563 20.128814155604328 r
2458575.7315509 1090.7067446725257 30.9648469756211 25.0281 17.433830003204513 0.030822706951835598 19.553502643854475 r
2458575.752419 1005.9558272121792 20.803392078465 25.5199 18.01345272319822 0.022452519453247815 20.4771396035739 g
2458580.7317593 1941.0130136272644 22.442152395176 26.303 18.082928882127284 0.012552952857286467 21.177913721278077 g
2458582.7234375 2740.744226966956 25.1122859232404 26.1307 17.536028730012873 0.009947812188601872 20.883559370394046 r
2458583.7587153 3042.796893329032 29.7594785047728 26.2233 17.515117589569844 0.01061847600918331 20.791811697889656 r
2458586.6702662 1731.8904827039428 38.8746114014038 26.2176 18.121298935908044 0.024369996844493903 20.49600983726047 g
2458586.7134838 3043.7659433597905 28.677974107355 26.2513 17.542771866461507 0.01022932678390735 20.86000381841679 r
2458591.6834954 1585.6605099648907 85.0833646824415 26.2308 18.230274473868697 0.05825648583363666 19.65876334902034 g
2458591.8560532 2197.351584999745 143.682470049518 26.024 17.6692511216848 0.07099276183095653 18.8830655257688 r
2458593.8240856 2644.9128823409333 54.1128514909503 26.151 17.59497157026452 0.02221257390214176 20.07032393966597 r
2458594.6568981 3059.2824606257664 25.9913756901413 26.2558 17.541751057924134 0.009224004958670715 20.971301822263364 r
2458597.7527083 1704.37473398134 23.674235678752 26.2639 18.184987281247338 0.015080672791000466 21.080785072332677 g
2458597.8488426 2863.854578618998 38.753865311772 26.1866 17.544222596241074 0.014691762592666358 20.468387425289315 r
2458601.7281713 1601.6374601438656 16.0206443838734 26.2509 18.239489455456848 0.01085989435212697 21.49177503832682 g
2458601.7561921 3029.9858458394497 22.2299951339233 26.2793 17.57569850059917 0.00796541863389925 21.164526570076724 r
2458605.710463 1600.560230225893 15.9938111134548 26.2212 18.210519946001156 0.010849001741988282 21.46389508240099 g
2458608.7084144 1515.21511856789 18.5972909616938 26.2353 18.284114262500214 0.013325552622649792 21.314250774592907 g
2458608.7145833 2765.1504090821754 25.0467518610444 26.2257 17.62140310117144 0.00983427823897726 20.981396456095858 r
2458612.673287 1505.155559558897 18.7342028694226 26.2233 18.27934653229032 0.013513370047473968 21.294286942112777 g
2458612.692037 2736.0084504409706 23.5781019851925 26.2002 17.607406413967688 0.00935623766849027 21.021502884477517 r
2458618.7733102 2648.040491459677 75.1921968696612 26.1108 17.553488445849865 0.030828897218407317 19.672943054977466 r
2458618.7934838 1639.753230836897 131.604156673137 25.5142 17.47725376181607 0.08713666801382086 18.46860097280976 r
2458634.6697917 2847.805955265128 24.4233277400654 26.2183 17.582024015316733 0.009311170544595746 21.001362895759645 r
2458634.6934722 1434.3934146369118 18.5418249981438 26.1408 18.24912929326578 0.014034405899430634 21.222993794679684 g
2458637.679537 2812.82850749522 22.1058130725606 26.1891 17.566241862724986 0.008532436723009082 21.08040875592375 r
2458637.7172454 1441.6716059809107 22.3387745246983 26.0803 18.183134137447517 0.016822976467628432 20.960226627613768 g
2458640.6715394 1495.7203057474508 42.4347077949959 26.1399 18.202774025916504 0.03080212395057643 20.323171949221965 g
2458640.7201389 2635.1197671740847 30.453748332227 26.1252 17.573199102892566 0.012547298599545804 20.668673103074628 r
2458645.6944792 1709.8618208850633 65.6818020738384 26.1238 18.041397462107156 0.04170555283505559 19.832762339752854 g
2458648.6708681 1627.8289452011759 83.6768630150427 26.1875 18.158478083473085 0.0558092853940525 19.633561513052534 g
2458648.6974769 2783.9689986635167 70.4591812751969 26.1474 17.53573901297726 0.02747786816132112 19.78013100806059 r
2458662.6778356 2896.218426292787 53.0946852020066 26.165 17.510421719311832 0.019903505619776444 20.10494736362023 r
2458662.7019792 1468.4716898760678 32.8146546457687 26.0306 18.11343605415891 0.02426118991229434 20.493005394328993 g
2458772.0260764 2794.7719988753424 151.991262066989 26.0451 17.429234041598882 0.059044857073326636 18.84312843615937 r
2458772.0309606 2794.4633105859502 139.968924403302 26.0467 17.430953970008964 0.05438048180807954 18.934195926004158 r
2458774.0256134 1002.1934310004716 103.637337299 24.9908 17.488421120551397 0.11227279447760755 18.204584373281083 r
2458774.0356366 2935.6325520897813 86.6895776829866 26.1118 17.44254576305697 0.0320608498578674 19.51945777104177 r
2458774.0406366 2756.845594524243 120.907450957855 26.1089 17.507868892972724 0.047615731459779743 19.155342326127702 r
2458778.0278125 2957.7136861401846 65.415313210788 26.1075 17.430109672659547 0.024012265245874916 19.820876426282144 r
2458778.0325926 3032.028574906947 75.5626615012372 26.1059 17.401566775190716 0.0270572587180881 19.662706873084684 r
2458778.0373727 3192.0077854536094 102.81004047144 26.1423 17.382140145139566 0.03496885610633942 19.36478616388316 r
2458778.0421528 3377.078805532704 184.362582945037 26.1783 17.356947012011805 0.05927088700906192 18.76669302910926 r
2458780.0296875 3033.359087003687 65.1752925275998 26.1188 17.413990437895233 0.02332754318484322 19.836167516416065 r
2458780.0346875 3132.2612494386094 69.0677843069468 26.1369 17.397255055824935 0.023940178500593445 19.7912861789803 r
2458780.0396991 3141.0044695219963 94.2232627778994 26.1683 17.425628614044044 0.03256862490664755 19.48547964171011 r
2458782.0307755 3247.720031967642 114.678555391154 26.1523 17.373353539873456 0.03833658885699677 19.25616945543586 r
2458782.0357986 3010.2460031571504 133.389459821497 26.1674 17.47089502891567 0.04810933603974921 19.107171204605397 r
2458782.0408333 2951.918971957512 162.514938409028 26.165 17.489738919387648 0.059772124610072565 18.890341770173855 r
2458786.0170718 2949.1654047233214 46.1934550191406 26.1238 17.44955217311003 0.0170055684343639 20.21492387334485 r
2458790.0191319 1618.246096609898 34.4611209893384 26.0859 18.06328857968876 0.0231203641624751 20.495151487781143 g
2458793.007037 2968.5942599485616 42.6083937083607 26.132 17.450622891583226 0.015583110724592182 20.31083708400056 r
2458793.0382639 1683.3543830472215 28.8067780816794 26.1462 18.08076111469444 0.018579283885942148 20.750038271747332 g
2458799.9861343 3000.2337274830315 62.029481926622 26.1484 17.455512277699 0.02244672070406701 19.919479604333496 r
2458805.0052546 1833.0101079553308 70.0002705251429 26.1659 18.007987850391622 0.041461470059170946 19.805725693147537 g
2458805.0486806 3158.7462582100275 65.9955446391349 26.1924 17.443613148821505 0.022683481659369367 19.896188445909488 r
2458813.0520949 3089.3193180277476 33.4720894890829 26.1779 17.453242999649287 0.011763318652827879 20.61876792926534 r
2458823.8893519 166.0410812946751 147.737266445647 23.672 18.12146111766674 0.966016054155767 16.50084984143079 r
2458829.0432986 2546.157457363879 65.0130562528078 26.382 17.867286856429214 0.027722038544604418 20.102073532585678 g
2458829.0656481 3741.4911972452464 36.414346448127 26.3503 17.417688180554 0.010566657478130652 20.699693689670614 r
2458831.9573032 3774.609121749615 70.7791436964351 26.334 17.391820037276688 0.020358377207439236 19.961811728831567 r
2458837.9490046 3708.490759477603 85.4104396648216 26.3451 17.42210699697824 0.025004812026863256 19.768897595466523 r
2458838.0013079 2377.841399623594 62.0688606719174 26.3109 17.87044278973208 0.028340057516942924 20.081290555148716 g
2458846.9614352 3785.586912584972 32.9229969648921 26.3494 17.404066946197844 0.009442260508126963 20.80822658425584 r
2458849.9998958 2424.0775997329984 23.6406919364102 26.3624 17.901033704048608 0.010588233329736487 21.180824529896743 g
2458850.0459028 235.8547524568426 56.7372575528722 23.3995 17.46788842081634 0.26117616831327173 17.26740413929248 r
2458852.9585301 3955.6816122127093 25.5051871056319 26.3728 17.379746678698098 0.0070003059788967485 21.108803704519836 r
2458852.9810417 2518.4773640242156 19.9818051993087 26.4126 17.90975487052625 0.008614032516148857 21.413588187257385 g
2458853.9903588 2400.798698380572 21.9808976747289 26.3715 17.92061063260168 0.009940300543127906 21.268961427810638 g
2458855.9811574 2504.6028353117094 31.0148035006284 26.3837 17.886852830287978 0.013444356001633897 20.9073524042454 g
2458856.0386574 3823.180708314393 30.1242609499856 26.3575 17.4014379348053 0.008554633591415856 20.912783986657434 r
2458859.8654051 3695.532733145118 80.7289573263567 26.299 17.37980736652318 0.023717129653085853 19.784001630939578 r
2458859.8658565 3493.5835315025956 88.0458312897598 26.2441 17.385922170785836 0.0273619789449197 19.634902993589474 r
2458859.8663079 3585.6550059754495 87.5285461903145 26.2583 17.37187874608742 0.02650275680188378 19.655500701430263 r
2458859.878831 25131.92192072444 345.030778876136 28.8742 17.873635745525213 0.014905343005897055 20.78213039278232 g
2458859.918588 43924.13553617651 206.122918798081 29.0465 17.439741942570443 0.00509486755305092 21.513759280040006 r
2458859.9592824 44533.300626180244 188.659423265393 29.0709 17.449187788860968 0.004599424092963439 21.634278733009527 r
2458860.8961574 3970.759639227943 84.5995505775408 26.3483 17.35111600288696 0.02313152656097182 19.78245484935827 r
2458864.8393171 3599.088253241428 42.0725690692976 26.316 17.425518759704314 0.01269159993434379 20.50857740898946 r
2458867.8554282 3458.0750844612166 35.5765032358942 26.3095 17.46241395303612 0.011169627211616299 20.6841668400196 r
2458867.9166551 2257.8548868892776 25.9483546665763 26.3477 17.963459934424897 0.012477386755494983 21.065000425883802 g
2458871.9859144 3540.8014149941773 36.9971271003975 26.3344 17.46164607465419 0.011344262551072107 20.666554985268526 r
2458873.8168634 3040.281640171273 27.436843647271 26.1706 17.463315457831158 0.009797836080135005 20.827339618203837 r
2458873.8979861 2043.2572873461684 23.5688539074794 26.3101 18.03429235870113 0.012523486320504262 21.131828828114223 g
2458876.8392708 3466.884331273583 24.0553892186548 26.3249 17.47505161963144 0.00753325856276817 21.124444018598673 r
2458876.881794 2102.8709863858894 22.2535944523322 26.3305 18.02346842743709 0.011489400754166587 21.214574566065973 g
2458879.8624884 3409.752349379177 60.1812669004683 26.3202 17.48839290677372 0.019162330509350588 20.12412167413222 r
2458879.9688542 2075.099885869028 43.0870122611315 26.3132 18.020602483719877 0.022543285521082142 20.479909038430247 g
2458883.7856597 3192.349596888843 63.5186595915057 26.2183 17.45802388690759 0.021602336030397802 19.963621677221088 r
2458883.9392245 2009.3524567709453 31.4022772820486 26.3293 18.07165969445954 0.016967382865178755 20.839472128915993 g
2458886.7952431 3542.9590316036497 52.2991406354613 26.3458 17.472384673818013 0.01602648421317462 20.30213860735235 r
2458886.9204398 2122.5656856164032 64.059062817447 26.3956 18.078447152640134 0.03276644156277542 20.131723537518898 g
2458891.8179514 3400.269346780913 67.4900060869507 26.3331 17.504316699168243 0.021549439804811905 20.012576320883493 r
2458891.9199537 2040.2727093448943 89.2431545570978 26.3697 18.095479448778367 0.047489383384318094 19.745837705969578 g
2458893.8521065 3169.9780026355534 27.2351224233981 25.7938 17.041159378656836 0.009327879370298215 20.45855165968116 i
2458894.7745602 3309.8351022536817 23.7157032738433 26.2995 17.49998410616886 0.00777928151975899 21.114484969407837 r
2458898.8557986 3563.781207817051 20.1526053619569 26.3776 17.497822416438133 0.006139457605726231 21.36934698813123 r
2458898.8782523 2162.7287436651636 16.4621594468669 26.4391 18.101594869359783 0.008264081459043348 21.650457979656963 g
2458899.8183681 3508.849917711811 22.6399142800924 26.3683 17.505388018121735 0.007005188455003944 21.233688043707858 r
2458900.8348032 1878.6764860387082 23.1951934268782 26.3067 18.122070000819484 0.013404661042339141 21.145779992929928 g
2458900.9008333 3371.226971959837 25.5536973158613 26.3328 17.513330017725032 0.008229540581689775 21.06674062351089 r
2458903.8343866 1957.540142838008 20.5096335864551 26.3309 18.10162330799717 0.011375148175777146 21.30358023521638 g
2458904.7333449 3270.2947485056993 26.0242369955587 26.2912 17.504732757584147 0.00863974542936488 21.005329975929854 r
2458904.7948495 1876.9878792456284 22.0502234342956 26.2877 18.104046329626357 0.012754439092188662 21.18174250286006 g
2458904.8337616 3012.370646093394 22.9095961578803 25.7559 17.05862898253148 0.008256934976068511 20.608431404985016 i
2458905.7327546 3197.0407801457936 37.1017057155778 26.282 17.520129560025083 0.01259956461786699 20.61109029828713 r
2458905.8110301 1989.8180812243618 33.0509136596787 26.307 18.059966567684114 0.01803349627732483 20.76161631509202 g
2458906.7494676 3260.371629482245 37.7132603746802 26.2793 17.496132236459903 0.012558472297617345 20.59063979037047 r
2458906.8111111 2027.7530125706376 24.4360818434896 26.3243 18.056762361771373 0.013083572749248951 21.106796061560075 g
2458908.8150116 1905.9810576436948 25.5869068759654 26.3284 18.128103549645196 0.014575016201671398 21.060930517885925 g
2458909.7555093 1967.5201052160166 51.5412923229415 26.2826 18.04780205270844 0.028441072051395302 20.254786730025238 g
2458909.8171065 3393.817446135754 27.062646014165 26.3293 17.50257880536123 0.00865748239082028 21.000949346904797 r
2458911.7134722 3191.2207505536794 56.9770720074082 26.2461 17.486207881845143 0.019384433705412055 20.109424670324373 r
2458911.880463 1980.1058523323761 36.5158326910042 26.3028 18.061078981599877 0.02002177787915982 20.649171967782628 g
2458912.7919097 2072.3599834593683 39.8546677592972 26.3211 18.029937005943196 0.0208796797523751 20.572477006486483 g
2458912.9166667 3355.111800821048 35.8870964700646 26.302 17.487732508655007 0.011612912758380924 20.667229183814396 r
2458913.7328819 3458.3497764721737 44.8645628050081 26.2955 17.44832771106354 0.014084594961671373 20.41831638914404 r
2458913.7764699 1821.7997368610268 44.5569305333794 26.2232 18.071948412474942 0.026553664764186028 20.353486826066842 g
2458914.7319907 1645.6646250577467 71.9539801303819 25.9697 17.928846665712104 0.04747044752500187 19.579637934379925 g
2458915.7338194 2066.0075597652763 79.537129884754 26.2558 17.96797023419693 0.0417972632809186 19.756950200863663 g
2458915.8730787 3496.678604729355 59.2772594871514 26.3322 17.473060709480727 0.018405271945255482 20.152554696448362 r
2458939.7230556 2774.612100859976 32.4543780534727 26.0799 17.471894309939998 0.01269933128372582 20.55429176203446 r
2458939.8101157 1157.150586204379 30.6748280404696 25.6717 18.013225300757874 0.028780749195987245 20.207319647156602 g
2458941.7481019 2128.3726025678325 46.4143762741895 26.3242 18.004080850395106 0.023676347017477416 20.410143692432115 g
2458954.7327199 3399.8051795467118 23.3946036638708 26.3138 17.485164922006113 0.00747087549329841 21.143585759018865 r
2458962.6675926 3347.625313193767 21.3151744770035 26.3257 17.513857892167827 0.006912925660609379 21.25655275928832 r
2458962.7101505 1954.0467174173868 19.0350880681313 26.3152 18.087862643413583 0.010576203184581173 21.368887762982837 g
2458964.7014005 1954.4765048564966 24.4392625857447 26.2608 18.0332238648477 0.013575864086066976 21.043154745030456 g
2458965.7111343 2132.0942914989046 18.5036009910609 26.3306 18.008583981557212 0.009422359825311293 21.415034352157463 g
2458968.7078704 3578.112366523532 24.6950120665505 26.3726 17.488465062583394 0.007493161716076463 21.143651882400242 r
2458968.7101042 2289.536957570205 30.0565218363071 26.4398 18.040430854309633 0.01425282332734653 20.997528183487525 g
2458974.7304861 3396.187977732972 68.2349362540014 26.3293 17.501820699314617 0.02181347757447192 19.99685801375481 r
2458977.668044 1742.0700362786433 52.0222131772283 26.1844 18.081735972692407 0.032421496076683994 20.14650292813143 g
2458977.7029745 1499.997940255329 86.9717225367836 25.4433 17.50307334325473 0.06295021921304302 18.847429809983083 r
2458980.6707176 1765.4190849330844 15.3636194514245 26.3111 18.193980457036925 0.009448341065738407 21.597441135694815 g
2458980.7330671 3243.6979125810863 19.0193001853869 26.3351 17.557498996670102 0.0063659609395757405 21.389688656554497 r
2458986.6708565 1971.1120593842454 23.7106229034687 26.3745 18.13772171252714 0.013059949161052615 21.189717580386382 g
2458986.7327083 3147.142163648827 22.1791179149852 26.2991 17.554309096408 0.007651344320709364 21.186814314549576 r
2458992.7356829 3201.7620041108758 22.9608967079351 26.3013 17.537827383839108 0.007785914606956486 21.15140287700283 r
2458995.6705903 1936.1231728922508 22.7196735859387 26.2904 18.073067542664866 0.012740279109105216 21.151969770246918 g
2458995.7284491 3251.9812809086343 28.606896463114 26.2916 17.511229907403937 0.009550641534235658 20.90299812881796 r
2459005.6707176 2073.851647443398 75.7935927762747 26.3283 18.036355785008595 0.03967935882908779 19.88179375408772 g
2459005.7381944 3189.415089390924 70.3098937247029 26.2737 17.514422388549317 0.023933997136599605 19.90873388543983 r
2459011.73875 2905.14642426294 36.5457334274379 26.1715 17.51357993387532 0.013657729073754312 20.51698328401544 r
2459021.7006481 36878.619275251294 116.264548660207 29.1028 17.685863367931894 0.0034228076582329316 22.1917567141258 r
2459021.7214468 36066.1124966335 119.903535825112 28.9437 17.550951667509317 0.003609462174706946 21.999195013758673 r
2459138.0224769 2317.036622562011 44.677940175877 25.9537 17.541367754486114 0.020934861010230524 20.081042133493703 r
2459138.0271875 2324.4588772146753 46.6130236578456 25.9964 17.580595331657413 0.021771845603035418 20.07770680084125 r
2459138.0318866 2437.4806180028168 47.8591253972199 26.0443 17.5769470724355 0.02131736025303714 20.09696309459845 r
2459138.0365972 2568.8783808917174 73.5740732961585 26.0892 17.56484114042201 0.031095038197141628 19.674962987558708 r
2459140.0185301 1831.2861236953727 40.9480289805225 25.7866 17.629709488461934 0.024276531389012247 20.00859248420483 r
2459140.0232755 1953.822624078366 39.2604043999247 25.7958 17.568587164594014 0.02181621838732921 20.063488067368347 r
2459140.028044 2058.7878145626255 44.0857699941768 25.8637 17.57967102722996 0.023248593247015163 20.005528912899173 r
2459140.0327894 939.3638515766315 54.3289524590927 24.9615 17.52941539067482 0.06279243509938819 18.876496660940717 r
2459142.0233565 3016.900795690574 44.6766479068157 26.2218 17.522897426081023 0.016077902429445592 20.349173537886838 r
2459142.0280903 2909.2250812009133 42.878259973484 26.2335 17.574056692291414 0.016001830574757306 20.40548210640614 r
2459142.0328125 3012.9520870739743 53.2640612355189 26.2487 17.551219436403095 0.019193398903187758 20.18518929640112 r
2459142.0375347 3258.896923798647 66.269855265821 26.2837 17.501023439227907 0.022077771572546763 19.982984933940845 r
2459142.0422569 3107.7840971859414 94.5505338236225 26.3314 17.60027289991728 0.033031095906970634 19.644815026223192 r
2459144.0239815 2889.388202162038 42.0966855378978 26.2308 17.57878526209888 0.015818010004435026 20.42275523111872 r
2459144.0286458 2843.7435472998404 38.8090343176703 26.2598 17.625073928623625 0.014816725860776784 20.540042898267455 r
2459144.0333218 3110.525204021892 48.7319398689407 26.2829 17.55081568824398 0.017009432055814507 20.31594074002089 r
2459144.0379977 3091.6688382824286 56.9999436659218 26.287 17.561517578450385 0.020016645402575303 20.14988892303098 r
2459144.0426736 3126.838782828106 81.4651373259571 26.2928 17.555036275093087 0.028286299914316332 19.767945504309786 r
2459146.0242593 2811.0062005186514 35.693769292568 26.2166 17.594445491061382 0.013786068957724433 20.58769395854465 r
2459146.0290162 2827.234323936033 36.36988064009 26.2162 17.587795488172148 0.013966574711067041 20.566920299723293 r
2459146.0337731 2825.9804876076782 40.8948167143477 26.2222 17.594277102815937 0.01571118509185232 20.445604323970997 r
2459146.0385417 3053.839614916544 53.2496631397066 26.2508 17.538684438652325 0.01893130175808509 20.18758282728815 r
2459146.043287 3056.674695832686 94.3827145584506 26.2518 17.538676945646525 0.03352378757733493 19.56714382913674 r
2459151.0178935 1685.1724846537973 34.2277834900903 26.2426 18.175989101522273 0.022051810644668487 20.659228048734967 g
2459151.0468056 3444.7739719332926 109.518749614988 26.3542 17.511298172389814 0.03451736091417932 19.508053797218267 r
2459151.999213 1758.1439527148254 72.5223496514806 26.2043 18.091663921974977 0.044784452885686936 19.805695323266 g
2459152.9935648 3078.3279576377454 102.549521357511 26.2861 17.565312783382034 0.03616834101824828 19.51134089498253 r
2459153.0440046 1951.5944026489528 70.81523787417 26.3206 18.09462609038559 0.03939553405955124 19.947858193359863 g
2459155.9847685 3114.3230650246524 59.7103119529324 26.2708 17.537390844480804 0.020815915476253118 20.083251638827207 r
2459156.9978241 1667.6228443678738 86.4322495241162 26.2266 18.171355410520988 0.05627141270297458 19.637485448439325 g
2459157.0262384 3465.8601257471355 49.9606615448708 26.348 17.498472421021468 0.015650455665048867 20.354004538234133 r
2459158.9962037 1656.2715046355925 74.7236056420753 26.229 18.181171174765424 0.048981956411458374 19.797930439754605 g
2459159.0293634 2424.6426827194086 91.9332269720421 25.9437 17.482080634775038 0.04116561390051914 19.2875937274912 r
2459165.9939699 3122.2329164856947 27.3359467143469 26.3464 17.610236754968625 0.009505580826805178 21.00713969109448 r
2459166.0188079 1601.5447484823405 23.3621167014449 26.3317 18.32035230571075 0.015837365847438518 21.162994516548856 g
2459169.0035648 1564.9728181067298 29.6466416198006 26.3256 18.339333003199222 0.020567359659036815 20.898236230457037 g
2459169.0405093 3319.2881310855496 30.1193657938933 26.4029 17.600287617465053 0.009851689323437994 20.9583604318184 r
2459170.9986111 1566.3650131735212 26.1667094787278 26.3243 18.33706756493025 0.018137021857693662 21.032502207692154 g
2459171.042037 3281.447054210388 30.5514550431162 26.3909 17.600736496611326 0.010108258397084777 20.930895242226757 r
2459173.9827431 1362.2366844332764 30.3875977329571 26.167 18.33136857134256 0.02421885655824702 20.712834067568025 g
2459174.0325694 1367.452823320717 37.3613267923857 25.498 17.65821911938744 0.02966332132759773 19.819519262423533 r
2459175.0315046 461.91051790962484 17.5142438735677 25.1721 18.510705371401905 0.041166446392227156 20.31619650751005 g
2459177.0052315 1615.2026909528358 32.9975613573446 26.3112 18.29063242630611 0.02218015891524734 20.767570376448788 g
2459177.050787 3145.844893904778 37.5973613808406 26.3558 17.61145673525916 0.012975673190457754 20.67048157218331 r
2459181.0203241 1667.4956960734373 45.8536746073342 26.3578 18.302638195888306 0.029855150234217014 20.456939627272316 g
2459181.0446296 3338.905860745071 77.3161273991217 26.3807 17.571689563875978 0.025140606838940614 19.91259975663104 r
2459182.9528125 2979.8404087200606 67.6647810906763 26.2767 17.59121748701424 0.024653552792682047 19.95336828634816 r
2459182.9532755 2928.544029585483 68.3057795039384 26.2703 17.603670605321682 0.025323021972089917 19.936731359514063 r
2459182.985787 3251.3994891772795 74.3601810496405 26.3631 17.58292416708836 0.02483018430504306 19.937323892893488 r
2459183.0632755 2001.140396152066 63.8978448154377 26.4264 18.1732061025784 0.034667177899920326 20.16525946350368 g
2459184.9442593 1649.2581018166975 79.480555338786 26.297 18.253778434534354 0.052321731108228124 19.798922756888867 g
2459185.0015278 3174.84743833861 61.4934962247977 26.3593 17.604992847803707 0.021028880961347876 20.13980202504841 r
2459186.0095833 1849.5357545112263 54.0864651446246 26.4176 18.249943171635408 0.03174941336726805 20.33745349221724 g
2459186.0260764 3317.267059330289 44.8336461909177 26.4013 17.599348909590855 0.014673491400872122 20.524864838615915 r
2459187.0000463 3505.077591463023 131.584881751794 26.3649 17.503155909171085 0.040758500315621296 19.319460002837065 r
2459187.9841782 3318.8795603134386 87.1138755635974 26.3638 17.561321268828102 0.028497429021035497 19.766156650987558 r
2459187.9888542 3192.940680757106 80.3395135703526 26.3667 17.60622287454018 0.027317955015264874 19.85695199443082 r
2459188.0306944 2019.4096719904699 94.2909545547502 26.4119 18.14883892002978 0.05069386899548108 19.728299908307612 g
2459188.0316319 1884.1300061053255 96.4719856004562 26.3939 18.206122834820974 0.05559044993021581 19.685471945838636 g
2459188.8834722 3093.062054765791 84.7772216301976 26.2759 17.549928417117812 0.029757770097785862 19.70777704039255 r
2459195.0193866 3293.9907187371414 27.7830997081987 26.3881 17.593794072119458 0.009157315223023982 21.031223245351097 r
2459195.0293287 1866.0560848434573 29.8878286305384 26.4026 18.22528826887466 0.01738919628822287 20.966439078111584 g
2459198.9768634 3221.8790187377626 39.5186773829799 26.3663 17.596026928321685 0.013316896067534643 20.62686898634501 r
2459199.0047917 1870.1270594579007 28.1115139412541 26.3925 18.212822214478475 0.01632010538089679 21.022864401410686 g
2459199.9838542 3029.511044327334 38.8567355884643 25.8108 17.10736864977234 0.013925269527367825 20.08970920896549 i
2459200.963912 764.9364754343826 30.5935117871043 25.4363 18.227236573925847 0.04342239756366332 19.97480165938028 g
2459201.0231366 1938.4912571518657 37.8153087529139 25.7557 17.53704038344263 0.021179399474496673 20.064105862518097 r
2459202.9420833 3111.172157549286 46.2801665482599 25.8068 17.074489891060605 0.01615030421878857 19.89588770621888 i
2459203.9828819 3248.9926714433786 33.0836532632863 26.362 17.582628170664385 0.011055402698705629 20.815541337889513 r
2459206.0337384 1087.6914535716023 26.6407768151537 25.7704 18.17913570969988 0.026592000234291008 20.459107778603478 g
2459206.9741319 110.42748156784306 42.1792691454958 22.517 17.40930708082797 0.4146977895455347 16.70682736340781 i
2459215.982662 1980.6994276385042 93.4839928268602 26.3855 18.143453559793258 0.051242288252251675 19.711231855617932 g
2459219.8957523 2946.424161002524 47.9230942993311 25.8084 17.135161832189937 0.017658728220271067 19.85961285960605 i
2459219.940544 1942.3075522933475 62.2336328775284 26.3912 18.170405002897418 0.03478700123229913 20.158712105186122 g
2459219.9774074 3445.957286240042 54.4097181353066 26.3846 17.541325275189518 0.017142589438175482 20.297983798940223 r
2459221.9457176 3096.3247725280485 35.232031367766 26.3065 17.579383731472085 0.01235381275096427 20.691730779278217 r
2459221.9614699 912.0204231821023 45.7852288743902 25.5438 18.143788590648317 0.05450428710300942 19.644561515385643 g
2459222.9891319 2868.423221524653 36.3713989400455 25.7608 17.11669192573538 0.013766597457755249 20.111474975438618 i
2459223.8791898 1736.057985103092 28.2192148488077 26.3547 18.255789433224646 0.017647798532219632 20.980912673939248 g
2459223.9623611 3189.6183106537414 39.4214095622331 26.3673 17.60795321045638 0.0134184783861942 20.63054461673954 r
2459225.9139931 3050.0079006365027 36.9266501177695 26.2955 17.584747589175336 0.013144642682563462 20.629725210511456 r
2459225.9368519 2749.202797013496 50.5126634986565 25.7554 17.15738305728891 0.019948182367654613 19.74947431623231 i
2459225.941331 1649.5411794050547 35.8888260955253 26.3293 18.285892095469144 0.023621416050956228 20.69447685660169 g
2459227.9406366 1704.2312021468158 21.6811149649313 26.3582 18.279378719044658 0.01381220252731769 21.27057095839327 g
2459229.0295023 3014.309540697589 25.0951536046076 25.836 17.13803037962694 0.009038822291030235 20.58960034342545 i
2459229.9371644 3261.650792715231 44.2818072034404 26.3501 17.56650634591193 0.014740007786288097 20.487111647302566 r
2459231.8477315 2845.9573768068703 33.8549850221692 25.7638 17.128229021307654 0.012915287325845088 20.192318424168295 i
2459231.9199653 1810.0975659561796 19.9882656301895 26.4178 18.273545039050223 0.011989000152725528 21.41843720845644 g
2459231.9662963 3478.1587877080283 22.5068075981618 26.4385 17.58512648779758 0.007025452976925877 21.310290243309623 r
2459248.8164583 3433.1769438516208 71.2816404206841 26.3223 17.4830595318099 0.022541942425464888 19.942430775004944 i
2459248.9141204 1881.4523126865827 34.3418781013627 26.4023 18.216066962094725 0.0198171257401731 20.8153148833299 g
2459250.8700231 1760.9425076185576 29.2519003935847 26.3899 18.27553705731577 0.018035107971960132 20.97708977434204 g
2459250.8773611 3165.4535690911675 37.0866423550305 26.3615 17.610410130830438 0.01272012579745944 20.691031198686225 r
2459251.8782407 3023.8087003873106 32.5497925886047 25.816 17.114614219264826 0.011687019026343042 20.287204425325804 i
2459252.8187731 3215.577638205528 25.3852324883415 26.3931 17.624952500433018 0.00857100963296063 21.13422212614664 r
2459252.8790046 1820.3661679697957 19.131183340462 26.4309 18.280503111447082 0.011410191047389447 21.479120404873395 g
2459254.8000231 1568.1416611381862 19.9517993281281 26.3652 18.376736767598906 0.013813591633568514 21.367819818922637 g
2459254.8585995 3096.3399875302903 25.8768634728923 25.8664 17.139278396295893 0.009073457948953461 20.58669590296335 i
2459256.8693519 1655.9774920933571 19.742658709983 26.3958 18.34816392601264 0.012943777716647946 21.409860894247533 g
2459256.8928009 3067.7193654708967 22.3252783989247 26.3065 17.589460930257726 0.007901164308095671 21.187082780912142 r
2459256.8932755 3097.0452800158155 22.1221612410703 26.3168 17.589431112603144 0.007755143463484453 21.207306105586888 r
2459256.8991204 3290.1028924187776 23.0533615794136 26.4085 17.61547630002555 0.007607371406056182 21.2542393341577 r
2459257.9202199 1866.784096016322 31.6431806357245 25.3668 17.189064769308878 0.01840330721132612 19.868674663100997 i
2459258.8410764 3155.0178114633995 27.9049635550442 26.3677 17.620195461573836 0.009602614229825546 21.006071340040577 r
2459258.8664468 1526.0732066595137 23.5444764497514 26.2708 18.311861581277746 0.01675033541637846 21.093652395079097 g
2459260.8545833 2493.1950918854777 32.2160829251519 25.667 17.175109341832933 0.014028986879396622 20.14939315294076 i
2459262.849213 3313.8044192960015 28.6108179765856 26.4125 17.611682818040826 0.009373747254455679 21.023749303259237 r
2459262.9106944 1498.331414409086 26.2796175639242 26.2679 18.328880287135625 0.019042369741947188 20.971427387081953 g
2459264.8600231 3706.5290754592093 24.9094014964436 26.5331 17.610681471884085 0.007296351021160752 21.294766757223 r
2459264.882037 3019.2905645024484 26.247497879665 25.844 17.144237725484807 0.0094382795690445 20.54885521588571 i
2459266.7829398 1891.9624825619935 66.915101463733 26.3833 18.191018699668874 0.03839913652029536 20.072064637107736 g
2459266.8231597 3212.889486406859 53.5239111122902 26.3745 17.607260531490887 0.018086806452718023 20.3057053871809 r
2459266.8325347 3211.6104202552374 55.8682124698797 26.3815 17.614692854151834 0.018886511855858237 20.266163048851837 r
2459266.9160764 1697.3740014069776 37.4802874660883 26.3737 18.299256135438412 0.023973707661482737 20.69176770621551 g
2459266.9170139 1708.0129305763503 40.3962852138265 26.3657 18.284472114479506 0.0256779360808773 20.602421414583517 g
2459267.7597801 1865.8238152074362 58.3351722241578 26.3692 18.192023419822803 0.03394452143206609 20.2069487782055 g
2459267.7869676 1744.490715828197 60.8683998681111 26.3669 18.262728343807538 0.037882014009707386 20.1584952766529 g
2459267.8179282 3160.414361616421 40.9424883828473 26.3774 17.628039933354252 0.014065010011700598 20.599539402986025 r
2459267.8524421 3045.206947387224 45.8402228670716 25.8338 17.124757970176837 0.01634329975815963 19.93325818809102 i
2459268.7752199 3288.0457440875593 39.3227227074219 26.3982 17.60585537270024 0.012984211098710029 20.66416603722413 r
2459268.8260417 2104.1760270272057 57.4291149110261 26.476 18.168294829108433 0.02963192682457782 20.330744681532927 g
2459268.8543981 3372.269976669847 34.1142215701329 26.4068 17.586994159936992 0.010983050175380243 20.8270363245341 r
2459268.8564699 3532.092268184111 42.4942689145263 26.4133 17.543219899882395 0.013061954291533916 20.59504908442417 r
2459268.9318171 1807.586109478912 37.6606497455535 26.4029 18.260152511735356 0.022620315134272973 20.715755467983143 g
2459268.9327546 1947.3574366973482 40.4424051320211 26.4046 18.180985816451642 0.02254764247405054 20.640082550614714 g
2459269.7296296 1655.0650736216835 64.1905647284997 26.2944 18.247362315054154 0.04210813051188966 20.028296997939897 g
2459269.7848264 2957.9214360401415 52.077975900317 26.2747 17.597233413193454 0.019115131911910204 20.23563974843578 r
2459269.7852894 3157.0561504381108 47.6423227300242 26.3247 17.57649423452463 0.016384019581282792 20.382292672401675 r
2459269.8425463 3123.80219057257 54.2462697004286 26.3748 17.638091187197084 0.018853682602405844 20.291450292039208 r
2459269.8582292 3160.6175671476303 47.0582274341065 26.3684 17.61897012589091 0.016164916013966774 20.439386078260792 r
2459269.9416204 1703.6076556996202 49.7429036540256 26.3775 18.299076042385853 0.03170088506968879 20.38824715704458 g
2459270.7109491 1704.0192701412693 118.248616414407 26.2848 18.206113745653496 0.07534100411345603 19.355384819379594 g
2459270.8095949 3174.8993096300806 76.9925426694592 26.3605 17.60617510897368 0.026328647123606365 19.896953333187973 r
2459270.8105324 3282.0096852935094 78.173417710392 26.3824 17.59205035416761 0.02586003325599036 19.902327240279146 r
2459270.8573843 3259.647740206834 83.6485557209818 26.372 17.589073325558942 0.02786105867393737 19.81842887211305 r
2459270.8824653 1939.95893628794 82.680055048174 26.4088 18.189318657045952 0.04627197724997565 19.867873096391133 g
2459274.7060301 1916.0171716638224 168.018023990736 26.298 18.092001507552055 0.09520643726190381 18.987185307168993 g
2459274.7396065 1732.7056741892623 140.311121295898 26.3493 18.25248800598393 0.0879178654864363 19.234144750897297 g
2459274.8328241 3042.505032972417 78.588047588204 25.839 17.130921736696806 0.028043681881162106 19.353183740512016 i
2459274.8589815 3333.4664238022906 95.3637930335607 26.369 17.561759787322366 0.031059700903913363 19.67311619785116 r
2459274.859919 3283.138513579182 101.22093502808 26.3735 17.582776985672748 0.03347271785989362 19.612899127196812 r
2459275.7056713 1766.1348940358407 66.8526640802734 26.2934 18.17584032225556 0.041096485685809626 19.98317819268893 g
2459275.8403009 3368.3250531846775 68.3338102326839 26.3685 17.54996501116686 0.022025789256734558 20.034485895977028 r
2459276.7560764 1753.686054259943 45.4119489574354 26.3505 18.24062037905844 0.028114355396350484 20.46014963656035 g
2459276.7570139 1774.62126003048 46.034710014388 26.3463 18.223535799803575 0.028163690917217245 20.44116145977799 g
2459276.8370833 3263.638641378965 63.9123143906814 26.3649 17.580644833697836 0.021261422405712185 20.10351362793201 r
2459276.8389583 3272.8855919679804 50.1193753259433 26.3851 17.597772939407513 0.016625880820556653 20.38766086558664 r
2459278.7914583 3275.6745267726383 28.5798264949519 26.3826 17.59434814140053 0.00947258873614063 20.995026019390114 r
2459278.7968634 1779.8985458871175 27.3900776179956 26.3994 18.273411879364147 0.016707360842882445 21.057991831761683 g
2459278.8594444 2950.5431808229814 37.1239346617517 25.8165 17.141745062835362 0.013660351125931194 20.14493999005797 i
2459280.7864931 3402.4243750619376 21.5232037939622 26.4396 17.610128797463144 0.006867968184797458 21.35990769452752 r
2459280.8598264 1725.5483248958105 28.4276481484613 26.3364 18.244082183887325 0.01788642899737277 20.95462266040474 g
2459290.755706 3329.8775677422486 26.1792959876189 26.3765 17.57042933562717 0.008535707717635201 21.084180080796845 r
2459290.7956366 1982.7677205436762 21.8853910474002 26.4121 18.168920400057566 0.011983738091947112 21.314289211717345 g
2459291.770787 3003.1156828250037 25.3695557082191 25.8089 17.114969845122857 0.009171716823943106 20.55069283521268 i
2459292.7546065 3246.5230039728735 28.1215841280628 26.3372 17.55865378872141 0.009404400908441213 20.967175535532792 r
2459292.7947569 1862.082521411495 24.3642194297633 26.3489 18.173902691040404 0.014205725434146015 21.134593733652512 g
2459294.7538889 1899.4567357734275 40.9073069389014 26.3214 18.124826484976822 0.0233819819673234 20.544472765607885 g
2459294.7946759 2973.902999974617 31.7071370107531 25.7707 17.08738300249984 0.011575508230385613 20.270382415987957 i
2459294.8192824 3177.656805013625 39.0232666543738 26.303 17.54773252375086 0.013332956705647755 20.57726593526642 r
2459297.7059838 1876.5350112632784 74.2896808911009 26.2844 18.10100832092421 0.04298150903625861 19.85965375702262 g
2459297.7567014 3221.4315995413535 59.3752441045487 26.2984 17.52827771391928 0.02001088662987178 20.116961468870674 r
2459297.8575463 3033.6650116012092 47.1397613864501 25.7776 17.07268094322162 0.01687056373777261 19.84670653948948 i
2459301.8564352 3188.9914546987993 166.024881870608 26.3547 17.595566611254576 0.056523580200042924 19.056842039401367 r
2459302.7400347 3290.4197831159204 81.1647916852021 26.3823 17.58917173091453 0.02678096417508668 19.861455793299392 r
2459302.7750579 3165.871394402235 49.5123615910266 25.8337 17.082466828102884 0.016979707727365678 19.849490885738266 i
2459302.8296528 1873.0627926636294 93.9408625720581 26.3713 18.189919157669486 0.054451775399074656 19.6917386301847 g
2459303.7786574 2033.8751048567347 68.7468129596836 26.3866 18.11578929880963 0.036697639226763626 20.046043565489864 g
2459303.7795949 1996.6355966978297 74.9243845399057 26.3753 18.124552976010776 0.0407412371238448 19.94131702876842 g
2459303.8028588 3055.2173893682516 43.9050802874927 25.8186 17.105994706888968 0.015602079850032348 19.96488804999138 i
2459303.8515625 3211.728633046543 66.2661368725321 26.3297 17.562852891164873 0.022400754553868783 20.029045856172658 r
2459303.8525 3400.009727770768 65.855802531932 26.3482 17.51949960098912 0.02102924712977149 20.054289872860117 r
2459304.7761458 3165.282987849635 76.8127405051477 26.3063 17.55526864099846 0.026346962558028483 19.84529183907525 r
2459304.8257755 1976.4920391205915 71.2192338172193 26.3179 18.078162326402655 0.03912119078898922 19.938981746197115 g
2459305.7901505 1950.11296465025 42.9230398250471 26.3671 18.141950576076688 0.023896843507428076 20.537948810975553 g
2459305.791088 1938.6388218572595 37.1673960904594 26.3662 18.147457736567233 0.02081493544875628 20.693369649317965 g
2459305.8741319 3068.237771506758 38.473260682969 25.7917 17.07447746997902 0.013613814258921246 20.0813775012581 i
2459307.7473148 3298.5324823281735 24.479892148474 26.3502 17.554398087109174 0.008057467691462308 21.130751238914236 r
2459307.7791551 1846.371909319878 19.4649503327117 26.3707 18.20490203956287 0.011445742035801227 21.40014173941453 g
2459308.8110301 3028.2092067724816 24.4139760235161 25.7915 17.08853531119914 0.008753111809267057 20.5749787048472 i
2459309.6927778 1807.3550288086344 26.785983612114 26.3709 18.228291320441052 0.01609066395042596 21.053705992174006 g
2459309.7330093 3430.6467069481478 22.2277563557661 26.4153 17.5768600098166 0.007034439024741002 21.30063591984905 r
2459311.670463 2108.239065606377 37.2571907909619 25.8845 17.5747003586644 0.01918669125415953 20.209049724674166 r
2459311.711875 891.1056716106757 27.7913663939202 25.6039 18.22907698043469 0.03386027881445445 20.24670023945731 g
2459311.752581 3191.7203809240277 29.270512172233 25.9258 17.165737907918697 0.009956697728073881 20.512299184815436 i
2459313.7126852 2992.2854680389546 26.8417384063983 26.2581 17.56809244139052 0.009739069249607856 20.938648390386142 r
2459313.7337616 2157.4022086771433 26.2442656538892 26.6133 18.27847220246691 0.013207272666091705 21.318288926179093 g
2459315.686088 3084.945198574691 24.1745571814028 25.8416 17.118481366084957 0.00850787130480482 20.635778670114608 i
2459315.711956 1786.4956515121037 17.5219839260507 26.3795 18.249495091428265 0.010648566612749107 21.523116795173877 g
2459317.692662 3320.8057187115137 21.1665030413342 26.4082 17.60509132934161 0.006920149595771311 21.346652205861492 r
2459317.7337616 1663.8710103135995 19.4171419625077 26.3911 18.33830086230133 0.012669967141696468 21.423211724567878 g
2459320.6737153 1619.8442865820348 23.5243180955497 26.3227 18.299016828965105 0.015767165009563933 21.146482380923636 g
2459321.8216782 2816.338178041119 25.3714761247594 25.7712 17.146987993818595 0.009780718751542312 20.51291065061013 i
2459322.7704167 2962.644336700847 29.7504740913219 26.2967 17.617501205318966 0.010902452690935238 20.865540262014964 r
2459324.671412 1818.481443222649 41.1348149454224 26.3417 18.19242781591158 0.02455899055373372 20.55875111948147 g
2459324.7120949 3092.7813064377915 37.9291370707301 26.3258 17.59992697073663 0.013314767530434169 20.63094258380578 r
2459324.7987847 2949.036200780973 30.6406807346357 25.7881 17.113899740625488 0.011280494645940333 20.32492896502128 i
2459329.7329051 3276.349384348062 87.1687878201815 26.3562 17.56772448003567 0.02888554968785866 19.757872472471192 r
2459329.8123727 1844.7204282570533 115.57840329382 26.3019 18.137073607184078 0.06802302968730113 19.397283263087225 g
2459335.6911227 2972.640944662345 28.0743647922413 26.227 17.54414386150577 0.010253622426101167 20.858800142306652 r
2459335.7119213 1593.3538088041485 24.8940081381953 26.205 18.199219442873165 0.01696260082744798 20.967337921186182 g
2459336.6795833 2990.624525484189 27.5810082822524 25.7981 17.108695273629017 0.01001285866442673 20.449149642445228 i
2459338.6922454 1876.5529021952714 22.9017301566557 26.3325 18.14909796953727 0.013250043951328873 21.185404256115387 g
2459338.7371759 3252.7764790293763 24.0576841874096 26.3283 17.547664447743237 0.008029887049006394 21.127740440486058 r
2459339.6716088 2953.1803883055563 25.2965325531245 25.7898 17.1140750608357 0.009299955228500459 20.534722500078857 i
2459340.6922106 1880.4411380604681 24.7019023806942 26.3249 18.139250641000956 0.014262002075949744 21.095648986413305 g
2459340.7334722 3180.461750922846 24.1413919699152 26.3228 17.566574557491876 0.008241038979365725 21.118469220425162 r
2459342.7355208 1859.3844407689694 19.0078936853004 26.2923 18.118877018788027 0.01109876458124821 21.347540003615606 g
2459342.7906366 3054.800519472985 37.2507213474557 26.224 17.51154286054266 0.013239197750925458 20.548738271336003 r
2459343.6865509 2907.055313552664 26.605352400915 25.7562 17.09756676169695 0.009936319741495739 20.446352449805392 i
2459344.70875 3189.9181231750194 22.1160767132261 26.3144 17.55495115999782 0.007527285516548087 21.205204769933225 r
2459344.7691435 1716.2799233879728 21.1028942560002 26.2418 18.155329694382164 0.013349461228044788 21.183519932288903 g
2459346.8319907 1504.4231865637048 36.0439361387054 25.9892 18.04577495434473 0.02601189732735841 20.349694460280748 g
2459348.675706 3188.469260997273 30.971881511361 26.3131 17.554144413873573 0.010546180315493215 20.83825601635716 r
2459349.7548148 3008.6947807306547 33.1013781452634 25.8011 17.105154668376446 0.011944769699632004 20.254059800156945 i
2459350.6779977 1794.411788480758 32.0527838219875 26.2967 18.16189471573932 0.019393378721054358 20.784610602960868 g
2459350.7296065 3072.0611634969105 37.2589159720756 26.2492 17.53062535481683 0.013167708231705967 20.57369945120507 r
2459353.6927778 3237.7876351695504 44.2582597690708 26.2971 17.521479099502145 0.01484074869807325 20.434689155395823 r
2459353.7218287 1923.036717431399 49.9324608517395 26.2778 18.067831058741277 0.0281906592086001 20.284417563707976 g
2459356.7358218 3259.9051131742867 95.1085578372281 26.2891 17.50608760214959 0.03167557264982207 19.59612599822888 r
2459358.6933218 2971.3980163078295 48.4720445448113 25.7479 17.065497927282575 0.017710888434829493 19.786746642669087 i
2459358.7571181 1759.9628289685083 104.027729828436 26.1989 18.085141261351467 0.0641734611752723 19.408602186436063 g
2459361.6945833 3459.023369273683 46.232781114251 26.3758 17.52841625967043 0.014511301340609942 20.465999941577948 r
2459361.7555903 2064.9019049242715 80.6925701056177 26.2773 17.99005143769692 0.042427159931784794 19.762791118608845 g
2459363.7140046 1892.1018608732338 26.9698238025597 26.3261 18.1337387179006 0.015475455263769667 21.001479716263358 g
2459364.6933796 3038.619363707276 27.6692946601269 25.7845 17.077809247328013 0.00988625083197282 20.432079768315084 i
2459365.6816204 3243.354777177588 29.0700269518546 26.3137 17.53621385762434 0.009731074899272552 20.907661403108815 r
2459365.7045949 1860.716384023758 28.2099219878018 26.266 18.091799545733227 0.016460064825099836 20.892570276280757 g
2459367.7082292 3121.256390902548 31.2655103709231 26.2721 17.53627638850908 0.010875416934235136 20.78701118316817 r
2459367.7335648 1584.686691911488 22.6355775462285 26.1739 18.174041473085726 0.015508079084261621 21.039496039194635 g
2459369.7240046 1674.403829429075 21.9417855625498 26.2351 18.175449478548103 0.014227270725594928 21.13449507322261 g
2459371.7256134 3250.5332601042087 28.9299579461532 26.3001 17.52021346453516 0.009662800786456677 20.899305483312283 r
2459373.7172454 3056.5151017011435 34.0665853811257 26.2757 17.562633635241472 0.012100739082788461 20.69745347711091 r
2459375.7269676 3120.9152284441748 45.9920850461263 26.2759 17.54019506914003 0.015999667751139788 20.37176724237745 r
2459377.6944329 3011.5807366748254 28.4516319186544 25.7948 17.09781372362736 0.010257050856351793 20.412107035272427 i
2459498.0261921 2484.797956730543 93.2729021971284 26.1593 17.671072296848088 0.0407543758803903 19.487486263919777 r
2459498.028588 2480.3796206706343 108.474447704928 26.1733 17.687004613916905 0.04748092061867449 19.337556370142835 r
2459498.0309722 2578.503715337289 135.815656269291 26.1788 17.65038059621683 0.05718628875129658 19.099000397887846 r
2459498.0333681 2715.699447994008 139.19693367246 26.1984 17.61369573997402 0.05564905608380979 19.091900818067664 r
2459498.0357523 2638.6256381848207 177.836027918318 26.2351 17.68165555514662 0.07317315981350817 18.862625615275917 r
2459499.0272569 2818.220006936457 94.5869863866907 26.1836 17.558662765762826 0.0364389901665848 19.49659651732104 r
2459499.0296528 2378.0127611742205 121.072331944065 26.1931 17.752564547871245 0.0552765035317828 19.23806272083372 r
2459499.032037 2594.9099280643572 119.51935791681 26.192 17.656694280881318 0.05000642430277925 19.250979360769783 r
2459499.0344329 2652.8672583441685 136.050562020519 26.2081 17.648811200723518 0.05567941430958488 19.126424138719724 r
2459499.0368287 2496.063141451971 154.782660950131 26.2303 17.737161081891774 0.06732503365111318 19.008569217728176 r
2459501.0278241 2648.0551785857697 69.3143881584613 26.1837 17.626382423925214 0.02841883048065192 19.834216504028966 r
2459501.0302662 2579.1583401920248 81.6553299195128 26.2133 17.68460498688009 0.03437291550196743 19.685913644491528 r
2459501.0326968 2542.5487484334676 85.573958826907 26.2123 17.699126778930747 0.0365411468140447 19.634020929640418 r
2459501.0351389 2597.5923305283877 119.583258514781 26.2188 17.6823725166201 0.04998149334044582 19.277199030906317 r
2459501.0375694 2658.3154116617825 111.77234215851 26.2427 17.681183727202722 0.04564967398117535 19.3744391102917 r
2459502.0280324 2651.8432117899933 52.7765327105852 26.2257 17.666830392096653 0.021607416799428812 20.172172852326128 r
2459502.0303935 2754.0769267796845 55.7856502603896 26.2056 17.60565983302877 0.02199157180352431 20.09186873976363 r
2459502.0327662 2699.4879120700684 72.0098684891717 26.2341 17.655896532246082 0.028961461123469714 19.84319494472394 r
2459502.0351273 2784.0990133015293 71.9999466474869 26.231 17.619288308999018 0.028077428892328823 19.840244552620348 r
2459502.0375 2517.782878948209 114.426190075069 26.2284 17.725854310014718 0.049342028497866314 19.334661394291274 r
2459503.0280556 2747.2542410758806 100.655126710382 26.2071 17.60985286875198 0.0397783610397358 19.452585239425975 r
2459503.0304282 2904.4304078974706 106.878015937808 26.222 17.564347562626118 0.039951882334023 19.40235403153477 r
2459503.0328009 2615.977180027653 117.481325448561 26.2337 17.689615122038475 0.04875786991312913 19.311352894963996 r
2459503.035162 2828.5714931193506 140.678245570933 26.2481 17.619182099605347 0.05399699869276643 19.13010763041615 r
2459503.0375347 2786.5726082221145 158.496355266261 26.243 17.630324090707163 0.06175309855728809 18.995526789746354 r
2459504.0308333 2657.18012622094 71.5314876830386 26.1924 17.63134751106476 0.029227125180981268 19.808731845610254 r
2459504.0331944 2588.658120644452 81.2711176336501 26.206 17.673313255644818 0.034085633676836154 19.68373440872123 r
2459504.0355671 2612.4192888989564 92.0297791543397 26.2273 17.684692795673307 0.038246820352477964 19.57005403955283 r
2459504.0379398 2645.985003313854 120.892399397755 26.2211 17.664631553996102 0.04960454343534087 19.2676774959695 r
2459504.0403009 2648.0610595842004 155.6147809703 26.2498 17.692480012643955 0.06380176434677207 19.022247874669695 r
2459505.0335301 2848.934438710538 48.2460719765169 26.2392 17.602493862189 0.018386088368047025 20.283120088140038 r
2459505.0359259 2669.764432144047 51.2745970708267 26.1742 17.60801764278081 0.020851588765488857 20.152019348524036 r
2459505.0383218 2210.0996886616886 58.1274783438707 26.1062 17.745170341512054 0.028554822011741775 19.947821281592496 r
2459505.040706 2916.3642970869555 76.2875059946275 26.2813 17.61919556788387 0.02840020546853428 19.827741446431816 r
2459510.0202431 2895.9212327107825 73.0723348598541 26.2822 17.627733137147413 0.027395301039690536 19.87539252801772 r
2459510.0227315 2908.8918162476757 77.5328647706874 26.2885 17.629181075431966 0.028937972464758065 19.817360411503824 r
2459510.0252315 2869.8861606509463 78.2508219543387 26.2859 17.641238325048004 0.029602887585114403 19.80475271887384 r
2459510.0277199 2910.3789587578403 74.1755291605431 26.2954 17.635526145248274 0.02767075118079233 19.872323356130487 r
2459510.0302199 2967.6590130145655 68.8442203707924 26.326 17.644965003490633 0.025186239297972358 19.98390627388065 r
2459513.0224306 2890.578268623266 61.431017100764 26.2907 17.638238166681354 0.023073464569449458 20.072305724400337 r
2459513.0249769 2959.006030965693 61.0858960910008 26.2852 17.60733537417813 0.02241325522555804 20.0729226164552 r
2459513.0275347 2954.1384574079675 54.9390478344297 26.3048 17.628722884036907 0.020191106508317264 20.20767216851432 r
2459513.030081 2935.9502718210083 52.4230427447769 26.3034 17.634028261583914 0.019385783899092617 20.257169427368527 r
2459513.0326389 2944.95158912581 52.2805254442535 26.2966 17.623904600026098 0.01927398965891835 20.253325129666372 r
2459522.9996181 2918.5733833386976 35.2849380073753 26.3094 17.646473456262836 0.013125884520602326 20.693001592278748 r
2459524.9763773 2890.1363107484085 34.3539158610372 26.2821 17.629804184103612 0.012905289730320598 20.694734370029664 r
2459525.0516898 1769.57714285869 61.4618072484028 26.389 18.26932625000389 0.03770905631262417 20.170061673453212 g
2459526.9761111 1320.302607620291 31.1586290324169 26.2052 18.403516297443744 0.025622098559259968 20.723829137579273 g
2459527.0222454 3066.4654245523166 36.3349182240547 26.355 17.63840481941969 0.012864590091249913 20.70676452140919 r
2459530.0227199 1590.8402717070435 50.1836952490106 26.3071 18.303033558738072 0.034248842514771484 20.30826839617701 g
2459531.9500231 2831.4639551064224 36.130114054252 26.2859 17.6558724065646 0.0138537750967863 20.643801657821264 r
2459531.9835764 1591.5849341753626 27.733485753517 26.3185 18.31392545126366 0.018918403181665096 20.963563843129283 g
2459532.0289005 2996.2374273767573 29.5784335669857 25.8726 17.18115943828421 0.010717877371885036 20.44773706257604 i
2459537.0179282 2954.884179570024 56.2576978677712 26.288 17.61164884292924 0.02067051663051207 20.165120098301 r
2459538.9838889 2886.1347216298664 62.333718342647 26.2349 17.584108500938207 0.023448565133644843 20.00066740345861 r
2459540.9975116 2965.170868908657 44.3657073469578 25.8134 17.13327568805452 0.016244543938987385 19.948356463893024 i
2459550.9788773 1879.9582886320661 22.3686308125413 26.3431 18.157729466226286 0.01291817090838079 21.22157648497072 g
2459551.0061806 3446.564417807738 27.2947625812263 26.4185 17.575033999846735 0.0085981052845914 21.08087668660261 r
2459622.9022454 3298.8735887390467 61.0476938165753 26.3746 17.57868581523253 0.020091549249691105 20.163001833267415 r
2459624.7975 1828.7840146738292 63.4042415118997 26.3391 18.183693957706204 0.03764139693759683 20.086379210244345 g
2459624.8583449 3294.3906422959117 54.453500367804 26.391 17.596562260840287 0.01794570582805051 20.303510483633836 r
2459624.872662 3263.159209616103 48.6364023063668 26.3369 17.55280434114252 0.016182030539121216 20.372071383751113 r
2459625.8169444 3101.7620393872744 48.692814801094 25.82 17.090978808492622 0.017043792643742242 19.853912787481562 i
2459629.8363542 3414.0813034112343 65.7421771207473 26.4049 17.571715351871006 0.02090643876250943 20.11286478391402 r
2459629.9025579 1980.8880042179521 102.412624163793 26.4006 18.15845019495613 0.05613108152397907 19.62729125315744 g
2459636.8382176 3251.498400750554 35.0223379904178 26.3708 17.59059113815941 0.011694224529656684 20.76251215174993 r
2459636.8576968 2976.8081360133447 30.2439765826585 25.8222 17.137822890000507 0.01103056827161438 20.373177756349268 i
2459636.9415046 1658.6239035712044 34.7706784777189 26.3352 18.285830199979408 0.022760148061280364 20.734742076353548 g
2459639.7706597 3082.481001474823 34.4549464898866 26.3599 17.637648978623012 0.012135593175163783 20.76934603973004 r
2459639.7768519 1576.3758195443484 36.871267844678 26.3536 18.359450588790068 0.02539441102981262 20.68945481069384 g
2459641.7245949 1523.964132544117 23.7817803126648 26.3208 18.363363135675883 0.016942576491190957 21.13276408180636 g
2459641.7802778 2249.026049141851 32.97543159514 25.9785 17.598513785896195 0.015918635578500328 20.43559876798763 r
2459641.7961111 3108.987871062945 26.4942417392947 26.3709 17.63935243061147 0.009252142320683207 21.065596252675476 r
2459671.8008333 3001.210397661741 23.5048677174251 25.8639 17.170658894026545 0.008502980964177188 20.688580460725152 i
2459671.8371065 3193.484359127458 22.986077500097 26.4244 17.6637380164112 0.00781465682477115 21.273312822557543 r
2459671.9018403 1420.0901411286977 24.3998239766348 26.2924 18.411610219055927 0.018654371384042745 21.07650825592091 g
2459674.8189352 3097.0472830662984 26.6603633007732 26.3598 17.632430410390704 0.009346049249526372 21.047709831037178 r
2459674.8413889 2842.1071812994765 28.4364244174497 25.7952 17.161098870059725 0.010862864776235886 20.413087520389997 i
2459674.8591204 1470.27368072344 24.0464735950404 26.3067 18.388204542440732 0.017756732453572475 21.106646498456655 g
2459676.8539005 2655.6515502212965 45.4566372997028 26.2388 17.67837227407304 0.01858386545937278 20.347381726140686 r
2459677.7712616 2770.8942888908946 34.1737013593536 25.7516 17.14505010617514 0.013390040794627777 20.169944939522832 i
2459678.7341435 3026.2328988780055 28.9246508276896 26.3363 17.63404412931039 0.010377090743830602 20.935704676800828 r
2459678.8180787 1544.1846485590559 31.0975477945845 26.3212 18.34945192344702 0.021864359079133262 20.84195962923506 g
2459680.7478125 3062.3827033289144 65.7204871571781 26.3429 17.62775134209716 0.023299743963739544 20.051223054135754 r
2459680.7684722 2910.063378846595 40.4459265987091 25.7931 17.133343880813918 0.015089754686244352 20.028488015746767 i
2459684.819375 3076.110570327589 106.413723476811 26.3443 17.624295144852 0.03755826617327024 19.529380889987895 r
2459685.7776736 3113.5564315113324 55.6827208019854 25.8648 17.131658146301866 0.019416616112324835 19.753073869473937 i
2459687.7609028 1614.098530231808 62.3439445505884 26.3162 18.29637489486838 0.04193475139888333 20.081789296747807 g
2459687.8535301 2902.2898420599618 70.7997678390323 26.2463 17.589448045457626 0.02648505563740635 19.873795405189504 r
2459689.7571065 3073.2920538869057 43.8926516433984 26.3145 17.595490417318167 0.015505930140602017 20.461095443557536 r
2459689.775 1708.836027487399 63.7040247267554 26.3239 18.242149020749228 0.04047401771341011 20.066057810935213 g
2459693.7088426 3104.5908356791497 38.4752871445958 26.3129 17.582889072064646 0.01345511259416883 20.602520314922074 r
2459693.7137153 1555.616615750895 30.9102650536162 26.3024 18.322643566854662 0.02157297269064722 20.82971816634079 g
2459694.6910069 2680.0452458551713 31.9200400170848 25.7606 17.190244684835342 0.012930971034965037 20.253016421311266 i
2459695.7115741 2908.7880172513514 25.1553315416503 26.2973 17.63801981882506 0.009389183155593889 21.048299875150597 r
2459695.7549884 640.146576437812 29.7244399201546 25.3727 18.35700143203384 0.05041317974532189 19.9424907886184 g
2459697.6851505 2967.4599843250426 26.2746544691281 26.3268 17.645837821796103 0.009613067238586806 21.030532455538435 r
2459697.7133449 1486.996367827931 18.3235124395608 26.311 18.380225230736496 0.013378538028771566 21.406053170783352 g
2459699.6695833 3066.5073232279574 27.381964333316 26.3286 17.611989984555443 0.009694611994399997 20.987513488090965 r
2459699.7128125 1479.3045124868372 23.696239276585 26.2956 18.37045604492623 0.017391285408397114 21.11147642276592 g
2459701.7159954 2886.797488015502 32.6977812526615 26.3078 17.656759203202775 0.012297357626709962 20.774079278947916 r
2459701.7454051 2863.315239654216 32.3827866885441 25.7694 17.12722708811438 0.012278770783198199 20.246189441474932 i
2459701.7588079 1428.7100373056342 24.2849284051363 26.2657 18.37833976038119 0.018454512169019045 21.054932920512346 g
2459703.7588542 1526.2276977241718 30.1728131284176 26.28 18.32095167301666 0.021463785031794982 20.833535481605004 g
2459703.7767477 2904.8859817056664 36.7429363410187 26.2886 17.63077727306179 0.013732658092838699 20.628240338294795 r
2459708.7065509 3210.5919671445977 79.1398218294494 26.3484 17.581937213098385 0.026762075480008665 19.854987318692213 r
2459708.7366898 3033.223702045386 81.5323538046615 26.3224 17.61763889758199 0.029183365693084145 19.796650038151178 r
2459712.6722569 1665.0387078557794 81.749153039847 26.3571 18.30353916453414 0.05330510037791241 19.828466834514963 g
2459714.6718519 3209.744457320846 56.1899491142609 26.3524 17.586223856054158 0.019006319214668548 20.230828392167307 r
2459714.743831 1845.9405457220853 81.3120343718034 26.3229 18.157355727236045 0.04782411650367314 19.800087921777365 g
2459717.6813542 1614.4618266618447 27.3010578072543 26.3471 18.32703054813472 0.018359528836072236 21.00922630278944 g
2459717.7292361 3032.2937727661133 38.3607615626955 26.3115 17.607071814896457 0.013734908933518732 20.604356937960752 r
2459719.6804861 3019.460994170562 28.1669689849667 26.3492 17.649376440744312 0.010127926237834657 20.977424700230006 r
2459719.7374537 3022.76134814307 28.45303022039 26.3242 17.623190349286627 0.010219614237576028 20.941453676311575 r
2459722.6847106 1553.742632117367 27.2676272336524 26.311 18.33255229444913 0.019053646514952643 20.974456618468444 g
2459724.6970718 1541.3589570558574 26.4953067794222 26.2504 18.280640523718667 0.018662722553197085 20.94505260812071 g
2459724.7361227 2968.3414528307926 31.8075984203261 26.2829 17.601615357412072 0.011633941092597274 20.779147789998426 r
2459725.698669 2838.7030507780883 33.405949037411 25.7611 17.12830008873952 0.012776552609113461 20.204115453563997 i
2459726.6956944 3242.710091315186 25.4780865810126 26.4024 17.625129692278477 0.008530382865582147 21.139557966354772 r
2459726.7150116 1513.1972217010525 23.970574173358 26.3232 18.373461161907475 0.01719858588608766 21.126578896844435 g
2459731.6928935 1637.3933699059987 35.9277250235433 26.2892 18.253817431194275 0.02382245572443005 20.653200693782743 g
2459731.7380787 2919.558564476194 40.7777215016981 26.2853 17.62200702163993 0.015164063763980929 20.51181760051816 r
2459733.7242014 3028.684356347174 33.3846692488439 26.353 17.64986496410897 0.011967485263860565 20.79670729437193 r
2459735.7383796 2959.629657795157 34.8772308688684 26.2935 17.615406573398655 0.01279423912197843 20.689719998774592 r
2459739.7142477 2735.2901879362016 58.9383743180244 25.7403 17.14779148106491 0.023394005242770827 19.566879607543846 i
2459739.7377431 2832.6447484402534 72.0074518914718 26.2654 17.634919721011215 0.027599115830397924 19.874531381835926 r
2459742.6873032 2897.4126231030564 46.9040878950922 25.7682 17.113174130323227 0.017575601010933514 19.84274825161989 i
2459742.7373032 2835.5661478354564 105.986446466958 26.2175 17.585900542691697 0.0405807796150392 19.406949160926313 r
2459863.0278356 2527.2186629080134 130.072766406549 26.1862 17.67959294982434 0.055879613648108936 19.153309046707463 r
2459863.035 2843.9154908037367 136.112870862057 26.2238 17.589008282885665 0.051962776099641034 19.14162700385043 r
2459864.0253588 2601.2586999275404 91.4692294156286 26.1666 17.628641135692547 0.03817695732428085 19.51598743821541 r
2459864.0277431 2627.954473278786 88.0199324330435 26.2026 17.653555406927396 0.036364115746390833 19.593722412038662 r
2459864.0301389 2737.8940831154077 89.7407115798423 26.1959 17.60235839197353 0.03558628917133602 19.566001217019398 r
2459864.0325231 2584.0078914962487 107.693443519075 26.2056 17.674865410875782 0.04524861244171997 19.377701829572434 r
2459864.034919 2571.500105098018 128.332017035027 26.2291 17.703633633982847 0.05418240917770368 19.210837438499986 r
2459866.0280324 2778.0219802961637 76.526903789675 26.2374 17.628060805888047 0.029908064095156107 19.78043963286692 r
2459866.030463 2821.371243505535 83.5675379848795 26.2435 17.617349411164263 0.032157865151220995 19.69098097055941 r
2459866.0328935 2868.4067244429207 84.8022469307643 26.2807 17.63659817011741 0.032097888597235766 19.71225659033703 r
2459866.0353356 2752.343982501879 99.5700391059709 26.2647 17.665443224449934 0.039276773595387185 19.521953294918077 r
2459866.0377778 2785.219472588623 134.943303799407 26.2842 17.672051442896475 0.052601939048935925 19.21139664234766 r
2459867.0278356 2745.404884098358 66.0483521978426 26.2347 17.638183995099396 0.02611953391521273 19.937620021350625 r
2459867.0301968 2690.9256157063105 71.3489937130944 26.2505 17.675745767793117 0.028786972788162356 19.869605358355017 r
2459867.0325694 2744.868857425849 68.6427101725032 26.2472 17.65089600039979 0.027150801843472037 19.90828893384274 r
2459867.0349421 2787.826470184102 82.8615544240972 26.2626 17.64943565658836 0.03226986708118221 19.719292298920692 r
2459867.0373148 2928.9844999354013 102.073073070568 26.2687 17.601907316451804 0.037835890027809925 19.498997013942713 r
2459875.0205903 2886.0605834191297 52.8826939328481 26.2574 17.60663639138034 0.01989380996807547 20.201691062339567 r
2459875.0230903 2829.555741717521 49.9512010457919 26.2679 17.638604365311313 0.019166266342043436 20.27411015158433 r
2459875.0255903 2881.7609922436523 47.1994172991081 26.2689 17.61975510395954 0.017782323898327294 20.33663339645948 r
2459875.0280903 2998.531375405474 52.008870070746 26.2755 17.583228506306646 0.018831228747164055 20.237881442848742 r
2459875.0305903 2936.294994102971 50.1816815632062 26.2833 17.613800788208536 0.018554760942817716 20.28451196362333 r
2459877.0227199 3026.875740379946 66.6781692115427 26.2765 17.57401351845015 0.02391657092070945 19.96911582201688 r
2459877.0252083 2912.9838603556445 57.3169381463179 26.2706 17.609754804031503 0.021362631146833694 20.1274675330007 r
2459877.0276736 3026.1862501341593 53.1558585634747 26.2857 17.583460865834695 0.01907064234390926 20.224397146194555 r
2459877.0301505 3020.1323108069278 60.0987645320828 26.295 17.594935075889712 0.021604758314396108 20.100411128721078 r
2459877.0326273 3096.124519649464 59.4080537653344 26.2939 17.566853953056537 0.020832277114076155 20.111861676843922 r
2459878.0243171 3010.175444018855 42.076196098708 26.3101 17.613620478499787 0.01517590152266259 20.502583812912533 r
2459878.026875 3147.18888697068 41.9815133634347 26.3307 17.585892977394963 0.014482552746477619 20.525629763861865 r
2459878.0294213 3109.4541899618753 45.9302019123754 26.3039 17.572189592618443 0.01603703324437058 20.401229102632467 r
2459878.0319792 3104.6801491125884 43.2560055904368 26.3115 17.581457837857442 0.015126532529594297 20.473958957419704 r
2459878.034537 3108.4646836165884 55.6915310085623 26.307 17.575635156108362 0.019451498205747035 20.195102096193914 r
2459879.0220718 3041.053576846513 46.392001394831 26.3024 17.59483982112616 0.016562613792091754 20.388867217165597 r
2459879.0246296 3096.052324086318 44.1804722287047 26.2919 17.56487927059468 0.015492870816664978 20.431399105227218 r
2459879.0271759 3041.4155563505055 47.6923510197116 26.3036 17.595910592602444 0.01702483088638927 20.360053159814594 r
2459879.0297338 3152.4772404062937 48.1484045306964 26.3133 17.56667010042934 0.016582109500730254 20.359420237403413 r
2459879.0322801 3129.90619792495 47.6475545311941 26.3139 17.57507169473933 0.016527955370935325 20.371373449749385 r
2459888.9762153 1549.1011436637928 54.9204084996233 25.6893 17.71410056357322 0.038491410165133876 19.59254059198011 r
2459894.0208449 3050.532944161997 96.6004459404978 26.321 17.61006070123192 0.03438058400854593 19.611127160982235 r
2459897.9858333 1701.7684577587365 72.8317031678915 26.2677 18.190448825608478 0.046465416472415436 19.86447382405842 g
2459898.0296065 3075.99664342556 54.6380416019285 25.8005 17.08053535694777 0.019284976104899758 19.70933717795569 i
2459903.9853472 3211.4662956773573 46.1068552756842 26.3123 17.545541578860924 0.015587338668379871 20.405461233871222 r
2459904.0162963 1905.1690572069517 35.7664755339289 26.3551 18.15526620173668 0.020382265993819603 20.723984623102602 g
2459905.9513657 636.192295781322 53.7618162841765 24.3743 17.365328986137964 0.09174773779372149 18.300690158015453 r
2459908.9782407 2068.866701961748 73.9914061241652 26.3146 18.025268725567877 0.03882921483188503 19.894221787453823 g
2459914.0065394 3471.254055996993 33.2521186330453 26.3756 17.524383999471816 0.010400225571944872 20.82362668601492 r
2459914.9552431 3134.4513667704796 27.2933563514328 25.8051 17.064696160396878 0.009453774687619975 20.467532625317084 i
2459923.9575579 3768.1548223408154 55.1716279878305 26.3637 17.423378154090845 0.01589633105074414 20.261985491215036 r
2459931.0071412 3757.773269053823 47.2024983433311 26.3765 17.439173568152164 0.013637797914363885 20.444162524989558 r
2459931.0237847 2392.0261873586687 45.5079900576342 26.3905 17.943585175250966 0.02065530263284072 20.497855852830515 g
2459933.9586227 1155.0774598338514 34.2036534218249 25.6166 17.960072227199248 0.032149278131889836 20.033993746227438 g
2459934.9467245 3186.1239808691257 34.8478932659274 25.8006 17.04244332152578 0.011874728650231856 20.197733669419108 i
2459935.8939815 2131.0245287205266 30.9773473881377 26.3166 17.995128878498793 0.0157821299595711 20.84156442397004 g
2459937.8804514 3549.820932850855 48.0406251199589 26.3295 17.45398388485254 0.014693052883332797 20.378053364294566 r
2459938.0451505 3298.9514820697104 27.7360450700177 25.8431 17.04716017902414 0.009128059110959031 20.488063653257655 i
2459951.9240856 1653.460765084063 123.286650295934 25.7427 17.69671526496861 0.08095282274175428 18.767984856808752 r
2459951.9640972 2036.1723563098678 92.9053452145016 26.3529 18.080863657407278 0.04953771864489169 19.685373235651046 g
2459957.9573843 1796.0698309914906 63.2987273644915 26.1551 18.01929195505054 0.03826322736109364 19.904187542873867 g
2459957.963206 3332.8314647341804 57.2655792967286 26.2908 17.48376661817883 0.018654780507305686 20.148640843195178 r
2459965.9166319 2047.3389690651425 36.4791340712572 26.3914 18.113425617809792 0.019344816104999257 20.738863687533957 g
2459967.9409375 3219.260551086245 51.884759414444 25.8211 17.05170968059123 0.01749820569113442 19.786075470946717 i
2459968.9163889 2041.6771144637578 30.3363329440337 26.3976 18.122632348196692 0.016131912555618768 20.9452672838953 g
2459968.9471759 3605.923335085219 44.7163484620445 26.376 17.48345877743905 0.01346355288612767 20.5024091595855 r
2459970.8665278 3564.3847450737153 60.4530365580768 26.371 17.491038559256246 0.01841379830889906 20.17002968823185 r
2459970.8953704 2010.5521845047747 48.2502581504272 26.4128 18.15451162541742 0.02605518308733777 20.456625885996377 g
2459970.9093519 3023.152511796734 43.9660435216118 25.8075 17.10634985752601 0.0157894559619966 19.952281525477005 i
2459972.880463 3437.4053468880115 38.1684964065939 26.3856 17.545023129551616 0.012055469857855283 20.683912359471982 r
2459972.9221759 2053.4472809131257 29.6975483259596 26.4071 18.125891106267876 0.015701707327570983 20.977873494861534 g
2459979.815 1819.096431354111 93.5495707403381 26.345 18.195360695311436 0.05583363652534909 19.669970491545566 g
2459979.9192824 3331.306458267194 58.884327907541 26.3553 17.548763533093176 0.01919088369986571 20.182875682962358 r
2459985.8654398 3092.7105659765934 45.3067806132085 25.8311 17.105251804810116 0.015905003285112698 19.94326698067692 i
2459985.8914699 3367.9790857175085 57.5381443116121 26.4058 17.58737653505217 0.01854796650728279 20.25848536127274 r
2459985.9206944 1991.7406982197072 68.1947671320182 26.4195 18.171418005973685 0.03717304101955192 20.08769736237506 g
2459992.8396644 448.1018296331208 53.3841167847201 24.8042 18.17575820706661 0.1293436709254772 18.738244834360973 g
2459992.86 607.3769747502056 82.9889091946965 24.6423 17.683654189788495 0.14834454129535884 18.097324848502417 r
2459994.8788079 2551.6437234644404 22.8892028973863 25.6792 17.162149911608218 0.009739136916791678 20.532698316920328 i
2459996.8231481 3383.2560229010373 26.5808875933156 26.3851 17.561762840937963 0.008529910082098122 21.076251291958155 r
2459996.8802315 134.21652649098303 29.4195919677969 23.3167 17.997185012169886 0.23798001508840239 17.897683376590685 g
2460016.7531829 2556.247306960619 24.6103416470541 26.0888 17.569792830457896 0.010452606777697144 20.863580882330773 r
2460020.7276273 1946.4207700687693 24.1101518384501 26.3452 18.122108174344696 0.013448475403435215 21.14227512555628 g
2460020.8000116 3461.7243784677353 25.7672751974131 26.4042 17.555968783725007 0.008081385928886178 21.129103749660267 r
2460031.7754167 1816.9264540692077 32.8455473455775 26.245 18.096656629498696 0.01962677722767923 20.706383730547802 g
2460031.7981019 3377.2179790193427 30.2421513458157 26.3271 17.50570226843656 0.009722174855200265 20.87814328296805 r
2460032.6857407 2482.2206329810947 38.9019086431392 25.5665 17.079399046791444 0.01701532960151569 19.84414771509707 i
