jd flux fluxerr zpdiff mag mag_error limitingmag filter
2458303.9643287 1588.5662388329204 58.1507629947482 26.0956 18.093086678941532 0.03974293412516515 19.936786445486966 r
2458307.9604861 1059.928632128253 38.1908610576176 25.8639 18.30070843994265 0.03911944313363756 20.161576363758456 g
2458314.9407986 1391.4709134158277 24.2291295855586 25.9228 18.064114668752495 0.018904862284519642 20.71453045742522 r
2458320.9607292 775.544076574168 22.8920868577728 25.746 18.521983787117954 0.032047100161311154 20.599361526531695 g
2458320.9826852 1557.4765244961677 20.7311638823234 26.1473 18.166246226613573 0.014451469587523726 21.10831577716198 r
2458323.9397685 1046.3828472137243 22.1632996135958 26.0534 18.50417347028816 0.022996071136443374 20.941888945442614 g
2458323.9819097 1656.0330607613853 26.1419362147972 26.1911 18.143427493209195 0.01713872797645486 20.900330612507986 r
2458326.9026157 819.3562368939631 114.349758831989 24.758 17.474318090287877 0.1515208252206876 17.864986856659762 r
2458326.9606944 545.1282764154549 68.5407119823292 25.3213 18.480053225114677 0.13650851408504386 18.98400346053349 g
2458329.9610532 1170.6295425680864 75.1086446951413 26.1035 18.432451300049713 0.06965948883079041 19.666850175699647 g
2458334.9797106 1253.9486325387509 43.0587163691384 26.1374 18.39170063456448 0.03728131053289289 20.304822292029147 g
2458337.9824306 1736.1644258334306 24.9422994195708 26.1925 18.093522866892798 0.015597517191857316 20.952733768148235 r
2458340.98 830.4142485941412 18.65013823835 25.7561 18.457863019064426 0.02438355931350701 20.831969851086377 g
2458343.9367014 1114.065483931885 20.5257376114395 26.0556 18.438323202271896 0.02000312696708803 21.027428057041543 g
2458343.9606019 1677.815150624177 22.1864112399533 26.1415 18.07963972063662 0.014356639153160716 21.028857342495233 r
2458345.8787269 1546.4618897912915 24.0962292723701 26.0761 18.102751945145027 0.016916857954089586 20.873802272175805 r
2458346.9178241 1607.0760415344027 22.5194632267846 26.1367 18.12160893342227 0.015213580809764475 21.007879902977194 r
2458346.9187384 1579.605382304018 21.816359009548 26.1185 18.122128487824693 0.014994897613046716 21.024119309826713 r
2458346.9761806 1033.7413223814915 20.1039749488053 26.0003 18.4642703076436 0.021114455937230037 20.994670153113795 g
2458346.9770949 1058.4562437943853 21.550688285891 26.0031 18.441417727133228 0.02210538452502818 20.922022126120986 g
2458347.9390278 1709.6014359130327 22.8378224401779 26.1809 18.098662815187815 0.014503394359901828 21.036838258975333 r
2458347.9643403 1148.8634033520857 20.0419333161838 26.0982 18.447529011606036 0.018940047126483523 21.09592595714345 g
2458348.8790741 1009.2428922552592 19.9861311848197 26.007 18.497010751227585 0.021500218424992012 21.00775315490226 g
2458349.9118981 1156.0354545841192 17.9878102210344 26.091 18.433572115709744 0.016893396720261224 21.206129246833513 g
2458349.9128125 1128.667257490198 20.2055232885151 26.112 18.480585184016306 0.019436318798794747 21.100899733137354 g
2458349.9607407 1774.9899441366713 22.4848656133337 26.2132 18.090210257533943 0.013753215153153977 21.08604924856639 r
2458349.9616667 1815.784902763413 21.6335358052301 26.2231 18.075438997846376 0.012935193914209244 21.13785622232305 r
2458350.9140394 1772.3140711778103 19.0097241333837 26.1741 18.052748286126523 0.01164514677576244 21.22923545294302 r
2458350.9397338 1104.7097638676817 19.4701342042493 26.1079 18.499779518764623 0.01913509357566011 21.137052626543227 g
2458351.8919329 1767.4346535635307 19.9078521554919 26.2078 18.089441585442078 0.012228998136728363 21.21281397210693 r
2458351.9279977 1142.870370304427 16.4504885194764 26.1169 18.471907566299894 0.0156275775885572 21.329027990563105 g
2458352.9370833 1169.9683498657653 18.145633189478 26.1236 18.453164716712738 0.01683867256415663 21.229244670535742 g
2458353.0012037 1738.2764728895784 26.5136440696933 26.2025 18.10220286963033 0.016560002862268847 20.89640143457663 r
2458353.0021296 1808.003275104034 22.1338199439871 26.2222 18.07920196789511 0.013291285831218448 21.112134057433792 r
2458353.8870255 1805.6604339710655 36.6368390507328 26.1705 18.028909795518956 0.02202884629304449 20.51327999766135 r
2458353.9180671 1815.5468005809098 33.6456209840878 26.2407 18.09318137875865 0.020120137189928753 20.675953618369256 r
2458353.980706 1865.905579212239 20.3348691696453 26.3057 18.128475841806882 0.011832092525713316 21.287671532688805 r
2458354.8492014 1685.6413564950033 51.9877889255321 26.188 18.121087055096297 0.03348466873986401 20.150821621660846 r
2458354.9183681 1734.4388279442785 46.2185576201123 26.235 18.137102531792813 0.028931252690895148 20.325534019220903 r
2458355.8738194 721.2841339041058 127.028871556587 25.3384 18.193134052214706 0.1912079295332486 18.33121888888274 r
2458355.8751968 1850.284062208161 62.6445643172303 26.7842 18.616103980101663 0.036758249648461444 20.544566506319285 r
2458355.9394792 1660.4001108177767 48.852306309923 26.2039 18.15336811577001 0.03194347471740457 20.234262310372532 r
2458355.9413773 1674.3435873555695 51.0349115556255 26.2226 18.162988542109563 0.03309273191857475 20.205506572990338 r
2458356.9079977 1757.1429053605482 57.8325543890644 26.1867 18.074682291643498 0.035733464881345885 20.033844051779162 r
2458356.9181134 1794.1967742274255 66.7259128045693 26.2233 18.088624821185803 0.04037702250530194 19.915138680134508 r
2458356.9774421 1716.0321935362845 61.6235094914383 26.2527 18.16638642212736 0.03898798898229406 20.030908919196108 r
2458357.9215394 1741.505748329393 62.215109013037 26.2446 18.14228771923082 0.03878651788560061 20.01243532308569 r
2458357.9633449 1800.2142771461963 62.5863191163509 26.2417 18.103389495792285 0.03774548814952206 20.003076463706385 r
2458361.8370949 1652.3878586690619 54.2784765079508 26.2103 18.165020011926238 0.03566362560431076 20.12630586578225 r
2458361.8380093 1658.4710149666246 53.4257666458041 26.2086 18.159330285564824 0.03497459667603345 20.1417980819268 r
2458361.9184838 1133.0735005810382 62.6058909367805 26.1946 18.558954793167167 0.05998835534959301 19.95563698836367 g
2458361.9193981 1111.5208620426158 68.0162415406666 26.208 18.593205954128706 0.06643621002758156 19.879043414406894 g
2458362.8980787 1730.716782135316 35.3739156692514 26.2242 18.12863498776275 0.022190493926292514 20.605067148824013 r
2458362.9143171 1704.886101468408 33.9727454513342 26.1882 18.10896157416559 0.02163441282367508 20.61294837646051 r
2458362.9790394 1141.347767079544 50.1605203558173 26.1753 18.531755016229937 0.04771488456113606 20.17696990632141 g
2458363.895787 1096.6533262284702 39.1091452074246 26.1967 18.59652659947878 0.038718524748134364 20.46857917951202 g
2458363.8985995 1077.8665452520588 45.0547777056057 26.1444 18.562987518672152 0.04538221579512622 20.262622860963162 g
2458363.9269676 1633.9966092495893 36.396612261758 26.1729 18.139772122547136 0.024183527498712647 20.522822583917428 r
2458364.8780093 1535.8511882350338 28.5994968151134 26.1333 18.167427154868104 0.020217110830803305 20.744979008814795 r
2458364.8793866 1487.5897567597096 30.0361774838375 26.1359 18.204692051915444 0.02192155313386573 20.6943633343838 r
2458364.9013773 1106.197695330844 41.2049469338654 26.118 18.50841812670415 0.040441424778703654 20.33320159124287 g
2458364.903669 1005.3468123565093 34.4720848028828 26.1095 18.603710236876406 0.03722729510900163 20.518406115495875 g
2458365.8801968 1601.9062639155543 29.8635875423493 26.1984 18.18680725099034 0.020240196149478216 20.763120042286808 r
2458365.913669 1104.627803092301 27.6252643718318 26.1894 18.581360074839502 0.027151905324613344 20.838708881958407 g
2458366.9343056 1167.9967327995005 23.9783007163555 26.1776 18.508995930150515 0.022288796155576284 20.98062898300133 g
2458367.8765625 1630.7599255461953 25.7712869534265 26.1907 18.159724923709494 0.017157575316283154 20.915434722486232 r
2458367.8774769 1574.6814469021792 24.6008474890404 26.1778 18.184818223487696 0.016961614789705697 20.952999817593184 r
2458367.9346181 1082.65246402955 19.1352031825106 26.1581 18.571877328373663 0.01918906646914972 21.206092294071084 g
2458367.9373495 1076.7956966897805 20.6180421604271 26.1679 18.587566721831674 0.020788538106523202 21.134856430788773 g
2458368.8984259 1083.1731441147194 26.0984253418137 26.1763 18.58955529074669 0.026159308461035993 20.887339227135268 g
2458368.921794 1629.9989139544236 24.178372244616 26.2559 18.225431712400777 0.016104586648033548 21.049907340174034 r
2458369.8863194 1659.9132965332583 26.0956511772988 26.2077 18.15748649047302 0.01706839058543902 20.918854642947004 r
2458370.8919329 1142.3506602935186 24.2884868994737 26.2048 18.56030140735683 0.023083989131658593 20.993873838178143 g
2458370.8960532 1171.1401126009139 24.7618655092464 26.2017 18.530177859481153 0.022955372371017052 20.96981658802196 g
2458370.9164583 1743.2982293583627 24.9680584137116 26.2617 18.15827077736919 0.01554973243433166 21.02081305989311 r
2458371.8769329 1189.1143494891758 20.5867604162431 26.2114 18.523340950155806 0.018796380510853965 21.180004963319433 g
2458371.898912 1558.7696968149 25.1626790606718 26.2084 18.226445114194128 0.017526078876176316 20.959082793160356 r
2458372.877037 1669.38303830844 26.6721107831028 26.2376 18.181210008604957 0.017346474723115263 20.925031523315464 r
2458372.9147222 1142.624750815804 26.4779918589989 26.1931 18.548340931901905 0.025158877173621873 20.88846237840645 g
2458373.911169 1193.1500911119429 23.1319227032666 26.2086 18.51686230314253 0.02104875879909755 21.050645658128882 g
2458373.9120833 1181.917123368156 22.7595003133967 26.1995 18.518032438344562 0.02090670234122488 21.059168182013696 g
2458373.9408681 1651.0102543743371 25.9818597092422 26.1994 18.155025573347622 0.01708560259488763 20.915299405558763 r
2458373.9426968 1711.953782099175 29.3886315181283 26.2024 18.1186699105523 0.018637908086576768 20.784526580116786 r
2458374.8642593 1712.7313113980956 28.9905251346312 26.2347 18.150476906552484 0.01837708747963285 20.831634783559025 r
2458374.9018981 1223.6318632622022 23.1710000480777 26.2156 18.496473056378463 0.02055908766966076 21.055813043874778 g
2458375.8753704 1716.054573754117 28.7927540071853 26.2333 18.146972262221496 0.018216374644318384 20.837666972074057 r
2458375.9372685 1205.4263036172445 26.1837684566497 26.2147 18.511848340053156 0.023583123520764946 20.922194609544743 g
2458376.8553241 1666.6641281692448 28.3116900844478 26.2449 18.190279779643504 0.018442829245055685 20.86756050009539 r
2458376.875544 1673.0231330048075 29.0182078369266 26.2407 18.18194513494177 0.018831220935939492 20.83659852184912 r
2458376.9403125 1200.703640633499 23.8293973372451 26.2137 18.515110431367997 0.021547012779437397 21.023492342003273 g
2458376.9412153 1165.0070119270654 22.8997116822624 26.1645 18.49867865176214 0.02134083032882962 21.017499953134546 g
2458377.8574653 1096.806014321313 22.2168253371517 26.155 18.55467544190988 0.02199186269366985 21.040869987330474 g
2458377.9041088 1705.0745731318118 28.8071331994295 26.2134 18.134041554887798 0.01834283673421644 20.8172248873341 r
2458378.8504051 1151.2330400850155 24.2242812549499 26.2112 18.55829188688838 0.022845332997528375 21.003147738644472 g
2458378.8837269 1576.1828139052718 25.1322384335158 26.234 18.239983530463608 0.01731148888729603 20.985997060950467 r
2458379.8731944 1246.3308636271854 24.1305455717598 26.24 18.50091662538622 0.021020528410099916 21.036157136509182 g
2458379.8750231 1222.0058727970495 25.5979747527016 26.2138 18.4961167673179 0.022742706731347904 20.945860973196666 g
2458379.8938889 1666.2719490656693 26.7179299042884 26.244 18.189635291926727 0.017408716814414006 20.92956797384766 r
2458379.8948032 1678.3713558820095 27.3950543920428 26.2652 18.202979852560123 0.017721233414288443 20.923594571534956 r
2458380.8335185 1931.4298084983643 34.134431191777 26.3071 18.09240267561352 0.019187729101957512 20.72669331349558 r
2458380.8569907 1240.49022618769 24.3937183901839 26.2461 18.512116632952374 0.021349833716638657 21.0304799745121 g
2458382.8341319 1670.0300241360994 42.825623807834 26.2022 18.145389302371434 0.027841283747109563 20.37551574486895 r
2458382.8804398 1141.4626858414995 38.5905493839954 26.1861 18.542445702326624 0.036705325531790206 20.472472585829458 g
2458383.8803125 1603.359703414198 47.7296633181676 26.1737 18.161122588869105 0.03231969429828424 20.22930406192744 r
2458383.9231366 1046.2641608001459 55.5947218489836 26.1292 18.580096627357538 0.05769020078569921 20.019191084875292 g
2458384.8772222 1132.4786313493469 90.9550689839919 26.1689 18.533824959766015 0.08719804123655703 19.524407720204028 g
2458384.9716088 1102.656902066385 73.8439748486829 26.1104 18.504298999314017 0.07270838584782947 19.692187324898477 g
2458385.7793171 1589.6031171088905 85.001184583546 26.1473 18.14407823568505 0.05805586634115425 19.576312543859146 r
2458385.7802315 1596.07838515723 79.5366279553253 26.1563 18.148664459459923 0.054103180504252016 19.65745705256517 r
2458385.8765509 1195.284293151643 108.322825751677 26.1521 18.458421968457394 0.09839173206944779 19.31787503749779 g
2458385.8888657 1209.9063922639693 81.2369689559693 26.1444 18.43752057192749 0.07289735615865167 19.622590711629304 g
2458388.8968519 1225.3493251736647 79.9058778125449 26.2111 18.490450210149938 0.0707992486377586 19.707228172049433 g
2458388.9825116 1489.1814831562094 72.8632013432349 26.1475 18.215130931357518 0.0531215158079239 19.74380436755956 r
2458390.8831713 1155.751600207729 48.6574125257053 26.2474 18.590238741456464 0.045708223782396945 20.282102462757525 g
2458422.8161227 1752.7213900424922 51.9049544554558 26.169 18.059717783044935 0.032151835067707 20.13355295340346 r
2458424.8165278 1052.842204026102 47.7090087717348 25.483 17.927091785844393 0.049197943077696295 19.539074005373088 r
2458425.6925926 902.1007902866645 26.6767360870529 25.7122 18.324062341788405 0.0321060935558095 20.399443258328912 g
2458425.7433333 413.33299181043907 46.2189340603047 24.5916 18.050849820999836 0.12140307622065188 18.68212517616949 r
2458428.7110532 1351.5328238679058 29.3105749189367 26.1724 18.345333505968263 0.023545481565455346 20.757414146435323 g
2458428.7514815 1862.421896214925 29.1541334556446 26.1936 18.018404827662746 0.01699542018761822 20.784424645477696 r
2458431.6909375 1954.9918781367605 53.4740565272564 26.1703 17.94243760626839 0.029696687654259882 20.102517162134305 r
2458431.7333449 1418.3747814410901 47.6945056838257 26.1498 18.270322497625187 0.03650792829827273 20.206204109097985 g
2458434.7698495 1447.877661566691 45.088658355554 26.1663 18.264470330759984 0.033810008729366785 20.283706707250165 g
2458434.8103472 1881.1815327078903 69.9938236444516 26.1637 17.977623233280802 0.040396045256404924 19.803625691819917 r
2458436.7166551 1534.3786244597495 46.8989134541362 26.2723 18.307468650798235 0.033184866841509744 20.34696803622828 g
2458437.7117708 1337.5336960509737 42.3288676643397 26.1957 18.379938170323538 0.03435909821102721 20.381683362016176 g
2458437.769213 1915.8969590415638 46.9236445780525 26.2016 17.995669629744697 0.0265906789391623 20.275695647715207 r
2458439.8256366 1706.3549845551652 52.9871153931867 26.0107 17.93052653638538 0.033714034713228196 19.952849296003542 r
2458443.709456 1443.5399286623638 91.2308475998704 26.2295 18.330927997317684 0.06861558123367048 19.58172071468718 g
2458443.8374537 1869.5532736440448 126.902922174865 26.2267 18.047355387360263 0.07369594894543957 19.220595932547948 r
2458447.8147917 1778.0569886042326 92.0394806232031 26.1549 18.030035808864856 0.05620025947034134 19.497539590937055 r
2458456.6877778 1985.1140062301681 34.6879095821469 26.2367 17.992236366011763 0.018971536806017705 20.63882966794146 r
2458456.7604514 1899.0514519632977 36.5952613724597 26.1916 17.995258171357783 0.020921747660393238 20.535612855798707 r
2458466.7150463 605.9928574197893 80.1693697529191 24.9239 17.967731236619983 0.14363186574730394 18.416453815588252 r
2458466.7708102 233.00029670859834 66.1109850736211 23.9572 18.038808814829537 0.3080540991078561 17.659090918340034 g
2458471.6244444 757.3406886940396 166.303649273685 25.7218 18.52357177438308 0.23840772681551134 18.422120541065524 g
2458471.6253588 1225.8571044456835 168.133224203657 25.8053 18.08420037912724 0.14890988587161114 18.493741135921482 g
2458471.6652083 1681.8496580887077 172.047935011755 25.9936 17.929132071851612 0.11106369831803968 18.657051328130294 r
2458471.6661227 1914.2899692411777 113.577605896576 26.1863 17.98128069081926 0.06441615883867009 19.300643214293828 r
2458472.6231481 2088.7720052240775 60.1194130379884 26.2234 17.923672404449494 0.031248813452161264 20.028438159655842 r
2458472.6470255 1592.2864588569341 92.1724366310888 26.1663 18.161246995532498 0.06284774570161969 19.50737231799815 g
2458474.5944676 1577.1121333821734 77.17091144909 26.2313 18.236643567600673 0.05312523871121215 19.765240915061803 g
2458474.5953819 1644.793712023979 77.8777404781636 26.2008 18.16052140742719 0.051405755152783304 19.724841632813618 g
2458474.6619329 2064.36916427031 62.2356699024278 26.2453 17.958331591655945 0.03273119361717917 20.01277656756144 r
2458474.6642245 2030.8195453315993 59.3037139117883 26.2166 17.94742166360583 0.03170446253683037 20.036470259084467 r
2458482.6457986 1520.0413913061607 45.0791913905107 26.1862 18.23156146472505 0.032198121954180176 20.303834695979262 g
2458486.6479167 1547.563408435546 50.78417944994 26.1867 18.212578868904505 0.03562786721904857 20.174953889930993 g
2458487.6222801 2113.839551865409 32.2395590132383 26.2624 17.94971995078336 0.016558725656251456 20.744002257399515 r
2458487.6656481 1484.09076175974 32.6226666392816 26.1562 18.22754884581282 0.02386540640430315 20.624976343613977 g
2458488.6067014 248.22934161123672 58.9226487857886 23.9734 17.98626721153831 0.2577145770580202 17.80026933487421 r
2458488.6477083 557.8458507752886 34.5306244304592 25.0725 18.20621448207553 0.06720476434851397 19.479563909326664 g
2458490.6017245 1574.9839738050339 48.8057893070583 26.2109 18.21770965250095 0.03364379976683661 20.242296637279022 g
2458490.6269907 2010.5788097148697 59.4157965792517 26.193 17.934697247395615 0.03208415906623513 20.01082017909942 r
2458491.6129282 2008.0809172110046 38.7506371745281 26.1998 17.94284697733574 0.020951131211792887 20.48167786920855 r
2458491.6138542 2023.2882210539815 40.8883634285512 26.1968 17.93165561697642 0.021940767366921594 20.420375668886447 r
2458491.6271875 1598.2443582469136 34.8468722273966 26.2166 18.20749204984366 0.023671755186912172 20.61376548180822 g
2458491.6294907 1483.9145865607093 33.5687797815728 26.1702 18.24167774031923 0.02456045957019949 20.607936101616406 g
2458492.6265509 397.09419593169474 66.6924864692503 24.5421 18.04486615172621 0.18234472651954894 18.23448271579084 r
2458505.6665972 1303.98438351865 124.161666773267 26.0557 18.267519024179514 0.10337725153731338 19.073306154117468 g
2458509.6715394 971.5785214664983 92.4296746120011 25.8949 18.426205236601408 0.10328645138715108 19.23294642877068 g
2458509.6724537 1061.2564368122137 75.7538282963383 25.8761 18.31154915656127 0.0774986407888216 19.43016352606029 g
2458510.6274074 1352.87341433571 56.8251500181717 26.1334 18.305257093922393 0.045602984522408276 19.999623511824353 g
2458511.6290278 1159.0785633106225 45.4186307384852 25.9015 18.24121781549237 0.04254328304712032 20.010989896269457 g
2458670.9578472 1445.9322667463584 24.1893163390726 25.9711 18.070730126641187 0.018162912159382632 20.764616003906763 g
2458670.9811921 2018.865156193978 32.3239671634195 26.1075 17.844731718585134 0.017383098143852763 20.586263346879324 r
2458673.9820255 1568.2928370630927 42.8227426955666 26.0683 18.07973210277955 0.02964538933407515 20.241688790696383 g
2458679.9474653 1421.8406023045923 63.4514195973443 26.0427 18.16057272037238 0.0484507237626901 19.789171631656966 g
2458682.9183681 1938.4354135491053 56.5086814296122 26.0773 17.85867166152781 0.031649997208728665 19.949587055127047 r
2458682.9601852 1339.7727569204721 84.8688996123146 26.0266 18.20902214361151 0.0687744722626566 19.457303560995264 g
2458684.9861343 1938.785279937404 52.921685095721 26.1348 17.915975715701833 0.02963560436681228 20.078290828559037 r
2458690.9228125 1747.5254484434345 33.9886344346467 26.0141 17.908041227742423 0.021116408026312292 20.43834069857691 r
2458690.9625579 1280.3835624638573 32.0623723007061 25.9653 18.19694977488792 0.02718725749641076 20.45288585732503 g
2458693.9810417 1951.343510356057 25.3141872928111 26.1344 17.908565678999267 0.014084456682252805 20.8785650166485 r
2458696.9392824 1558.5014993125137 24.0325478597642 26.0626 18.080831938965385 0.016741810786101752 20.863175449501522 g
2458696.9817593 2036.6523037670754 23.7900442637232 26.1159 17.843607768005413 0.012682013031556826 20.92748686394564 r
2458699.9568981 1573.488041769296 24.5982417972278 26.0557 18.063541383248594 0.016972681336186405 20.831014823540777 g
2458704.9188542 1493.4539822890533 28.572791128006 26.0685 18.133020386860935 0.020771633873933455 20.68119332307499 g
2458704.9618171 2005.9793010827375 27.2923898959797 26.1357 17.87988388151922 0.01477151219560017 20.798171071825482 r
2458707.917419 1522.367607645337 37.3928261411585 26.0746 18.118301163435785 0.026667272173669158 20.395204263481773 g
2458707.9798032 2070.400520259538 26.0134377073698 26.1617 17.87156407969978 0.013641220161281149 20.876280617831423 r
2458711.9072454 2063.5520388514633 58.5490924364701 26.1531 17.86656143642235 0.03080452950130384 19.986874570395095 r
2458712.0010532 1644.2066632313813 72.7340157414521 26.1254 18.085508990316903 0.04802761274260927 19.72363107364097 g
2458716.9397801 1945.8491247749112 53.3442494406948 26.1301 17.90732709158993 0.029763793544097028 20.064955966815067 r
2458719.9381366 1919.8013126040305 32.4995224085075 26.1194 17.911259289314977 0.018379366264239173 20.592282541856903 r
2458719.9825694 1403.0537940495424 40.8652137261883 26.0651 18.197414193756607 0.0316219967692529 20.289290552577935 g
2458722.9171875 1493.1119242492464 23.0152717060915 26.0391 18.103869090429647 0.01673530301746645 20.886634723383505 g
2458725.9393866 1491.291358360254 23.6082494474857 26.0803 18.146393746889807 0.01718743710371812 20.900215525855664 g
2458725.9823032 2033.511427502675 28.1210732287558 26.1556 17.88498345673785 0.015013955068821474 20.78559526084097 r
2458728.7856366 1423.9599193156882 51.2279238341157 25.844 17.96025558690416 0.03905879382716602 19.822808101306805 r
2458732.8988079 1537.1089415582228 25.5383947599565 26.0535 18.086738377703274 0.018038432046837798 20.788090999676474 g
2458732.9617245 1280.4090398169242 35.3494076553921 25.6737 17.905328170885625 0.029973899510227373 20.055319637190454 r
2458735.8770949 2039.675101475748 32.580374391364 26.1133 17.83939751387846 0.017342228892783532 20.58348481261967 r
2458735.9207407 1692.4045058680117 25.5380496929781 26.1017 18.030439567677362 0.01638299854173792 20.83630566991108 g
2458738.876412 2122.5959135116955 56.7861345952083 26.1138 17.79663169055722 0.029045898909706894 19.98076922047583 r
2458738.9197917 1699.3249038053327 71.3434235985049 26.1067 18.031008944764253 0.045581368711448 19.72589012354705 g
2458744.8785417 2182.908450203203 68.2483438210482 26.1375 17.789911194860572 0.03394426682420624 19.804844697061373 r
2458746.9807639 1678.271880308841 45.2929197908562 26.0987 18.036544205083587 0.029300689354267995 20.211199193624775 g
2458746.9812269 1679.8328475646895 44.2280695772898 26.0943 18.03113482692327 0.0285852340663998 20.232630028833768 g
2458747.8154861 1558.8271334527126 39.0034075705864 26.0033 18.02130510835594 0.02716529542669154 20.27811861105175 g
2458747.8987731 2047.4794649650817 35.9973741703351 26.081 17.802951113170476 0.019088029846198895 20.442897933417118 r
2458748.8869097 2232.5269692728766 32.7314550865274 26.0833 17.711308215157167 0.01591763113124536 20.548461708092596 r
2458748.8873611 2137.3946967945085 30.7166148710288 26.0701 17.74538818123937 0.015602653461941373 20.604241607883534 r
2458749.9354514 1648.7534921693668 29.1797569226479 26.1092 18.066310678950142 0.019214796051309577 20.699070814782512 g
2458749.9359144 1733.1514988921563 31.3209336351932 26.1216 18.02450868228454 0.019620406911609056 20.634588240866872 g
2458750.813588 1903.8933881205812 32.0253085626448 26.005 17.805893435896802 0.018262512871472483 20.493841682040205 r
2458750.8578472 1408.6911641336073 36.8494122808942 25.9512 18.07916052363915 0.02840041020486754 20.2876985751716 g
2458757.8229282 1971.4544064033262 33.5200060259991 26.1317 17.894733155881426 0.01845980836494268 20.571014769078054 r
2458760.8155787 2010.3146001064179 33.8883459313024 26.1283 17.870139933067037 0.018301900197942835 20.555749059869616 r
2458764.8781713 1611.6158190808774 26.7887073183482 26.0654 18.047246195934058 0.018046794522107546 20.748095595775233 g
2458764.9159028 2025.604344775131 32.7227918504569 26.0823 17.815913450328548 0.017539029872087407 20.54774911462608 r
2458766.8358102 1776.7140798882917 67.2809419307111 26.1718 18.047756139993837 0.04111349118073391 19.854644831812003 g
2458766.8362616 1640.5264609723704 66.3460995351914 26.164 18.12654190060476 0.043907832015499845 19.862036499347802 g
2458767.8985648 1707.0117044804297 122.504511714879 26.1204 18.039808752611762 0.07791577996785141 19.152594780127068 g
2458767.8990162 1616.1756635224142 123.982382415368 26.1155 18.09427859288825 0.08328777349300695 19.134675045677227 g
2458767.9622685 1452.4174177479536 95.3747657421816 25.8937 17.988471378903395 0.07129381808629337 19.197691278515464 g
2458771.6912731 1352.1825618516746 139.622042701889 25.903 18.075411672886354 0.11210590643459951 18.793190020302937 g
2458771.9385648 1792.6618753695461 192.326018561711 26.0215 17.88775404395434 0.11647949968780649 18.56397988629373 r
2458773.8159375 2067.872427680473 41.7736249385164 26.0755 17.786690643712387 0.021932506081441542 20.275819581312703 r
2458773.8163889 2100.524482430259 43.3646910499427 26.0755 17.769680630563247 0.022413947310174216 20.235234347601978 r
2458774.7302315 2051.464009006782 54.328893917758 26.087 17.806840244789058 0.028752578581706364 20.001997830859843 r
2458774.7522801 2200.426729845482 67.5869924181723 26.0481 17.6918327201652 0.03334771236557488 19.726017186605493 r
2458774.7527315 1986.047750180741 66.8587402454044 26.0447 17.79972578513192 0.03654923920023052 19.73437951580334 r
2458776.8080093 2092.374997208544 43.4311882306892 26.0703 17.768701195516158 0.02253575058245622 20.22837071077094 r
2458776.8084606 2202.490305728614 46.4101254307883 26.0831 17.725814986152255 0.02287750054978698 20.169143133732632 r
2458777.7826852 2083.0958686803424 49.8258333903574 26.1028 17.806026855998645 0.025968995534603606 20.11173856047743 r
2458781.7228125 1526.707280629702 36.5369167424554 26.0568 18.097410558298073 0.025982800377373202 20.402545250271874 g
2458781.7916551 1977.2225598257996 58.592962937475 26.1021 17.86196110736312 0.032173606124958065 19.935061339086552 r
2458785.8160995 1527.9819207682008 40.4078969921361 26.0451 18.084804460861978 0.028711631445420424 20.28150936815585 g
2458789.6907986 1565.900200291271 32.5186457379634 26.0385 18.051589800848355 0.022546451984066254 20.510743862166706 g
2458789.7518981 2049.973402694725 39.5719265839302 26.0886 17.809229434114087 0.020957950301061033 20.34770700246369 r
2458792.6742361 1961.0890164302791 44.7156079829901 26.0246 17.793356731706297 0.024755498185137247 20.151027138951047 r
2458795.7940046 1966.8195050121903 84.7520662549277 26.0767 17.842288733620492 0.04678381422315857 19.508899251406536 r
2458798.7098495 2069.9459366014025 117.978531394572 26.105 17.815102493534397 0.061880500968732426 19.17806752481707 r
2458801.689294 1533.956745581338 63.537488684017 26.0381 18.07356721605917 0.04497040197707417 19.78309987575191 g
2458801.7514352 1886.09468966112 72.3242837210954 26.0834 17.89449126923397 0.041632307893354835 19.687764636125756 r
2458805.6897801 1514.5462735345043 32.167851700793 26.0518 18.101093633107954 0.023059471474613426 20.535819844337805 g
2458805.7311574 1906.8994442136825 40.4843309514554 26.1035 17.90268051958024 0.023049898224769615 20.337857572978166 r
2458812.6482176 1547.4415633633248 30.7713193110345 26.0024 18.028364356073386 0.021589455890907962 20.53460969693105 g
2458812.6891551 1950.7536725452483 34.2716346836511 26.0798 17.85429391699078 0.019074019595458142 20.495037939556113 r
2458820.6246412 1586.5787998696892 48.8196097346001 25.7665 17.765345882815772 0.03340738593835281 19.797589230829576 r
2458820.6686574 571.0483494043017 52.8530213169019 25.0627 18.17101779860366 0.10048628159703098 19.007600442702525 g
2458838.6447917 1491.7304977525935 53.5630126851541 25.9215 17.987274078068296 0.0389838264752811 19.851912498680555 g
2458853.5852199 1451.871994992507 87.4682821029286 25.8363 17.931479179335994 0.06540818626344513 19.234248496744573 g
2458853.6450694 1554.2976702531375 116.036444441426 25.7917 17.812864509898862 0.08105317928549595 18.882788957170305 r
2458860.6458912 2312.944058183232 66.4912397394092 26.199 17.78858717781852 0.031211104622123852 19.894663912873938 r
2458863.5852315 2342.2305836170917 45.4593628109746 26.2279 17.803825881332603 0.021071892130985738 20.336416628990314 r
2458863.6240162 1832.134309142994 35.6132845490693 26.176 18.018606731171488 0.021103989397486252 20.549544914862388 g
2458871.5878125 2372.4976161613217 72.0468445739335 26.2449 17.80688553817739 0.032970005373695946 19.853437577087764 r
2458872.6500347 1574.267769697927 39.8624441596279 26.1227 18.130003489644388 0.027491292432679604 20.3738651794595 g
2458875.5916667 2265.8884097541027 59.4832047503828 26.2104 17.822303705093027 0.028501366227694776 20.026989092228774 r
2458875.6285532 1650.9916241539788 36.8888126545672 26.1173 18.07293782500918 0.024258259892497403 20.452638297275396 g
2458880.6328125 1640.5413333933989 66.4338890362658 26.1109 18.073432057756655 0.04396553250961449 19.80750079725702 g
2458880.6483102 2029.5673363076553 61.0766648976899 26.1522 17.883691338075757 0.032672448897438346 19.94008670340179 r
2458885.5989931 1520.165130549673 95.6922199555335 26.0692 18.114473083770832 0.06834326160879396 19.369583414512284 g
2458885.6293403 2002.8956795144782 89.488177343758 26.0684 17.814254175681516 0.04850842464529654 19.44156083253284 r
2458896.6063889 2090.1467949817934 96.3993226716518 26.1589 17.858458028727398 0.05007339430698887 19.45129003305945 r
2458896.6111921 2038.568686436518 63.6255056052908 26.1494 17.876086627701728 0.03388564334146381 19.892896872871965 r
2458896.6159954 1985.1955262230829 57.6835796745718 26.1233 17.87879178046648 0.0315470499633017 19.973244480171285 r
2458896.620787 1887.5359574426118 61.1029013791323 26.1249 17.93516191584274 0.03514604305456836 19.912320407783078 r
2458898.605706 1699.1266137243406 86.6381120265437 25.9786 17.90303564406781 0.05535961679809159 19.386902539667457 r
2458898.610625 1786.1556315136665 64.932339276276 26.1108 17.981001757007704 0.039468588015765776 19.83222236614263 r
2458898.615544 699.4492832956532 75.8718905865358 24.9701 17.85820942624477 0.11776995641724441 18.522472724133888 r
2458898.6204514 1051.7405211393811 59.9520571557178 25.4384 17.88362848348163 0.0618878393916486 19.246464764690863 r
2459036.9652894 1665.1103347248736 85.3916656157522 26.1291 18.07549245918611 0.05567783072725965 19.55313627712485 g
2459038.9849769 1901.9953731149938 86.6080241614439 26.2353 18.03727635970717 0.04943772900881532 19.643979661899557 g
2459048.9202546 2152.7114060117947 31.6196983313539 26.19 17.857535470236275 0.015947101122091998 20.692680683617716 r
2459048.9611921 1817.4188676724002 29.7970922903874 26.1981 18.049462418997138 0.017800356139752036 20.765240273923354 g
2459051.9200231 2045.4533503024084 38.2627342935828 26.1775 17.90052605200931 0.020309361059933796 20.473134984355156 r
2459051.9594329 1648.6215817244936 30.4236676847526 26.1492 18.106397548015778 0.020035511103029955 20.693746067494615 g
2459054.918588 2215.6772492559585 30.100096403185 26.2124 17.848633754123064 0.014749293777291816 20.768555272824493 r
2459054.9593403 1921.5047640856556 25.5078458137375 26.2125 18.00339633607409 0.014412594086464772 20.94839053125859 g
2459057.9186458 1651.503566691137 29.1194260264802 26.1308 18.086101210104584 0.019143138092212283 20.722917963312014 g
2459057.9591551 2282.1785399068913 30.9421064436936 26.2378 17.84192595691188 0.014720077495465675 20.764000299645176 r
2459061.9114699 2169.477519088882 28.1741841419559 26.1609 17.82001211457008 0.014099575337276554 20.788846617273794 r
2459061.9309838 2201.7289941750305 29.4960375611871 26.2226 17.865690345991887 0.014544863634400157 20.800765795053103 r
2459063.8972106 2003.066811174268 73.4314539368023 26.2155 17.961261412037643 0.039801233336020855 19.803369670939233 r
2459063.9398611 1763.4719823496978 75.806513392611 26.1926 18.07667858978933 0.046671074116354745 19.745908683228173 g
2459064.9368171 2228.974140281399 63.9723954344824 26.2152 17.844937425028924 0.031159997986539748 19.952793456414042 r
2459073.9186111 1720.6298487038694 34.0354873012256 26.1742 18.08498136856714 0.02147604761754912 20.596945056728472 g
2459073.9589699 2197.7054631467186 33.1648579538747 26.2241 17.869176280579044 0.01638394538500446 20.674979635306176 r
2459075.9535301 1523.7082041195988 30.703357199854 26.091 18.133745485171683 0.02187730880607964 20.625610326227857 g
2459075.954456 1536.6083254764594 23.4960801068704 26.1821 18.21569204524146 0.01660129894462166 21.007186453688497 g
2459075.9549306 1557.139458970141 25.6622091855998 26.1872 18.206381224602637 0.01789272011078101 20.916539887139773 g
2459076.9181134 2016.1820698426238 32.8562622986052 26.15 17.88867562952759 0.01769286837293425 20.611029596845835 r
2459076.9605787 1552.7639948997682 31.4601690711175 26.128 18.150236369534873 0.021997100443275724 20.636172358535866 g
2459081.9381829 1736.06421670592 23.7049417488196 26.0582 17.95928553596734 0.014824598657719503 20.87367775804585 r
2459081.960162 1265.9769612115024 23.5007152607838 25.9327 18.176635494307238 0.02015417921524902 20.757572287833348 g
2459082.909537 1238.1212947177653 19.4477793840467 25.9638 18.231892017033296 0.01705362323331385 20.994199941112605 g
2459082.91 1236.7184748920115 21.0585311172744 25.969 18.238322878485743 0.018487026512659804 20.91300480208261 g
2459082.9151389 1187.4064664731122 24.6970005254813 25.898 18.211501475719732 0.02258159630051351 20.668964461712534 g
2459084.9066435 1499.6758430221623 17.3234914331832 26.1666 18.226606510361627 0.012541453365751824 21.322586425072963 g
2459084.9071065 1521.544057890062 19.8677460415713 26.1668 18.21108866918877 0.014176659404293449 21.17400348912976 g
2459084.9169329 1486.4252699528847 26.1318441000919 26.1056 18.175242300175384 0.019086962333712924 20.8152498427373 g
2459085.9256366 1499.44578849074 18.7278844780328 26.1418 18.201973078153813 0.013560252950702645 21.213153184724366 g
2459085.9261111 1483.8167856199525 19.073633553755 26.1558 18.227349300719386 0.01395606529727975 21.207291402582264 g
2459085.9265741 1441.4681648155415 22.3851862486874 26.0754 18.178387361679917 0.01686030763871219 20.953073208807496 g
2459088.917419 1820.8549744347042 29.1072875225076 26.093 17.942311607658375 0.017355463508562773 20.685570649463173 r
2459089.8941667 1475.8936577892348 26.2372586354134 26.1011 18.17846233375386 0.01930070743927287 20.806378848158104 g
2459089.8946296 1424.4438322962915 25.1699288034783 26.1117 18.22758667723133 0.019184323791752177 20.862070021435272 g
2459090.8887847 1569.8767696989303 33.9889107663821 26.1951 18.205436092448586 0.023506151012182976 20.61933187144528 g
2459090.8892477 1568.7210659568964 32.6640637002475 26.2006 18.211735678452982 0.022606551750311704 20.667999454507996 g
2459090.9151042 1516.1132065811255 22.6174933929832 26.149 18.197170922950708 0.0161965560818086 21.01546380885307 g
2459091.8842245 1712.429506771697 51.4662954519619 26.222 18.137968243676717 0.03263022317195134 20.195767717100324 g
2459091.8846991 1888.062135295422 49.2082226014202 26.3322 18.142159293405395 0.02829640311069664 20.354680792604825 g
2459091.885162 1856.244376478673 46.4565828803228 26.3267 18.155112122596584 0.02717202146026055 20.41165683402275 g
2459092.8880093 1595.521397669726 60.2142176636943 26.2378 18.230543417680295 0.040973800923605974 20.041127368828633 g
2459092.8884722 1618.1690745405576 60.1211713208981 26.2543 18.231740257637878 0.04033790827551936 20.059306406127305 g
2459092.9025694 1703.6837783521369 63.4075122087964 26.1975 18.119027529294765 0.04040746110271486 19.944723204173428 g
2459094.8967708 1785.870958033457 112.770549315519 26.1495 18.019874813000932 0.06855757681768923 19.271585749344382 r
2459094.9684144 1571.9747585608216 112.591388690884 26.1009 18.109786079433896 0.0777623623000198 19.22471204988416 g
2459099.8956597 1475.966434650864 76.1404381699264 26.0735 18.150808797020353 0.056007827671666156 19.622036559795127 g
2459108.8864005 1617.8114031361065 28.3603421189261 25.9022 17.879880269465808 0.019032393626865565 20.522996325256713 r
2459111.8570833 1435.5175406947208 26.2242867230914 26.0227 18.13017874114686 0.019833758409863393 20.728515777638307 g
2459111.9016435 1905.261430050289 26.3598688567399 26.1242 17.92431356068171 0.015020988283485654 20.824416875999166 r
2459113.8538773 2036.6086968918137 25.5379491942521 26.1158 17.84353101501229 0.013614078876572904 20.850409942567815 r
2459113.8543403 2058.231207115034 26.0960453488833 26.1184 17.83466460316837 0.013765448865676978 20.829538243159732 r
2459114.8382407 1503.488177341485 23.4478137529565 26.0855 18.14274995654674 0.016932152693477948 20.912819099601457 g
2459114.8981829 1943.7827287807118 27.7966309408311 26.1214 17.899780702646098 0.015525810454849945 20.763994586817393 r
2459115.8516204 2188.156927414536 24.6437396997601 26.1893 17.83910383762635 0.012227508848573912 20.96260845691719 r
2459115.8520833 2212.325891685488 28.2304303592508 26.1976 17.835477244801965 0.013854097335401017 20.823381242143412 r
2459115.8767708 2208.728945636432 32.2668469903596 26.2233 17.86294394327435 0.01586075821872255 20.703983665020306 r
2459115.8949653 2130.0736850492403 31.6662166544471 26.2227 17.901713432181587 0.016140292076768446 20.723784542148497 r
2459115.9188426 1694.5466886357158 29.1289200523486 26.1626 18.089966152139503 0.018662966746756604 20.75436403025127 g
2459116.8125116 1577.4987952184101 27.3115659085497 26.1342 18.13927740941749 0.018796950715139513 20.795908486343926 g
2459116.8778356 2141.577847179733 27.9238095026915 26.2386 17.9117653355219 0.0141563287166968 20.876238322733187 r
2459116.9126273 2152.4716389888167 25.4702316641491 26.1882 17.855856405274388 0.012847105632833082 20.925692751406974 r
2459116.9130903 2154.204867078121 28.081356583665 26.1816 17.848382493065472 0.01415275274363191 20.81312977836374 r
2459116.9168287 2136.072800875202 27.8077815532622 26.2383 17.914259874802063 0.014133838706249529 20.88045913131158 r
2459117.8328356 1653.869514815221 21.5640262395966 26.1955 18.14924689480506 0.014155931334731538 21.11375036011919 g
2459117.8553472 2209.5104611939782 28.0843681552752 26.2392 17.878459844692934 0.013799979245043 20.870613345348815 r
2459118.7999769 2137.139187428007 30.916272168242 26.2137 17.889117980547415 0.015705947881408666 20.7408071843855 r
2459118.8004398 2216.3105529280715 32.4669445849185 26.218 17.85392346413095 0.015904522806732314 20.691971439780545 r
2459118.8009144 2120.136956583605 33.8860405770233 26.232 17.916090209037378 0.0173526875894649 20.659522922776695 r
2459118.8359491 2241.6265950269026 29.520366519035 26.2792 17.90279182371629 0.014297770199916663 20.85647062591267 r
2459119.8574653 1656.895031352176 44.1835904787203 26.201 18.152762511010394 0.028951818476755695 20.340422476859644 g
2459119.878912 2141.1073862091293 36.8390600672164 26.2569 17.93030387582217 0.018680131492979816 20.593703637087128 r
2459120.8434722 1767.2236535281893 58.3161357603342 26.2846 18.166371210632377 0.03582672089556486 20.122703143339066 g
2459120.8439468 1614.3241768720736 57.8389460097835 26.2907 18.27072312247087 0.038899091386028456 20.137724063467353 g
2459120.8444097 1591.206356982731 62.3428871299346 26.1869 18.182583737106917 0.04253733166659576 19.952507712163005 g
2459120.9577315 1528.1476023556825 29.445175574826 26.1366 18.176186739085594 0.020919855563891903 20.71663961850556 g
2459120.9981366 2018.381574033249 50.1718678942087 26.1448 17.882291817953575 0.0269877597345947 20.146224313975132 r
2459121.8461806 1688.4199941736815 70.9111100904497 26.2768 18.208098783991474 0.045597773356669785 19.90258927874212 g
2459121.8466435 1635.7839644441863 68.7557396950563 26.3075 18.273185133759917 0.04563445308762817 19.966802592400843 g
2459121.8471181 1617.3150128998254 78.0994554985346 26.1701 18.14811345511987 0.052427992171251166 19.69105497408278 g
2459122.8387037 1368.7122249318456 109.810164205973 26.1298 18.28901963434324 0.0871044278751594 19.280768636728475 g
2459122.8391782 1655.5196176784991 102.652825607608 26.2004 18.15306417137969 0.06732035765209735 19.42454771865614 g
2459126.780162 1549.3603764665797 91.9262575848595 26.1374 18.16201888731984 0.06441647751925375 19.481376039437315 g
2459126.7810995 1513.8859503626152 91.7520917321924 26.1462 18.19596710369136 0.06580102415890764 19.492235054332095 g
2459126.8572569 2153.8191319335438 85.6548595529347 26.2359 17.90287692402181 0.04317701502314011 19.65659497087242 r
2459126.85875 2188.2832831528785 78.4777392336816 26.2266 17.87634114329341 0.03893612958704653 19.742308780386157 r
2459128.8194213 1189.49900524352 62.0512025025097 25.9464 18.257989792047937 0.05663644127485645 19.717099483672836 g
2459128.8227199 1263.0128596694917 60.5717449193518 26.0315 18.277980568870845 0.05206815034025007 19.828399777226792 g
2459128.8320255 1443.0416079125446 59.6398907533048 26.1476 18.24940286626088 0.04487121440976999 19.961332891027162 g
2459128.8324884 1368.6562869421764 55.1042349945275 26.1471 18.30636400827415 0.043711973929716146 20.04671254538458 g
2459128.8787037 1590.986578742676 62.7036730691357 25.9489 17.944733709907084 0.04278941052096164 19.708242534733298 r
2459128.8810417 1521.6752953602825 63.7715930446366 25.9322 17.976395025414604 0.0455003894586913 19.673206824147766 r
2459128.8922801 1084.552842086036 75.1065832148832 25.4738 17.885673208093344 0.07518602527430378 19.03717997592407 r
2459128.8927546 1054.5048032929772 78.0904717515431 25.4255 17.867878594247262 0.0804006059677424 18.94657987303811 r
2459129.8485648 1553.2284393924178 42.3770875864227 26.2148 18.236711665457065 0.029621401994529898 20.39954722411545 g
2459129.8495023 1660.2364080441057 37.6125226767709 26.3137 18.263275166347412 0.02459644642914332 20.62794383269383 g
2459129.8509028 1629.9868399178117 39.9895203940774 26.3155 18.285039754901376 0.026636179647952878 20.563209500297436 g
2459130.7985417 2113.088305790998 32.413296655071 26.2749 17.96260588359212 0.016653878629666354 20.750666979128347 r
2459130.803831 2083.2852149965142 31.5291901626835 26.224 17.927128170762362 0.01643137555684268 20.729792949413138 r
2459130.8043056 2071.7629973680623 29.2026102434083 26.2064 17.91554981973784 0.015303523608417717 20.79542080885708 r
2459130.8652894 1603.212130846099 37.2884205212962 26.2225 18.21002252418221 0.025251828738724516 20.546140019856523 g
2459130.8888889 1661.575906648653 35.9787977134071 26.3075 18.2561995345704 0.02350911596704197 20.669958372566988 g
2459130.8903009 1588.2629092226389 37.5721044399983 26.2929 18.290594015203894 0.025683426562212838 20.608311186949795 g
2459131.8371412 1265.1136895489008 35.3510878391848 25.9572 18.201876112060056 0.030337728841340946 20.338768032562736 g
2459131.8732986 1338.5270617499418 40.9369554149833 26.0831 18.266532110034866 0.033204597623854734 20.305386139291503 g
2459131.8737731 1294.025315672235 37.2251454020874 26.0653 18.28544306815359 0.03123226406281772 20.390783982185994 g
2459134.7898495 1424.8253446118324 30.4990070047303 26.1774 18.29299592075288 0.02323988131615995 20.71926073992303 g
2459134.790787 1546.8779061124123 29.3576281178267 26.1842 18.21055990869631 0.02060510187751572 20.767472577070865 g
2459134.8171296 1962.5248373298973 34.2694042134913 26.2213 17.989262095505104 0.01895838026957576 20.63660860385435 r
2459134.8199306 2031.7728558095257 33.0604700095189 26.2116 17.94191211521059 0.017666222967150237 20.665902430417304 r
2459135.7829861 1595.6588600101359 20.9679149880674 26.275 18.267649879974606 0.01426674953717875 21.223686871293758 g
2459135.7834606 1564.4411555257568 20.8026552052069 26.2792 18.29330191911977 0.01443674802118263 21.2364780619244 g
2459135.7931481 1520.0966257611362 24.6292136945843 26.198 18.24332201253756 0.01759094576953032 20.971948621920518 g
2459135.8897685 1996.8707594735026 31.4837680710623 26.2401 17.989225106055365 0.017117746270051446 20.747458228025447 r
2459136.8127778 2143.1252499830243 28.8056852933371 26.2647 17.93708111720767 0.01459286270049957 20.86857946005271 r
2459136.8490972 1559.325445612771 24.0071151511532 26.228 18.24565808521045 0.016715256582864525 21.029725050201158 g
2459136.8500347 1642.777952399756 25.8900679072028 26.2267 18.187752836032722 0.01711055756853135 20.94644201528552 g
2459137.7398611 907.247416046858 25.6757292022988 25.6282 18.23388565012546 0.03072606072156181 20.35696802265049 g
2459137.765544 993.6366566318052 21.5891611303574 25.7679 18.274830987868256 0.023589460073547334 20.684885569930984 g
2459137.7660069 908.0092924001065 20.5575779657874 25.7493 18.35407426741579 0.02458054403656978 20.719445124107644 g
2459137.8449421 1750.5828139512384 28.1474073699227 26.1064 17.99844334864936 0.017456837767388423 20.73537899268269 r
2459137.8538079 1923.1206672601784 29.000008054897 26.0955 17.885483662153263 0.016371988134295287 20.692079692843873 r
2459137.8542824 1813.3579778644405 26.3447632618661 26.0738 17.927591131701952 0.01577322835455396 20.774639238438244 r
2459138.753912 1249.1216744948442 33.4523920204726 26.0135 18.271988139477052 0.029075840054824872 20.455007045324137 g
2459138.7571875 1219.5114409345942 32.5136596102616 26.0261 18.310635302415285 0.02894608369709773 20.498510352324146 g
2459138.796088 1930.755319192313 32.0051224446167 26.182 17.967681900038315 0.017997081811825008 20.671526256532612 r
2459138.797963 1873.1826627775229 32.7635375351842 26.1869 18.005449676198438 0.018989804576348614 20.650998021314855 r
2459138.8291782 1964.1084071967284 32.3996510544135 26.1758 17.942886363485673 0.01790955174413315 20.652024157004437 r
2459138.8296412 2058.199374665098 33.7023069471095 26.1795 17.89578139521317 0.017777964128684404 20.612925915015087 r
2459139.7122106 1262.014413777298 27.1485531213472 26.0118 18.25913921219842 0.02335566361371845 20.680008266977538 g
2459139.7709144 1716.031336276257 26.4677943471423 26.0236 17.937286964517227 0.016745664088541033 20.719380610290475 r
2459139.7821181 1847.1018256057425 27.0334730269835 26.0547 17.888472906120917 0.01588988828797828 20.72752037994805 r
2459139.8034838 1780.2938574324392 28.183286566302 26.1289 18.002670766519643 0.017187384036230817 20.75649589778176 r
2459140.7666551 2030.500885372748 27.8665802902141 26.2137 17.94469204201401 0.014900139388775225 20.85356579775106 r
2459140.7685301 1904.333261543871 26.7801661705215 26.211 18.011642617577813 0.015267929725579377 20.89404182047253 r
2459140.7897801 1519.3652460422795 25.656827963061 26.1851 18.23094452967316 0.018333720737692974 20.91466758385749 g
2459140.8053819 1540.0811734294143 21.8884034526214 26.2677 18.298840970240974 0.015430511091563726 21.169739776309495 g
2459140.8058449 1528.992852515601 22.3109453872683 26.2656 18.304586361878435 0.015842450386281345 21.146880056303896 g
2459141.8055671 1467.3619775675822 25.1160444056693 26.1801 18.263756846495294 0.01858334196204103 20.932796883589134 g
2459141.8075 1521.9738338041154 22.2915760275755 26.2513 18.295282035030844 0.01590169525624947 21.133523053055484 g
2459141.807963 1519.2890989032867 22.5082854233639 26.2802 18.32609894567204 0.01608465795073923 21.151918954849727 g
2459141.8449537 1700.7465043733384 27.7989233235611 26.0494 17.9728010324824 0.017745908032020898 20.69190505005642 r
2459141.8519907 1528.1769670575059 30.5378684560613 25.888 17.927565875908797 0.02169576200758045 20.428478189126903 r
2459141.8524653 1230.1771342260713 34.3953073192639 25.7067 17.98178087408813 0.030355778950498888 20.118027003688184 r
2459143.8248611 2059.2038102086613 25.9300011741886 26.2094 17.925151667125995 0.01367140160446958 20.927468648071162 r
2459143.8253241 2087.676528612709 29.1304820510621 26.2159 17.916741978639656 0.01514936051125444 20.807605810685182 r
2459144.7336458 1819.949107784795 23.1591440442939 26.1617 18.011551890637946 0.01381570648395466 21.00246872929666 r
2459144.8158218 1395.9688386038777 20.8341760078184 26.1349 18.27271069026608 0.016203560041003918 21.0905341672216 g
2459144.8440046 1632.3965084805932 20.9162222781571 26.3001 18.268035857016635 0.013911290798172606 21.251466868010013 g
2459144.8444792 1603.245130289608 18.2807817853453 26.2976 18.28510017634618 0.012379544718008393 21.395188077705708 g
2459146.7142361 1639.1317551216314 36.9477292826838 25.917 17.88046533995645 0.024472803700415862 20.25060560698124 r
2459146.7146991 1278.7988238174391 35.2102546099453 25.6515 17.884494429612523 0.029893500617947863 20.037402075355942 r
2459146.7730787 1076.69810628008 42.2004990881475 25.5965 18.016265126982386 0.04255332260060966 19.785781021119114 r
2459147.7909259 1955.2931979416032 70.3114038347977 26.1341 17.906070276359895 0.03904125029627385 19.769110566337652 r
2459147.7913889 1993.1084459249394 72.5634943569695 26.1375 17.888672676247445 0.03952729515769095 19.73827951821781 r
2459149.7097338 1909.3451464989696 125.109282775457 26.1953 17.99308889605213 0.07114017523671799 19.204651153203933 r
2459149.7271759 2144.1589145174053 101.37405003448 26.1934 17.86525757503634 0.05133099294890977 19.431157995383597 r
2459149.7276389 2040.8200302105074 96.6659246937866 26.1866 17.91208822967559 0.05142550194845876 19.475991464900446 r
2459149.9110648 1290.3664266426374 80.3293005976387 26.0345 18.25771736287276 0.06758818259536897 19.52489002487943 g
2459150.7650579 2242.052495010329 76.2615119251772 26.2545 17.8778855578245 0.03692916364867873 19.801311461302692 r
2459150.7655208 2175.8795243661166 77.1123913913578 26.2557 17.911612886579256 0.038476819325733116 19.790464560229644 r
2459153.7316088 1644.1864136992153 113.852559746555 26.2571 18.21722236198488 0.07517987199439766 19.368817990905747 g
2459153.829294 2292.3330611755564 101.315086275394 26.2839 17.883205704848375 0.04798508167603974 19.522289692681042 r
2459155.6902662 1697.5179249582534 73.6325023332185 26.2404 18.16586407771533 0.047093940280566605 19.825301089589743 g
2459155.7312731 2199.2999422986113 63.9183617715034 26.281 17.925288842921276 0.03155375219206864 20.01951090047246 r
2459155.8490625 2075.5255608191637 53.4689157513807 26.2185 17.925679784412328 0.027969398656002342 20.150821545365368 r
2459155.849537 2215.3470747072624 56.2494703159794 26.2471 17.88349555980765 0.02756680911054476 20.12437889619836 r
2459156.777338 2166.371419041866 53.3872199767843 26.2929 17.95356770652066 0.026755571191218054 20.22688172289159 r
2459157.8298495 2208.582944633237 50.4066490035555 26.226 17.865715714785665 0.024779009978386043 20.22235542209889 r
2459157.8303241 2142.427191841807 44.7532959986475 26.2216 17.8943348204998 0.022679255402822247 20.347112424593675 r
2459158.7120255 2112.182753553299 44.6488714348773 26.2654 17.95357126952879 0.022950324556573965 20.3934487743124 r
2459158.7878009 1579.169036276888 59.7176810169922 26.2509 18.254828450164318 0.04105671070717494 20.063217652490234 g
2459164.7706134 1509.252012267621 40.1362256366283 26.2606 18.313695591086187 0.028872514212000575 20.504333665334357 g
2459164.7940162 2135.768823296844 46.713876260341 26.2706 17.94671439338766 0.023746603519365632 20.349560224139505 r
2459165.6900926 1619.9702584565514 34.094512926027 26.2622 18.238432396832884 0.02285005696280832 20.68306376291735 g
2459165.7260532 2185.846466761501 27.56034294925 26.295 17.945950865092 0.013689097013448002 20.946863445544842 r
2459167.7414468 2113.9473622070122 47.0420650972233 26.2743 17.961564577325085 0.02416028468312158 20.34565904276511 r
2459167.7529514 1580.4386853139463 38.489476379583 26.2646 18.267655870956684 0.02644077552240648 20.553819981948585 g
2459169.7483681 1602.2557111288768 36.1499828336818 26.262 18.25017042932177 0.024495488510305224 20.619304750660277 g
2459169.8035185 2058.0398288577244 41.2699413521778 26.2742 17.990565561682082 0.02177157832311175 20.487690359881583 r
2459171.8085995 1461.2331641856754 33.2992815104981 26.1529 18.241101198973684 0.024741451824422122 20.599387831774955 g
2459174.7376042 909.7059085613347 44.7248852605026 25.581 18.183747461317907 0.05337747888668769 19.707201901460785 g
2459176.7331597 1086.320877835347 58.6766647618301 25.8185 18.22860468435919 0.05864312859277912 19.649911438770125 g
2459180.6893866 1509.6082366090782 139.446486944247 26.2501 18.302939358180755 0.10028896716636962 19.141656045109897 g
2459180.7487384 1595.8428966290141 185.165378894514 26.2681 18.26062466292284 0.12597358567715472 18.851775518724832 r
2459182.6203704 2127.36673545373 81.5943682177391 26.2762 17.956594089706325 0.04164162393707133 19.749624529051207 r
2459182.7109954 1584.5748286676803 83.8922734954727 26.2649 18.265118118053675 0.05748030303536808 19.70817007912637 g
2459184.6897685 1506.0555079657913 81.7427204029361 26.2561 18.311497553142093 0.05892749043581969 19.727552271749765 g
2459184.7583102 2071.5572432476733 69.8403385354967 26.2629 17.972157653400213 0.03660321518758202 19.905209149538813 r
2459186.6872454 1470.025423440709 106.545992230388 26.2406 18.322287885638858 0.0786904647497737 19.424332193662806 g
2459188.6865972 1673.0372319131827 56.1920389044313 26.28 18.2212359852591 0.0364652354859888 20.15838801272771 g
2459190.6521181 1949.9317628176143 31.1250202954063 26.2515 18.02645146588896 0.01733006004573883 20.7713008809342 r
2459193.6844907 1146.648678523508 35.1536456960228 25.8948 18.24622406281057 0.033285097560411564 20.282449060965064 g
2459193.7466782 1959.8539214163334 39.2660115849463 26.2349 18.004340744423935 0.02175218689103515 20.502433013206794 r
2459195.6700347 1559.6029441105388 30.1601538285798 26.2565 18.273964884130503 0.020995650934965315 20.810491108472227 g
2459195.6958796 2069.368275014739 34.0253013250502 26.2767 17.98710553315437 0.017851471917604365 20.699770039245433 r
2459198.6270139 2002.356127417818 40.8743668506889 26.2711 18.01724669723945 0.02216254115945931 20.49504739305526 r
2459198.6478472 1389.0235003459734 37.1656078288632 26.1425 18.285726016353866 0.029049688799178963 20.46972188937976 g
2459198.6705903 1446.9484043990185 47.2513667077274 26.1736 18.272467386929947 0.03545448384933057 20.240139052547264 g
2459200.6060301 1609.9488938575541 37.9916642576084 25.9943 17.977269774932694 0.025620409468808246 20.297654192620833 r
2459200.6865162 1024.5081216838512 34.7565040265848 25.7795 18.2532114860596 0.03683244244041986 20.179484772704463 g
2459202.6926157 1569.8558611379094 38.2858095102146 26.2442 18.254550553031287 0.0264781655527981 20.539180403676184 g
2459204.6921296 1944.4328601939567 47.8935475069534 26.2561 18.03411762029964 0.026742000504513443 20.307982472371243 r
2459204.7119676 1626.378764099572 53.9239661551295 26.2062 18.178145762472305 0.03599730354757619 20.12932042055226 g
2459210.6510301 1540.4466462725718 102.193642756539 25.8793 17.910183347442054 0.07202562854691837 19.108315288842004 r
2459210.6713773 1717.7587601917012 83.337100421582 26.2445 18.157094569937776 0.05267275709751825 19.69497902461915 g
2459211.6060764 1557.9363789187273 102.002340183639 26.2374 18.256025703707238 0.07108373758769133 19.468449650020297 g
2459211.6309722 2106.6593798518848 63.8845593906112 26.2674 17.958414196586375 0.03292391109533005 20.006485229592073 r
2459215.5852315 1526.2510779981385 52.2248236747128 26.2542 18.295135040756918 0.037150172655737085 20.212082533265257 g
2459215.6870602 2024.4379038416855 93.8810032608845 26.2226 17.956838849822887 0.05034810158756697 19.54373068404377 r
2459219.6712153 1933.8553820219954 37.7738841809834 26.2257 18.009640016348918 0.021206914662053686 20.535295878187487 r
2459221.6491435 703.691140166969 36.181521723276 25.4432 18.324744792322157 0.05582318135430839 19.799557917971804 g
2459221.6926273 1769.620831824247 39.0782119028376 26.1646 18.04489944467003 0.02397531375078462 20.437338280310833 r
2459223.6065972 1986.9340238942325 35.3206656585142 26.2634 18.01794138347657 0.01929990943045534 20.645902789757436 r
2459223.7046412 1282.3008199249145 39.9762800021538 26.1166 18.346625200092834 0.033847164818064934 20.3646690433255 g
2459225.6068171 1484.4511079405645 35.2848347002599 26.2395 18.3105852545186 0.025806673476244938 20.623104771097978 g
2459227.6076389 1290.563735716545 35.4227000842389 26.1397 18.362751356361922 0.029799710325895176 20.51907083396773 g
2459227.6496644 1287.429975999086 58.0295423430976 25.7312 17.95689095788046 0.04893677737541339 19.57465212550285 r
2459229.670544 1352.8016371584501 71.3227026325117 26.1711 18.343014699568712 0.05724051192809741 19.790605510299727 g
2459231.6104051 1405.6630945363406 41.5349311863575 26.2413 18.371596893377117 0.03208057105881605 20.44784125096565 g
2459257.6144676 992.2152533858822 62.7640207419175 25.5299 18.03838525203209 0.06867753452385034 19.288198096021237 r
2459257.6174884 919.607989000343 70.3425463824354 25.3485 17.939493161243703 0.08304723699761339 18.9830297751195 r
2459257.6205208 1054.451460126391 61.1652917252821 25.6855 18.127933518674343 0.06297791765415066 19.471812360599237 r
2459257.6235301 1494.3037196321488 51.2453109269069 26.0104 18.07430280624373 0.037232748163833075 19.988839657852 r
2459260.6165625 1062.3707432191345 87.5843843759344 25.6681 18.102409744774114 0.08950770408907784 19.06460828492402 r
2459260.6195486 1017.3389412743721 85.9470943046691 25.6429 18.124235828604004 0.09172239113317612 19.059896992500462 r
2459260.6225347 933.825301628437 98.7808523262898 25.6171 18.191435908020022 0.11484628996840511 18.882993066328073 r
2459260.6255208 1049.1616969635597 108.717365650766 25.6807 18.128593932787645 0.11250357712128364 18.842527688191318 r
2459267.6078356 1796.784146523695 168.713484059736 26.199 18.062760232386605 0.10194448231193798 18.88370050410512 r
2459267.6102662 1730.697883888935 104.400873401118 26.1782 18.08264684332603 0.06549267165965275 19.38401465935978 r
2459267.6126968 1822.0022497745808 106.185542654538 26.167 18.0156277277598 0.06327415000409309 19.354411512097855 r
2459267.6151273 1754.8130545061913 104.98893307833 26.1572 18.046622858566472 0.06495648317092044 19.356916183302275 r
2459267.6175579 1576.3226529745887 126.56280861187 26.1648 18.170687208130722 0.08717075850595063 19.161609729451072 r
2459410.9359606 1513.5707700110036 31.7060385322044 25.8906 17.940593169826478 0.022743070041028914 20.390320031449424 r
2459412.9193866 1503.759523334023 29.869518249735 25.8994 17.956454023123065 0.021565506625578934 20.463904443795343 r
2459412.9598032 1127.5697555291465 27.7797402085714 25.8531 18.22274145399239 0.026748202314359038 20.496354539229706 g
2459417.9214583 462.70082995852914 68.9773062008012 24.8367 18.173449303735204 0.1618511498000165 18.492509414957553 g
2459426.9441204 1768.091574368571 39.9899637433701 26.1245 18.005738113560433 0.02455591342981329 20.372197463201083 r
2459426.9450694 1807.4340525936132 44.585638885817 26.1302 17.987543849353543 0.026781960906883142 20.25978750364656 r
2459426.9698264 1410.6845845259086 45.6878872717172 26.0928 18.21922519862764 0.03516260102010944 20.1958723001626 g
2459426.9707639 1342.1113180574284 43.8294577374837 26.0821 18.262628653016108 0.03545580878824679 20.230259745280897 g
2459429.9387037 1352.4466972849013 33.5856134321041 26.1515 18.323699605814493 0.026961432621661445 20.588691776715287 g
2459434.9617245 1876.8522348103731 23.4507286232192 26.2197 18.03612479544798 0.013565509097630945 21.046884136763804 r
2459436.9225463 1202.6164095672457 24.1027302190323 26.044 18.343682186375382 0.021759502024606407 20.841409389786904 g
2459436.9638079 1816.8570651310158 22.8964909987345 26.1842 18.035898094865036 0.013682265244973167 21.037352665041272 r
2459439.9390856 1024.6483322793738 25.964338680579 25.9073 18.38086290616977 0.027511373041320356 20.62393182550383 g
2459439.9651736 1650.6233602793927 28.1953245645626 26.0636 18.01948003218663 0.018545517176349748 20.69073224355258 r
2459442.9396991 1724.7583694103955 27.1715545539319 26.105 18.013179347392857 0.017103936007736797 20.772288773600962 r
2459442.961331 1240.1710107367076 22.57159718476 26.014 18.28029606149264 0.01976016440582374 20.882669261161414 g
2459444.9634144 1670.6746188652703 27.1859688591383 26.0917 18.034470313015394 0.0176669987423486 20.758412951436405 r
2459448.8598495 1117.3156206996541 106.936346651268 26.0074 18.38696032377716 0.10391047024526542 19.187161631957327 g
2459449.9214236 1049.2870689785518 141.571009254446 25.9283 18.37606419796818 0.14648388347831043 18.803439168802917 g
2459450.9327315 1276.0289173511542 144.61096116253 25.8772 18.112548708818224 0.12304119318869042 18.72927195745549 g
2459453.9200116 1645.386793496002 59.9396729839092 26.2347 18.194029982073815 0.03955088445821316 20.042989066129014 g
2459453.9209606 1612.383313763643 55.7824343748347 26.2407 18.2220292623088 0.037561160850388145 20.127031331200772 g
2459453.9627662 2081.2415929776353 48.7581170584981 26.2633 17.967493758616712 0.025435147879528393 20.29575767495723 r
2459453.9651157 2129.8541927100814 50.7034120263087 26.259 17.938125317070885 0.025846226763024553 20.248982025030852 r
2459454.8768171 1478.2120505775752 43.3604201621017 26.1868 18.262458154044374 0.03184685725677846 20.346641284508586 g
2459458.8766782 1935.8893026793023 32.8951973537502 26.1778 17.960598699968372 0.018448532009313446 20.637543748465596 r
2459458.8776273 1989.7217802801972 30.5542856478465 26.1999 17.95291911517719 0.016672073581661992 20.739794652985733 r
2459459.8906366 2050.20930508696 26.2264178790727 26.2543 17.97480449930675 0.013888348775249318 20.960027547242714 r
2459460.8581597 2015.221344203068 28.2935981696256 26.2336 17.97279311414638 0.015243169005293702 20.856954535872276 r
2459460.8591088 2069.869984390973 30.2263477593804 26.243 17.95314233301822 0.015854496180838683 20.794610802473322 r
2459461.8794676 2073.921934606432 26.5971400414655 26.2613 17.9693189877649 0.01392362675815905 20.95178763921635 r
2459461.903287 1636.6956572525053 27.2520454471949 26.2243 18.189380174811568 0.01807760997648619 20.88837722784926 g
2459462.8410417 1446.2371762279768 31.1837156662863 26.1878 18.287201197270956 0.02340982561877537 20.70555533444436 g
2459462.8419907 1515.8055221216182 32.5466010508609 26.1967 18.245091287801063 0.023311595218007502 20.668010888000197 g
2459462.8975463 2034.1474987532044 26.7860062744342 26.2573 17.986343897495715 0.014296685481253577 20.94010507358571 r
2459464.9165509 2033.1308331272867 26.0794939913087 26.2242 17.953786683413526 0.013926554142515033 20.936027087357097 r
2459464.9241319 1476.5675715962966 26.9340078029272 26.1372 18.214066684480205 0.019804208648592135 20.814022535153036 g
2459466.8766319 2064.0076074552717 28.0923943861296 26.236 17.949221765831837 0.014777034965788935 20.867103097157518 r
2459466.9000463 1482.5537816122264 23.5151365768183 26.1993 18.27177385766851 0.017220544777598698 21.02350622543873 g
2459468.9219213 1532.9609466243844 24.3095183496179 26.1987 18.23487227248828 0.017216905708066346 20.98683410379322 g
2459470.8767477 1508.35322122238 26.6719744559087 26.2022 18.255942362238596 0.01919826354951031 20.88963707277309 g
2459470.8997685 2023.925314692402 28.6354820576845 26.2371 17.971613793828887 0.015361012901186563 20.847413742796917 r
2459472.9162616 1480.1798574375957 26.2054918867042 26.2078 18.282013775115942 0.01922151716795285 20.914394199204956 g
2459474.8152431 2025.1539086049313 49.5539333115179 26.2289 17.962754913693846 0.026566230432025145 20.24377965907484 r
2459474.8568866 1534.8438313171328 48.4409544579634 26.1986 18.2334395173197 0.03426559965379574 20.238143259932098 g
2459476.9000463 2099.096412004706 63.1683229467665 26.2397 17.934619034272867 0.03267208110646355 19.991026621707686 r
2459476.965463 1420.7616155503322 73.7464759917082 26.1478 18.266496961648528 0.056354667882256806 19.731021808684332 g
2459484.8525116 2013.8784515428729 34.8794938991726 26.2085 17.948416862530976 0.01880384910882767 20.604649552407086 r
2459487.8464468 2126.707789916702 35.9902982012571 26.2253 17.90603044537098 0.018373312470273732 20.58741137651323 r
2459487.903287 1563.6770223085139 39.2918119773134 26.2107 18.225332363986976 0.02728128613208752 20.477519846272507 g
2459489.8705903 1574.352985962559 33.1396946391939 26.1937 18.200944719540942 0.022853684523470953 20.645403733260956 g
2459489.9099884 2076.715775471384 35.3590204982252 26.2537 17.960257345074112 0.0184855766053057 20.635024424531046 r
2459494.8365509 434.4723193712079 29.680805591009 24.7988 18.203894719081347 0.07416916842204231 19.370185778388617 g
2459498.8177199 2178.200924548317 31.8700370349603 26.2608 17.91555515488737 0.015885265137343337 20.754918568782056 r
2459502.8362731 2146.336758344265 49.8705359218262 26.2457 17.916455341506925 0.025226442514125796 20.253664900946045 r
2459502.9214815 1490.7624576730245 57.511996416715 26.1189 18.185378881878172 0.041885126760633044 19.97207888029805 g
2459503.7967477 2119.577510751689 63.6998587984564 26.2422 17.92657674276625 0.03262864242834768 19.9844288150374 r
2459503.8211458 1592.0200950266808 62.841739798833 26.214 18.209128636872563 0.04285578876342611 19.970954488780638 g
2459509.7706481 2172.7835247802127 67.1409817978693 26.2966 17.954058851106872 0.033549114813598555 19.98170577011949 r
2459509.8643171 1832.355200501861 76.2136937917762 26.2297 18.072175837225526 0.045157842391621704 19.777192462258036 g
2459511.7577431 2176.589017537926 46.3685011924902 26.2781 17.933658916218267 0.023128979030516233 20.365117344004815 r
2459517.7752894 2290.6900227770047 28.5745707375976 26.3232 17.92328418940709 0.013543260389373861 20.935825701875988 r
2459520.7696875 2180.4922290128056 30.3533709533781 26.2894 17.943013641890367 0.01511340164647249 20.836457665363646 r
2459522.7646296 1753.5441055287615 25.6039794038835 26.2632 18.153408265435857 0.015852604078306926 20.995006316228107 g
2459522.7968171 2248.436728556985 28.6351283131483 26.313 17.933298322636343 0.01382701074694581 20.92332715537442 r
2459524.8172106 1668.502496314342 22.9041778387502 26.2357 18.17988284810773 0.014903822999642788 21.08848822142962 g
2459526.8165856 1602.5447782759747 22.74768546102 26.2387 18.22667456647845 0.01541121498745186 21.098931952901708 g
2459529.6866667 2111.2522767179653 37.5135853560954 26.2943 17.98294967272283 0.019291157229408426 20.611403554725847 r
2459529.7661921 1658.774314677692 43.2580655465311 26.2734 18.223931745242723 0.028313243910455897 20.435807253254527 g
2459531.744919 2183.5307006853845 48.4655365111841 26.2883 17.94040174367705 0.02409814204749953 20.327292427361964 r
2459536.8046759 1462.549828906685 93.597790192557 26.2253 18.31252332157503 0.06948079224625361 19.549711000821837 g
2459538.7101389 1475.3717669063035 76.0374172488863 26.0962 18.173946328922643 0.0559545910792521 19.646206597082752 g
2459538.7378125 1839.3949122535828 70.2121702883261 26.1191 17.957412547758373 0.041442624840492395 19.755643995482366 r
2459540.7286227 2069.572628549241 58.7048902635771 26.2823 17.99259832020481 0.03079664781025065 20.113189287743445 r
2459550.6469907 2183.1396448971286 35.470035650444 26.2888 17.941096209205668 0.017639649298522846 20.666720926721048 r
2459550.7418866 1671.2861690255786 34.3530851082101 26.2365 18.178872952184655 0.022316432214435977 20.649160625823363 g
2459622.6146065 1909.4779661483815 63.0369411322243 26.1995 17.997213371683564 0.03584184169734361 19.953087162030876 r
2459622.6176736 2048.627223721356 66.886434041967 26.198 17.919342650860607 0.035447445293366256 19.88722988226456 r
2459622.6207407 1972.7384497811368 75.4502557334709 26.1903 17.95262622674086 0.041524178057622124 19.74872319884624 r
2459622.6238079 1981.418646751012 64.4993523343806 26.1822 17.939759385655325 0.03534182286225184 19.910886604859257 r
2459622.626875 2011.2565836412948 69.4961267452294 26.1856 17.92693130318082 0.03751482800403965 19.833273487758355 r
2459623.6150926 2214.0297306892444 62.7767251207887 26.2177 17.85474137893729 0.03078399965407086 19.97577834897335 r
2459623.6180787 1999.9838073836759 61.3642721255196 26.199 17.94643380133053 0.0333118648264614 19.981786021196765 r
2459623.6210648 1886.7041648190848 61.939536667329 26.2216 18.032340479660398 0.035642977957897 19.994255108321582 r
2459623.6240509 2051.954977220475 61.7792232476316 26.1932 17.91278043121929 0.032687706808660066 19.96866888016043 r
2459623.627037 1932.4363538187633 64.6331735633607 26.1973 17.98203700243805 0.03631283193315558 19.923736287144624 r
2459624.6158102 2027.7525355305918 68.9406335287851 26.2167 17.949162617196812 0.03691221907539949 19.87308681407981 r
2459624.6188426 1978.2738756188162 71.386009385673 26.1914 17.95068396026433 0.03917748262524142 19.809942227295497 r
2459624.6218866 2138.4944014074545 70.2694037200262 26.1918 17.8665297059788 0.03567532913278663 19.82745931843065 r
2459624.624919 2030.3483641901776 67.4578799272438 26.193 17.924073600210246 0.03607214482437876 19.87299326911296 r
2459624.6279514 1965.0885376651804 76.5597651579525 26.1888 17.955344693942514 0.04229882544160028 19.731373507657324 r
2459625.6166782 2025.2405230494073 74.1915522379005 26.2078 17.941608478493606 0.03977293923756013 19.784488845414195 r
2459625.6196991 1992.3509460962991 69.9808487800663 26.2029 17.954485399057067 0.03813495191165262 19.843026975092258 r
2459625.6227315 1917.017959037532 70.3316043482512 26.2022 17.99563454634636 0.03983218961560149 19.836898678398885 r
2459625.6257523 2070.4183668316246 82.8838188340259 26.1963 17.906154720841077 0.043463178046381806 19.65270060720578 r
2459625.6287731 1960.1665543923523 73.5240241220407 26.1825 17.95176756321548 0.04072359708945508 19.769001816998497 r
2459773.9299769 1943.7158877222198 67.7975352976857 26.0865 17.86491803861163 0.03786962103754579 19.76104022448017 r
2459773.9505903 2234.14339450701 62.3672278086485 26.1473 17.774522389773757 0.03030785731942294 19.912483888378116 r
2459775.9460417 2236.8289915709865 63.3424581021698 26.1248 17.750718042503117 0.030744820914193383 19.873137707078023 r
2459781.9151505 390.59920992527475 66.9342507787222 24.8225 18.343171598763785 0.18604880456455927 18.510953972851638 g
2459781.9626389 91.412479738963 65.0534212408884 23.3976 18.49508627456624 0.7726351986393862 17.116999635187746 g
2459786.9689931 944.9627348446306 22.9227874840072 25.4896 18.051063294521693 0.026336774407806195 20.341506418910882 g
2459788.9594097 1593.5336761227877 29.3824631971211 26.0896 18.083696885386573 0.020018742478496783 20.671954487032494 g
2459795.920706 350.62090436790794 29.7783685940408 24.5079 18.1458054860007 0.09220891960459296 19.075722735976623 g
2459801.9000579 1421.2239639672416 61.4696269696781 26.133 18.25134369566189 0.046957816426544424 19.913923545161367 g
2459803.9006366 2202.4606130606703 79.7088025004053 26.1886 17.831329623502455 0.03929234709647276 19.687409277694176 r
2459803.9602662 1535.6417459822428 90.7218202910967 26.1722 18.20647522555678 0.06414040289523534 19.53049560027774 g
2459808.9791204 1492.7206891872827 56.5782195944192 26.156 18.22105361948989 0.041151016033083236 20.026951796808433 g
2459811.9620486 1451.2650857736878 34.3583752168153 26.1638 18.259433131941837 0.025703703850223702 20.576293443742703 g
2459815.9584491 1397.0086545382298 22.2203777798837 26.1468 18.28380225850382 0.01726880078892135 21.03249639334043 g
2459817.9195949 1355.6620149771047 25.4898972480919 26.1105 18.28012143127313 0.020413924072897154 20.847154777171426 g
2459819.9190972 1501.9210183074895 23.6985842802934 26.2067 18.26508226256251 0.01713109586954786 21.02246898253353 g
2459822.9015046 1432.9550336297964 31.8136675027432 26.1863 18.295718594056975 0.02410410515132167 20.682340644716597 g
2459824.916794 1422.0301222721473 25.47579053261 26.1318 18.249528010073963 0.019450407799421636 20.869055815744122 g
2459826.8574306 832.9069100679881 28.590898267422 25.4404 18.138908837128152 0.03726843645276788 20.052405488622945 g
2459828.9610764 1333.0046149762616 32.3960228090402 26.1366 18.324520867547022 0.026385776589679177 20.612945748991397 g
2459839.8177083 1569.6712817073478 40.8223197524154 26.2194 18.229878218479953 0.028235716020101494 20.444730788856063 g
2459839.8983681 1582.885790505965 31.8129372519217 26.2603 18.2616760488239 0.021820466253203906 20.756365566987984 g
2459841.8878356 1572.1290616602416 29.0426237294906 26.2743 18.28307951014022 0.020056608170457155 20.869285368545054 g
2459843.8574653 1513.7452815409458 29.5786196910387 26.2431 18.292967993939193 0.021214604458334077 20.818230230537868 g
2459846.8745602 1460.5091208961467 29.6527390915753 26.2511 18.339839316269902 0.02204298375895767 20.823512948331416 g
2459848.8724653 1474.892156289321 29.0093941786446 26.2259 18.30399933504629 0.021354442170872973 20.822128341026 g
2459850.8939583 1444.5393735551106 25.7908840104748 26.1989 18.29957654042576 0.01938414645026927 20.922809418393292 g
2459852.8539815 1492.7716106286607 24.6175043875714 26.2546 18.319616582212984 0.01790442980244678 21.029064929170673 g
2459855.8668403 1276.875281844027 23.2793557128875 26.1653 18.399928800404666 0.019793942961274492 21.000447597992142 g
2459864.8313657 1881.4932642690694 66.3766144838784 26.2083 18.02204333028032 0.03830207193069221 19.905837245163553 r
2459864.880463 1314.860837559742 91.9871920702872 26.1176 18.32040052416764 0.07595518215909529 19.460856583851093 g
2459866.7931713 1396.2705199530437 53.7904116932241 26.2053 18.342876078313235 0.04182588484164043 20.1311128185738 g
2459866.8367477 1855.8465678126686 50.2005915772924 26.2179 18.046544829865553 0.029368151021075112 20.218702901614144 r
2459871.7979398 1952.7317808189093 42.151576177067 26.2582 18.031593513784905 0.023435869024597832 20.44874044198318 r
2459873.7661921 1411.341738330776 29.0146679972918 26.2107 18.33661953666045 0.022320054873397905 20.806730975462695 g
2459873.8168171 837.4962636101393 38.8712613085767 25.3531 18.04564280459979 0.05039130350361457 19.63160340665386 r
2459876.8169097 1826.3697395640888 54.4856677421376 26.2426 18.0886282428019 0.03238943801256679 20.15446929489434 r
2459878.711169 1369.5049519523973 33.1462425988326 26.2044 18.362990982636564 0.026277287671175525 20.655889227525158 g
2459880.7520255 1339.804499788729 26.6251834281045 26.2278 18.410196419866303 0.02157550721202335 20.917143468086234 g
2459882.7147801 1285.9739140518247 31.3946334808548 26.1997 18.426619602437444 0.026505322695675168 20.710136446113708 g
2459885.7553472 1349.1056376016409 56.6881529506133 26.226 18.40088510723005 0.045620095226860245 20.094844222252497 g
2459885.7742708 230.9043033667753 80.0296512361871 24.2158 18.30721993263746 0.3762952490717011 17.71024767847977 r
2459894.7603935 1834.3140069193737 78.757078997364 26.2613 18.102615794075945 0.04661500721517224 19.77315098836077 r
2459896.7338426 1222.3444914776087 46.1823499109215 26.2188 18.50081595073382 0.041019677879577505 20.310184920447362 g
2459896.7568287 1829.8234289017505 51.8570452440916 26.2495 18.093477040091095 0.030768648565890268 20.215055570337725 r
2459897.7341551 1140.3764497915806 44.3627370927305 26.2118 18.569179399993544 0.04223572283554281 20.346829155634065 g
2459899.7455671 1286.8965467874625 56.7500657759017 26.2316 18.45774091122624 0.04787762199432825 20.099259066078787 g
2459900.7498611 1915.3083540606551 66.1196872338054 23.4273 15.22170324263718 0.037480202223077214 17.12904801276116 r
2459902.6911921 1699.306572501343 44.097926999265 26.2466 18.17092065710233 0.028174503716906076 20.38812955369562 r
2459904.6693171 1203.7041116814974 34.23302479142 26.2195 18.51820063995591 0.030877019240322334 20.635961802651472 g
2459906.724919 1207.0930330624758 39.5015484232329 26.267 18.562648141681585 0.03552901884811413 20.52803968943017 g
2459911.703125 312.6393480557153 50.7909527531362 24.4021 18.164490908977804 0.17638130883721279 18.39020909030618 r
2459914.6487037 1761.1039802553573 48.1619826794781 26.2622 18.147737503440727 0.02969129885648631 20.308014096222784 r
2459914.7113194 1236.8747157785033 49.1717155144085 26.2329 18.502085720615163 0.04316179387690993 20.256186588352968 g
2459923.7129167 1249.0714283332957 65.8779521193086 26.2272 18.48573181430482 0.05726149121141241 19.93292476356485 g
2459928.6918981 1001.7128692466532 44.4889076394639 26.0897 18.58784186676062 0.048219014157711286 20.221645633138753 g
2459932.6070023 1361.571617144008 34.8033423524737 26.2183 18.3831987757982 0.02775174534802617 20.616822605189128 g
2459934.6951273 1203.0254850460503 37.94464971083 26.2121 18.511412931031856 0.03424408435493051 20.51679861927107 g
2459951.6300579 1169.6895859223096 87.7267327970894 26.2279 18.557723441804807 0.08142751285820723 19.622645101037044 g
2459957.6639236 1160.8372748569864 71.3648707728463 25.767 18.1050716375285 0.06674565150195128 19.38586377988286 r
2459966.6320602 1534.7453512764896 76.8175875698934 26.2325 18.267409183544885 0.054341819478564646 19.771423328726428 r
2459972.6535185 1531.4638443396902 67.6609634749031 26.2019 18.239133129512297 0.0479668575371267 19.878629544812686 r
