jd flux fluxerr zpdiff mag mag_error limitingmag filter
2458203.8060532 2535.3654812981226 51.0524492348541 26.2786 17.768498567088955 0.02186179647200285 20.261133533794773 g
2458206.7991551 2627.066339528472 64.9526398023547 26.3162 17.767522400327007 0.026843281409510908 20.037282973297124 g
2458206.8192245 2711.1016775390444 60.4828101467595 26.3295 17.746635485681693 0.024221218820514374 20.12799508637951 g
2458210.8089583 2246.9597283717894 113.898614303071 26.1054 17.726411778122895 0.05503424204155699 19.216678888009405 g
2458210.8220833 1440.1279166795618 162.417331043821 25.7406 17.844597326982736 0.12244502330101871 18.466594065211357 g
2458214.8266088 2412.500016720593 59.3462123860175 25.5153 17.059131687435386 0.026707640348572693 19.334392472944508 r
2458217.7821065 4347.10557346434 27.0687292756393 26.1638 17.068299531098567 0.006760479790036706 20.8352053177362 r
2458217.8034606 3574.8648760636856 29.3400143671699 25.9761 17.092950922901288 0.008910673466772141 20.560024183730146 r
2458218.7592824 3482.568678787386 30.8623407399701 25.9071 17.052350775541203 0.009621416383108518 20.43610283455851 r
2458219.7148148 4317.060759800894 39.2668975423536 26.1448 17.056829597226276 0.00987525379737753 20.412308516061746 r
2458224.7767824 4332.65721291528 34.5675333693014 26.1378 17.04591417426861 0.008662114064130646 20.543704012268115 r
2458224.8018519 2960.3951630348465 43.0858320776014 25.7256 17.047225785130546 0.015801366138801932 19.89233877791481 r
2458229.7719213 2718.2785389561363 33.2592273028244 26.3193 17.73356510913601 0.013283974605686697 20.767094601095643 g
2458231.7591435 4527.394088542488 31.071062287917 26.1823 17.04267925137495 0.007451052783622706 20.703984735174917 r
2458232.7941319 3596.497908027377 27.2027981731513 25.5425 16.652800469947284 0.008211899111819406 20.20854104077892 i
2458233.6910069 4683.525582278471 55.6786219266929 26.2189 17.04246775807769 0.01290700323161302 20.107253794826793 r
2458237.7333681 2510.5774479766137 128.99392380614 26.2718 17.77236594168896 0.05578346256125168 19.247951855264823 g
2458242.7265046 2623.6944130372276 23.9726690978714 26.2739 17.726616873755567 0.009920029829018689 21.07718401234198 g
2458244.8794097 2146.9545071936845 121.794850096451 25.5642 17.23464289482935 0.06159081075386181 18.602702676093877 i
2458245.6896181 1046.4658110022729 50.6506949198767 24.5766 17.027287389731303 0.052549695266050786 18.567711468680436 r
2458245.7296181 504.38434457479235 30.3580006890266 24.3604 17.603496004545047 0.06534636077149054 18.90729207293884 g
2458248.708912 2670.629144293541 26.2142387659313 26.2934 17.726866039745502 0.010656964142320226 20.999631862221324 g
2458248.7316435 4627.695351019763 25.34207516283 26.2216 17.0581880977914 0.00594548450520226 20.964569552484967 r
2458249.8123264 2778.9959186657043 39.3438113346909 25.2431 16.633380227607006 0.0153708667505288 19.50848391708977 i
2458256.7424421 4458.414218133988 33.9993844480673 26.1729 17.049948962400226 0.008279430732372865 20.59679735340929 r
2458256.7766088 4489.970869480597 26.9205869436312 26.1924 17.061791191625808 0.006509548078222048 20.869763677954566 r
2458259.749537 797.9066961050726 56.7044370925764 24.3181 17.06321972568275 0.07715690023900129 18.18663238031278 r
2458261.7564468 3483.1721599970874 36.8714220766589 25.4731 16.618162648702988 0.011492771849859425 19.80895026908447 i
2458266.7112153 3475.870334993689 40.9994788672616 25.4733 16.62064108246225 0.012806327600326538 19.693929147757625 i
2458267.6649074 2543.6628929700614 76.0294715080076 26.2575 17.74385111367521 0.032451311627957696 19.807620060028224 g
2458267.7930787 4319.173849344896 69.9148548341016 26.1583 17.069798287466543 0.017574323363922277 19.7994513385272 r
2458270.6672106 4471.504704065101 37.5405406494683 26.1937 17.067565770073898 0.00911499991179129 20.510023681833026 r
2458270.7398495 2353.496022298118 41.0566642765298 26.205 17.775716328421538 0.018940002440072982 20.424115835605743 g
2458274.6951852 4324.939785851642 23.2769551055719 26.1939 17.10394983659873 0.005843269827892654 21.029159566755666 r
2458277.7141782 2132.9866372050615 22.4157119656875 26.1814 17.858929663305968 0.011409700396921536 21.05759364555885 g
2458277.7463542 3944.8472051801373 25.9635439745731 26.1121 17.122024533881795 0.0071456809927082626 20.828765057788253 r
2458278.6713773 3495.497367505517 35.4227913154643 25.5201 16.66132755151606 0.011002303960722092 19.899468037655854 i
2458280.7079398 4239.836734882365 25.7836091980352 26.1926 17.124227166598853 0.0066024392580964555 20.916815714269784 r
2458280.7330671 2280.342919146714 24.0956468643195 26.2718 17.876799596649448 0.011472241118182694 21.069528514835653 g
2458283.6821644 3439.409616778556 29.920864238054 25.5295 16.688290246899577 0.009444958851304731 20.092139655183132 i
2458283.6903819 4259.618635429046 28.8934239885692 26.198 17.124573204087532 0.007364412899191365 20.79857746275738 r
2458283.7336921 2218.314715870481 22.5497468714006 26.2867 17.921642099400874 0.011036423282560536 21.156420811315797 g
2458286.7135995 2264.215015135358 29.7007524220036 26.2681 17.880805834772925 0.01424162753493691 20.838756360093768 g
2458286.7790972 3972.8257530736596 30.1371398687655 26.1489 17.15115120637626 0.008235924450047748 20.703719904892978 r
2458292.6910069 2178.7477992512586 55.6247179633265 26.2631 17.917582596404266 0.02771856215461818 20.152505434233845 g
2458292.7333681 4048.44768974945 53.0610994776697 26.163 17.144778669745552 0.014229759186161367 20.103634377299276 r
2458295.692037 2191.982294831468 53.0701902438074 26.2398 17.88770739518638 0.02628593564991898 20.18024837797759 g
2458295.7329282 3946.744463511619 44.9283574291623 26.1466 17.15600247896906 0.012359228754688771 20.26787363622796 r
2458298.6730324 2119.819823356161 75.8501569416316 26.2641 17.948352627215336 0.03884788437403594 19.816783779852944 g
2458298.7538657 3793.822207948733 65.9701655346647 26.1065 17.15880756390043 0.018879063064927197 19.810706054587847 r
2458301.674213 3910.9871768717326 50.5901679868109 26.1539 17.173184019965607 0.014043959465807774 20.146309685399167 r
2458322.6656134 2211.189534063871 78.5626678346524 26.2245 17.862935074726686 0.03857448090906997 19.739034432107207 g
2458438.0377778 3740.7942918542444 48.3830741720548 26.1161 17.183690433038908 0.014042339548845378 20.15694134121063 r
2458438.03875 3873.3257993527473 47.2162377723086 26.1129 17.142689928519687 0.013234794077472571 20.180246541188197 r
2458438.0397222 3856.246798458389 49.6524408977867 26.1197 17.154287947958608 0.013979306278912872 20.13242348133206 r
2458438.0424769 3679.599281953908 50.8005188583251 26.1202 17.20569868640861 0.014989165693932877 20.108104619072364 r
2458439.0386343 3762.1772799789414 39.0710783779639 26.102 17.163401859083592 0.011275244795267291 20.37493649391499 r
2458439.0400463 3769.2059545455563 43.56032001825 26.0999 17.15927532865052 0.0125473216412543 20.254747335001486 r
2458439.0429051 3769.0200260552137 40.6713436936913 26.0993 17.158728887483598 0.011715745085721065 20.328653687167684 r
2458439.0448495 3823.716489002295 40.7378988216047 26.1214 17.165185790353345 0.01156705442933002 20.348978426132103 r
2458440.0428935 2794.876958714239 34.2022405438639 25.7584 17.142493266695837 0.013286228018980826 20.175838596536863 r
2458440.0462616 3019.9117826480424 35.865526274458 25.8536 17.153614358558073 0.012894152107329039 20.219481969514028 r
2458440.0496181 3377.3400433051897 39.8813175344682 25.9819 17.160463026900985 0.012820487689121758 20.232551245671647 r
2458440.0529861 3262.9257376642804 45.2523114307359 25.9453 17.161282025988196 0.015057172142544472 20.05877307086071 r
2458442.042338 2505.834664466951 40.2938570238843 25.6766 17.17921896810971 0.0174580714327125 19.916077886461196 r
2458442.045706 2096.3068534369563 48.9798985122958 25.4548 17.151162864573323 0.02536721936848774 19.482330286861323 r
2458442.0490625 2030.0422912901538 46.5570071584923 25.4228 17.154037286149688 0.02489945302560715 19.50541235259876 r
2458442.0524306 1894.1366414899167 56.0498489996018 25.4151 17.221571736372315 0.032127207576218376 19.296238871842643 r
2458443.0420833 3499.059398267523 34.4639337140758 26.0367 17.176821712726095 0.01069358606827266 20.445862873355047 r
2458443.0469792 1029.2598444649627 38.9957672094462 24.8551 17.323787426137425 0.04113412632094283 19.13013131629529 r
2458443.0518634 2085.3729437672 36.1642179884142 25.3199 17.0219406635525 0.018828043006586772 19.676777293178972 r
2458443.0567708 3575.9527457848294 40.0293229767098 26.0561 17.1726205719921 0.012153358571933679 20.30272937699771 r
2458444.0440278 3782.8219881126747 32.9061849615637 26.1422 17.197660238097352 0.009444336827119442 20.60158115293043 r
2458444.048831 3884.813189963359 35.7110300893263 26.1491 17.175674650985673 0.009980265066065443 20.519669045023694 r
2458444.0536343 3993.969462178774 42.1129888282587 26.1615 17.15798815015174 0.011447777055836165 20.35303482638599 r
2458444.0584491 3789.6018638928867 58.6830882970346 26.1567 17.210216036687296 0.016812380627932715 19.987992586019345 r
2458449.0161806 3868.879641685836 62.6382714883217 26.1432 17.174236951714427 0.017577794517597764 19.903675577161085 r
2458449.06125 4258.980686059059 63.5597611423799 26.1897 17.11643582348139 0.01620266391396473 19.934319348011233 r
2458463.002338 131.14762615633694 29.6741568853506 23.1308 17.836398914924523 0.24565623545499793 17.702429018049706 g
2458466.0208912 4037.4739956469757 33.1925419984466 26.1922 17.176925654582995 0.008925665623250359 20.642173705560545 r
2458466.0445255 2030.3826978959373 26.3988550231166 26.2913 18.0223552402909 0.014116174713416842 20.989912261751073 g
2458469.0240856 4039.7360850300815 31.2619230985363 26.1977 17.18181751578722 0.008401803779671445 20.712735763093967 r
2458472.0202778 2071.853472537385 28.3712917344325 26.2607 17.969802406002668 0.014867224851740838 20.881077215376614 g
2458474.9821296 3964.643411545586 62.0113738772883 26.1745 17.178989669896378 0.016981539480325037 19.945896605772603 r
2458476.9883102 4037.1132784725014 48.1378685830836 26.1915 17.17632266107583 0.012945706576860885 20.23785784676247 r
2458488.0204514 2118.1249078051223 26.2926011199957 26.2929 17.978021081804823 0.013476956401763674 20.995891106988285 g
2458488.0441551 4172.078114014886 27.8241090338784 26.2141 17.163218922133396 0.007240668643428472 20.855621822848416 r
2458491.9983796 2100.4099989436695 30.6466443860604 26.28 17.974239807332996 0.01584122234548462 20.81661766677088 g
2458492.0465741 4084.894127388075 37.7672491851152 26.1667 17.138747987661837 0.010037935173242276 20.47648660487982 r
2458493.9931944 4050.1259364309662 25.0863958940645 26.19 17.171328681070307 0.006724803240609076 20.94397930994199 r
2458495.0037269 2147.614493260024 20.7112003850304 26.2732 17.943309184614225 0.010470291725352486 21.235261812727003 g
2458502.961956 1873.5849760569752 66.9639769415898 26.1371 17.955416511968927 0.038804105869000724 19.82507189370341 g
2458503.0227894 4157.42362687692 42.5150082703941 26.1999 17.15283930038871 0.011102680078296815 20.381119319421536 r
2458505.9556366 2248.2241297255223 94.4457644340772 26.2927 17.913100988261284 0.04560922778575299 19.607318773937624 g
2458506.04375 4255.609720459327 74.4314373605417 26.2151 17.142695519465132 0.018989103054689403 19.788283974606365 r
2458511.9434028 2109.852915290005 34.8300595739024 26.2413 17.930669549320278 0.017923048287083115 20.638989445951847 g
2458511.9966667 2055.3944469537073 33.7749825021374 26.2504 17.96816205284347 0.01784061378433629 20.681487157413837 g
2458512.0416551 3724.40834007365 42.1219418187139 26.0861 17.158456773765742 0.01227894152757518 20.27740402935582 r
2458512.9951389 223.55802421779165 57.7879593741856 22.7066 16.833124343219843 0.2806447574945072 16.554581592160726 r
2458514.9200347 405.0111747423591 34.44401747896 23.8457 17.327032484790546 0.09233293328436089 18.255490486794585 r
2458524.961088 3933.2857869938243 28.4882894695989 26.1705 17.183611243049324 0.007863587227609731 20.78640905526942 r
2458539.8557292 3175.4459016124097 39.6334093371142 25.9288 17.17428820426656 0.013550850447634889 20.18622140732716 r
2458539.8798958 1496.9128748847652 42.1204994737938 26.0059 18.067908690621838 0.030549691332047848 20.19724120791038 g
2458539.9371991 265.1123575320233 77.9801450045571 22.7537 16.695125070681545 0.3193477822746195 16.276314893095034 i
2458543.8580903 2732.123639757485 25.98011685735 25.9284 17.337149127365155 0.010324061642586806 20.6443722387158 r
2458543.8796759 611.7159345691953 29.0893303619729 24.9233 17.956925516078776 0.05162900651956369 19.516540679463358 g
2458547.8121296 4015.4615004028537 29.9392340350964 26.1754 17.166061334207157 0.008094966515964124 20.737373276245428 r
2458547.836875 1976.794789244157 26.2109756454819 26.2274 17.98749603097049 0.014395655236009882 20.933767021917163 g
2458557.8145255 2159.5105239551485 57.7176264221355 26.2432 17.90731168790378 0.029017699294071147 20.09250383196999 g
2458557.8367708 3247.0757701470334 43.2692308371296 25.5185 16.739768942607455 0.014467603236047795 19.680627051264786 i
2458557.8589236 4066.4160986768966 39.6302068921044 26.1932 17.170170459895843 0.010580942672531084 20.45070914015234 r
2458560.7331713 1966.449481998534 83.0046467509788 26.1564 17.922193015293082 0.045827846482966436 19.611218975032404 g
2458560.837963 4117.548840679556 48.5252168359772 26.1954 17.158803101760533 0.012794949120779723 20.233056277362483 r
2458561.9422569 3142.236463033752 74.4626180724369 25.4111 16.668002840150848 0.025728192449015055 18.983829234782256 i
2458567.8585764 4061.1921829106677 44.7062798674197 26.1416 17.11996614607129 0.011951566403654046 20.26825365782863 r
2458572.7974537 2089.3881317275072 30.1172547521979 25.4441 17.14405219132486 0.01564970289049469 19.999636532847262 r
2458573.8521759 3149.3697507901134 38.113331463798 25.4783 16.732740870398963 0.013139023755424136 19.778182709521012 i
2458575.8133681 1348.4903535483884 20.3524966768045 25.6545 17.829880389834713 0.01638625414253936 20.635530757904213 g
2458575.8740625 1009.499358687638 35.970666439585 24.7502 17.23993488154456 0.038685861677244936 19.112903778659195 r
2458580.7966319 2489.4578207241684 25.7577251367286 26.2607 17.770438069114935 0.011233434825905724 20.986006227940493 g
2458580.8146528 4457.532218555873 33.0042543765848 26.1677 17.04496377277049 0.008038689844459946 20.623850174830018 r
2458581.7741204 3373.475167826908 30.8426550868364 25.4727 16.652506205853708 0.009926224134428379 20.002395596198323 i
2458583.7982755 4231.7760270187455 44.9414033678278 26.1163 17.049993315099883 0.011530119109546749 20.237258414558113 r
2458585.7315856 3284.5053657079643 26.7953627309182 25.4468 16.655625060784168 0.00885726222909892 20.129225887915585 i
2458586.7574769 2366.4031335065356 30.7982627414841 26.1885 17.75327817067389 0.014130168011095115 20.71975944004082 g
2458589.7556944 3975.966751493685 78.3305307040266 26.0641 17.06549313997705 0.021389378357707017 19.581847316712235 r
2458593.7516088 4181.457251764873 82.1138353518985 26.1569 17.103580846933436 0.021320555412572526 19.623434145363767 r
2458594.7961806 3474.34835465574 52.8146575071473 25.4936 16.64141659819954 0.016504065741902708 19.439288819612038 i
2458596.7115972 2508.6925229241583 32.1476347198122 26.2347 17.736081411460773 0.013912700219880742 20.719402426718702 g
2458596.7731019 4219.240167710042 35.019409310078 26.1496 17.086514382478835 0.009011236899696807 20.541402948293467 r
2458600.7308912 2685.5338352674826 30.6688162030747 26.2339 17.661323428852935 0.012398702006434326 20.76973245712634 g
2458600.7752431 4391.450748384022 29.8520640298893 26.1315 17.024979959112713 0.007380336880512046 20.696639077983804 r
2458606.7094444 4331.824441871924 21.6764666141102 26.1134 17.02172288142753 0.005432847087581779 21.0260037611749 r
2458607.7541204 3464.587500417001 25.0411321657242 25.4389 16.589771164504164 0.007847155596172559 20.19484008813634 i
2458609.7098495 2771.8304916581983 26.6134763760055 26.221 17.614083330161765 0.010424249025467536 20.910820969607368 g
2458612.6503125 3348.1481919653997 35.3480876146985 25.4285 16.616488320000016 0.011462281990795097 19.810160182218745 i
2458612.6687153 2605.328181261288 23.1605239785982 26.1672 17.62754390707841 0.009651521472197302 21.007904037786606 g
2458612.7106713 4216.207089106226 26.3803087602524 26.0973 17.034995164645732 0.006793096405299562 20.79667530339251 r
2458616.6916898 3297.1004309931186 34.2019558950577 25.4239 16.62856955968092 0.011262339225766112 19.841347632634957 i
2458628.6715625 3278.011689817077 28.426647831353 25.4293 16.64027375503003 0.009415101125591836 20.04756086615444 i
2458633.7048495 3956.1188784257733 25.0174119318309 26.1129 17.119726666632655 0.006865669351472302 20.869869040101086 r
2458633.7490278 2187.9963776509803 25.8103589904969 26.1577 17.807583503341366 0.012807291201307686 20.88078987643379 g
2458634.7116898 2083.0583250791015 19.0482749912788 26.158 17.861246424380052 0.009928052378104232 21.21093585877519 g
2458634.7125926 2158.3240324770113 23.9750926266614 26.1497 17.814408383664134 0.012060171537307632 20.95287425485349 g
2458634.7550694 3762.131298447451 21.8385054896132 26.0578 17.11921512909052 0.006302296100047779 20.96231770350845 r
2458634.7559722 3821.648998510375 22.6193022571413 26.0641 17.108473008672327 0.006425963365591814 20.93047697912613 r
2458635.6915278 2088.8425446201345 24.0238640148706 26.1784 17.878635738943256 0.012486680352294468 20.979367836886777 g
2458635.7321296 3877.133383985799 20.5448404992706 26.1045 17.13322314454636 0.005753099292943952 21.075318054290992 r
2458637.6913426 3877.7085683986593 22.3435810902781 26.0783 17.106862084257457 0.006255866205987911 20.95799303821505 r
2458637.7122106 2072.444897605183 22.3162032214357 26.1555 17.864292519235104 0.01169087866486113 21.036524220064365 g
2458637.7738657 3014.873619799562 20.1865878946092 25.3847 16.686527220728347 0.007269484973845866 20.374617696478154 i
2458640.6947106 2085.301313139742 22.5424145119316 26.1588 17.860877958225167 0.011736577002751854 21.028873910744508 g
2458640.7150926 3745.6882843223775 22.3933037671816 26.0874 17.153570918464126 0.006490772337300181 20.964679560704784 r
2458641.7568287 2726.0251146196033 24.6173355211677 25.2991 16.71027536841911 0.00980440019866117 20.073572376919813 i
2458643.6953125 2190.127730322536 35.1973435292799 26.2222 17.871026389889874 0.017448185939416203 20.608500271807706 g
2458643.7362269 3935.9936193458607 30.4049427286877 26.1276 17.13996403569138 0.008386864795279423 20.672814514899095 r
2458647.7335185 4095.437754553304 63.9577218071514 26.1354 17.10464917601284 0.016955183481624687 19.873242525028406 r
2458650.686956 848.2773559725418 94.3037698517985 25.2229 17.901555314894253 0.12069826243412278 18.539152353469635 g
2458653.6852431 3774.9628231013 31.5013309445864 26.0723 17.13001830267073 0.009059955451015494 20.579052730901935 r
2458653.7400579 3065.904420795347 31.3245899536098 25.3915 16.67510347087321 0.011092683477657673 19.904361502448605 i
2458653.7543866 1882.633008938012 61.2998021888728 26.0519 17.864985827317213 0.03535112521691186 19.835827306469934 g
2458658.676794 3957.7695427701447 25.3086213236659 26.0977 17.104073744890222 0.006942690794439691 20.842103769669325 r
2458658.6914699 2105.847800993623 22.6780720866912 26.1616 17.853032551035405 0.011692004926900791 21.025159660532406 g
2458661.6945949 3993.7721972476866 26.7054480392107 26.1071 17.103641776742784 0.007259829430469867 20.79317531777034 r
2458661.7294213 2094.089531399645 32.9237310997531 26.1439 17.84141188572412 0.017069611551474854 20.6027023741904 g
2458668.6918171 2030.1084860305755 23.0121578732092 26.1865 17.91770188351063 0.012306879151958258 21.034181627137716 g
2458676.6726736 2056.8427259381483 67.9409595968828 26.139 17.855997287132304 0.03586248909755185 19.811245797798144 g
2458676.6919676 3825.5164249322597 47.3582079379252 26.0795 17.122774822609657 0.013440487674580004 20.14358683898362 r
2458679.6872222 2094.170034345989 74.9565992082947 26.1418 17.83927014764076 0.03886044515285061 19.707350303351248 g
2458679.69125 3944.047075332169 63.6342925087343 26.0986 17.108744775126393 0.01751696925953001 19.84194693928174 r
2458798.0349306 3393.837479435218 52.0648029497297 25.9256 17.098872396408872 0.016655705202456655 19.886814416532992 r
2458798.0399537 3231.96063825403 47.5715658988512 25.9253 17.151634842742677 0.015980531595918283 19.98450637117161 r
2458798.0500463 3370.037101041138 50.7354667042405 25.9845 17.165413294788458 0.016345071151820982 19.973795839892443 r
2458800.0374884 3443.6717359601826 83.9580388256968 25.9841 17.141545634665967 0.026469782761579977 19.426519275780116 r
2458800.0424537 3461.4019240486914 73.4923914377098 26.0124 17.16426992312998 0.023051552849023934 19.59936904034945 r
2458800.047419 3410.0326163182704 75.8912804330583 26.0237 17.191803667607246 0.024162573334894216 19.575795288464256 r
2458800.0523843 3720.3579176696558 92.5240930511877 26.0243 17.097838191833212 0.027001006367848645 19.361237897400684 r
2458802.0379167 1441.1893636957464 94.0934347945817 25.1179 17.221097379323453 0.07088398286156382 18.43657668330045 r
2458802.0430671 965.4873964544186 107.771324155563 24.3235 16.861633477901584 0.12118990580859308 17.494816941803727 r
2458802.048206 610.2524947976199 103.987084253343 24.2926 17.328826091126277 0.18500338521564832 17.502726486726388 r
2458802.0533333 1284.5205233548174 109.622617201317 24.8375 17.065647381066015 0.09265502055555266 17.990324572941155 r
2458804.0420833 3543.198875193486 52.8770196710462 26.0056 17.132111176480674 0.016202471912819153 19.950007567032507 r
2458804.0468634 3577.296979068547 48.0209731703521 26.0171 17.133212510532733 0.014574236043613716 20.066097596617567 r
2458804.0516551 3620.240819076362 56.4759228919547 26.009 17.11215634789542 0.016936969817228583 19.881916647655338 r
2458804.0564352 3463.334891727825 65.968811314768 26.0455 17.196763779358108 0.020680165413836698 19.749728342551666 r
2458806.0368981 1811.541606527972 56.9525596522734 26.0194 17.87427921717325 0.03413302448679832 19.883191870146874 g
2458806.0429514 3038.2843611802714 52.8128863582574 25.8593 17.15272895446477 0.01887214753555385 19.805025230578412 r
2458806.0478588 2877.6887797518343 56.9947227591706 25.8171 17.16949044134337 0.021503079462598402 19.68008837553456 r
2458806.0527894 2874.73641802459 74.5224821139532 25.7911 17.14460492304041 0.028144861672819602 19.362956710474066 r
2458806.0577083 2680.420403438336 112.104112833552 25.5282 16.957692712153175 0.045407591714814906 18.656721123860056 r
2458829.0469213 2201.1791074547345 82.4911524583676 26.288 17.931361544895005 0.040687576908546255 19.749556561559725 g
2458829.0684144 4325.742773707938 49.5562607556571 26.2179 17.12774827262177 0.012437917628721575 20.23272866552386 r
2458832.0646065 2354.022143362933 90.5632091186118 26.3306 17.901073640588827 0.04176871335611629 19.690795480669948 g
2458838.9830208 470.9392016173631 62.1564924983095 24.5969 17.914487891978304 0.14329515078306146 18.3657587412322 g
2458839.0474537 1176.874993961795 67.0281997557072 24.7882 17.111374162168747 0.06183538340787768 18.475131101001672 r
2458851.0206481 4546.221378087447 46.2908843630751 26.2445 17.10037355035466 0.011054897897236522 20.33333629458385 r
2458851.0434259 2570.72723443424 35.3583530369083 26.3334 17.808260003710274 0.01493295880557309 20.71474491983173 g
2458854.0042245 2461.224350886446 23.4473764134692 26.3285 17.850621991839006 0.010343151595641767 21.155839350519024 g
2458857.0431829 2489.111884235941 34.1185226637373 26.3262 17.83608895412516 0.014881805952804797 20.74629944441576 g
2458860.8971875 4268.702260297172 83.5452489850332 26.1641 17.088360339869624 0.02124886471157536 19.611870595006266 r
2458872.9389352 1892.4572218298788 25.0434332334198 26.0798 17.887234821885713 0.014367381808098845 20.83564032276996 g
2458873.0450116 4165.592209666515 29.9351657253244 26.2047 17.15550811883192 0.007802158202755666 20.76682082214939 r
2458876.0020949 4330.366145272076 39.3377367054351 26.2361 17.14478845302625 0.009862671956208796 20.501651566178815 r
2458881.9596644 2364.2030999083167 29.9611408629517 26.3302 17.89598804390519 0.013758890103886643 20.891379123045727 g
2458884.9387037 2442.9199068676166 54.4457402577981 26.3242 17.854426928734682 0.024197166690448812 20.236865221763367 g
2458885.0185301 4309.949990544136 40.6710285877532 26.2413 17.15511942260091 0.010245254778965275 20.470662099067063 r
2458887.9818171 4369.454429506667 58.0582945782392 26.2458 17.144731964236527 0.014426032229087955 20.08871430269338 r
2458894.8735301 2287.322036232196 39.5718799418551 26.2973 17.898981714944995 0.018783183728533236 20.556408282184538 g
2458894.9627199 4205.221175746692 36.0866689198604 26.2302 17.17072789331545 0.009316821829076716 20.58940800127987 r
2458898.8585069 4093.395714300578 25.5818982121079 26.2023 17.172090673672635 0.006785140950789124 20.935043072691364 r
2458898.9181134 2285.3216091609543 22.2848838809167 26.3213 17.923931684548236 0.010586999366970603 21.203849050498285 g
2458901.8976505 4257.423006010724 27.9960505185365 26.2254 17.152532993391112 0.007139368581666024 20.860233067856818 r
2458904.9203356 2258.3772932089755 42.3723172245105 26.2998 17.91530875360212 0.02037021225327835 20.484669451632094 g
2458904.9746412 4256.812007362195 37.0085557542506 26.2296 17.15688882262389 0.009439032992976408 20.56141964606538 r
2458908.8391204 2215.1445649390516 31.7622115056313 26.2777 17.914194813888322 0.015567486464529108 20.775498155649572 g
2458908.9546528 4269.344516529063 29.2590417751342 26.249 17.173096995520908 0.007440613314825458 20.83592474164041 r
2458911.9486343 4115.1420467881235 37.3878586494753 26.2145 17.178537922957027 0.00986405758883037 20.53524850889997 r
2458914.9053935 2709.019902575634 50.1049634865704 25.7293 17.147269510721785 0.020080678922162587 19.732173114209626 r
2458936.8120139 2083.7197422664135 25.3552309316487 26.2539 17.956801733791238 0.013211073285963706 20.99630606318233 g
2458936.8993171 3901.985408334169 27.9984146109702 26.1789 17.200685897509953 0.007790361972703476 20.813641388054453 r
2458939.8367824 1477.6812435066945 34.050212346214 25.9037 17.979748098067013 0.025017787636361147 20.32597542757602 g
2458939.8589815 1291.423756482487 44.5427251130271 24.9325 17.154828071900027 0.037447070655517514 19.063133030307455 r
2458940.8575579 204.118232723291 43.4944466894638 23.5932 17.818495501224852 0.23134592211939417 17.749690463214822 g
2458940.9147454 196.28448294481652 64.5874795024403 23.1142 17.38198507929603 0.35724997434215794 16.841404147346143 r
2458941.9414583 2040.0710289070776 38.3922176537194 26.2188 17.944686778830615 0.02043185267376381 20.51076699156009 g
2458954.7544444 4114.0485429058945 27.0804860187803 26.1786 17.142926470597047 0.007146557305768355 20.849533853032256 r
2458954.7962616 2156.0518664880365 26.1067700027622 26.2818 17.94765198967497 0.013146307207427377 20.99249213139027 g
2458955.7700694 4169.884688492786 30.54578502738 26.2064 17.15608988645272 0.007953111724107054 20.7465967616858 r
2458955.7964931 2131.9846237757342 31.876729668395 26.2908 17.96883982959377 0.01623302767525821 20.784690590648335 g
2458962.7324884 2256.1215835850708 27.9214795679136 26.2915 17.90809374924693 0.013436487903596507 20.929228919257497 g
2458962.7784722 4102.203900630778 29.1405517923977 26.202 17.16945689190475 0.007712414557487347 20.793330561367355 r
2458965.7507176 2224.9913568886695 25.6650087849106 26.2772 17.90887917930633 0.012523419451274605 21.00642144602982 g
2458965.790787 4120.308072561188 24.0309678567853 26.2196 17.182275777143268 0.006332153164919527 21.020246832812248 r
2458968.7013194 4409.980827611342 25.0571817105955 26.243 17.131908246557558 0.00616886631634833 20.99824443308592 r
2458968.7714352 2279.525222461631 25.3412311554691 26.319 17.924388995148462 0.012069607475446964 21.062005713083614 g
2458971.7511458 2288.4433697300583 44.9514201057347 26.3325 17.933649575601045 0.02132618069310275 20.45321644785546 g
2458975.8831019 4178.022353478897 93.1957547886148 26.1831 17.13067310190976 0.024217829014186048 19.51218466411914 r
2458978.7546759 4447.9020909574365 41.6025902691029 26.2343 17.113911952971982 0.010154884557146887 20.439074060155797 r
2458985.7087847 2533.3161572014974 22.5869621709626 26.2869 17.777676517470105 0.009680064905954645 21.154830427917506 g
2458992.6913426 2527.473906738454 22.5722130292602 26.2853 17.778583298262284 0.009696104723586283 21.15393963828877 g
2458992.7328704 4474.577108329623 24.2055324485846 26.2123 17.085420008801698 0.005873168780689245 21.005088388538702 r
2458995.7468519 4421.977350672061 27.4102948912638 26.2127 17.098658715510027 0.006729875529308676 20.870490719450235 r
2458998.6922569 2352.5635730645827 29.1409877801401 26.2844 17.85554657962626 0.01344846566321869 20.875714317195353 g
2458998.7312963 4444.944687390529 27.9203875611816 26.2203 17.100634097482754 0.006819694486000603 20.8580713831401 r
2459009.7499537 2455.2172239943134 39.2122847656893 26.3155 17.840275194688946 0.017339719334832866 20.584519619431948 g
2459017.7347917 4455.876481217755 25.6167620739557 26.2388 17.116467141235866 0.006241671801479757 20.970064402636908 r
2459020.7359144 4347.526737662551 27.6884521351096 26.197 17.10139434592175 0.00691458714276959 20.84382829390671 r
2459023.7139468 2404.0097830705504 28.9063831876358 26.2732 17.820859423282116 0.013054714023139721 20.873290600515634 g
2459026.7167708 1669.8987637007936 47.3805288556494 25.8292 17.772474642039427 0.030804885479749706 19.89277522927116 g
2459032.6961458 2456.455219004149 69.5491481025236 26.2917 17.815927871532708 0.03073921702733973 19.938545452284398 g
2459032.7139352 4493.616702684159 59.2536377257272 26.2219 17.09040993716235 0.014316235392394502 20.042687444407605 r
2459037.7360301 2368.871711907955 127.269495663214 26.1949 17.758546145490556 0.0583300863220914 19.185664181374158 g
2459039.7123032 4350.156471536371 31.8676063826308 26.2275 17.13123780387624 0.007953428911351973 20.72170137847175 r
2459042.7292593 3758.5211312115553 41.2351172895047 26.0623 17.12475750928585 0.01191132503405243 20.27670690363075 r
2459164.0348843 4215.4719143879565 50.7521945206557 26.144 17.081884499607398 0.013071290405946423 20.132937924538915 r
2459164.0395718 4085.2392242976734 50.0360029231206 26.168 17.139956267198286 0.013297651714134643 20.17236846611121 r
2459164.0442477 4247.744614783727 55.7609584554563 26.1572 17.086804005077937 0.014252192183209035 20.04394941393783 r
2459164.0489352 4198.574430424714 72.6605200193148 26.1995 17.141745358585403 0.018789121853674057 19.798828734881106 r
2459164.0535995 4253.227839068719 99.4394892006469 26.1948 17.123003380388717 0.025383416433383793 19.453477777255944 r
2459166.0371759 4164.82577920333 38.8741511572158 26.152 17.10300790263768 0.01013383707960589 20.430422691581526 r
2459166.0418403 4031.4227579490002 44.9061926778156 26.1709 17.15725414216553 0.012093659315231058 20.29270940055174 r
2459166.0465162 4236.842438448595 45.427774564056 26.1865 17.118894216080065 0.011640965072625041 20.295771334346774 r
2459166.0511921 4293.206293385951 55.2432872843465 26.202 17.120045606703435 0.013970359890931785 20.098876205098815 r
2459166.0558681 4324.113360959198 81.33532232294 26.2263 17.136557322762528 0.020421703150360404 19.703177008985783 r
2459168.0366204 4205.9385905072 54.5518583607334 26.1849 17.125242681477165 0.014081744501910569 20.095451114586684 r
2459168.0413657 4179.828861266868 54.2146689137169 26.1961 17.143203748988842 0.014082123453681846 20.113382964402934 r
2459168.0461111 4159.072928249629 72.3028708481703 26.1993 17.151808660822034 0.018874212651254323 19.803986134970447 r
2459168.0508565 4300.292810852045 74.3726340899912 26.2189 17.135154929767456 0.018776946683196825 19.79294208073876 r
2459168.0556019 4459.8237986873155 112.967679108165 26.2515 17.128205748269785 0.02750086432648633 19.371689473212395 r
2459170.0354167 4229.659007851939 55.412022162827 26.1981 17.13233660932694 0.014223565623256794 20.09166499103268 r
2459170.040081 4199.173485967939 58.3731132990937 26.2026 17.144690456033068 0.015092419810851777 20.03964284717461 r
2459170.0447685 4279.013323375613 51.9914562711758 26.2106 17.132240903175827 0.013191621480880494 20.17334503387768 r
2459170.0494444 4297.362676470846 68.573228895209 26.2276 17.14459498107803 0.017324568628838535 19.88978849042882 r
2459170.0541204 4538.824934560459 115.629029658889 26.2146 17.072241419889192 0.02765879700376965 19.3095077863463 r
2459172.0537153 4283.692287077698 59.3839230210792 26.2154 17.1358543341102 0.015050830195828273 20.033802777728926 r
2459174.0408333 1456.2128838066856 46.6449299259701 25.0647 17.156637827144927 0.03477678365833536 19.145263876715596 r
2459174.0455324 1792.247457654563 45.976689873028 25.2695 17.136005067496228 0.02785156256294574 19.365730737421984 r
2459174.0502315 2105.275117083078 43.4059709989921 25.4075 17.099227856430897 0.022384657630352862 19.56620129939106 r
2459174.0549306 2190.068653929391 45.3963981719252 25.4884 17.137255676877608 0.02250471436446952 19.59842149777222 r
2459174.0596412 2724.1946923771125 69.145028309969 25.7795 17.191404643877263 0.027557045554121962 19.43267259222484 r
2459178.0268171 2177.8324358595346 37.9436758588406 26.2267 17.881638845634576 0.018915802796225897 20.531426485121454 g
2459181.0604167 4453.016191998458 75.8682256306467 26.2449 17.123264314225167 0.018497604548396315 19.797325171375896 r
2459185.0057639 4128.369107453869 59.9632038920764 26.1962 17.156753701075566 0.015769435525540592 20.004062915232193 r
2459185.0271875 2196.912387514769 75.0504928004164 26.2631 17.908568155807032 0.03708947179527173 19.827291118471262 g
2459187.025081 1935.5615092244557 134.235433249316 26.2961 18.07908255725586 0.07529567476115887 19.229007067061147 g
2459188.9863426 3307.9389337947896 43.5894291709096 25.5771 16.778206290846448 0.014306504502659115 19.73122203487379 i
2459189.0111806 4160.136627406433 46.6673893176894 26.232 17.184231015047136 0.012179115524338617 20.312041223857 r
2459189.0391551 2171.9272526287514 53.8471764605322 26.308 17.965886813167238 0.02691705231491597 20.23266765042591 g
2459195.0142245 4129.0738205925845 35.5714473189797 26.2102 17.17056838158206 0.009353167812503222 20.585021149230442 r
2459197.0117361 4232.45397288638 46.5021919808996 26.2473 17.18081939015339 0.01192864238030499 20.331191427216126 r
2459200.0189005 4357.678372370278 44.0164336776458 26.2529 17.154762067314483 0.010966537215509622 20.396437859135865 r
2459200.0434028 2273.913751756229 32.9154935294478 26.3563 17.96436502969096 0.015715790142577287 20.815374061119183 g
2459202.9616782 3526.481723803072 48.9161655828822 25.5782 16.709845906424984 0.01505984863465038 19.60714397308692 i
2459203.0016435 2112.9530838391515 35.4529838800879 26.311 17.998775364865637 0.018216828803730118 20.689443006150555 g
2459203.0426157 4369.586695306135 41.5357783419407 26.2763 17.17519909889922 0.010320288322528778 20.482819106277272 r
2459204.9692361 1948.6437420233724 30.6643920670776 26.2584 18.034068882215994 0.01708487280114994 20.794389091509924 g
2459206.9722454 154.33244857980674 43.506702250744 22.5631 17.09195688352008 0.30606153837575506 16.71928457514687 i
2459206.983831 790.7265357522956 49.1849421014488 24.4532 17.208134216502444 0.06753294498803968 18.47619457793192 r
2459216.0085417 2115.875167757167 94.8185090930514 26.3404 18.02667489588496 0.04865336901299677 19.65074218346361 g
2459216.0408218 4280.090057649487 65.8977065362676 26.2704 17.191767732181585 0.016715802476762943 19.97579923932045 r
2459216.9824884 3296.1458371033023 40.3646504837509 25.5863 16.791283953262507 0.013295498195772004 19.823871998426583 i
2459217.0141435 3674.251815024224 68.78967567973 26.1018 17.188877706542705 0.020326573856503757 19.76056683440627 r
2459217.0352199 1892.2354323449495 72.1704127396476 26.2243 18.0318620738958 0.04140891549331871 19.830977016616682 g
2459218.9784259 1963.5012227749694 61.7387196981395 26.3285 18.09592205983894 0.0341378590442325 20.10468094143075 g
2459218.9976968 4165.4613685788845 48.2617325853296 26.2726 17.223442222299052 0.012579101912489638 20.316167716843168 r
2459222.9816319 3205.5607188436225 42.5361294310084 25.5763 16.811539981041257 0.01440667632709992 19.756980067158565 i
2459225.9225926 2626.7691948533934 55.5734858566786 25.3321 16.783545213738282 0.022969712646551527 19.22250589206605 i
2459225.9818981 1470.676107123098 69.444785989517 26.0001 18.081307407878022 0.05126635551066842 19.648575879490156 g
2459226.0057986 1728.4235798857112 80.5622352671371 25.2749 17.18077454372834 0.05060473592666116 18.76214622021177 r
2459227.8794329 3878.336578632088 37.6605776657306 26.1693 17.197686259223964 0.010542687139883353 20.48215754600752 r
2459249.8694907 2576.2286125862756 74.1322206261835 25.3497 16.822239001592543 0.031241541042061553 18.92725746520615 i
2459255.8488194 3264.2137000271673 25.2755179962297 25.5715 16.787053541994787 0.008406811688915525 20.31732482720671 i
2459260.8999769 2699.0745261396523 38.6853981247669 25.7702 17.192162809130792 0.015561162293703287 20.053907312432873 r
2459262.8800347 3309.214685320002 28.9497632420594 25.5913 16.791987642673508 0.00949795070453839 20.189762448369848 i
2459263.8572801 2199.284334201157 54.2451878130902 26.3495 17.99379654825346 0.026778711371153386 20.266171946172715 g
2459265.8543519 3218.9760397881632 30.1755129282437 25.5992 16.82990563985362 0.01017763225983819 20.152638336560216 i
2459265.8735301 4237.977545445938 32.5320341524928 26.283 17.21510337172632 0.00833417098146633 20.754796940271085 r
2459265.91875 2172.094210908615 27.0594299521578 26.3713 18.029103354717165 0.013525390819382716 21.04307838094127 g
2459267.918206 4441.12590125528 44.6870980470682 26.2971 17.17836728714834 0.01092443299929613 20.424219607267712 r
2459268.9114005 3314.441419008186 32.0117059271048 25.6224 16.82137413125734 0.010485962710258976 20.1117029425854 i
2459269.8739236 4155.038487520024 40.9303548123406 26.2755 17.229062372635802 0.010694987869121162 20.49796121560116 r
2459269.9356597 2089.657836353078 48.2774729006511 26.3595 18.05931205021169 0.025082983164225865 20.402713667308905 g
2459271.8320602 3158.4358695027354 53.0278025222431 25.5958 16.847119842043426 0.018228100103062573 19.537115913454716 i
2459271.8984838 2233.2183825919196 116.877418682291 26.3598 17.98747201485026 0.05682105003814618 19.443048460806033 g
2459280.8425347 2993.180194886069 30.9436637199317 25.4429 16.752567842639742 0.011224027126107794 19.96904565731986 i
2459291.7959491 2040.8170336262165 27.2999121236152 26.3055 18.030989823888895 0.014523357118371456 20.967671866456453 g
2459291.8326505 3299.202385311796 28.4112519243332 25.5815 16.785477606007674 0.009349561685447618 20.200349061500752 i
2459291.8494676 4264.253816983453 28.119094325867 26.2646 17.189992382822695 0.007159259748564884 20.89467166767283 r
2459306.9570718 4007.9139981215726 37.8969039863318 26.2011 17.193804015345766 0.010265856172872997 20.507165660583688 r
2459313.8007755 2825.36470930473 43.9894234121208 25.8325 17.204813709420897 0.016903770632249543 19.97670431532574 r
2459313.8180093 2829.0178358825146 29.4698758929839 25.415 16.78591078618172 0.01130973578575252 19.994129221905833 i
2459316.7521296 3183.926284092646 29.7701898733567 25.5374 16.779992489570844 0.010151458376089365 20.105520977728894 i
2459321.794213 4069.2133651315485 28.3918199055612 26.2112 17.1874238443826 0.007575173898621877 20.83079191031001 r
2459322.7270023 3087.9248324852642 29.2851574078897 25.5225 16.798333199948747 0.010296525052443151 20.10845608239597 i
2459325.8361921 2226.881149412767 58.1509391037236 26.3156 17.94635740255588 0.028351075045725455 20.156783157351242 g
2459334.8295949 4304.009169038934 44.7519910170286 26.2551 17.170417030355345 0.01128883204912811 20.380644084528804 r
2459336.812419 4208.303219874332 22.751454650838 26.219 17.158732439023915 0.005869646986880485 21.079052066167705 r
2459342.7992593 4142.182946438538 24.0775191375286 26.2076 17.1645268091918 0.006310914526382975 21.006145647353584 r
2459342.8162616 1980.9441761131645 26.3566526000721 26.2562 18.01401940725107 0.014445342818314524 20.956549358424635 g
2459346.7791204 4060.435813175492 25.8559877163257 26.1924 17.170968375971114 0.006913505632209719 20.913572157235645 r
2459346.8732176 1766.238736079823 27.1521927393592 26.1396 18.021976486954678 0.016690346018880437 20.80766271961938 g
2459348.7684491 1978.6195613276263 21.6139638952395 26.2937 18.05279425412417 0.011859925505495347 21.209438934982558 g
2459348.7734144 3221.107077323797 29.1896566142802 25.5489 16.778887094875703 0.009838608101303522 20.138402524163403 i
2459348.812338 3875.669913126428 21.6396636534052 26.1825 17.211633046166355 0.006061966925751353 21.096948723605664 r
2459350.7492593 3981.7030242813207 33.6563099385044 26.1968 17.196627837495257 0.00917714241303309 20.631708743126016 r
2459354.8114583 2068.889808698074 69.6552830579884 26.269 17.979656599276666 0.036553295636198094 19.91418983564767 g
2459358.7533333 1923.5202913233934 94.6273934557142 26.2804 18.070158069840407 0.05341090579511655 19.59293279549958 g
2459358.810544 3946.4754701949146 98.5925113794972 26.1742 17.18367648065287 0.027123414401821526 19.442165166058235 r
2459361.6889583 4298.571168584937 42.8396915470467 26.2877 17.204389696353015 0.010820119357926032 20.460659151214763 r
2459361.7338542 2196.7838083556658 67.5630595814476 26.3691 18.014631702780704 0.03339118465302416 20.0474017184233 g
2459367.7532292 1938.8749895902579 24.8958660189692 26.2032 17.98432547869742 0.013940786219800065 20.965456893930924 g
2459370.7223727 2012.6630811004302 27.9299374605594 26.2863 18.02687229932254 0.01506637319761927 20.92370008103565 g
2459370.7671065 4014.1618857708745 27.7254119388245 26.2156 17.206612792451864 0.007498820575394187 20.86097997032794 r
2459376.7186227 2067.3580497256944 50.8247747004657 26.3137 18.02516075140015 0.026691292250811217 20.301086333799738 g
2459376.7541435 4050.298080875011 40.2828558761323 26.2202 17.201482534484647 0.010797994555321341 20.459974357837417 r
2459378.7499653 4146.14969244401 32.1976845531857 26.2394 17.19528755551565 0.008431202130280004 20.722413386157278 r
2459379.7562269 3116.2864367548373 32.6298105697393 25.5308 16.796706576323473 0.011368077374959543 19.999338607843477 i
2459380.7501389 579.1144118397433 46.2002460354938 24.8564 17.949489067701993 0.08661433059727781 18.947364268258127 g
2459386.6874653 3958.4644632114664 85.7041554330469 26.1795 17.185683123874234 0.023506337474650266 19.599570290306136 r
2459386.7917593 1607.5610347051584 100.556977950035 26.0258 18.01038132278626 0.06791326027653855 19.27234445672498 g
2459392.6878588 3886.997026065141 32.8768130230858 26.1974 17.22336447911645 0.00918301600433642 20.657750709810035 r
2459392.7568634 1610.6439254263323 67.790108307058 26.0885 18.071001152544373 0.045695835949271825 19.763159169723416 g
2459396.687338 3809.620219883066 27.3577122979119 26.1598 17.20759579219552 0.007796648098102189 20.81967554399705 r
2459396.7497338 1499.713853578778 36.2459714222194 25.9938 18.053778991805082 0.026239839739559012 20.3482256299149 g
2459527.0419097 3984.4911997789527 55.843433721056 26.1482 17.147267820071264 0.015216300639417656 20.033344702932947 r
2459529.0476852 3877.2016316785725 69.4660157407569 26.1847 17.213404032916337 0.019451981210760045 19.832844013149575 r
2459529.050081 4072.601430392106 72.8088326089391 26.192 17.167320226350945 0.01940984182091064 19.789114819701553 r
2459529.0524769 4043.2855526915523 99.5041061884046 26.2065 17.1896639650068 0.026718767863634054 19.464472481813978 r
2459690.8620486 3065.810370770172 37.4611014615039 25.5394 16.823036777548708 0.013266155742873806 19.858023632401434 i
2459894.0420833 3658.218870765979 119.012211871434 26.1498 17.24162578574775 0.03532089330722873 19.21339617231163 r
2459894.0444676 3526.6727815243717 134.38367338938 26.1476 17.279187085003986 0.04137053909940173 19.079308718176595 r
2459894.0468519 3563.1560873531657 155.598012248712 26.1461 17.26651288140046 0.047410991199073646 18.918664877624266 r
2459894.0492477 4042.3541236663605 175.703392681266 26.1532 17.136614108782624 0.04719061408232901 18.793824620587802 r
2459894.0516435 3997.9109799130947 239.638498669739 26.1725 17.167917200984313 0.06507786674414427 18.4761835139578 r
2459896.0445139 3922.554080519317 62.0470607049852 26.169 17.185077650130633 0.017173630350173243 19.93977195687932 r
2459896.046875 4046.4017321790107 58.9263799136289 26.1827 17.16502750521837 0.015810681911154496 20.009500585549297 r
2459896.0492245 3864.0106534814295 75.968477091601 26.1665 17.19890421214898 0.021345431722357856 19.71749143823228 r
2459896.0515856 3865.0941699769055 85.3785296400392 26.187 17.21909980093393 0.023982719580347103 19.61120331100829 r
2459896.0539468 4034.5346527238917 115.129523404338 26.1903 17.175816375036817 0.030981546651408582 19.28990822206081 r
2459901.0341204 4117.740586992103 108.829986554541 26.1991 17.162452542295558 0.028694550787274196 19.359803550367303 r
2459901.0365856 4041.2521559643483 92.5305592538147 26.1856 17.169310126722284 0.024858737912109855 19.522462021542232 r
2459901.0390394 4012.8489107350574 103.989014497432 26.1964 17.18776797935299 0.02813484273924014 19.40650633310389 r
2459901.0415046 4184.585687389449 101.31196601165 26.2159 17.161768836762107 0.02628561337155181 19.454323131289335 r
2459901.0439815 4107.788023469402 73.8392861284426 26.2177 17.183679939106575 0.019515932295343107 19.79955626586426 r
2459902.0342477 3872.6748849607075 57.4670741796148 26.186 17.21597240237997 0.016110828894804276 20.04002727299156 r
2459902.036713 3810.4587264159504 57.7462281898899 26.1841 17.23165684535238 0.01645342055829938 20.03286593246004 r
2459902.0391782 3761.330359904963 58.067611391325 26.2016 17.263246301392883 0.01676109239422258 20.04434008486976 r
2459903.0363773 3795.365583967228 81.8413920249634 26.1812 17.233065962166524 0.02341149946051416 19.651342470158156 r
2459903.0388426 3899.8139207572985 91.9400065844236 26.1834 17.205790286995462 0.025595904619296547 19.52721366286757 r
2459903.0413079 3713.0445491963546 83.2120654983014 26.1826 17.25827460016778 0.024331337347153457 19.634709233546584 r
2459903.0437731 4098.823192318356 86.0288277867131 26.198 17.16635203773925 0.022787393831253583 19.613964975853037 r
2459903.04625 3973.6343035670343 75.5171973600182 26.1988 17.20083025955445 0.02063325784664488 19.756260329687066 r
2459904.0379977 3900.1574318959165 60.0047911763166 26.1746 17.19689465523906 0.016703736430572255 19.98171016743575 r
2459904.040544 3934.7575081805976 51.1505328456512 26.1908 17.203505068112435 0.014113737223974975 20.1712495836426 r
2459904.0431019 3893.8792533649757 55.1074528616151 26.1979 17.221943799483697 0.015365181526918705 20.097449144580764 r
2459904.0456481 3773.926426952619 53.0186084069952 26.1947 17.252716426749892 0.015252629923142214 20.13620417788975 r
2459904.0481944 3932.948087618252 62.6356844458549 26.2016 17.21480446489969 0.01729073486043566 19.962120420411207 r
2459905.0390741 3913.4430405852418 41.1649459202267 26.1799 17.198502457177987 0.01142032254515872 20.39615611615832 r
2459905.0415856 4040.9918095580742 46.5000683604172 26.2351 17.218880074504206 0.012493250815181942 20.319041010777532 r
2459905.0465972 3919.3228934671133 52.2622778824899 26.1748 17.19177238922871 0.014477285143206179 20.131904152191616 r
2459914.9951968 1779.6973271689108 57.447780190645 26.1747 18.04883462950515 0.03504587774607792 20.029091859148334 g
2459923.9662269 1554.3541132040446 99.1862672961051 26.1284 18.149525083060748 0.0692805645049591 19.38984612254405 g
2459932.986794 1916.0057376472978 51.8724227357398 26.2569 18.050907986806486 0.029393382419275308 20.2221336579657 g
2459951.9423495 4081.046978894548 80.7539481249651 26.2476 17.220671014563244 0.021483350212014328 19.73226557784497 r
2459967.9235648 4030.158858288514 60.832489647408 26.238 17.224694586931122 0.016387898425978806 20.030236011951136 r
2459967.947581 2189.0678799635825 74.6443337680172 25.2302 16.87955192838197 0.03702094115660063 18.800282873832554 i
2459969.8805556 2004.3692855437423 48.3381709688333 26.2691 18.014155652247908 0.0261831752259292 20.31094945554743 g
2460032.692338 2426.871546374941 40.0832377350521 25.2837 16.821083025359805 0.01793188076804073 19.528868002815674 i
