jd flux fluxerr zpdiff mag mag_error limitingmag filter
2458198.8927315 4510.010782816206 23.690603340679 26.2682 17.132756049455885 0.00570306575429387 21.08433468600321 r
2458198.899537 4435.315058551403 24.1821422820779 26.2652 17.147888812562314 0.005919433350068903 21.05903805884136 r
2458198.9284838 4588.656730201002 25.9894175723354 26.2733 17.119086074850074 0.006149231096885414 20.988883621684362 r
2458198.9513079 4449.890720227529 23.0156615538519 26.2688 17.1479266355729 0.0056154421130906644 21.11631633262764 r
2458198.9756134 4355.83147279702 24.1345581772794 26.2315 17.133822328632576 0.006015588522355416 21.027476607275442 r
2458198.9833796 4221.14344125962 24.8846788018369 26.2232 17.159624723920384 0.006400468534443399 20.98594489047332 r
2458216.8755093 4070.838692048061 37.1553955044797 26.1797 17.15549026575463 0.00990941079979726 20.507220267762463 r
2458216.8956597 4073.7355136992387 36.1252914763565 26.1975 17.172517927214006 0.009627829009513832 20.555546589467298 r
2458216.8975579 3893.5225911595126 44.1372953123558 26.1779 17.202043252697322 0.01230758532888181 20.318460697845097 r
2458216.8984722 3989.7921508722816 40.0763889989576 26.192 17.189624320983917 0.010905564473240929 20.437353530644476 r
2458217.888125 4237.334185737783 26.7635840210061 26.1785 17.110768207888416 0.006857430143085831 20.862214311308257 r
2458217.9057639 4272.044669870363 21.8730732597548 26.2164 17.139810537083125 0.005558835984464652 21.119200470296647 r
2458217.9375347 4298.7488464831595 27.7938355619336 26.2197 17.136344819268857 0.007019662777991403 20.86240377978764 r
2458217.9404167 4266.242695747674 28.0709259260264 26.2154 17.14028610567526 0.00714366398054758 20.84733314372172 r
2458217.9606481 4308.441000744236 26.9347991592841 26.2175 17.13169962463091 0.00678739976761509 20.894290635272714 r
2458217.9799653 4339.913166329199 27.2624432563609 26.2119 17.11819739958355 0.006820144438158523 20.875563052525706 r
2458218.8426852 3936.3648081197002 25.9425262234635 26.1357 17.147961648815944 0.0071552821178351095 20.853244328150367 r
2458218.8631019 4141.5333213073545 28.2916655448152 26.1892 17.1462971002793 0.007416639900970225 20.81262870079049 r
2458218.8951157 4177.201228486858 25.582776937956 26.1977 17.145486507362435 0.006649241777514291 20.930405778817626 r
2458218.9158333 4233.134853789126 27.9418895781184 26.2079 17.141244740270437 0.007166440607912266 20.84483555901648 r
2458218.9351852 4271.062961460791 31.6924435825256 26.2206 17.144260066039912 0.00805618795789881 20.720785674436513 r
2458218.9579514 4188.81651985658 35.7723628591983 26.2164 17.16117165588794 0.009271844248160426 20.585105920670408 r
2458218.9603588 4215.5146684759275 33.6572796434152 26.1712 17.109073487927866 0.008668386041239215 20.60607746136742 r
2458219.8665394 4487.748678289267 34.925035302799 26.275 17.144928680788116 0.008449250068678821 20.66973285471387 r
2458219.8880093 4343.612535549397 32.6838307822351 26.2554 17.160772305450585 0.008169429199739703 20.722142605885683 r
2458219.8889236 4378.3682569479115 32.443592462392 26.2588 17.155519283693625 0.008045008155840475 20.73355264564117 r
2458219.9136343 4414.888422872783 33.5020264679302 26.2594 17.147100669594842 0.008238747314153794 20.699297295655743 r
2458219.9360648 3625.983004665975 46.0253157315229 26.0549 17.156335589540248 0.013781003723793685 20.149983048094462 r
2458219.9565972 4138.063889341797 40.6410621224687 26.2143 17.172307020899737 0.01066295792580976 20.444462365730406 r
2458219.9575116 4124.884318711903 40.223361489498 26.2104 17.171870566542445 0.010587085647721916 20.451779084116247 r
2458219.9771875 4009.6092174015125 39.9381639204695 26.1905 17.18274488079132 0.010814237053394047 20.439604751289544 r
2458222.8764815 4270.5225560164545 33.5770554476586 26.208 17.1317974498443 0.008536334516759427 20.64546846951971 r
2458222.8774306 4547.354578753077 33.4696877223332 26.275 17.130602951197158 0.007991028482784678 20.715945838314823 r
2458222.8976273 4509.714583055783 37.560833938471 26.275 17.139627358678904 0.009042655949939426 20.59073692402091 r
2458222.9193634 4413.163982468747 31.1406388279285 26.275 17.16312483730873 0.007661032245751453 20.794256195249698 r
2458222.9569097 4275.611093804384 31.4554719701292 26.2171 17.13960451187143 0.007987444407059476 20.725434474427093 r
2458222.9578241 4526.850186512369 34.1148388804702 26.275 17.135509694978786 0.00818195412847584 20.695216677885636 r
2458222.9773958 4253.449068915561 35.2328971555991 26.2104 17.138546907748 0.00899325601930543 20.59560409885107 r
2458222.9826273 4538.084290005511 37.3720531598776 26.275 17.132818604565173 0.008940961763323669 20.59620759431434 r
2458224.8914699 562.2097449040682 53.3880309085835 24.0089 17.134154077356023 0.10309921818829307 17.942865231092103 r
2458224.9151505 1848.6066407877272 51.4613252055285 25.3089 17.141788727928994 0.030223607090275485 19.28277257479487 r
2458224.9362963 4345.711088103768 44.2336483304056 26.275 17.179847874636664 0.011051004316367621 20.41319308701562 r
2458224.9569097 3887.677622617178 35.0080951592678 26.1403 17.16607438799299 0.009776605110798756 20.53245378710632 r
2458226.843831 4230.8258351415725 27.2094166942356 26.2034 17.137337130830232 0.0069823870932146466 20.869176910086345 r
2458226.8624537 4296.423053769744 27.3233196059367 26.2039 17.121132404356082 0.006904564034991163 20.865141333722683 r
2458226.8634028 4281.137533436952 28.3484258342023 26.2096 17.130702050098115 0.0071891841100196 20.830852619491562 r
2458226.8818634 4617.243767393699 32.6282318262889 26.275 17.114042990663904 0.007672211621999321 20.743591140799097 r
2458226.9049769 4512.403992612849 30.4622412021778 26.275 17.13898006294952 0.007329320541189849 20.818170357719325 r
2458226.931169 4571.826081053946 31.1982273382373 26.275 17.124775747898376 0.007408837261218766 20.792250193143715 r
2458226.9320833 4178.187023746579 30.6179290439174 26.2142 17.16173031014536 0.007956054952555268 20.75183545852668 r
2458226.9631481 4245.8892634165495 33.0684403951635 26.2003 17.130378342025544 0.008455803604293566 20.65434070717858 r
2458227.8891204 3220.169872460936 27.1897027128571 25.6937 16.924003043798876 0.009167174839999705 20.36026384136365 i
2458227.9022222 4404.060369106104 46.3319256117581 26.275 17.165366841309087 0.011421862422584306 20.362874113183572 r
2458229.8868866 4666.130913289877 25.508469698875 26.275 17.102607701938695 0.005935226864979324 21.010863976040923 r
2458229.9078935 4682.682797216271 30.4223678428054 26.275 17.09876315032613 0.007053555877534352 20.819592456234673 r
2458229.9348495 4660.790270806918 29.1923756696021 26.275 17.10385109821485 0.006800169160797666 20.86440139110269 r
2458230.932662 3765.12001654816 33.1098876485641 26.06 17.12055293929972 0.009547479193771469 20.512680721490852 r
2458230.9427315 2843.045738398659 37.3755964358032 25.6001 16.96564038350836 0.01427296244386396 19.92120465962731 r
2458230.9634722 1900.3136528338348 44.2034420608621 25.3738 17.17673677860113 0.025254608350527084 19.512734767719596 r
2458231.8060532 4219.541483427864 37.7679068338692 26.2134 17.150236847735655 0.009717789624909799 20.523167698900146 r
2458231.8510417 4488.982919095916 43.0182672933506 26.275 17.144630117792648 0.010404346294504757 20.443442704859518 r
2458231.8640856 4544.013541377241 40.4180148002135 26.275 17.13140095769206 0.009657065998815596 20.51113754268908 r
2458232.8422222 3356.393227671792 26.5956645430126 25.6829 16.868217909683064 0.008602958901325833 20.37344787300561 i
2458232.8929167 4411.549108030887 40.1971980715574 26.2614 17.149922204938683 0.009892692312286127 20.503485534587504 r
2458232.911956 1586.1141115742216 52.4698755473646 25.178 17.177163927406916 0.03591579159789098 19.13079990390505 r
2458232.9128704 1466.1797849540312 51.834337557183 25.1831 17.26763193162782 0.03838311021836794 19.14913110760092 r
2458232.9253356 2594.2721422398363 47.1637665755353 25.7028 17.1677611696336 0.019737983744006447 19.771353785970753 r
2458242.8327546 4736.786011628397 38.6862154051865 26.275 17.08629058613669 0.008867114529197783 20.558684375055698 r
2458242.8464005 4649.79260934959 34.3309564184688 26.275 17.1064160428416 0.008016082116992595 20.688360232891124 r
2458242.8670602 4659.726513604953 39.6752519269351 26.275 17.104098929904655 0.009244195102718284 20.531275756444636 r
2458242.8679745 4694.958868863425 36.2030551347839 26.275 17.095920520264585 0.008371885261978912 20.63071193491324 r
2458243.7985532 4639.861192968041 30.630497444288 26.275 17.10873752923227 0.007167354731573442 20.81218986446681 r
2458243.8251157 4583.384064434593 35.6150869558344 26.275 17.122034373865958 0.008436408418834833 20.648489966581536 r
2458244.8110532 4357.484060497345 26.4205592339584 26.2288 17.13071048211733 0.006582881488965142 20.926519974353933 r
2458244.8297106 4515.179438579665 51.3697947878539 26.275 17.138312464075817 0.012352152768200323 20.250805412141336 r
2458244.8441667 4508.88953602374 41.2352850683658 26.275 17.13982601102554 0.00992908534153298 20.489402485958983 r
2458244.9028125 194.18824702544967 60.2130233526666 22.6612 16.94064264676074 0.336649001447665 16.464548903935004 i
2458245.8719097 998.4760157235958 62.2654912622969 24.8122 17.313855907013235 0.06770482495213952 18.579156441798734 r
2458246.8908681 4464.209436421583 40.3800099555623 26.2826 17.158238597144965 0.009820456999861478 20.51975893495608 r
2458246.9046296 4329.900816625048 42.7299095319688 26.2591 17.167905129373967 0.0107143014917877 20.434845055841997 r
2458246.9229514 4335.622467947836 43.5833405503085 26.2827 17.19007135447292 0.010913872964097586 20.43697370232351 r
2458247.9039468 4493.963603446635 32.7464879924784 26.2723 17.14072612312016 0.007911248321229532 20.73696316553695 r
2458247.9218519 4403.022204302582 32.9875455681567 26.2879 17.178522811003823 0.008134089850455476 20.744599981280267 r
2458247.9436574 4263.15199296448 37.3868471318242 26.2561 17.18177295824316 0.009521335387058467 20.57687788357484 r
2458248.8014352 4254.508211955973 35.6258616622186 26.2471 17.174976584352393 0.009091297061779182 20.620261546224057 r
2458249.7820023 4251.338170093511 48.2413054246889 26.275 17.203685869925028 0.012319788077087435 20.3190273605737 r
2458249.8260764 3314.6642480491078 49.2232018682111 25.679 16.87790113994616 0.01612278839395894 19.701150338535122 i
2458252.8913426 4580.808682506419 22.781726083473 26.275 17.122644615389966 0.0053995095021722676 21.133608424643263 r
2458252.9009144 4624.231861941607 27.5710895458421 26.275 17.112400995596587 0.006473276603252374 20.92644016725811 r
2458254.8709606 4541.32010096833 27.0143390469547 26.275 17.13204471299442 0.00645835731707723 20.948589123581847 r
2458254.8737847 4252.5380179302365 30.0359231526327 26.2325 17.16087948770206 0.007668362194369052 20.790972527889412 r
2458254.8907407 3378.7919308797577 18.9685909220466 25.6911 16.869196379140035 0.006095136837474261 20.748587312637905 i
2458255.7815394 4313.078283688917 30.9622574211108 26.2221 17.135131648012365 0.007793905111629213 20.74759344652045 r
2458255.8094676 4304.103669345675 29.299831372197 26.2436 17.15889319181923 0.007390813364314313 20.829012186938083 r
2458255.8223958 4446.288354314635 34.680799485982 26.2698 17.14980593876036 0.008468399033407854 20.672152237712655 r
2458257.8001273 4152.304249550048 28.2448063342783 26.1885 17.142777080420853 0.00738514915915637 20.813728486004017 r
2458257.8231829 4279.990116654233 30.1143478891296 26.2059 17.12729308464434 0.0076390707950481345 20.761541331203595 r
2458257.8240972 4248.382469201857 31.4271608522772 26.2087 17.138140979824293 0.008031402253603492 20.718012118216684 r
2458257.8513773 4120.968553457504 26.826595769844 26.193 17.15550174876011 0.007067667381951544 20.874161076038906 r
2458257.8681366 4195.500069138898 29.4310452758357 26.2006 17.14364066853981 0.007616085169683492 20.78116077211463 r
2458257.883912 4131.362729754861 31.4915808917718 26.2077 17.16746668175776 0.008275818806213942 20.714788831746144 r
2458257.8848611 4228.47574121389 27.5606597306228 26.2078 17.142340391537864 0.007076452627571925 20.859650966054677 r
2458257.903206 4189.818294331064 28.0981915696401 26.1993 17.143812028193157 0.007281033315557854 20.830179066318962 r
2458258.9094792 4172.235107082559 38.5180134938488 26.2465 17.195578067229476 0.0100231665227307 20.5349152867272 r
2458258.9247917 4301.57024832264 37.4828241546273 26.2952 17.2111324507622 0.009460522515132136 20.613194225418663 r
2458261.7250347 3149.890516746775 40.7806224529519 25.6235 16.87776135266811 0.014056209751346499 19.849940363348964 i
2458261.8087731 4138.17565864585 55.6597662594216 26.2531 17.211077695508827 0.014603007028374602 20.1418215436536 r
2458262.8123727 4303.819386287726 50.6300938630555 26.2581 17.173464906309828 0.012772165366012986 20.249653157846254 r
2458262.8242361 4451.267172274675 51.1084056465357 26.255 17.13379084469004 0.012465752753746362 20.236344156352757 r
2458262.8591667 4496.756657089988 60.4321652443888 26.3361 17.203851534328138 0.014590783270956956 20.135504601633976 r
2458263.838588 3358.610562907243 36.6490682214651 25.7293 16.913900876214193 0.011847129228820794 20.071717645497454 i
2458263.8533102 4019.326925264378 55.6697939157446 26.2309 17.22051666897881 0.01503751657383489 20.11942595517681 r
2458263.8537616 4308.676124009726 56.871488991198 26.2718 17.185940374689594 0.014330475027740633 20.137138491758147 r
2458263.866794 4204.133391001991 58.0593169236592 26.261 17.20180878224159 0.014993577634555827 20.103895184190648 r
2458263.8911458 4403.228203463587 57.138333323301 26.2574 17.1479720150948 0.014088547225490378 20.117656068585063 r
2458263.9043287 4365.14351328907 56.5590203549858 26.2863 17.18630368344417 0.014067379047782897 20.157620292797308 r
2458266.7897106 4717.987030677914 58.4239871885906 26.275 17.090608143213146 0.013444488608850332 20.111097008160346 r
2458266.7964699 4658.716363274476 61.1893794735125 26.275 17.104334324767258 0.01426000299526681 20.0608848666519 r
2458266.7973843 4910.3757274901345 60.0225521301043 26.275 17.047213189176986 0.013271180957259073 20.081788845474136 r
2458266.8253125 4769.2955114213855 58.1098069038251 26.275 17.078864418279167 0.013228330516403746 20.116951408407736 r
2458267.7468171 3270.5071661759544 39.9489325789387 25.6626 16.87606223731516 0.013261721774995277 19.91141204012692 i
2458267.8272801 1038.327459052373 141.475042799165 24.6191 17.078264151787163 0.14792968502175186 17.494975404183535 r
2458267.8602662 3767.9285959162626 93.5988833290939 25.9996 17.05934333973332 0.026969807161562154 19.323998320490585 r
2458268.8775579 4678.993715577965 64.5071779943333 26.275 17.09961884528608 0.014968056681776643 20.003554881258513 r
2458269.8475926 4919.102238462403 157.367128842555 26.275 17.04528537746087 0.034732657200832406 19.035289936147493 r
2458269.8631019 4725.969589315916 48.9605406179031 26.275 17.088772693235413 0.01124773614054334 20.3029594776481 r
2458269.8640509 4763.705767440694 47.3112245657012 26.275 17.080137676916856 0.010782739115010063 20.340164516351788 r
2458269.8932755 4880.9742992740585 42.4961872081469 26.275 17.05373369777779 0.00945264359592042 20.456700072783786 r
2458270.8478935 4873.436471013081 50.9970318753045 26.275 17.055411727311302 0.01136107505173006 20.258712738997875 r
2458270.8560301 4752.183741955312 46.9313616433426 26.275 17.08276693954602 0.010722097903397149 20.348917102157838 r
2458271.8894792 4438.177228174631 45.6060751608437 26.1924 17.074388398071278 0.011156498097416614 20.297418242526675 r
2458272.7790972 4675.382872635642 34.6559097838769 26.275 17.100457046115377 0.008047666314682884 20.67813172817727 r
2458272.8028704 4830.479297839493 34.4423303724776 26.275 17.065024437055214 0.007741268677442423 20.684843668670144 r
2458272.8037847 4825.501934977828 35.6997489307218 26.275 17.066143764736466 0.00803216285815514 20.64591208462075 r
2458272.821956 4829.25868342773 33.1621965615058 26.275 17.06529882654042 0.007455429325080523 20.725966766268726 r
2458272.8626968 3338.1772373074236 26.4524092847165 25.6753 16.866526521492773 0.008603312142761414 20.371711904904345 i
2458273.8227431 4729.375216991955 30.6043127848519 26.275 17.08799057190543 0.0070256853952153295 20.813118409338113 r
2458273.8471991 4775.259497675334 32.5150642494835 26.275 17.07750755740149 0.007392604584703632 20.747363447892763 r
2458273.8701273 4690.539137108678 27.2254307920955 26.275 17.096943090006356 0.006301759637208465 20.940138088186863 r
2458274.8045023 4790.084071221403 21.5527308410185 26.275 17.074142160436903 0.0048850499336073605 21.1938192258825 r
2458274.8223843 4780.886345891093 25.4761855952402 26.275 17.076228951228543 0.005785432386303032 21.01223897895649 r
2458274.8463889 4843.283541600198 28.0283406806658 26.275 17.062150262987736 0.006283003919887129 20.908581520050124 r
2458275.8480556 4776.377622473825 28.3591532074402 26.275 17.07725336253093 0.006446209883499754 20.895841842031402 r
2458275.8489931 4855.548616440857 25.4656875521873 26.275 17.059404232807978 0.005694124219412297 21.012686473517594 r
2458275.8642014 4800.277625347301 29.2217544204199 26.275 17.071834110899744 0.0066092133102310935 20.863309272601434 r
2458275.8850926 4833.5396807178795 30.8794377238447 26.275 17.064336779340564 0.006936077440415038 20.803401529726642 r
2458276.7898148 4785.369243871518 23.296741075424 26.275 17.07521136499531 0.005285542347224342 21.109337056975743 r
2458276.8054282 4758.02978231405 24.8026511299146 26.275 17.081432109690674 0.005659535472401317 21.041329727663353 r
2458276.8214815 4698.990189316293 24.2704776984187 26.275 17.0949886542708 0.005607685178207873 21.0648791783522 r
2458277.7696991 4794.223086061222 23.1387783392363 26.275 17.07320440281515 0.005240008900701383 21.116723924847744 r
2458277.7854398 4839.922959914416 25.8074410700669 26.275 17.062903878094723 0.005789170406602318 20.998212628347012 r
2458277.7978125 3500.624970350025 23.5248846082088 25.683 16.82263603416405 0.007296116389348179 20.50675623453776 i
2458277.8840394 4848.730059195209 26.9690204771081 26.275 17.060929983650787 0.006038749357982655 20.95041205657538 r
2458278.7657986 4747.106503109897 24.2907434128651 26.275 17.083927561533006 0.00555548102956415 21.063972972920645 r
2458278.7826852 4762.385596003599 27.3290738268525 26.275 17.080438609981684 0.00623031773796574 20.936012704540715 r
2458278.7835995 4752.819509005955 28.1956683301561 26.275 17.08262169492327 0.00644081624560848 20.902119006021845 r
2458278.8104977 4813.219862964656 25.2411741523554 26.275 17.068910749353527 0.005693557235578434 21.022301105991552 r
2458279.7678125 4741.309302850102 26.3699248351629 26.275 17.08525428058078 0.006038380026446782 20.97480275945457 r
2458279.7858333 4827.946128018898 26.378708724829 26.275 17.065593961409096 0.005931997438069745 20.974441158159006 r
2458280.8051968 4814.438746141769 23.2308971057694 26.275 17.06863583607387 0.005238779911354416 21.112410036058144 r
2458280.8229861 4782.488152982082 26.2302636926379 26.275 17.07586524279734 0.005954682244918813 20.98056834773154 r
2458280.8407523 4775.9231536713205 24.7782442767351 26.275 17.07735667444389 0.005632783222353892 21.04239866383582 r
2458281.7178125 4796.427709385456 26.085208527604 26.275 17.072705241818845 0.00590454242498075 20.986589207002204 r
2458281.7187616 4792.043389410447 27.7018946207539 26.275 17.073698145737062 0.006276225932389289 20.921301307004217 r
2458281.7994097 3460.5746938867997 19.7015769492893 25.6703 16.82242943101054 0.006181054878436643 20.68662251601928 i
2458281.8267014 4812.878699688153 29.0020650608761 26.275 17.068987709571374 0.006542351054605511 20.8715026829804 r
2458281.847419 4867.19281477545 29.9853339227509 26.275 17.056803621891575 0.006688676261417558 20.835302765179883 r
2458282.8070139 4831.847129556482 29.1028471418312 26.275 17.064717036050244 0.006539313081452235 20.867736293542176 r
2458282.821169 4817.560740987286 27.8038357727158 26.275 17.067932002366636 0.006265956180191566 20.9173132026013 r
2458282.842419 4797.676570135247 28.0628740199667 26.275 17.07242258211474 0.006350545285427391 20.90724462258097 r
2458283.8271991 4804.800587340396 25.3631632855609 26.275 17.070811580141978 0.005731098695685084 21.017066445020724 r
2458283.8450347 4799.4485622305065 24.8564555590378 26.275 17.072021646216186 0.005622865512679962 21.038976989427425 r
2458283.8674074 4787.237772394461 28.631689155128 26.275 17.07478750363982 0.006493394812134909 20.88545756312348 r
2458284.7810532 4829.036451505784 26.1112448748459 26.275 17.065348790895452 0.005870524864599118 20.985506045011604 r
2458284.7838773 4815.455392262401 27.4962160258661 26.275 17.06840658962758 0.0061993392747964875 20.929392661144178 r
2458284.8003472 4801.159566791952 24.2670023769286 26.275 17.071634649977288 0.0054875669333847524 21.06503465747331 r
2458284.8176736 4856.658660364244 32.0884469148399 26.275 17.059156047231333 0.007173332377620469 20.761703244928324 r
2458285.6991204 93.83745214824029 44.053005487124 22.7114 17.780459481477422 0.5096935920831844 16.854036131129348 r
2458285.8069213 4860.5501721062055 24.9317472064616 26.275 17.058286423970536 0.005568998772483796 21.035693202293203 r
2458285.8234606 4829.992614799532 23.3528416769957 26.275 17.06513383324247 0.005249320698964785 21.10672565168528 r
2458285.9751505 3262.210427926441 27.1799694742516 25.6502 16.86642007088516 0.009045796863862015 20.317152577555404 i
2458286.8045486 4732.4570935873435 23.4078855828783 26.275 17.087283287099122 0.005370136669969563 21.104169524243563 r
2458286.8261574 4846.765520280117 23.7369420530397 26.275 17.06136997581776 0.0053171951230468785 21.089013065190514 r
2458287.7640856 4866.891339189832 28.0907517130836 26.275 17.056870874845853 0.006266449569012103 20.90616658628986 r
2458287.765 4831.420692027678 24.108779473916 26.275 17.06481286257041 0.005417640802429352 21.072136928081584 r
2458287.7862616 4888.03985623093 25.0327352267323 26.275 17.052163153972575 0.005560110276314257 21.031304224610427 r
2458287.8038426 4796.434141906951 28.6093283420797 26.275 17.072703785731687 0.006475883304559821 20.886305834051946 r
2458288.7805903 4722.9574744133 26.8299874178556 26.2316 17.046064912000865 0.006167601020626247 20.912623816644956 r
2458288.8042593 4729.657396494966 26.2160816900396 26.2366 17.049525793081784 0.006017941154039845 20.942755535034674 r
2458288.819213 4744.291039152767 23.029112092522 26.2395 17.04907169243733 0.005270061805339015 21.08638200494758 r
2458289.7393866 4596.438769400679 30.9466031978715 26.22 17.063946302203618 0.007309730157965307 20.746042523247773 r
2458289.7586343 4620.121224343714 29.5412772227245 26.211 17.049366572812687 0.006942017995484078 20.78750181869455 r
2458289.8519792 3440.090206651027 24.0706470731598 25.6688 16.827375422831985 0.007596748909898763 20.467655576047637 i
2458290.7631019 4596.496517774937 32.4665623512919 26.211 17.054932661402557 0.00766865516127071 20.684984222237755 r
2458290.82875 4438.37187171177 32.572604066205 26.2007 17.08264078237447 0.007967803793114733 20.671143788451246 r
2458290.844294 4567.625346698876 29.8800967201969 26.2004 17.05117381429943 0.007102338424617833 20.76451999182867 r
2458291.7664352 4635.22396584035 34.491742510528 26.219 17.05382319167429 0.008078937527000622 20.627287150850137 r
2458291.7804167 4548.062658831656 36.3684367612154 26.2169 17.072333901628866 0.008681765128054514 20.567663404145435 r
2458291.8006829 4561.482949054169 36.1326687939804 26.2185 17.07073486050399 0.008600106357464029 20.576324888748477 r
2458292.7461806 4586.688947136931 36.9668384691792 26.2378 17.084051777925175 0.008750298306372088 20.570844214641003 r
2458292.7599653 4674.455223655953 31.6620235445024 26.2345 17.06017248986435 0.007353896297541334 20.735728320382975 r
2458292.7902546 4332.086979008125 36.1250594383167 26.2315 17.13975708064539 0.009053598697863744 20.58955356333241 r
2458292.790706 4215.403259501264 31.6319882535139 26.2248 17.162702182491934 0.00814699034296027 20.727058762422214 r
2458292.7983218 4684.716132794066 36.7321923519605 26.2207 17.043991799398434 0.008512819156181859 20.560657864461668 r
2458293.7502662 4786.237470401521 38.3940503370396 26.239 17.039014393889357 0.008709225296217274 20.53091516430803 r
2458293.7612731 4770.917544395867 36.0328083751618 26.243 17.046495223182085 0.008199852478873008 20.60382970893646 r
2458293.7856019 4636.284021485451 40.4896081579759 26.2319 17.06647491689536 0.009481638176910036 20.4661160545032 r
2458294.7578125 4690.7119175759435 41.5481311440359 26.2355 17.057403096617897 0.009616622545942026 20.441696254725226 r
2458294.781956 4729.893286870893 46.232683677289 26.2376 17.05047164363429 0.010612253094115693 20.327802229801716 r
2458294.8058333 4660.4960747505365 47.3027275421132 26.2318 17.060719633671866 0.011019550380207388 20.297159530426594 r
2458295.7644097 4616.024596032714 39.9819063581832 26.2128 17.052129714376903 0.009403839782480196 20.460716245001024 r
2458295.7824074 4610.178357105672 39.6705323281262 26.2106 17.05130568109832 0.009342436151578025 20.467004918676828 r
2458295.8088657 4585.146740818506 46.1611274733807 26.1998 17.04641690205253 0.010930323265707063 20.29168396964606 r
2458295.8197106 3382.2994279274635 30.8101217888847 25.6566 16.83356986962484 0.00988988406821488 20.187441451568183 i
2458296.7497801 4663.760034655034 39.4731284046769 26.2306 17.058759508779893 0.009189146780817949 20.492421120786585 r
2458297.7602083 4428.250343733826 55.9940645819092 26.2094 17.093819587466072 0.013728391847268371 20.091620004498914 r
2458297.7785764 4376.5695342230265 56.1060456415021 26.2186 17.115765417854433 0.013918283092877438 20.09865083747765 r
2458297.804213 4369.921314934024 64.7871365468487 26.207 17.105815957229332 0.01609626102614976 19.930853025459015 r
2458298.7650463 4421.319110874148 48.3124738497086 26.2064 17.09252034636441 0.01186362068497202 20.248826798684693 r
2458298.7874769 4438.516584222073 51.6492124912015 26.2054 17.087305382670504 0.012633849381352641 20.175315728893217 r
2458298.7975116 4343.345784701635 54.0708854064812 26.2028 17.108238984958525 0.013516022715158827 20.12296628623066 r
2458299.8444213 4384.965370959732 52.3490082749641 26.1708 17.065884580009666 0.01296140641395511 20.126103842641918 r
2458299.8462731 4248.808019980124 53.110239944991 26.1674 17.096732229552565 0.013571285696393143 20.10702933038945 r
2458299.8604167 4146.546230822438 60.4849462943484 26.1612 17.116983720507505 0.015836916444736993 19.95965674074354 r
2458299.8845718 4147.883903809313 59.5746806267924 26.1384 17.093833519232437 0.015593548965318872 19.95332068210862 r
2458300.8252199 4211.599634234055 41.3096332561996 26.1217 17.060582301757222 0.010649129243362315 20.334146640759627 r
2458300.8468519 4281.368997529289 39.2153677875499 26.1194 17.040443350243272 0.009944511867935922 20.388334257997634 r
2458300.8571412 4183.214357973827 40.9815263945349 26.1204 17.06662470138613 0.010636233144910462 20.341504664003217 r
2458301.6829745 4572.928739797118 32.5613733564416 26.1947 17.044213915504137 0.0077306875013007665 20.66551820404196 r
2458301.8473495 4425.489448733281 37.5689446261964 26.161 17.046096725901823 0.00921674396768395 20.476502501199192 r
2458301.8654282 4279.178060502343 40.0331996635366 26.1567 17.07829910437635 0.010157101261077071 20.403224232690313 r
2458302.8089352 4488.176851454963 44.6399616359663 26.2476 17.117425096348448 0.010798506376248785 20.3758654574284 r
2458302.8098727 4372.479810987365 48.6908991081894 26.2679 17.166080467771884 0.012090097941429692 20.30185550380569 r
2458302.8248727 4352.6483331526715 47.0436444323148 26.2726 17.175716049279025 0.011734300786751084 20.343922592143713 r
2458302.8420486 4256.511175595858 54.5800988874764 26.216 17.1433655550428 0.013921639323274611 20.12598919370148 r
2458303.805 4455.335094371393 28.0857691705652 26.1752 17.052999065676357 0.006844091172178124 20.806559183721426 r
2458303.8236806 4359.005373108365 27.9371759136856 26.1663 17.067831489127116 0.0069583286307948345 20.803418733022664 r
2458303.8496412 4421.659895895007 29.9353378638184 26.161 17.047036663561347 0.0073503609693999356 20.72311457877464 r
2458303.8918403 3307.8734340824403 30.3399250240921 25.616 16.817127789463747 0.009958076466669265 20.163538731097056 i
2458304.8255208 4501.747065904817 27.3213478699506 26.1711 17.037647274542493 0.0065891723697815915 20.83241968666163 r
2458304.8473958 4396.51858205475 26.6577597156761 26.1546 17.046827717349213 0.006583010894448012 20.842615866525467 r
2458305.6867014 3991.753873801009 28.8343257772533 26.0634 17.06049061143849 0.007842524485748016 20.66620048687796 r
2458305.8500463 4340.290541822861 37.9589124839605 26.1494 17.055602993910526 0.009495214867926208 20.453690585473908 r
2458305.8723032 4248.329633827754 41.4110381867714 26.1239 17.053354482759982 0.010582974494582401 20.333684692840368 r
2458306.6865741 4012.5948421709236 34.7745795416974 26.0739 17.065336723573783 0.009409063833615085 20.47332027002128 r
2458306.6991898 4028.660083889269 22.9564369706669 26.0668 17.05389843609524 0.006186623616801051 20.91711378202902 r
2458307.6835069 4165.389843418311 27.0432451980355 26.0971 17.047960865641592 0.007048764321039462 20.769527974477676 r
2458307.7017593 4252.578342221634 26.2008523193622 26.1212 17.049569192359527 0.0066891807919688155 20.827986441053806 r
2458307.8686227 3931.9626419662245 26.0653016769456 26.0437 17.057176542756544 0.007197194024332983 20.75611809973777 r
2458308.6801968 2050.1369080348613 21.7939481303475 25.1692 16.88974283953292 0.011541516760360634 20.07593520680915 i
2458308.7426389 4225.796921023793 24.1990255585041 26.1094 17.044628444142738 0.00621726091903695 20.902480293535845 r
2458308.7435764 4214.141148159702 22.4416415819354 26.1139 17.052127305635477 0.00578169771939113 20.988838434359575 r
2458308.8181366 3187.609060639977 32.6380558015879 25.8499 17.091237368454685 0.01111652543008824 20.31816428765255 r
2458308.8445718 2061.1131517470194 35.5095140159451 25.3933 17.108045413770746 0.018704785486635695 19.7700131677158 r
2458311.6845486 3975.515953114377 23.3600181363048 26.07 17.071516248619844 0.006379542175077381 20.901392050112342 r
2458311.7004282 4088.1905869478355 24.3536637485333 26.0676 17.038772165176024 0.006467597869873963 20.85376422558315 r
2458311.7013426 4146.876796905036 23.6675849680087 26.0786 17.0342971681725 0.006196445724875363 20.8957901268232 r
2458311.7175694 3597.3426551299963 25.9523911472366 25.9512 17.061245481666866 0.007832590267255643 20.668331543794235 r
2458312.6864005 3036.763899404577 23.0515355445278 25.5463 16.840272430125033 0.008241355920228415 20.392125337697944 i
2458312.7052315 893.2804535625205 29.742395742538 24.0928 16.715330422452183 0.03614913874908095 18.661935119392922 r
2458312.7214352 3995.6504815449666 22.4273836926244 26.0746 17.07063127144498 0.006093979087396883 20.9502284563538 r
2458312.7408681 4085.4686365145308 32.2081729930958 26.1844 17.156295297903103 0.008559217198748833 20.667059763692603 r
2458313.7228819 4179.389547670403 24.2456778396486 26.1336 17.080817869389584 0.006298415625119047 20.924589163534918 r
2458314.6803009 4180.0647149475735 27.5545239046372 26.1104 17.05744248627589 0.007156814222585503 20.762492710271307 r
2458314.7016435 4080.2103091004346 27.2079502133041 26.1135 17.08679362798126 0.007239742392861334 20.77933542858997 r
2458314.7025579 4184.668731636015 26.3521012474726 26.1091 17.054947290244204 0.006836975196647313 20.80963686307802 r
2458314.7144213 4274.9282812929505 25.3857160162363 26.1172 17.039877917134838 0.006447189301265158 20.85830144566865 r
2458315.7463889 2764.1977987874166 26.9706175402486 25.6999 17.095977208012748 0.010593308292298468 20.375247762882015 r
2458315.8213542 3814.2232603109796 30.0250598053781 26.0278 17.07428472428999 0.008546486455027603 20.58666528634813 r
2458315.8474884 3662.072881066834 33.7565562906985 26.0002 17.09088254199583 0.01000785466457856 20.431879651105817 r
2458316.7398958 4072.9449050016337 23.2186134020369 26.0925 17.067728661511993 0.006189243694319346 20.930484288059343 r
2458319.7181597 4318.65507383687 38.5089078863133 26.2127 17.12432870295796 0.009681051294292283 20.501371983675135 r
2458319.7216204 4427.786347182346 38.0350321753037 26.209 17.093533357964745 0.009326248196010039 20.51111551921575 r
2458319.7439005 4373.809015847943 40.1527966658978 26.2093 17.107150461324498 0.009967031295195631 20.452585490324438 r
2458319.7619676 4064.1888637006705 31.7673275029996 26.1932 17.17076529625104 0.008486265925792089 20.690823288220507 r
2458320.7222917 3136.1385262574786 30.0270622692473 25.6404 16.89941190589652 0.010395070636317066 20.199192877665563 i
2458320.7661574 4402.025207895314 33.5043862394267 26.2069 17.097768687044997 0.008263403870314826 20.646720822696032 r
2458320.7780093 4430.400241751175 33.6204697042616 26.2096 17.09349259475149 0.008238926951549872 20.645665547711257 r
2458320.8515856 4312.298136562804 27.6699105865751 26.1708 17.084028053117695 0.00696640653602617 20.818355599784244 r
2458321.7245255 4622.863330205946 30.9968959531053 26.212 17.049722364509257 0.007279758784213764 20.736279475375397 r
2458321.7424306 4520.654314164151 40.7173591382199 26.2106 17.07259675342228 0.00977885804668942 20.438725982641436 r
2458321.7775926 4538.277531441129 34.9598579193956 26.22 17.077772372555685 0.008363507405646679 20.613650841793216 r
2458322.7405903 4620.645362023318 34.5124664766207 26.2432 17.08144340656878 0.008109296844469236 20.65083499466141 r
2458322.7415278 4588.714587644104 31.7134325722581 26.2448 17.090572385108537 0.007503468146921296 20.744266860715506 r
2458322.7641088 4535.676789053382 35.8879696281408 26.2419 17.100294751762636 0.008590464099935207 20.607102767416965 r
2458322.7794907 4572.711033797943 35.9295002900882 26.2209 17.07046560599079 0.008530750833942257 20.58484704653564 r
2458323.7453588 4416.593910081591 39.3465471630592 26.208 17.09528132680219 0.009672283013709133 20.473308421489868 r
2458324.6833333 439.77035627778 139.192214568719 23.7639 17.15583512149263 0.3436361391803385 16.657437627704958 r
2458324.7005671 2651.745254507608 73.7529986935266 25.6515 17.09267049919346 0.030196577346729484 19.234625782125093 r
2458324.7153125 2457.6085864977567 66.6668381353225 25.6108 17.134518210723343 0.029451470246800306 19.303600344256836 r
2458325.7237269 4458.032787748466 46.5251452859285 26.2011 17.078241854283988 0.011330636772288948 20.284455644175857 r
2458325.7246875 4442.306755348187 50.4900299619964 26.194 17.0749786383572 0.012339765925381925 20.188560918119105 r
2458325.7364005 4490.841300318346 53.763530198116 26.1851 17.05428072997504 0.012997801710774493 20.111455545554723 r
2458325.7637731 4346.058980843576 51.1993918885257 26.1813 17.086060960293516 0.012790249745433233 20.16071298227829 r
2458326.7790509 4296.460453921053 56.5249598039157 26.1585 17.075722953116973 0.014283652675798359 20.030474333705968 r
2458326.7955903 3818.387285812681 54.3426067346995 26.0411 17.08640006180369 0.015451488734806566 19.955823821541628 r
2458326.8303009 3117.75702097223 91.8116857275264 25.8745 17.13989433524995 0.03197168558160815 19.219830085612355 r
2458327.7804977 4192.600542351271 67.525327765281 26.1328 17.076591284556756 0.01748610381890831 19.81170823687767 r
2458327.8013773 3765.7058990590563 59.9409973910399 26.014 17.074384003286003 0.01728173750470348 19.82226507632703 r
2458327.8187963 3318.811993831996 62.5925361760933 25.9453 17.14284337271001 0.02047621759011414 19.706568616628864 r
2458328.7848148 4259.589259085181 44.4925865835494 26.138 17.064580691863508 0.01134043644014025 20.26985585350927 r
2458328.7857639 4131.753449544931 50.6921635451284 26.1214 17.081064004120634 0.01332036933786734 20.111622920814465 r
2458328.7988542 3408.089727297756 63.4819664235657 25.855 17.02372244940733 0.020223167950661095 19.600949061561757 r
2458328.8290856 3998.388931933949 61.60447347141 26.0721 17.06738740850041 0.016727731590523202 19.850644364048918 r
2458329.8036343 4226.084388081017 43.052745282486 26.0919 17.027054587594016 0.011060443015530946 20.259472864899383 r
2458329.8217708 4015.529092679209 49.7276926543337 26.038 17.02864305815995 0.013445141267495526 20.049079217649776 r
2458330.8040046 4059.9165192684113 38.9836979164627 26.0994 17.078107240930052 0.010424992885206017 20.37476740653242 r
2458330.8172801 4194.389418334688 41.9693401774705 26.0955 17.038828127343127 0.010863586588193088 20.290744635438838 r
2458330.8401042 4090.1804382115956 49.7041296448899 26.063 17.033643831698576 0.013193494607551415 20.07459380568273 r
2458331.6799537 4155.002025283379 24.2215799332328 26.12 17.07357190047634 0.006329087007296301 20.912068819071987 r
2458331.6957639 4473.3469992259525 26.0140930675644 26.1633 17.036718530331836 0.006313729037416905 20.87785326507107 r
2458331.696713 4483.8255974291305 24.1878284421371 26.1679 17.038778220091842 0.005856767791032113 20.96148279013731 r
2458331.7158333 4357.4547581166225 24.812588096203 26.1574 17.05931778329438 0.006182284932704884 20.923294824017727 r
2458331.8234722 2965.446318009989 32.7312496658213 25.546 16.865774833437648 0.011983463516557404 20.01116852213117 i
2458332.7594213 4240.895094752638 27.5150261284075 26.1312 17.062556175920722 0.007044046881653518 20.784850165270953 r
2458332.7793287 4350.447020570644 34.3633911432679 26.1477 17.05136528945671 0.008575747179045582 20.560034950349763 r
2458332.803044 3220.182163655062 34.9379064561118 25.7054 16.935698899617194 0.011779484237732016 20.099732794912352 r
2458334.6659606 4490.235733701081 24.4301116840533 26.1904 17.059727145733255 0.0059069888149312 20.97316135819206 r
2458336.6663079 3547.820205852214 33.9789966942725 25.6984 16.82349599294686 0.010398214839105737 20.122948611139186 i
2458337.6940162 4609.234997066393 25.3579865616073 26.2141 17.055027873143082 0.005973044556734386 20.956388070778615 r
2458340.6613194 2864.8404425172857 33.6217110859594 25.4792 16.836448902709144 0.012741753845792363 19.915225459390577 i
2458340.6824074 3628.1084278050653 26.6679654619658 25.9468 17.047599355784424 0.007980304524573573 20.63440027917652 r
2458343.6595486 4617.605567515425 26.948172921892 26.1807 17.01965791737749 0.006336104483917772 20.856951675449434 r
2458344.8233796 2879.2122694679033 32.6321298405229 25.5055 16.85731578912448 0.012304998746897937 19.973961438324963 i
2458346.6764352 4516.672549453121 27.3452460935176 26.1599 17.022853484643925 0.0065731428078235985 20.820270398757344 r
2458348.6805903 3501.916140575813 40.2503375154697 25.6248 16.764035645146883 0.012478822931882084 19.86545117302188 i
2458349.7360648 4347.018162263665 32.3532379767535 26.144 17.04852136320222 0.00808046094131565 20.621780608559682 r
2458350.6621991 4684.410896623034 33.7930112193838 26.1969 17.020262543654745 0.007832163550668441 20.62740775789563 r
2458350.679537 4563.587033757427 31.2526214178664 26.1996 17.051334156183913 0.007435153711846821 20.714958861394404 r
2458350.6978935 4476.098947073644 33.3049817428749 26.1802 17.05295080419014 0.008078288506530721 20.626501989356473 r
2458351.6529861 4633.917530701845 34.8030724815876 26.2148 17.049929248915724 0.008154158019194767 20.61333102420029 r
2458351.6779398 4759.555482742815 29.799623032478 26.2121 17.01818401547115 0.006797578228401461 20.779148063528893 r
2458351.7052662 4430.394279007333 37.6044818653385 26.1879 17.071794056012518 0.00921524888984501 20.502375966376214 r
2458352.7213542 4261.460148306333 41.5464855032507 26.1295 17.055603921433473 0.010584874137285207 20.335739259479396 r
2458352.7265162 4186.156103695675 43.4253396431521 26.1489 17.09436145163358 0.011262573607550714 20.307116929446746 r
2458352.735463 4174.949517484213 39.8361592903281 26.149 17.097371928840523 0.010359434996850297 20.400881338439348 r
2458352.762662 4154.868286651805 41.4013216512976 26.1309 17.084506848043233 0.0108184933470024 20.340939475928735 r
2458353.6607292 4689.087284496512 37.1406522076939 26.2221 17.044379207648305 0.008599457347534315 20.550051174433836 r
2458353.6784028 4583.153699383773 38.3376466971068 26.2166 17.063688945326305 0.009081777690467877 20.510111362159822 r
2458353.69875 4638.137543952789 35.3791303286415 26.2129 17.04704094126427 0.008281583164321326 20.593607106399674 r
2458353.7408681 4568.868227875125 40.5861374126207 26.2043 17.054778418458874 0.009644482438788921 20.435930685589955 r
2458353.7665625 4558.815634621192 43.3805917327727 26.176 17.028869927416622 0.010331259743559446 20.33533630988353 r
2458353.7771181 4399.520712587503 44.6511249642953 26.1706 17.06208658333919 0.011018865358454935 20.29859397613599 r
2458354.6848727 4590.41123583953 42.5482203231308 26.2038 17.049171015211463 0.010063282009280522 20.384171490564835 r
2458354.6998727 4566.335716401265 46.91053245058 26.1985 17.04958040599705 0.01115353058660639 20.27289908324503 r
2458354.7172569 3542.0525892010464 68.6984658567841 26.0283 17.155162487713625 0.02105726058616602 19.688507392412554 r
2458354.7412616 4536.819994853939 43.731416921667 26.1902 17.04832112919472 0.010465303760278998 20.340791116785 r
2458355.7364352 4608.139304566065 46.7044107683394 26.2102 17.051386001539214 0.011003786001204888 20.289380245887365 r
2458355.7556713 4469.59765210399 52.4165395673219 26.1889 17.063228924460784 0.012732384755359934 20.142804123349993 r
2458356.7063889 4510.034405947495 54.8999232530257 26.2149 17.07945036245801 0.013216051433489645 20.118545645831205 r
2458356.7200579 4553.98838771649 55.7037233485602 26.1913 17.045320202833743 0.013280124429534858 20.07916442601513 r
2458356.7392014 4516.529974107347 62.1937037546375 26.2045 17.067487758029124 0.014950350059340726 19.9727089375223 r
2458356.7438542 4556.360309193122 56.0813901860889 26.1944 17.047854849922263 0.01336320246715063 20.074928062415015 r
2458356.7559259 4581.3264006128065 55.3771080729391 26.2063 17.053821913577025 0.01312347581843281 20.10054930893682 r
2458357.682581 4600.325300535744 54.6504137552653 26.2234 17.066428642952307 0.01289777360031075 20.13199135336567 r
2458357.7430787 4695.018741258702 54.7169164126288 26.2141 17.035006674517575 0.01265301789471978 20.121370952628073 r
2458357.7644444 4546.465507973518 60.5775968413123 26.1924 17.048215248411715 0.014465983911077295 19.98919488778286 r
2458357.7817824 4461.991001114081 65.8588828827712 26.1797 17.055878274827023 0.016024906623068415 19.885739089632423 r
2458358.6936574 4639.356318204896 45.7443899219116 26.2367 17.070555677300057 0.010705080776687607 20.338430389347884 r
2458358.7211574 4579.324130703646 52.1593585701121 26.2144 17.062396538596126 0.012366326117838965 20.173644384112837 r
2458358.7430208 4660.006821984744 61.4561188373673 26.2116 17.040633618817832 0.014318199687379796 19.992762165122897 r
2458359.7194213 3244.5892426852465 55.188095309042 25.6996 16.921700690091676 0.018466964720452117 19.597561475053464 r
2458359.7203356 3458.20220720702 51.3845389844214 25.9453 17.098174040880558 0.016132137634728726 19.920793828044673 r
2458359.7423495 4414.485594740181 40.7749589422896 26.1702 17.057999740058342 0.010028206452047408 20.3967911581438 r
2458359.7669907 4033.2050667243793 54.5314454269748 26.0992 17.08507423974745 0.014679340455195474 20.010157465709472 r
2458360.7247454 4281.220286634393 45.954206945768 26.2037 17.12478106332218 0.011653799417138245 20.300461799979765 r
2458360.7454514 4489.748131216931 38.8621189256237 26.193 17.06244505411239 0.009397543310767746 20.471758797997595 r
2458360.7643171 4287.584975713106 48.531357773334 26.1761 17.095568148937023 0.01228908474886735 20.213618884546896 r
2458361.6457176 4682.84066827133 28.4701645272323 26.2369 17.06062654664438 0.006600706668635503 20.8535000468754 r
2458361.7459491 4606.260943673254 37.6291080095494 26.1994 17.041028657469113 0.008869215848937318 20.513165180214003 r
2458361.7603472 4547.76660831218 42.1360585508861 26.1927 17.048204578585985 0.01005924945336525 20.383640217081894 r
2458362.6390162 4653.619443113785 32.6681724846068 26.1929 17.023422836740814 0.007621558939251318 20.660162889277636 r
2458362.7808218 3262.8512971906425 41.1650569629431 25.6512 16.867206796285096 0.013697498989043263 19.86745318738161 i
2458365.6426157 4478.93540558063 25.943077539749 26.1611 17.03316300207213 0.006288637083225388 20.878621254927427 r
2458365.6435532 4480.739764252053 23.6180138866975 26.1636 17.03522569658386 0.005722733081122773 20.9830665551104 r
2458365.655544 4487.764462376601 26.1693515964897 26.1628 17.03272486209724 0.006331006287540901 20.870892583740527 r
2458365.6815046 4348.402443654945 27.9875767115873 26.1335 17.0376756721759 0.006987879440668794 20.768661746776793 r
2458366.7840394 3313.8483224575257 35.6650521064943 25.5967 16.795868433686714 0.011684767467964631 19.96866783201091 i
2458367.6603241 4553.877148281559 30.3563872958667 26.1933 17.04734672423581 0.007237333949502659 20.740249776538427 r
2458367.6772338 4553.2954311116655 29.2366829084195 26.1781 17.03228542620673 0.006971273248993055 20.765854745282667 r
2458367.7053125 4529.34027172497 33.4109338149578 26.1576 17.017512628088717 0.008008727246514618 20.60045345398442 r
2458368.6385764 4666.491366167378 25.6977471765793 26.2046 17.03212383339078 0.005978805470827785 20.93243735900923 r
2458368.66 4522.773883015301 27.1697601675513 26.1857 17.047187810877013 0.006522149764039099 20.85306047706524 r
2458368.6614815 4686.559762305102 26.8025666686251 26.2051 17.027964601361255 0.006209148737668834 20.887234026788864 r
2458368.6845949 4441.630728477091 30.5472338125248 26.1881 17.069243877442254 0.007466881822845629 20.728245266489957 r
2458369.6346181 4769.07791297133 29.1985670634543 26.1949 16.99881395597388 0.006647172648316285 20.784071142362944 r
2458369.6614815 4429.305617582903 28.6501994713363 26.1725 17.056660882009556 0.007022663200875328 20.78225586415195 r
2458369.680625 4488.814359483824 24.7723447780405 26.1757 17.045370887542255 0.0059916344432232906 20.94335719958585 r
2458370.6403704 4810.6121753896305 32.0589880953366 26.2166 17.01109913470126 0.007235345961408298 20.704300463574015 r
2458370.6526505 4623.2041817069485 30.5516076563796 26.2143 17.051942314300938 0.007174651849420281 20.75428981867717 r
2458371.6397454 4759.101288547941 25.4019879548495 26.2409 17.04708762989776 0.005794988728007251 20.98130572477178 r
2458371.6599074 4840.782314855645 26.5484132775965 26.2345 17.022211116772404 0.005954329366770143 20.926978565011396 r
2458371.6608218 4836.753078690699 25.52019086631 26.2273 17.015915208084223 0.005728485778118961 20.962665193751555 r
2458372.6562963 4860.091250963078 27.3220313229785 26.2375 17.020888941341337 0.006103492275269445 20.898792526932212 r
2458373.6281019 4740.6932158635655 37.1640372835206 26.2284 17.03879537059762 0.008511201514516974 20.555667771421504 r
2458373.6622917 4649.269992403242 30.9966606409545 26.2162 17.047738081839462 0.007238356669514213 20.74048771774559 r
2458373.6846181 4579.750569231586 33.446977472952 26.2077 17.05559543673499 0.007929118167777603 20.649382794971192 r
2458374.6321296 4799.798025559636 29.8172681130154 26.2317 17.028642593139395 0.0067445771296858505 20.79810536301343 r
2458374.6330556 4820.11669952853 27.4698465478701 26.2349 17.02725611739678 0.006187404632742553 20.890334405734084 r
2458374.6607523 4681.836550124914 33.2466451248661 26.2171 17.041059380602064 0.0077097699216142155 20.665305419743934 r
2458377.6297222 4723.93260424226 31.1450290656314 26.2044 17.01864076759893 0.007158052599266488 20.723503137887047 r
2458377.6423843 4626.182851509823 31.3801634849178 26.1979 17.03484301395872 0.00736448268240331 20.708836984530688 r
2458377.6616435 4535.168792943747 34.403318360606 26.1818 17.04031636110185 0.008236007180642381 20.59287415335647 r
2458377.6771065 4617.176326615055 30.6326365878435 26.1886 17.02765884935223 0.00720307200565669 20.725714042501675 r
2458378.616875 4810.958743615615 49.3830988990414 26.2177 17.012120918436224 0.011144396227849462 20.23632914067616 r
2458378.6368056 4770.769270154099 27.9947795263413 26.2355 17.039028967050577 0.006370866082728626 20.870382360294215 r
2458378.717662 4424.591098909577 37.3660098320584 26.1657 17.051017146705053 0.009168819438402727 20.48708317980752 r
2458379.6385648 3298.696488655009 30.0905195794295 25.653 16.857144104563567 0.00990369293438906 20.20950077200891 i
2458381.6234028 4693.479891027916 36.6609678152749 26.2135 17.03476259626602 0.008480448128292028 20.5555651747954 r
2458381.643287 4671.790235075804 42.7216462339561 26.2078 17.03409166355884 0.009928290651400263 20.383755040593492 r
2458381.6441898 4614.319127306604 36.5506643583341 26.1977 17.03743093219036 0.00859998088537203 20.543036801004853 r
2458381.6599653 4687.000440497147 37.3465630739406 26.1911 17.013862514159005 0.0086509835115519 20.513048387215303 r
2458382.6431019 4539.9265745330395 40.4495537893246 26.2118 17.069177927622107 0.009673301941802168 20.44709065129188 r
2458382.6547106 4357.4524282598295 37.5165696398541 26.1781 17.08001836381918 0.009347603979294853 20.49511718558736 r
2458383.6146644 4481.943221101785 60.7416586986158 26.1891 17.06043412391916 0.014713979092505224 19.982958371133698 r
2458383.6351389 4381.22282607061 48.0419410022904 26.17 17.066011645831118 0.011905154660432255 20.218523625266016 r
2458383.6564468 4328.251037735503 47.8760879231694 26.1529 17.062118895434445 0.012009254593832418 20.20517834946442 r
2458384.6446412 4371.986535535157 46.9327946199052 26.1374 17.03570296055686 0.011654870092730947 20.211283951387692 r
2458384.6455787 4363.725328316334 45.7370163865482 26.1518 17.0521564839757 0.011379423532606837 20.25370541320555 r
2458384.6530208 4317.421754986835 44.9590100980941 26.1191 17.03103881111543 0.011305820935172826 20.239633138099308 r
2458384.6745949 4245.072385759332 51.321638246843 26.1074 17.03768724972921 0.013125783869202651 20.084223711377387 r
2458386.7017708 4205.364828675911 68.7014033496246 26.126 17.066490804535643 0.01773665702154368 19.786160968171437 r
2458386.7167593 4202.141762372747 77.437458506012 26.1127 17.054023251090207 0.020007380391780214 19.64289726163894 r
2458387.6222801 4383.976795426542 44.2836274338121 26.1933 17.08862938314138 0.010966922624920498 20.33026701837879 r
2458400.6633449 3908.499732203944 37.5906036973175 26.0604 17.080374783657817 0.010441888507221228 20.375276738036607 r
2458400.6751968 3873.8229103912977 36.3914085348618 26.0191 17.04875059172023 0.010199266502429898 20.36917782580033 r
2458428.5760995 4660.597060157697 78.5891435945666 26.1969 17.025796107780398 0.018307575638760305 19.7110685986994 r
2458477.0316204 4369.288270587936 52.2985999483863 26.1547 17.05367325272848 0.0129953865361057 20.111049832136544 r
2458482.0375 3750.9235999980215 42.3394246708745 26.1651 17.229754454017478 0.012255091883287812 20.35081260837389 r
2458488.0519444 4430.958501279 26.4205042108705 26.2223 17.106055793477694 0.006473710239773681 20.920022235495352 r
2458506.0520949 4377.066962644717 67.6589278002611 26.244 17.14104202318355 0.016782310743621572 19.920762211195125 r
2458509.0126968 4347.260152828577 49.4073656038123 26.2199 17.124360923932144 0.012339168798342268 20.237995744247616 r
2458527.0309722 4058.2568990824193 33.4529620656459 26.1298 17.108951160923954 0.00894962586594352 20.571288544004133 r
2458534.9072106 3956.5710546813184 117.057057133239 26.1478 17.154502576307806 0.03212095654877452 19.229380985265138 r
2458534.9457986 4193.792785593555 70.3192872394705 26.1627 17.106182579345557 0.018204440242768884 19.797588839027437 r
2458538.9759954 2723.8336747311114 59.058474488896 25.6414 17.053448538109446 0.02354027206118748 19.465769427355806 r
2458538.9977199 3573.190890857745 44.4905487142766 25.999 17.1163594545739 0.013518278260105737 20.130905584021527 r
2458539.0078588 2961.1143891796214 58.420546930597 25.7578 17.07916203823907 0.021420039710158482 19.593960942903834 r
2458539.0124769 2823.022175216828 61.0633321413919 25.6934 17.066614275996074 0.023484214997644203 19.481523740517073 r
2458539.0552083 2661.2682661607078 37.3626927622425 25.4213 16.858578361685296 0.015242610468011 19.74277956747839 i
2458539.8603588 2036.6652373164936 53.4163565468889 25.4149 17.142600873172036 0.02847504697402812 19.34828933393123 r
2458540.0180787 1457.9144400249509 60.9320899601103 25.0123 17.102969906292294 0.04537575611677156 18.802759802646708 r
2458541.0197685 4508.429784945919 26.8490397308863 26.2272 17.092136724281453 0.00646566627990036 20.907453095266078 r
2458541.0406944 4453.396805937203 28.3092778212272 26.221 17.09927151674684 0.006901559476921171 20.84375301287334 r
2458542.0121296 4508.968066742668 28.1619087133591 26.2203 17.085107101069656 0.00678101593036608 20.848719773177656 r
2458542.0371528 4561.259378045234 26.4735224577677 26.2223 17.074588076769466 0.006301396379855983 20.917845662711137 r
2458542.0380787 4517.463115834258 33.4743718876591 26.2215 17.08426346169624 0.008045029837884988 20.662293897487768 r
2458544.048206 105.17638225683838 37.1422954441316 21.6614 16.60660442914091 0.3834072754586669 15.989303138610001 i
2458547.9532639 3359.2437236001565 25.6013092235534 25.6573 16.84169621399306 0.008274285437742281 20.389219551073097 i
2458548.0342593 4546.996537338293 26.1216768370076 26.233 17.088688441304605 0.006237151119217834 20.94307235840994 r
2458548.035162 4513.662989230047 23.9466273053243 26.2309 17.094577176161604 0.005760034217757483 21.03536410144641 r
2458556.9303356 4300.151971028174 28.6118273018244 26.2054 17.121690489532035 0.007223898390308129 20.816611001606145 r
2458557.0152778 4379.665120642945 28.8445553500809 26.2211 17.117497738475443 0.007150440246213504 20.823515367836897 r
2458557.0161921 4447.337369888454 29.7530559652577 26.2215 17.101249810556077 0.007263423072014547 20.790246041251677 r
2458557.0300579 3345.1236778555276 31.8363037181185 25.661 16.849969551528716 0.01033285411106826 20.156268391119735 i
2458557.9095833 3916.894121570704 34.06636191904 26.1059 17.123545419508602 0.009442647155514667 20.527660599094805 r
2458557.9258449 4310.484817033417 36.0314914004008 26.2026 17.11628470074607 0.009075403782616289 20.563469392585187 r
2458558.0294213 3287.3724359125713 39.0692704493207 25.9173 17.125177726638835 0.012903164382423383 20.190286735144095 r
2458558.7869213 3681.86575527653 71.3997040485307 26.1084 17.19323012594984 0.02105417846220949 19.726733960082136 r
2458558.8691667 4199.827703343222 42.155138543553 26.1873 17.129221315089865 0.010897550363864347 20.377748686770477 r
2458560.8957986 4255.285646456437 42.87699109298 26.2117 17.139378203803965 0.010939700198132153 20.383714236671885 r
2458562.9047801 2792.259693263609 114.316463431213 25.5811 16.96621048186062 0.04444908353141163 18.68840303822757 r
2458567.8646991 4180.79785883737 40.627682183322 26.1639 17.11075207509296 0.010550492043807883 20.394419873025598 r
2458567.8822454 4224.81465296033 38.1537939095822 26.171 17.106480848124328 0.009804826353413605 20.469730665406914 r
2458568.0285995 4229.234504950903 38.9076885675594 26.1827 17.11704558295768 0.00998811426236806 20.460186411776135 r
2458568.0295255 4204.366372213097 40.200104526964 26.1835 17.124248615471508 0.010380934871275456 20.42550703335023 r
2458572.9081597 2246.849887888135 25.8360448389397 25.2363 16.85736485459923 0.012484231382276207 19.958309915165017 i
2458572.9269792 4008.3288585638184 23.917926060452 26.1317 17.124291636264807 0.00647843359168313 20.93746619170833 r
2458572.9461227 3980.360290762275 26.7039194645334 26.1206 17.120794037649944 0.007283874635653045 20.806737465252958 r
2458572.9470602 4063.5960822753996 26.0665110365342 26.1324 17.11012366763029 0.0069643760008052885 20.844767725679326 r
2458572.9661227 4140.861046335499 30.0535527880142 26.1697 17.126973356865427 0.007879796471514672 20.727535440157823 r
2458573.9112037 4082.175849529748 31.5126405620571 26.1676 17.140370727347598 0.008381136707319123 20.673962999514178 r
2458575.9078472 4330.151669582381 20.900825005288 26.1995 17.1082422290305 0.005240469027365432 21.1516664164454 r
2458580.8669792 3782.85269295038 25.9298346786144 26.1769 17.232351425306593 0.0074420083983272696 20.894975619565383 r
2458580.8863194 4245.715693694107 32.7991727137362 26.1924 17.122522727258414 0.00838729307009246 20.655317764819046 r
2458584.8812616 4225.354058964256 27.9061015254991 26.1784 17.113742234885166 0.007170441578015623 20.816727064385876 r
2458589.7441435 3151.013056143066 68.6613678957241 25.9605 17.21437449333512 0.023657676371431402 19.62129386080472 r
2458593.8059028 3832.647996694294 49.0985764089143 26.1921 17.233352664956513 0.013908484278529 20.217002738827887 r
2458598.9951505 4252.876870889779 25.5492270023635 26.1799 17.108192976948317 0.006522360415918319 20.91403057668043 r
2458602.8000231 3853.161482825634 26.4256144276587 26.1671 17.202556974203482 0.0074459089534627135 20.86461225423121 r
2458606.7815394 3752.145705672521 22.6224414438471 26.1417 17.206000762925335 0.006545903758069156 21.007926307273692 r
2458617.7837847 3860.2782438885297 30.2398337722973 26.1467 17.180153477031546 0.008504927741558733 20.69782649033872 r
2458618.720463 3783.094376579812 38.8572198357696 26.1476 17.202982060648278 0.011151528187312996 20.426495678195412 r
2458633.8329398 3760.5270938281674 17.8934444769568 26.1481 17.209978194929903 0.005166007898338438 21.268940114076823 r
2458633.8333912 3801.386939317259 19.0019982121364 26.1446 17.194744804381198 0.005427090109017365 21.200176806926013 r
2458634.8237153 3675.978795079219 19.5352680450114 26.1308 17.217367506277007 0.005769739625500698 21.15632655268043 r
2458634.8241667 3659.273024387746 17.1817849281173 26.1283 17.219812964694626 0.005097805977343849 21.29320429295892 r
2458655.8948843 3914.909369575009 47.7842799171091 26.1528 17.170995718593037 0.013251748076006478 20.207162374623866 r
2458655.8953356 3876.5848737049564 51.3130875296659 26.1491 17.17797675793591 0.014371056212091685 20.126104621360184 r
2458676.7229051 3794.4040556838254 33.8067066346467 26.1597 17.21184106039067 0.009673176829509043 20.589767826817052 r
2458676.7233681 3906.866637795011 34.6257181044485 26.1625 17.18292853327554 0.00962232541605691 20.566578016609345 r
2458677.7240394 3873.0365394691016 33.3023602494691 26.1618 17.191671014302834 0.009335407026086245 20.608187452917022 r
2458677.7244907 3819.968558440409 32.5397837828226 26.1687 17.21355052920766 0.00924835969525209 20.640238332027785 r
2458711.8059259 4084.5929952454558 58.0376652682659 26.1097 17.081828029423306 0.015426627146230451 19.953000155723625 r
2458728.7404398 3210.5958802572222 31.5668603982518 25.9624 17.195935889789318 0.010674697661306479 20.466896515069177 r
2458974.7858449 4089.0775194715698 50.2827422974391 26.2488 17.21973664036665 0.013350681920890691 20.247827601620735 r
2458974.7863079 4188.3208090256285 47.2335763188486 26.2511 17.196000151142528 0.01224392689759218 20.318047914931302 r
2458976.8048148 4015.9783201339387 75.4284516286963 26.2334 17.22392160088245 0.02039171116106631 19.792137007289387 r
2458976.8052778 4125.986002802387 68.0003983381636 26.2638 17.224980624205763 0.017893427758988986 19.93509634726349 r
2458977.7703472 4055.078257438396 57.7053307343533 26.2206 17.200601900213005 0.01544993058108427 20.070135152909373 r
2459028.7477546 4179.889012245053 29.0256694678145 26.2644 17.21148812451544 0.007539235910065521 20.860019375685134 r
2459052.6715046 4235.847370821103 29.0500974593197 26.299 17.231649242754862 0.007445898789660487 20.893706004833426 r
2459059.6663194 4340.033433060512 39.588114206391 26.3129 17.21916731231448 0.009903337441243954 20.571562952969927 r
2459265.8658912 4488.480116493088 57.6252680172526 26.2276 17.0973517358908 0.013938739141661407 20.078642593354708 r
2459267.8429745 3449.361610522428 57.0817943601713 25.7164 16.87205318599922 0.017966717072453207 19.577730947514166 i
2459270.015162 4814.26258410546 31.6048140924987 26.3205 17.114175564276913 0.007127435627112064 20.823691889056377 r
2459270.9726505 3609.2791597973687 44.342472422745 25.752 16.858448815306424 0.013338569885538325 19.88752522765472 i
2459274.0271296 3479.510836443631 62.8950476816469 25.7319 16.878104516545534 0.019624929042542524 19.487933862399167 i
2459276.0098495 4796.599363786627 44.2255685849734 26.308 17.105666386221618 0.010010362794778032 20.44639142637406 r
2459276.0151042 4891.398874353483 41.9850843033712 26.3215 17.097917301816437 0.009319053137778515 20.51633741526411 r
2459358.8466898 3984.3612994021846 57.1483068963337 26.2313 17.230403217273583 0.01557236207636564 20.09136656840658 r
2459358.8471528 3990.5242012048893 53.9473594896075 26.2438 17.241225127489077 0.014677432147932391 20.16644950781546 r
2459361.9075 4305.861805420415 56.7357439354165 26.3014 17.216249781907457 0.014305614061542647 20.169333104583792 r
2459361.9079745 4112.700730518264 53.2823714238646 26.2998 17.264482229274243 0.014065859503373097 20.235916125116034 r
2459362.8026505 4181.295348354787 43.6250058473346 26.2975 17.244222886774246 0.011327510951142771 20.450736243713784 r
2459362.803125 4275.911712253512 47.2459845824826 26.3053 17.22772817638322 0.011996263934590839 20.37196272941573 r
2459390.8468519 4128.089129829673 49.8872783928765 26.2696 17.230227336000976 0.013120505989021801 20.277200460179735 r
2459390.8473264 4285.26184324294 50.7963436965154 26.2773 17.197356590360577 0.01286959639077071 20.265293856559154 r
2459418.7705671 1786.4184747625388 99.765340277673 25.3813 17.251341996328982 0.06063261854357361 18.636425768721228 r
2459418.7710417 2217.951405049281 96.6230382250306 25.4987 17.133819933508335 0.04729753427514109 18.78857326574291 r
2459638.995 4270.772817476214 30.8922001630023 26.2958 17.21953382531998 0.007853300362811537 20.82375288879933 r
2459684.8668519 4044.9077261507996 55.2920616889662 26.2869 17.269628453040657 0.014841028631532393 20.182818029440256 r
2459714.8914005 3996.7900805402683 61.0724350432144 26.2779 17.27362165290309 0.016589898741305644 20.065861898489576 r
