jd flux fluxerr zpdiff mag mag_error limitingmag filter
2458202.7718981 853.2884595348753 39.6118088047885 26.2574 18.929660320068805 0.05040094043086157 20.51541330374991 g
2458208.7610185 527.740669959706 165.725135078711 25.7489 18.942848589843912 0.3409397634044281 18.45300403497729 g
2458208.7795023 845.9362567423487 152.437253619495 26.0247 18.706355902059748 0.19564254982050414 18.819547199862182 g
2458214.6968981 117.78376187365434 54.8469801160076 23.7238 18.546086447360473 0.5055651591076317 17.628493188556305 r
2458217.7171412 1216.054427162249 23.9223867111381 26.1283 18.415917467084093 0.021358036837949287 20.933863722715962 r
2458217.7452083 1236.9660078546879 22.1020536660203 26.2066 18.475705586828525 0.019399239358901758 21.098093416442353 r
2458221.7038773 832.8704177128322 47.4128261541389 25.8116 18.510156407797453 0.06180565939286032 19.874435381047846 r
2458221.7202083 832.8171809892757 44.7260335774868 25.867 18.56562580981288 0.05830697992733021 19.99317402540673 r
2458224.6808565 1062.6861499704348 24.5829990681944 26.02 18.453987448902673 0.025115375869988712 20.795987827434516 r
2458224.6927894 868.3665054120524 27.1767414782862 25.7758 18.42904234119714 0.033978496451765386 20.442881531350846 r
2458227.7448727 1246.8323646573642 26.3783371911427 26.2415 18.50197983261922 0.022969375435080045 20.94095645043201 r
2458231.6694792 1159.995329949367 34.4558052932576 26.1873 18.5261593980131 0.03224898138902218 20.5967189776566 r
2458236.6889468 915.3159766312391 98.9063158245715 26.2316 18.827672392652048 0.11731750546510934 19.49611492649205 g
2458243.6497917 1281.1589032437867 30.9200352585446 26.2485 18.47949250248836 0.026202746743753454 20.775475037963492 r
2458243.6921412 980.1902611850696 28.5060909660371 26.247 18.76872404198603 0.03157454648081123 20.86223082244497 g
2458249.6706597 442.5791541206904 31.3933263959875 25.5388 18.923822613976935 0.07701161283983354 20.04928165061999 g
2458258.6606134 921.0791683229505 39.2394231354139 26.2323 18.82155759962149 0.04625252981856778 20.500568453842014 g
2458258.6918981 1208.2321673179151 27.9067908782782 26.178 18.472624015079738 0.02507663980160727 20.816300244228813 r
2458267.6668287 903.5179775681278 50.7366868754667 26.1864 18.796558004323863 0.06096704471665109 20.17566972860911 g
2458427.9778356 1007.8019448065418 49.6110852947048 26.16 18.65156201974837 0.053445774323049686 20.17362816968751 r
2458428.0248148 772.3460426313036 32.8680274836664 26.1869 18.967370185904613 0.046203146606982166 20.647540885532095 g
2458430.9812731 1185.5783913349903 30.3436434624586 26.2052 18.52037431214647 0.027787360117196003 20.75260567223894 r
2458431.0391435 833.2792175230143 19.561128273897 26.2229 18.920923624001887 0.02548667543887643 21.24699023662561 g
2458434.9831944 972.0257119421019 60.433244275026 26.1977 18.728505617501998 0.06750065610744245 19.99708521572971 r
2458435.0218634 823.4538183175822 41.1875614659149 26.2241 18.93500188076878 0.054304606389350224 20.439759789024134 g
2458438.0036111 800.7766742836158 32.165775747064 26.2185 18.959721464625577 0.0436106393331566 20.702589914632707 g
2458440.0071644 719.6396953444605 19.0192648439816 26.0685 18.925712222426892 0.028693825500032952 21.12309067405664 g
2458440.9810185 766.3059810279465 18.6456945443031 26.1467 18.9356944618903 0.026417163728246578 21.222828575945023 g
2458441.0228241 1145.3693387363162 26.2030689536289 26.231 18.58363611756663 0.024837989808896285 20.93769458990912 r
2458442.9573032 384.2516519757146 51.8318607381754 25.8498 19.388260641760553 0.14645051209042986 19.815882988968497 r
2458443.9789931 1184.5286133687173 50.2280217664169 26.2569 18.57303611008826 0.046037354113981264 20.257109804703116 r
2458447.9803704 1089.4696347953227 55.2116747743954 26.2501 18.657062174270813 0.055020638839395064 20.14759768641345 r
2458448.0224421 1259.6270052318814 56.1836570674243 26.2624 18.51179509266442 0.048425919914977925 20.140949977712022 r
2458449.9656713 417.7035777908832 90.6599133468719 25.8422 19.29002951205156 0.23564430173489206 19.201236740104033 r
2458451.0210185 811.229409077279 48.8533522931659 26.2413 18.96844078368419 0.0653823492974939 20.271639063778778 g
2458461.9805903 748.3139322854056 24.8600389683147 26.0686 18.88339042226132 0.03606847760467077 20.83242047649416 g
2458462.0425694 1004.2743480379694 30.8648373666113 26.0196 18.514969075639094 0.03336733034593348 20.548515006861905 r
2458464.9986458 864.1429743062429 20.3294910149176 26.2447 18.903235991559523 0.025541755301101438 21.226958725567787 g
2458467.9765278 218.8363030001431 24.0853099771107 24.7291 18.878801576906497 0.11949306711753394 19.5272943890563 g
2458468.0418981 971.323297347318 25.2533437982683 26.0877 18.61929048628869 0.028227013020955212 20.83447776104407 r
2458472.9440509 1239.6944883748806 39.6410364886756 26.2819 18.548613324112058 0.03471683847862719 20.53911248566196 r
2458473.0010764 906.4614813647825 42.3641560881847 26.2721 18.878726614569675 0.050741002470057195 20.457178590409335 g
2458476.0245486 996.3136810578806 64.1525367027602 26.2743 18.778309765123403 0.06990811269823408 20.008840404637862 g
2458476.9699884 1328.4905740451939 53.8846750605862 26.2995 18.491103806662075 0.044036888824239596 20.223411818445378 r
2458481.917338 1195.311087959362 44.4282062257302 26.2366 18.542897629672943 0.04035410027160661 20.370028041416397 r
2458482.0045949 1174.1632664936535 40.4410958578429 26.2413 18.566978776444707 0.037394201492929574 20.476817700586217 r
2458483.018125 733.428641416386 43.546458211539 25.8488 18.685405335590126 0.06446215352179949 20.003992894000277 g
2458487.0001042 1228.8224673698312 24.4560665968735 26.3009 18.577177141870397 0.02160763837680906 21.08250846826779 r
2458487.0226736 897.0943924707298 24.4149351099917 26.3196 18.937504644975085 0.029547944197837427 21.10303605327517 g
2458491.955544 533.2567741596469 24.5248360422199 25.7378 18.920459047096863 0.04993206984196069 20.51635970756181 g
2458493.9732407 1232.7085958619693 21.7668672850155 26.2627 18.53554893901833 0.019171025407522607 21.17078516583723 r
2458494.9573148 1174.4779468048873 24.2504533296491 26.2619 18.587287833914246 0.022417378931316744 21.052675335244672 r
2458494.9628472 871.1092869653501 24.1130640189081 26.2487 18.898518390469935 0.030053121918294814 21.045643991217535 g
2458503.0033333 993.2365879438561 60.943327863801 26.1565 18.663868226696604 0.06661672743923211 19.946759575248027 r
2458509.0247338 868.960660024485 90.0749352661843 26.2217 18.874199711700605 0.11254175444000043 19.587765092455122 g
2458511.878831 1237.0649112042584 30.2209248713756 26.257 18.526018778740045 0.02652314994603781 20.808805611125585 r
2458511.9227199 941.0253940316891 30.731057535814 26.2451 18.811096641912652 0.03545569479659515 20.7787312248625 g
2458514.9027083 135.88362077290452 38.3979870651429 23.5208 18.18788222344927 0.306797054122497 17.812603844218646 r
2458514.9572454 109.54712110720222 27.2806761386199 23.8109 18.711897577975776 0.27037342272751286 18.473837164408465 g
2458523.921956 94.00004048939051 33.2549237530488 23.5684 18.6355798983328 0.38409420390366883 18.01633509810967 g
2458526.9212384 511.257981732754 37.035918410217 25.6082 18.836599746872594 0.07864893665169459 19.939217192460873 g
2458538.747963 350.9187256512795 45.864975728527 24.7159 18.352883641088475 0.1419006753089188 18.814772069115918 r
2458538.7772917 384.6907324280482 32.1618770056365 25.2502 18.787420690353578 0.09076940753063391 19.734421522255396 g
2458543.754537 497.1989559259192 34.3220197733362 25.3024 18.561074480024132 0.07494669170919022 19.716042896215065 r
2458543.7776505 427.5356142603274 34.178078423884 25.4614 18.883969255365805 0.08679309631084031 19.879605884257472 g
2458546.8147454 1183.340953014032 32.1632402561775 26.2368 18.55402526294742 0.02950935641768315 20.720975501959384 r
2458556.8397338 923.459974790403 48.2443269137757 26.2215 18.80795480823224 0.05672023385981041 20.26545935998096 g
2458559.7127546 1176.864371959261 48.9738221365883 26.2271 18.550283961633284 0.045180124371659136 20.25476499008779 r
2458559.8113542 898.9722092936388 60.2576207507935 26.2393 18.854934334451617 0.07277388352254088 20.041845039850827 g
2458567.7315278 1223.1810089546846 21.5499821276644 26.2174 18.498673175942848 0.019127844059645654 21.136357703365867 r
2458572.729213 702.4580336348932 36.8986746553707 25.6275 18.510949040853305 0.05702958633135636 19.962548071065566 r
2458572.7525579 513.0982072490726 26.5791737698503 25.6449 18.869398756887144 0.05624071289712858 20.336121297903887 g
2458575.7301968 257.4095120984958 36.1091789328943 24.7014 18.674838521438836 0.15230103677148626 19.059930955781017 r
2458575.7533565 609.9318978210034 20.7718015247423 25.852 18.888796633996296 0.036974529444975895 20.81088957854856 g
2458580.6944676 901.1655803428787 26.041726797994 26.2317 18.84468851083652 0.03137437048341825 20.945100543070126 g
2458584.686875 1111.9142508134926 36.9187238414031 26.1952 18.580021759030707 0.03604833596231571 20.52965828794858 r
2458584.7312269 855.4458298403091 34.2902256558247 26.1837 18.853218716173053 0.04351987781795442 20.598349131377184 g
2458587.7106481 794.7206772049105 55.0664959295891 26.1328 18.882263718183918 0.07522856312361906 20.03315638488526 g
2458587.7557523 1006.5471595955694 55.5811718600548 26.1426 18.63551468091915 0.05995196321721072 20.032855741414334 r
2458591.6848611 777.4224972567994 76.8778457780723 26.1745 18.947857239487263 0.10736282710594416 19.712571975889446 g
2458591.8573958 879.096190259203 124.426234459534 26.0285 18.66840900511077 0.15366869319827753 19.043795093743086 r
2458594.6559606 1119.1175965655093 25.8959768257405 26.2114 18.58921068882634 0.02512270571563718 20.930894244796455 r
2458594.6887384 825.2375443013876 48.2590577898848 26.2102 18.918752554897942 0.06349063903391997 20.253827892940862 g
2458598.6851968 1106.517468808801 22.0868315988011 26.1901 18.580204313475605 0.021671300944424488 21.082341439391826 r
2458598.7320139 801.2437955730501 20.6144263075716 26.149 18.88958830104263 0.027932924742491795 21.116146856563034 g
2458601.7272685 765.5702378287626 20.0059144180464 26.1687 18.958737396143537 0.028371559146910374 21.16837897257477 g
2458601.7575579 1159.0495094425598 22.776883831053 26.2016 18.54134503127636 0.02133546718575248 21.060439222237598 r
2458605.6631366 1034.333931599175 21.9234510386134 26.1727 18.63604806984129 0.023012191774296767 21.07300269206324 r
2458605.7100116 772.7413498972435 22.7205217972868 26.14 18.919914619375398 0.031922286181002874 21.001529236364426 g
2458608.6902778 758.8588322863277 21.3338910266614 26.1411 18.940697516984624 0.030522416689625975 21.0709998081905 g
2458608.7141204 1087.1436645190292 24.6327818600656 26.1533 18.562582651778 0.02460007093662744 20.92709133692178 r
2458619.7114005 708.4616549327191 82.6454498270317 26.1282 19.002409126779792 0.12665211201265308 19.587727619630545 g
2458638.6822338 661.6936369374544 28.165562695467 26.0522 19.00055760413545 0.04621376073676675 20.68047890902833 g
2458638.7128009 956.1295114194378 37.6803277402111 26.0798 18.62850819220395 0.042786600914361775 20.392088310177773 r
2458645.6940278 698.7653772254874 64.9114660539624 26.0256 18.914771554487615 0.10085556753629098 19.74737144422631 g
2458648.6699537 571.6347491447038 108.299931024171 26.0667 19.173903446802512 0.20569294516974493 19.23270453909784 g
2458648.6984144 994.9132396214362 92.5944624414005 26.0772 18.582736974508837 0.10104379343758663 19.413312452343195 r
2458770.0226042 1124.0306444987643 93.0519924761736 25.9914 18.36445462103818 0.0898788202313044 19.32216079691311 r
2458770.0274769 1001.4533048210998 82.879441067595 26.0425 18.540923239818447 0.08985162736385634 19.498957955251583 r
2458770.0323495 982.8056907480122 86.8555948666397 26.0489 18.567730843714262 0.09594889430782579 19.454480491458128 r
2458770.0372222 684.7675257043795 111.232306580012 26.0783 18.989442109370646 0.17635899881451791 19.21529763139344 r
2458772.0231019 1079.963782155331 130.05594679139 26.0262 18.44267702210168 0.13074673777449244 18.993449451547278 r
2458772.0279861 945.6242107654057 137.92382538576 26.0624 18.623103542755995 0.15835455090570724 18.965876754108166 r
2458772.0328704 895.3701321215225 158.127426510659 26.0642 18.684193492413147 0.19174075703847768 18.81925698179929 r
2458772.0377662 899.5894443862913 183.752564646594 26.074 18.688889122841132 0.22176800837509614 18.66599146597222 r
2458774.0275116 1011.4075367471496 69.4285587515419 26.071 18.5586845361034 0.07452840076610343 19.719729614285498 r
2458774.0325231 1154.7368456837735 79.5801913865091 26.0931 18.436892440920662 0.07482242738792262 19.593662540987857 r
2458774.0375347 1060.00738735869 88.4928049059695 26.0818 18.518527770144832 0.0906377063331732 19.46710508689744 r
2458777.0193403 1051.194817226981 60.6877837373098 26.0761 18.52189197252217 0.06267984366343211 19.870921794808954 r
2458778.0297106 1052.465330464966 59.7016534958119 26.0898 18.53428050366125 0.061586907733832116 19.9024090903917 r
2458778.0344907 1027.4237712264753 67.2997200141856 26.1084 18.579025975853085 0.07111700942268256 19.790941845559413 r
2458778.0392708 925.5663076933795 102.790006795726 26.1117 18.695681157205286 0.12057386861481366 19.33439775223049 r
2458786.0184259 1046.9602481390582 45.139820944279 26.1034 18.55357451915914 0.046810090150332426 20.219575409077073 r
2458790.0054977 763.2266088568467 31.2803563051568 26.0216 18.814966242385125 0.044496722790332635 20.535995760824527 g
2458790.0263773 970.5186593562084 40.0749634036541 25.8351 18.367590275940113 0.04483106774702212 20.08049215308535 r
2458793.0061343 1084.8893270661656 37.7182757174125 26.0974 18.508936408216023 0.03774646032986297 20.408595412051433 r
2458793.0401042 885.5301841299554 30.921939386958 26.1047 18.73669157721338 0.03791169425286747 20.631608177835904 g
2458796.0321065 1120.4794549461722 36.4876328996138 26.1431 18.51959025564316 0.03535506417742732 20.490310764564512 r
2458799.9847801 1141.7389336651838 56.2423750415607 26.1434 18.49948297277829 0.053481881700049874 20.02081585894983 r
2458805.0196065 979.395042023619 77.8336309220491 26.1387 18.661305247086194 0.08628180608048332 19.663356762497465 g
2458805.0468634 1204.937520052365 62.2241439929076 26.1766 18.474188680233127 0.056066602631947134 19.944277662146156 r
2458813.0507407 1213.5331700126687 36.405516891607 26.1599 18.44977087104007 0.032570572165575906 20.50955698511757 r
2458820.0037616 199.72995192899913 49.1013447908682 23.2267 17.475592006299866 0.2669070388521209 17.25154152223056 r
2458823.8816319 61.22896969942559 123.390090767198 23.1656 18.69820762095251 2.1879287239942506 16.18997427990728 r
2458827.9396644 1229.8994036916388 66.2701704982719 26.1467 18.422026022637805 0.058500332542654875 19.845979769323094 r
2458830.9587616 1490.5652830948925 54.771380786246 26.2944 18.36102249546048 0.03989445399946404 20.20059076508847 r
2458831.046169 1313.1589979247904 64.9442806298315 26.3072 18.511406715353644 0.053694949043669754 20.028422712657118 g
2458836.9811227 1477.4749902377907 46.1853288389142 26.29 18.36619965461702 0.03393858566251526 20.3813148888082 r
2458837.0481829 1281.23141228726 39.1487783748323 26.2949 18.525831055414336 0.03317420122074389 20.565679452699115 g
2458846.9589931 1559.5350371754496 35.1512522195874 26.3031 18.32061215938311 0.024471213294397165 20.690822987081148 r
2458847.0009259 1288.9318580272404 27.6892520626702 26.3022 18.526625104725504 0.02332335939810846 20.948996927120156 g
2458849.9284144 1610.1629365254955 35.0068201176074 26.2958 18.27862543592428 0.023604384214494397 20.687993331791564 r
2458849.9980903 1330.26691897632 26.725062005518 26.3202 18.510353022003535 0.02181171267621923 21.005478185409917 g
2458852.9805903 1312.8271151176348 21.8216936919452 26.3177 18.522181154871497 0.018046407305673313 21.223053850783977 g
2458855.9820602 1401.6116790284 31.7214539773522 26.3101 18.443530730928615 0.024571700634718707 20.809292275847653 g
2458856.0229282 1613.0402992414236 35.7252156796397 26.2994 18.28028695579984 0.02404581378507742 20.66953784069525 r
2458859.8381944 1615.9648216632033 96.2480860366644 26.2731 18.25202024430557 0.06466511251306531 19.567194734149645 r
2458863.9189352 1393.8649887028905 62.7128320032335 26.2918 18.431248226106046 0.048847859913083574 20.050983956141764 g
2458867.8725 1577.909647661921 35.227694289784 26.299 18.303794671139176 0.024238845200731753 20.684364442091972 r
2458873.8296991 1568.3160496628993 29.8248991154285 26.2463 18.25771603271093 0.020646918060030578 20.81242753086786 r
2458873.8582176 1331.5771194185509 27.8564807723117 26.2691 18.458184189908206 0.02271275221949227 20.909359365948795 g
2458876.837419 1585.203540417534 25.9667424874314 26.2865 18.28628741594227 0.017784525204365003 21.00303131151213 r
2458876.879537 1311.1630362249266 25.9922433437953 26.2883 18.49415825679597 0.02152270756473456 21.003765578423362 g
2458879.7704861 1203.0462612748452 56.1167219061376 26.1804 18.479694180548762 0.050643044190945376 20.060244255385 g
2458883.7865625 1376.4507877572373 61.6163032187916 26.1976 18.350698278307462 0.04860095326302399 19.975935892954844 r
2458883.9185532 1366.9992096104693 49.6568242607134 26.2675 18.42807934134546 0.03943851153741271 20.280127635776793 g
2458886.7933681 1585.4660760382208 68.3125528703695 26.2915 18.291107615166062 0.04677926558775026 19.957823700621724 r
2458886.9199884 1411.9185536009034 66.5949939730546 26.3251 18.450575887002827 0.051208467210908624 20.019071029281914 g
2458891.7931481 1678.8539965750715 59.1001682280452 26.2852 18.222667677818816 0.038219554991731214 20.108803196415032 r
2458891.9195023 1351.7542461967987 96.7188662639077 26.2843 18.45705564380762 0.0776825176604156 19.573096996425775 g
2458894.7736574 1579.7439197682402 28.868821044905 26.2656 18.26913326876131 0.01984048086290567 20.86710236823083 r
2458894.8169907 1303.7389145439424 27.4024798947446 26.2812 18.49322342819275 0.02281965513941209 20.939300319712274 g
2458898.775706 1214.4099200293483 21.5323325355421 26.2438 18.532886734640076 0.019250216132352657 21.163647293555634 g
2458898.8358333 1561.9173517683155 23.0749977976102 26.2905 18.306354875923674 0.01603959715314151 21.13522081854301 r
2458901.8717477 1543.4684390491025 35.0950508656929 26.2624 18.2911556164378 0.024686411306445 20.6518602986554 r
2458904.7324306 1478.395009294981 29.8538889141755 26.2434 18.318923780487324 0.021924023681314506 20.808472707953953 r
2458904.7743056 1141.8979488905961 28.5296801118821 26.2331 18.58903176783942 0.027125605863084046 20.847432733731182 g
2458909.7535764 1209.4985598672179 58.0627266633767 26.2727 18.566186611025184 0.05211970020480938 20.11553142234584 g
2458909.814375 1516.5716229055326 36.1408362437426 26.285 18.33284268626801 0.025872899978608848 20.642579496029793 r
2458912.7535069 1179.0850075032527 53.0717424872319 26.2367 18.557837207027507 0.048868394095180394 20.177116621878163 g
2458912.9162153 1502.5112610887181 49.0795556330158 26.2497 18.30765566085821 0.035464408773984504 20.275023434248844 r
2458915.7324653 1227.3630118884516 89.442834277678 26.2095 18.487067422148687 0.07911928600965583 19.583211107290527 g
2458915.85875 1478.6232150133992 66.3838625274966 26.2959 18.37125619869221 0.048743289577967266 19.993318693866435 r
2458940.6756019 1066.7339933429996 41.3407835366912 26.2308 18.66065966284016 0.04207580237049187 20.44242823015187 g
2458940.731169 922.7897799092378 49.079140093652 25.8252 18.41244306006744 0.05774362000944453 19.85053262683496 r
2458954.6876273 1103.6091181041047 31.0501424469396 26.2154 18.608361800008364 0.03054626778777875 20.737815996897943 g
2458963.6903125 1191.7801621802605 23.5866164845497 26.2457 18.555209619788883 0.021487175512661643 21.06661087533942 g
2458963.7460069 1172.6826890154744 23.5846779978934 26.2289 18.555948714494118 0.021835305613499154 21.04990011118378 g
2458966.6925231 631.3400455889337 35.2311214858707 25.289 18.288341656783324 0.060586095978639586 19.67425881923033 r
2458969.7125347 39.67429531489351 62.8950355992991 23.2546 19.258326945841805 1.7211431131462382 17.010634070972724 g
2458973.6704514 1523.0856636830858 81.2700419103692 26.2981 18.341289174327947 0.05793166241793687 19.775848779871474 r
2458976.691169 1254.4476473763655 73.2791335148028 26.2778 18.531668646614733 0.06342166245312562 19.86792417566428 g
2458976.748912 1378.0187278124793 66.4489918657997 26.2807 18.43256220039183 0.05235318578233143 19.9770539981392 r
2458980.6716667 1139.534833945906 20.6915469951241 26.2516 18.609780986302773 0.019714020057479565 21.214692584833706 g
2458980.7321296 1416.9979710267967 22.9588201705354 26.2534 18.374976929025838 0.01759098570980163 21.103601073245756 r
2458987.6879167 1426.6560224309314 24.7380682581674 26.2958 18.4100018148797 0.018825926001509327 21.06496053039094 r
2458987.714537 1103.9141990164874 25.2386670462738 26.2509 18.643561701348936 0.024822237848333185 20.99830895323432 g
2458996.6721991 1000.0239551444427 30.0630827752533 26.2194 18.719373991343907 0.03263870710414941 20.776891207578405 g
2458996.722037 1337.6684176912313 31.6253711627348 26.2092 18.39332881622146 0.025668293440495014 20.71168591117207 r
2459136.0215509 1195.2841012555784 52.9956085590551 26.1644 18.47072214276615 0.04813695099945395 20.106375280138465 r
2459136.0263079 1146.4153098516313 49.6375564568473 26.161 18.51264505692 0.047008701455822095 20.174049004082935 r
2459136.0310648 1215.6705090369437 56.469720035149 26.1864 18.47436029682241 0.05043239478658614 20.05943590265339 r
2459136.0358218 1310.3326486781698 78.1017172261115 26.2186 18.425146094551216 0.06471260139776594 19.739523532071516 r
2459138.0192014 1057.3003146230717 39.3030481306506 26.0002 18.439704096397982 0.04035875026733508 20.266709406161112 r
2459138.023912 1065.946793925969 41.6337170982575 26.0159 18.44656118077135 0.042405237213666666 20.21986202204414 r
2459138.0286227 1070.952741595428 42.0096719094399 26.0608 18.486374232624282 0.04258815447274785 20.255001764752976 r
2459138.0333218 1108.915378554247 51.9918120117885 26.0779 18.46565398410665 0.05090335240439397 20.0406376049813 r
2459138.0380324 1096.44332257552 76.1613105596533 26.1146 18.514634532467014 0.07541505627521414 19.662838967554237 r
2459140.0218287 921.7022949025346 39.0171701628199 25.8657 18.454223327949144 0.04595946205195575 20.14013556992982 r
2459140.0265856 922.834591969558 39.6038072899062 25.8826 18.469790336363687 0.04659323994659008 20.140832642684792 r
2459140.0313426 931.8624576018254 37.8793683539252 25.9337 18.510320461370103 0.04413272568968448 20.240268168050186 r
2459142.0205208 1174.0691655457415 42.4421224603215 26.1987 18.524465794071 0.039247613094201314 20.381782253857835 r
2459142.0252431 1342.2547119137696 45.4289024037902 26.2157 18.396112656985927 0.036745752428368916 20.324944379004066 r
2459142.0299769 1347.45669508029 45.2329730956054 26.2204 18.39661295846972 0.03644602388277312 20.3343371536344 r
2459142.0346991 1281.4398804491852 49.2922812151174 26.2198 18.450554410495357 0.041762887617087185 20.240427695436146 r
2459142.0394213 1279.9820743418516 63.4277672317645 26.2305 18.462490281093082 0.053800383820949496 19.977376429805147 r
2459144.0235069 1228.451809643087 40.9498235166014 26.2169 18.493504688958094 0.03619126370524153 20.438844903157644 r
2459144.0281829 1260.3559210353828 33.3642538601093 26.2565 18.505266984995984 0.028740746809173552 20.70087144673101 r
2459144.0328588 1292.7806336538072 36.3945801468202 26.2509 18.472087906043704 0.030564810948416496 20.600883205008742 r
2459144.0375347 1360.0399025620359 40.7952606086797 26.2562 18.422320873912163 0.03256626100411291 20.482250709563587 r
2459144.0422106 1373.9826945302113 66.5479941938908 26.2613 18.416346843077207 0.052585201825275665 19.956037564037906 r
2459150.0049074 889.4760264649174 43.9653391758985 26.1123 18.739464381778433 0.05366436792341776 20.25709891934978 g
2459151.019294 949.4281623491438 32.0528927043462 26.2358 18.792144725489187 0.036653458354347135 20.723706914753354 g
2459151.9996759 966.3815965202828 67.0805451990645 26.1914 18.72852837304337 0.07536292928680142 19.877483529936676 g
2459152.9944907 1298.8097465723026 79.144620539789 26.2693 18.485436152465944 0.06615850762347623 19.775821486150804 r
2459153.0435417 857.0895742081777 62.8610253893125 26.2741 18.941534469254243 0.07962786775026134 20.03072133677803 g
2459153.9937384 1196.750474069736 91.2519673813999 26.3085 18.613490979521387 0.08278439251339945 19.660469397744833 r
2459154.0125926 793.0885712157584 104.162440677695 26.2398 18.991495771169227 0.14259335709555668 19.44809712042098 g
2459156.9987616 762.8416395471977 80.2486093203632 26.2034 18.997314022769793 0.1142123222204204 19.694881201723923 g
2459157.0257755 1359.3521241911756 48.7487971933184 26.3223 18.4889700745325 0.038935142830837516 20.354965227727355 r
2459158.9976157 895.5445765213599 71.2323171777248 26.1833 18.803081979714854 0.08635742852718983 19.804182308870924 g
2459159.0279514 881.6516722307761 77.572537056775 25.8839 18.520657411058693 0.09552582514752556 19.41220500030908 r
2459165.9830324 1321.5843726248577 28.7588319361807 26.2969 18.49416276351814 0.023625781660157705 20.90254688206408 r
2459166.0192708 986.208154531059 26.3666374065113 26.2997 18.81477852698939 0.029026588454707188 20.999638122100926 g
2459169.0026389 947.1590684793725 30.0846793940277 26.2872 18.84614269567673 0.03448516464138908 20.843911519986854 g
2459169.0263657 1279.3071423272454 32.5928521915775 26.3333 18.565862938638958 0.027660331482261026 20.803069071361385 r
2459170.9838079 977.2933180715669 28.1412856170396 26.2544 18.779337676420646 0.031262869835954936 20.883615154100383 g
2459171.0449653 1347.113619963084 35.6629198757607 26.3403 18.516789432292377 0.028742365555011206 20.71233274455618 r
2459173.998588 702.8626811784089 23.3846476264404 26.0188 18.901623787847818 0.03612186648672258 20.849047913934093 g
2459174.0335069 573.0455678372335 34.5238031856131 25.3463 18.4508271053197 0.06540927148269399 19.753578408896658 r
2459175.0294213 700.3066449515579 31.5594647832722 25.8807 18.7674793819306 0.04892729658101241 20.385450915652562 g
2459177.0391319 1317.256422286518 30.8948336964082 26.3212 18.522024188365833 0.02546392667113868 20.849060334669822 r
2459179.9842361 941.9188475133681 29.9395723282986 26.2871 18.852066282283587 0.03450976032876597 20.84906100822608 g
2459180.0077778 1343.2651155784363 41.8105179783122 26.3659 18.545495659188568 0.033793536988791784 20.565261119331435 r
2459181.9881366 1314.0990949402594 58.2083558536786 26.3299 18.533329709537565 0.04809135946723399 20.170011658090814 r
2459182.0251389 1064.787627254242 47.7107994521118 26.3207 18.75254250992668 0.048647837032754576 20.376733254787798 g
2459184.9433333 848.8505495605342 81.1080821947637 26.2286 18.906521914597842 0.10373916219344473 19.708514657648763 g
2459185.0010532 1345.034948676622 56.5380771159285 26.3203 18.49846607759219 0.04563702258083228 20.192022404498807 r
2459186.0175347 1030.7872657774628 55.6193274020291 26.3148 18.781877388275138 0.05858231447478877 20.204310657440175 g
2459186.9995833 1441.8900446764465 127.17060261866 26.3632 18.465869641709638 0.09575565333351146 19.35480816598981 r
2459187.9827546 1468.1126006421746 117.911308243039 26.341 18.42410158454752 0.0871978806690108 19.414686344275385 r
2459188.0250694 950.2609418973952 85.9552336979818 26.3384 18.893792802396067 0.09820628535943265 19.755294175579788 g
2459188.8829977 1179.164400348036 78.3199307488285 26.248 18.569064102218725 0.07211203865118852 19.765894252189327 r
2459193.0393634 582.162800446887 52.9621030748943 25.8321 18.919488872358087 0.09877126340651302 19.77476193366963 g
2459194.9438194 1007.5170712989461 36.2846322954373 26.2634 18.755268966172792 0.039100305498910394 20.616668173294272 g
2459194.9825926 1367.34296976461 35.9858588090456 26.3348 18.49510634490055 0.028573553068186503 20.697045310000583 r
2459197.0051273 1442.9280361775232 49.8338989476666 26.3414 18.443288320343786 0.037496439691345175 20.350162821141275 r
2459199.9166782 1373.6198862880694 37.5473186119715 26.3139 18.469233575990415 0.029677150297508417 20.63002766933842 r
2459200.0246991 1074.8683176435984 40.6205405300806 26.3387 18.760311845007497 0.041029882572212566 20.569410743699365 g
2459201.9899537 1059.133049071075 25.7438419583379 26.3412 18.778823700184784 0.026389592165669284 21.06709158759579 g
2459203.9112731 1082.182219630606 37.4609945230533 26.2863 18.700549014623796 0.03758276657655846 20.604926731806113 g
2459203.9819444 1431.3200418497104 38.0745174242749 26.3496 18.460258118834552 0.028880685212871304 20.650588970223314 r
2459205.9331944 54.989848948796045 29.4383581804537 23.3426 18.99189368319185 0.5812204631854758 17.922891026376423 g
2459210.9260532 1352.9898115361543 56.7600569493867 26.2889 18.460663684430347 0.045546827702998144 20.156367932838013 r
2459219.9092245 1035.0399861112794 53.1289476379836 26.3171 18.779707180077956 0.05572934304429595 20.256346955104746 g
2459219.9793056 1409.778403077866 41.338968852695 26.3462 18.473322867091575 0.031836009393663565 20.55787589038447 r
2459221.9029861 1322.2724777092549 38.9943281451422 26.3325 18.529197603857863 0.03201771403464837 20.607571384055404 r
2459221.9773264 1028.5759705422213 38.9524090689747 26.29 18.75940906456876 0.04111570923039552 20.566239183111005 g
2459223.8973148 986.7240754951537 33.5241074991565 26.3141 18.828610687837333 0.03688683028593335 20.753281927649592 g
2459223.9609606 1414.0460058897677 44.0412854390029 26.3342 18.458041151420232 0.033814758078566313 20.477125023417553 r
2459225.939919 966.113817886772 53.9541230646381 26.3124 18.849829265823715 0.06063259869257236 20.23491339368394 g
2459227.9392361 1032.202253186661 23.0426025964435 26.296 18.761587993117054 0.02423687175815013 21.142246164538967 g
2459230.9486574 1313.2399770502545 32.4633385980703 26.3358 18.539939762869107 0.02683854233183778 20.809892035295825 r
2459230.9667014 1008.4746721126845 24.147135577889 26.3452 18.836037511599848 0.02599623552467832 21.140610937828065 g
2459232.9373727 1004.1593118528998 20.2417189440378 26.3311 18.826593450124165 0.021885406028840558 21.318056513180824 g
2459249.8816782 1077.3397705686511 57.0941860855015 26.0285 18.44761826911838 0.057537240828221134 19.889595273691516 r
2459249.9234606 934.3148931866106 49.4718642542699 26.2591 18.832866820867036 0.05748768794391146 20.275779298549313 g
2459251.9026505 981.5485883949699 30.3454154099046 26.3366 18.856820492962978 0.0335653455163201 20.88394227143717 g
2459251.9446181 1338.703541640091 30.9340492303835 26.3353 18.518588969129347 0.02508777799174351 20.86178305826695 r
2459253.8538889 1317.562708065289 26.0566986105915 26.3309 18.531471764541607 0.021471279893053377 21.043676515019065 r
2459253.8591551 882.4060507845419 25.1490554458914 26.2406 18.87642880634564 0.030943044274603714 20.991870793248737 g
2459255.8611806 935.2737316162136 22.7698817016192 26.327 18.899653158026993 0.02643211257599209 21.186173053428803 g
2459257.8692361 474.1532820998358 39.8465302802076 25.7153 19.025503097245057 0.09123922486339019 19.966898713459805 g
2459257.91625 1164.4980226523778 27.2044805507982 26.1639 18.498553111429715 0.025363636484953114 20.82987389467771 r
2459260.7942245 564.3644459212667 35.6227228026986 25.6541 18.7752008848251 0.06852945898063434 20.027357210536557 g
2459260.8571528 915.2360317606951 38.607359876685 26.2362 18.83236722638525 0.04579803369135341 20.522099729478914 g
2459260.8778009 1027.946059108995 32.6581531710335 26.0589 18.528974185253468 0.034493013114447385 20.526495935150628 r
2459262.7487384 1141.344999944108 48.3095159492133 26.1712 18.52765764854136 0.04595423948817348 20.213693274228522 r
2459262.8110532 1019.1239520813131 29.0118461806057 26.3108 18.79023247808224 0.030907095583374594 20.906936573690857 g
2459262.8172454 932.6724256881721 26.3936637946682 26.3121 18.88777715723646 0.030724185676152847 21.010925788395305 g
2459262.8515625 1252.6698877758438 29.9015780572086 26.3206 18.57600840552757 0.025915960472517242 20.88393971705682 r
2459262.8587731 1295.4575267600217 30.5498423707723 26.3323 18.55124205336875 0.025603281602679454 20.872352554815023 r
2459262.9102315 579.604407948475 30.4127752403802 25.7046 18.796770800840235 0.05696842471463068 20.249534858185562 g
2459263.7665394 1361.8151220415768 62.4436139363054 26.3398 18.50450461895648 0.049782845375524444 20.10365491417149 r
2459263.8832176 1461.2502535031886 47.585670943549 26.3556 18.44378850121764 0.03535586243325049 20.41448449638166 r
2459264.7268981 1281.6552707156523 34.591225411864 26.3168 18.547371930331952 0.029302492087978037 20.72196012068202 r
2459264.7741319 980.1666262695011 38.816905345025 26.329 18.850750222202187 0.0429962753307478 20.609022717759906 g
2459264.7945602 1300.4147576501662 39.9194965524334 26.3466 18.561395276481637 0.03332828788047045 20.59621235037455 r
2459264.8585995 1351.2460865357841 23.4314917166307 26.3608 18.533963877089416 0.01882674873972503 21.18887514435566 r
2459264.898831 968.836178004139 23.9017590374523 26.3448 18.87917413065393 0.026784858344597352 21.15130032966122 g
2459265.6911921 838.2481630961731 51.4359887424826 26.1976 18.88916847398457 0.06661995270165157 20.172007257669087 g
2459265.7772917 1250.8267411854906 31.5782358993304 26.3379 18.594907106578127 0.02740946414641676 20.842005327337237 r
2459265.9157523 971.8849002496158 30.0816234119242 26.3356 18.86656291316353 0.03360440987398602 20.892421813964013 g
2459266.8024074 906.0549926554926 54.6953380090568 26.3259 18.933013605471253 0.06553987225697232 20.233599212779126 g
2459266.8033449 883.510336039441 60.785592725443 26.3284 18.962870913472734 0.07469626028129157 20.121473349419368 g
2459266.9017593 995.6697934510887 58.7015481472181 26.3249 18.82961167065604 0.06400944494111087 20.155851101333596 g
2459267.7888657 963.0785013124472 53.7217090420058 26.3337 18.874545779339964 0.06056168778289795 20.260900438228845 g
2459267.8165162 1356.6774507947928 46.848494396231 26.3533 18.522108483265487 0.03749115925542235 20.429135893625315 r
2459267.9000347 1289.337992790551 44.5080612367151 26.3447 18.568783049591094 0.03747845976377074 20.476178296900883 r
2459268.7241435 918.7192528987031 52.0047852068375 26.2807 18.872742955877875 0.06145685433381123 20.243166721740774 g
2459268.7742708 1318.2327853592724 39.5555955417887 26.3452 18.545219728394983 0.03257809285028181 20.60475517026902 r
2459268.8265162 940.407241184958 50.8958026996997 26.3166 18.883310088609978 0.058759195560251956 20.30247006865802 g
2459268.8370023 1313.8045436601167 39.9186627772023 26.3442 18.54787310125532 0.03298792989135878 20.59383502774995 r
2459268.858831 1265.0526980382133 36.9033140421842 26.3529 18.597628456990158 0.03167135101781279 20.68781156660744 r
2459268.9231134 875.150890859071 42.095090217613 26.3045 18.949292651964775 0.05222258233023055 20.496496377584062 g
2459269.7441551 815.9451672369448 58.1041836597503 26.248 18.968847563797205 0.07731366608005392 20.090056479400573 g
2459269.8128009 1225.885394794122 50.2799801516938 26.3163 18.595175322780126 0.044530242943192716 20.315387245225565 r
2459269.8577662 1322.0748693806966 52.5627905189735 26.3373 18.534159874912998 0.04316504532998331 20.288178955332885 r
2459269.922963 826.9628439299877 56.9764416078256 26.2949 19.001185007976815 0.07480302544143494 20.15823668307639 g
2459270.6634838 1184.193846729069 102.121840995532 26.225 18.54144299978881 0.09362798419794173 19.45477840060689 r
2459270.7478935 872.2507191387039 127.752360715664 26.264 18.912396659549607 0.15901475915772845 19.250652653810132 g
2459270.7780093 764.1722508479601 92.1159408181953 26.3027 19.09472184190826 0.13087399710646222 19.64443800893587 g
2459270.8228704 1430.191331491956 70.589295134774 26.3472 18.45871464645494 0.05358639507895464 19.977927875921186 r
2459270.8592593 1424.982537087468 81.5255343813292 26.3334 18.44887614456503 0.06211463675808967 19.807740853687847 r
2459274.7074421 787.7999930632851 162.077809478953 26.2448 19.00376006837729 0.22336618342311096 18.973066093009372 g
2459274.740544 879.5615985985141 133.7531133086 26.2923 18.931634350167684 0.16510015370217682 19.229115239959324 g
2459274.8603819 1494.2633346386706 100.909698961737 26.3394 18.403332149704163 0.07331884388988916 19.582142712736967 r
2459275.7106134 910.2070162358079 60.5519743428572 26.2689 18.871049552757565 0.07222673234921365 20.06615421863613 g
2459275.8407639 1248.2979447639016 57.000195803095 26.3391 18.598304361306457 0.04957559438674311 20.201984120327072 r
2459276.7541898 844.5071924619801 38.9082414282476 26.2914 18.974891618242353 0.05002050674725331 20.568870984064468 g
2459276.7551389 923.7611043627633 44.4621062195781 26.2966 18.882700819978623 0.05225648546427563 20.429199909498898 g
2459276.8698843 1331.1608599635142 43.0616698442472 26.3278 18.517223650995316 0.03512126622411405 20.49514782197629 r
2459276.8703472 1236.6248963846729 42.0431175257924 26.3216 18.591005035758876 0.03691193087831364 20.51493770970555 r
2459278.7598727 848.4832630927158 37.479622159703 26.2845 18.962891800036854 0.04795807713456698 20.602586979110406 g
2459280.7340162 887.6544844674271 20.8228175373652 26.2992 18.928590121278816 0.02546861802188866 21.255426255217287 g
2459280.7879051 1340.7407936734426 25.3012700638108 26.3417 18.52333794119948 0.0204883666088928 21.086419183467402 r
2459290.754294 1243.2989377535766 29.443629398382 26.3241 18.587661093504877 0.02571139366979756 20.90419663238945 r
2459290.8312384 918.6465797603897 22.270620212533 26.3064 18.89852884389867 0.02632047285372111 21.189644209582262 g
2459292.753669 1218.367179242133 28.8917494129581 26.2784 18.563954521689105 0.025745746333351215 20.879040390573014 r
2459292.7740162 872.9846259335401 27.9902325624965 26.2571 18.904583511386193 0.03481045895923482 20.89215872189868 g
2459294.7830324 896.993291430804 40.5440395559879 26.2436 18.86162701252767 0.04907357074624428 20.47635744687408 g
2459294.8188079 1137.8825060912015 33.293462271835 26.2428 18.60255644852239 0.031766647079144124 20.689477586927183 r
2459297.7040741 838.9538081455117 76.8056816080935 26.2392 18.929854875698712 0.0993951367909447 19.77829162007804 g
2459297.7553009 1063.9571355213468 66.0229394355737 26.2372 18.66988967113048 0.06737217407736835 19.940537849571392 r
2459301.7943403 1160.7999845524305 211.691894555823 26.2798 18.617906515874445 0.1979961173137628 18.718114414931804 r
2459301.8410301 1054.2600235092061 164.561961495534 26.2926 18.735230652960734 0.16946950241079795 19.004351350938517 g
2459302.6731134 810.1486591306924 107.611768751594 26.2819 19.010488206147947 0.14421315892687056 19.454825564914348 g
2459302.7414352 1231.546576571107 75.2174471172959 26.3121 18.58597289670124 0.0663097798238515 19.873878515742256 r
2459303.7550579 1035.4897197547557 70.853169577541 26.318 18.78013552096047 0.07428879760250559 19.94467678180336 g
2459303.8520255 1164.4364021115045 74.1258737400219 26.2856 18.620310565732836 0.06911365959841859 19.863250425312334 r
2459304.6703472 1164.6334326783658 41.224234268288 26.2496 18.584126867316243 0.03843024756909994 20.46429349550899 r
2459304.7120486 768.3696060468794 52.7299286105772 26.247 19.03307455651698 0.07450695998640376 20.194432030775033 g
2459305.7915625 843.306799245412 42.9264292004514 26.2997 18.984735995290215 0.05526485049644125 20.470463080274325 g
2459307.7496644 1175.2060454791147 27.108100935828 26.3258 18.65051495780057 0.025043493691380522 20.995627254041196 r
2459307.7786806 898.8766385402329 21.9660066852165 26.3161 18.931849766432798 0.026531442064029256 21.214297210559955 g
2459309.6714468 582.4183385037331 28.7523503487775 25.8493 18.93621239731451 0.0535979462011182 20.455191609919016 g
2459309.7494329 931.8878979002873 32.4034942998153 26.1163 18.69289082064808 0.037751830279776646 20.59239537465418 r
2459311.6695255 656.9295391125675 31.2942046706367 25.6874 18.64360302364861 0.051719577196677594 20.201315192625906 r
2459311.7109375 295.41160679336804 31.7058793611566 25.3573 19.18123111288444 0.11652579800794922 19.857025482089462 g
2459313.7064005 959.8859289013491 29.3490569535802 26.1095 18.653950936651654 0.03319589356932519 20.69308961160941 r
2459313.7347106 842.6637764774938 24.2163164646104 26.263 18.948864186651935 0.03120064671052076 21.055304780535778 g
2459315.6951736 844.7935047941137 20.0813959526074 26.2786 18.961723584690546 0.025807929940298676 21.27419024070632 g
2459317.674919 876.7432110402847 21.8094004739243 26.3054 18.948218970856402 0.02700729905446811 21.211365670977198 g
2459320.6727662 843.4462674405808 25.7223465436079 26.2033 18.88815644835801 0.033110291337393925 20.9300985267745 g
2459322.6911227 884.3532035313102 37.8822549135582 26.2011 18.83453561657273 0.04650716930228657 20.507585433753658 g
2459322.7341898 1239.5037433463 35.9617824394231 26.2551 18.521980393272695 0.031499466947211466 20.618071965849207 r
2459324.7116204 1288.537591244441 48.5297890611936 26.2948 18.519557267517094 0.04089038018118837 20.332353980105136 r
2459329.7324306 1388.4420501291677 73.7807123611315 26.3057 18.449380604574245 0.057693239269891304 19.888417878976398 r
2459335.6706713 1270.9856703258795 34.7795179067128 26.3014 18.54104836463284 0.029709322042660344 20.700666094727655 r
2459335.7123958 840.268887568531 26.8059456737953 26.1031 18.792054291687727 0.03463559778138989 20.78509715642653 g
2459338.6917824 1008.5380269504685 25.4205351443038 26.2508 18.741569305146633 0.02736542824232654 20.99041326683176 g
2459338.7134838 1226.0676399475722 25.6189065465497 26.2811 18.559813924777142 0.022685899155431902 21.012273515503022 r
2459340.6926736 960.7267506845284 25.9432919184204 26.2362 18.779700291350004 0.029318047005311338 20.95371228306497 g
2459340.7557407 1261.89416344012 27.4094975335729 26.2461 18.49354267089418 0.02358239885274833 20.90392230366735 r
2459342.7282523 933.3342906654672 26.9687524776318 26.1996 18.77450694479044 0.03137136914158402 20.8750228459246 g
2459344.6730556 966.8739546241536 24.083263958183 26.2302 18.766775346279452 0.027043028260662284 21.028486624995434 g
2459346.6761806 946.5791796500466 26.6383884408756 26.1763 18.735907630566267 0.030553490877488917 20.865105120384776 g
2459346.6923843 1251.7217601388543 29.9891742386443 26.2166 18.472830494638316 0.026011568631102412 20.77676372043782 r
2459348.6752431 1294.317319189776 33.3946123212193 26.2737 18.493598093792016 0.02801208796297639 20.717083973920126 r
2459348.7291782 940.175469099047 24.9259709787095 26.2079 18.774877711347145 0.02878412336956425 20.968844776567106 g
2459350.7277431 1208.1605832887944 36.2652259323089 26.2172 18.511888343506563 0.032589339810713026 20.57104902050937 r
2459356.6803356 1055.0150261841716 80.4612242512829 26.2491 18.690953387071175 0.08280142841716094 19.73770839851431 g
2459356.7339468 1192.4534801613788 90.8547081926576 26.2315 18.54039638649172 0.08272101035875962 19.588206394526715 r
2459358.7378704 908.4779664937001 99.1399318197933 26.1332 18.737414003158005 0.11847972977503797 19.395153449416004 g
2459361.6950579 1306.228344568501 49.6260480667387 26.3127 18.52265224119445 0.04124776545394641 20.326000759515658 r
2459361.741875 936.9125347141746 83.9527227050446 26.1614 18.732152376740025 0.0972849307312058 19.603888025449407 g
2459363.6809491 1309.9503584354018 30.8879055697564 26.3142 18.52106290487981 0.025600206039210954 20.842303836918436 r
2459363.7276389 968.2222284918136 32.6725750501951 26.1898 18.72486237756844 0.03663685225162825 20.656916578589723 g
2459365.6820949 1288.5140216298335 33.4004492823763 26.2396 18.46437712771996 0.028143168935024297 20.682794217374713 r
2459365.7041204 918.7858031097603 30.9137315902623 26.154 18.745964310136603 0.03652977470260091 20.681196409594214 g
2459367.7340394 803.7057780664005 33.2996426992518 26.0108 18.748057273489973 0.044983404456239655 20.457276055137083 g
2459498.0281134 1315.0786241355206 85.7119203476203 26.1742 18.376820703472738 0.07076187705703418 19.594171925565878 r
2459498.0304977 1067.0335507985192 104.129407354889 26.1905 18.620054812034933 0.10595102420219032 19.39914149755502 r
2459498.0328935 1086.6519720276167 136.240883824249 26.202 18.6117738187853 0.13612152867305333 19.11880635834381 r
2459498.0352778 1373.7097213550292 142.663918999243 26.2101 18.365362570906484 0.11275323632760946 19.076889614202315 r
2459498.0376736 1482.1476308897309 179.481762306824 26.2187 18.291471339596974 0.13147364356649321 18.83622417626004 r
2459499.0291782 1268.441343974717 93.6925641771699 26.1698 18.411624027209474 0.08019449808250725 19.493112176960963 r
2459499.0315625 1283.7894619384367 97.0394078877162 26.2073 18.436065483922487 0.08206617071354785 19.492504644407575 r
2459499.0339583 1139.1301605965791 118.913675739656 26.2115 18.570066623078816 0.1133361069844122 19.275995479679473 r
2459499.0363542 1247.7777369989337 133.161068393982 26.2035 18.463156918427803 0.11586436243289842 19.145131811703457 r
2459501.0273495 1146.8207424676025 57.3192392088254 26.1889 18.540161151500502 0.054264363822997194 20.045723945593444 r
2459501.0297917 1096.7037057231353 57.0989284204428 26.1999 18.599676722654763 0.05652603001391227 20.060905094440933 r
2459501.0322222 1187.0025996705606 71.2234267485767 26.2026 18.516470824725268 0.06514499163050785 19.823617826899874 r
2459501.0346644 1221.2392853424508 89.4367800525101 26.2077 18.490698083949685 0.07951063585035405 19.58148460131592 r
2459501.0371065 1246.1695719347615 99.5401881837022 26.2225 18.48355714309907 0.08672237289766142 19.48007884552124 r
2459520.9667477 57.2215128126318 45.0567998286463 23.6228 19.228901661438165 0.8548911968500503 17.74097413265863 r
2459523.0000926 1279.9802816701902 32.2722025034289 26.2726 18.504591801715858 0.027373804706001644 20.75310347412833 r
2459523.0195486 977.4100147906086 26.6633237943137 26.2656 18.79040803848443 0.02961742790172661 20.9533892724187 g
2459524.9768519 1301.3447287960946 34.2160899615912 26.2682 18.482219106823546 0.02854617077956466 20.68519904139614 r
2459525.0452315 1011.8198280234476 34.2811584000973 26.3093 18.79654203559201 0.03678426993043977 20.72423626712671 g
2459526.9765856 913.7039925523536 28.6668379240973 26.1841 18.782086193439994 0.03406309503721373 20.793225511576793 g
2459527.0203472 1310.814285582941 31.3715015391176 26.3175 18.523647085534126 0.025983878567415 20.828736724408984 r
2459529.0234491 983.1857635900355 33.951021089334 26.3025 18.82091104651803 0.037491006238837186 20.727942888215505 g
2459530.9779745 1403.5501220815718 80.8285955822328 26.2832 18.41513018423084 0.06252402735249804 19.76686240694724 r
2459530.9967593 840.2077415844128 70.6655445303649 26.2976 18.986633303091523 0.09131263364931662 19.92715571449123 g
2459532.9445949 1289.7679697470596 43.7654727511402 26.2494 18.473121031465435 0.03684086973816807 20.399145929052096 r
2459533.0207755 999.5716543701617 30.342989006305 26.3042 18.804665169992347 0.032957500365397255 20.851629089809222 g
2459538.9620833 1055.098026864921 69.1795522207188 26.1377 18.579467972838014 0.07118603004993598 19.79033062259854 r
2459550.9793519 968.1885609212644 23.5198376949733 26.3043 18.8394001320578 0.026374498538936083 21.128289188041357 g
2459551.0057176 1359.8529698011835 26.6625807380805 26.3404 18.506670114839036 0.02128727483793065 21.02821953024786 r
2459622.9027315 1423.0099032802584 55.7791969299421 26.3479 18.46488019370179 0.04255731036533138 20.234294345896608 r
2459624.7746759 1112.098001984421 71.8263676350281 26.2942 18.678842348778673 0.07012141663972025 19.906065228963925 g
2459624.8790162 1447.2239967179432 52.231330866144 26.3448 18.443460612406632 0.03918367581658098 20.302547259410527 r
2459629.8377894 1394.8671544732504 56.995065402031 26.3646 18.503267880306574 0.04436231960050196 20.22758184828743 r
2459629.9015741 1022.8041609215319 96.6457385632046 26.3386 18.814118784666697 0.10258882625539222 19.628218215966754 g
2459636.747662 1068.6684860535283 28.392551362308 26.2813 18.709192493307956 0.028845047286735256 20.900863938913847 g
2459636.8377315 1403.638348677667 36.9960361580733 26.3268 18.458661937434705 0.028616058042771595 20.658987001079897 r
2459638.8569097 551.0163133345657 48.9296545045849 25.3665 18.513588858195824 0.09640898937119616 19.395144616185718 g
2459638.8794329 513.5815332749518 69.5134465140316 25.4586 18.6820765011962 0.14694988816873988 19.106002935166863 r
2459640.8400694 1162.1687901847226 31.7202246503367 26.3333 18.670126979084777 0.02963308616934779 20.832534353071253 g
2459640.8919213 1437.162633800048 36.0324934065278 26.3473 18.45353520742127 0.027220634026663717 20.70813919957456 r
2459671.8366204 1397.1563641514738 26.6115052941892 26.2962 18.433087466661554 0.020679225346010632 20.986101385788803 r
2459671.9032755 939.8711976159942 25.3256303130971 26.1102 18.677529147908757 0.029255111658569682 20.85387433156253 g
2459674.8184606 1356.3957477078181 28.7642031427408 26.278 18.44703395100575 0.023023734337746394 20.88344412108547 r
2459674.8596065 1033.0808602390384 31.8644394333553 26.1831 18.64776421125115 0.03348742893638459 20.67740928247658 g
2459676.8413773 1269.366357307695 49.7993291533305 26.1979 18.43893254051845 0.04259379599160515 20.207416258112524 r
2459678.686169 1081.0890075311095 35.2356416519386 26.2585 18.67384637129553 0.03538592648247688 20.64361952780443 g
2459678.7351157 1373.0168404493602 30.459891940332 26.2803 18.436110339957317 0.024085869674253396 20.82355409341636 r
2459680.7144676 1266.2286053965058 92.206847956037 26.0968 18.340519698870345 0.07906074337542023 19.437467048806795 r
2459684.8184259 1306.7082517759754 102.695162220762 26.2872 18.49675341587533 0.08532596122473743 19.51090002598746 r
2459687.7585417 1054.1953568497192 70.6787699151152 26.2566 18.699297252362477 0.07279100595372823 19.885952532932166 g
2459687.8544676 1323.2363433504534 75.6293415751531 26.1673 18.36320644877938 0.06205299345107018 19.72314919048763 r
2459689.7566319 1327.106163752587 45.4811471879983 26.276 18.468735834346624 0.037207936222964824 20.383996462844657 r
2459689.774537 1036.1130466412 69.7627827362198 26.2406 18.70208214416506 0.07310153410600058 19.884115500042437 g
2459693.6915856 1495.0064216322492 41.1375988202679 26.2647 18.328092354680884 0.02987484895911127 20.481677642757692 r
2459693.7473843 1075.1266923074743 34.204702951973 26.2275 18.648850889305727 0.03454108828351607 20.644860431207455 g
2459695.7135069 770.7647128739379 33.7559969210342 25.7285 18.511195441044737 0.04754873341374793 20.1601976426605 r
2459695.7568634 381.24283799790925 32.4772972890602 24.9968 18.543795765488 0.09248856149509105 19.470425287281884 g
2459697.6875579 1412.566279278756 23.8319943090594 26.2711 18.396077913550585 0.018317297107330804 21.0807740229099 r
2459697.7128819 1073.5606473863106 26.0126290510059 26.23 18.65293354113119 0.026306768443343027 20.944614369661853 g
2459699.713287 1100.5881633494246 27.0904688628149 26.2259 18.621837905669487 0.02672400360444374 20.89643368525448 g
2459701.6862269 1140.3739302860959 22.1385892785844 26.2706 18.627981798781548 0.02107717981042323 21.16030013118691 g
2459701.7126273 1415.300861964192 38.8066329725602 26.2747 18.39757807207738 0.029769190813489794 20.555010081283925 r
2459703.7776968 1377.4915356336023 40.0544805437341 26.2175 18.36977765276742 0.031569812518905546 20.4634472295212 r
2459708.706088 1611.9275874835785 71.6696715235376 26.3056 18.287236179687536 0.04827249249737001 19.91983645412123 r
2459708.7124421 1371.6149520079655 63.2259605004983 26.3143 18.471219473191436 0.05004642535785974 20.064636399975004 r
2459711.6711458 1134.6510355486978 76.2767344055528 26.2842 18.647044215424888 0.07298600886929207 19.830794760265118 g
2459711.755787 1553.5332430595709 81.6081045731022 26.3006 18.322298622802585 0.057032522175400654 19.77384176149727 r
2459713.6720023 1126.3535587222916 64.9823439370457 26.254 18.6248131611442 0.06263693159764351 19.97458655802699 g
2459713.7353009 1308.9614272703732 73.7750273178605 26.2465 18.454182877837113 0.06119167875407269 19.82930154169696 r
2459715.6782176 1384.0694949046626 29.9063009361637 26.3239 18.471005257906434 0.02345927790903988 20.887068241299133 r
2459715.7368403 1056.9130242917433 55.0844989455933 26.2233 18.663201875686795 0.056584826878547774 20.12330148066552 g
2459718.6819676 1248.7468730173307 31.3775094215402 26.2097 18.468513965699728 0.027280598426366116 20.72072881753109 r
2459718.7743634 1209.8761574929335 61.8720391816929 26.111 18.404147704105593 0.05552177594668926 19.88483891477333 r
2459722.6851852 1046.1226834719555 34.1760859952404 26.217 18.66804345207881 0.035469048851790065 20.635269179652354 g
2459722.704838 946.4330680799059 37.5031673767744 26.1863 18.746075234998976 0.043021730954064974 20.503705118762944 g
2459724.6965972 943.9668636010708 36.2517899712466 26.1426 18.70520812656359 0.04169486227687727 20.496851351172218 g
2459724.7356481 1239.0054142758627 38.6915617116813 26.1781 18.445416989538064 0.03390415252940897 20.46163434028477 r
2459726.7192245 1012.497966689478 29.652433581629 26.2126 18.69911460066947 0.03179625855925106 20.785024134647706 g
2459731.6924306 999.4253228596921 45.7939909890763 26.2066 18.70722412713026 0.049747124552116294 20.30715375329315 g
2459731.7376042 1263.040862457317 47.6038191762215 26.1767 18.423156496824937 0.040919868878248805 20.235170497031966 r
2459862.0263889 1082.46821663544 101.783789330179 26.1318 18.545762116287506 0.10208767183876812 19.36517845096196 r
2459862.02875 1054.2255562260852 92.8857241023777 26.1466 18.58926614988566 0.09565887495552651 19.47930256154887 r
2459862.0311111 1134.4644484208673 102.762946545042 26.1482 18.51122277345943 0.09834572711313525 19.371183618169848 r
2459862.0334838 1281.2782482530401 107.379218285481 26.1521 18.38299136658544 0.09098852450784992 19.327374394160117 r
2459862.0358449 1042.9250922663116 125.118335103383 26.1661 18.62046720876029 0.13024998384740738 19.175372597205566 r
2459863.0273611 1184.1957479686196 98.3041035496068 26.1662 18.482641256625758 0.09012763760289769 19.437345871289853 r
2459863.0297569 1240.4319887030258 105.638047059424 26.1903 18.45636760637283 0.09246071428094643 19.3833240797452 r
2459863.0321412 1052.8647381027488 103.487306296186 26.1892 18.63326854798316 0.10671472258462544 19.404557282397576 r
2459863.034537 1094.81168664019 110.967352271383 26.1987 18.60035143832957 0.11004381468631091 19.338286929894746 r
2459863.0369213 1170.5540377024192 138.116940848187 26.2438 18.572821331607265 0.12810477590014357 19.14575761266886 r
2459864.0272685 1155.5636232252768 78.7443746699945 26.1683 18.51131534516148 0.07398360926298062 19.68032614291193 r
2459864.0296644 1028.553000390064 69.6884137818568 26.2115 18.680933311493657 0.07356034235889515 19.85617354064636 r
2459864.0320486 1140.920901789647 82.408853907737 26.2044 18.56126115868943 0.07842024153233193 19.667040303463764 r
2459864.0344444 1157.548251139211 95.8560550636068 26.2005 18.541652242099538 0.08990633339053955 19.499026109853126 r
2459864.0368287 1237.4957919009241 112.947337406395 26.2451 18.513740673020965 0.09909280098137153 19.36548499560377 r
2459866.0275579 1233.3201955224122 59.2234513787906 26.2302 18.50251039225838 0.0521347995398041 20.051540705982738 r
2459866.0299884 1279.0353314567503 68.3012421048025 26.2125 18.44529364653446 0.05797702122014568 19.879003484921107 r
2459866.0324306 1335.4889596803687 70.0410193614799 26.2487 18.43459924471437 0.056940594056995225 19.887893843952238 r
2459866.0348611 1310.8696838137405 78.4292105223882 26.2508 18.456901200625367 0.06495732940930214 19.767180380727424 r
2459866.0373032 1224.9131683370824 96.7265091691879 26.2441 18.52383674120503 0.08573340030914592 19.53281120291473 r
2459871.0197222 1248.0557717135591 58.7691499993289 26.2033 18.4627150173907 0.05112405038331526 20.033001465677962 r
2459871.0221759 1339.4566824286117 61.2237363617263 26.2243 18.406978316909523 0.04962505427753458 20.009575413683706 r
2459871.0246296 1296.2478880332517 60.2580390165785 26.2242 18.44247984548749 0.050470402740298285 20.026737503464155 r
2459871.0270949 1241.6398645112683 54.9075156681924 26.2448 18.509810880639698 0.04801157844945747 20.148295503725677 r
2459871.0295602 1246.1241794365187 63.1744195091488 26.2376 18.498696692432887 0.05504143839990143 19.98882183913958 r
2459872.0202199 1356.1209971467554 67.3975275442568 26.2353 18.404553899238703 0.05395794019025944 19.916265076960425 r
2459872.0228241 1134.3425640392345 71.2001840959632 26.224 18.587139428851742 0.06814699749758621 19.845372197772953 r
2459872.0254167 1237.2897398084208 61.9390072360468 26.2421 18.510921471085723 0.05435039020576411 20.014764388745665 r
2459872.0279977 1233.3908728228835 61.927498059356 26.2631 18.535348174266996 0.05451206598372307 20.035966153215025 r
2459872.0305787 1201.953878655722 73.6712296436225 26.2481 18.548380491876486 0.06654569317879057 19.83243019239083 r
2459873.0196528 1263.262149382666 47.7783204257082 26.2444 18.490666290641453 0.04106267453001801 20.29889779236179 r
2459873.0222454 1286.2512792056446 54.056771528969 26.2641 18.490785450784315 0.045628282589733726 20.184549728012826 r
2459873.024838 1300.62776659931 51.7332248464565 26.2615 18.476117446610438 0.04318434809573104 20.229651110488483 r
2459873.027419 1349.7984015924612 52.9847553455576 26.2634 18.43772772619554 0.04261788190799794 20.205597655802016 r
2459873.03 1240.599648810773 54.5232388266808 26.2569 18.52282086527804 0.04771553857110306 20.168020873693916 r
2459874.019838 1209.5427184655405 55.1857347789881 26.202 18.495446971694196 0.04953537509246256 20.100007915644326 r
2459874.022338 1153.5426698046467 53.4814294227148 26.1539 18.498815840486262 0.05033605556530889 20.085967473327326 r
2459874.0248264 1180.5011371939827 57.3062711353853 26.2186 18.53843397555709 0.05270424280960614 20.07566961354044 r
2459874.0273264 1266.1307454215175 58.3252492584508 26.2329 18.47670361280449 0.05001357351828499 20.070833480489544 r
2459874.0298264 1329.2190634040442 57.0784570051458 26.2407 18.43170859695192 0.04662142040890192 20.102094428228984 r
2459881.9963194 1203.1202804546597 43.2297785386763 26.2408 18.540027381096603 0.03901070518211551 20.403917462416803 r
2459888.9766898 841.3458336246533 49.1803096372004 25.7975 18.485063628929097 0.06346386948048932 19.820596842381338 r
2459893.9424769 848.4725931695438 132.262374774512 26.0262 18.70460545357044 0.16924207269473202 18.975184198642147 g
2459894.0010185 1410.4414934269969 88.987538087389 26.2917 18.418312310299008 0.06849895621457686 19.670952009593293 r
2459896.9677431 1270.0361258945074 85.9794959853576 26.2374 18.477859813646532 0.07350022325196164 19.653987751810284 r
2459897.9867708 892.7726857322915 75.1656373322173 26.2213 18.844447763470335 0.09140885889071572 19.783826628628116 g
2459902.9672222 1115.0877107186025 61.6725704135825 26.2219 18.603627426196685 0.06004721337559756 19.999244865411704 g
2459903.0245602 1362.3848217514208 67.8916133813966 26.3104 18.474650508668987 0.054103600885265384 19.983434665650726 r
2459904.9342014 694.6612202476616 38.5186251223724 25.8414 18.73696736279879 0.06020153432553801 20.129798046431052 g
2459905.0002083 1414.6415445983469 31.646700384136 26.3248 18.448183979721165 0.02428800620075937 20.826553900722416 r
2459906.9246181 814.6903724664106 36.6714254538625 26.1249 18.847418539742044 0.048870304548615545 20.466655509819212 g
2459906.9974884 1409.7221578013725 36.3603961891432 26.3122 18.439366185070575 0.028003023095076403 20.663203472351874 r
2459909.9561458 1358.4198636869376 39.0198887488003 26.311 18.47841494130273 0.031186155581964973 20.585359922096163 r
2459910.0204514 1121.7975768203435 34.7406891800211 26.3473 18.7225137560977 0.03362279168908337 20.747778915014134 g
2459914.0060764 1410.0083642685602 29.6851461758759 26.3188 18.445745777679093 0.022857426962759404 20.890027009599166 r
2459923.9362153 1105.2064375303803 74.4348934467032 26.2834 18.67479148524889 0.0731211482948535 19.85653356162376 g
2459923.9419792 1349.1779250260813 62.2761979789446 26.3145 18.489326933156008 0.05011441922638418 20.0812697626233 r
2459930.926088 1314.5949044774648 47.6443525351847 26.1637 18.366720138570603 0.03934860341483757 20.221246415504886 r
2459930.9855324 1092.241001302886 43.7196798639026 26.2972 18.70140381161488 0.04345785991518211 20.44808255620879 g
2459933.9394097 685.7291484048244 32.1587171693066 25.8471 18.756718473783266 0.050916195281965844 20.3314281987795 g
2459935.9371875 1358.2199293391666 29.5970212777489 26.3264 18.493974753406565 0.023658529305254954 20.900854977368382 r
2459935.9425347 1028.581997638357 28.7666116416785 26.3157 18.785102702552248 0.03036404519141827 20.921053213473364 g
2459937.8799769 1210.5219182857284 68.3342681815731 26.2894 18.581968356521408 0.06128803935231364 19.955378619783573 r
2459951.923125 813.0767421323712 194.37300801474 25.5056 18.23027115412151 0.25954594919066915 18.03658510008334 r
2459951.9636227 1143.918608674078 116.727738697088 26.2723 18.62631218768007 0.11078699563277788 19.356939808523915 g
2459967.8400231 1083.0571193671776 61.5232588641157 26.2865 18.699871596267204 0.06167338818454812 20.06647665961077 g
2459967.8761574 1215.9059188436142 57.5321038088602 26.2969 18.584650068636346 0.051371248496499225 20.149699350642642 r
2459970.8646412 1158.5173640261587 58.7562398064433 26.3046 18.644843631391467 0.055063179490173884 20.134540002455523 r
2460016.7279282 1197.2768538830226 27.9314099170564 26.2876 18.59211353331743 0.025328420614327676 20.924942842912902 r
2460020.7295139 876.237102497759 29.4464396431856 26.2898 18.93324590360537 0.03648555788093711 20.86979300933111 g
2460020.8009491 1262.1272865492065 24.3147403528042 26.3351 18.582342109840766 0.020915888502193735 21.123000898471687 r
2460031.7116667 925.1813453821463 47.9371477331339 26.3109 18.895332831450673 0.05625422686442746 20.36179451444717 g
2460031.8026389 1189.9825100954627 31.1039677432459 26.2744 18.5855485541339 0.02837821353872925 20.794935507020064 r
