jd flux fluxerr zpdiff mag mag_error limitingmag filter
2458268.944294 4125.1892318758455 85.5097336019912 26.0479 17.009290311436956 0.022505129474864285 19.470436105584255 r
2458271.94 4357.977753817371 68.7142936113841 26.0397 16.94148747757125 0.017118744699541232 19.699657273481066 r
2458271.9826505 2890.1848164474727 96.9010826222936 26.0736 17.421285962142424 0.036400961213386894 19.36035341613413 g
2458277.9200347 3994.3282150981518 50.9969480072942 25.9976 16.99399062974148 0.013861501476577779 19.981314524564738 r
2458277.9609375 2812.5681827090825 43.5726449463547 25.9841 17.361342351298884 0.01681979512855439 20.138640180969507 g
2458280.9437153 3187.5668903567257 24.858973010014 26.1004 17.341751732231828 0.008467080982244666 20.864267032106348 g
2458283.9406019 3199.637240224752 27.9807071392377 26.1013 17.33854814287144 0.00949440560297282 20.73672827427899 g
2458286.9419444 3286.736390983232 27.3572685073457 26.141 17.34908781656219 0.009036862980526375 20.800893156704866 g
2458286.9657523 4794.084387813447 31.1562081508359 26.1668 16.965035813929063 0.0070558405845647845 20.685513497545532 r
2458289.9358912 3156.3513482670314 30.7147037220523 26.1148 17.36683664854199 0.010565032264022525 20.64900916312033 g
2458289.9615625 4685.141017625296 29.0303457631484 26.1668 16.98999333197528 0.006727278064092405 20.762244467946843 r
2458292.9405093 3146.1485516894522 19.619426344135 26.1399 17.395451937867435 0.006770440375547123 21.160759227118287 g
2458295.8771644 2666.502257876278 77.4120208259212 25.9851 17.420245110598934 0.03151927989651914 19.515653977213407 g
2458298.9412963 4321.253516919536 76.3013262666557 26.1122 17.02317563498015 0.019170444317453968 19.658444771884675 r
2458301.9581713 4266.167078165363 56.7852942813222 26.1331 17.058005350120617 0.014451331340671371 20.00008528717884 r
2458301.9634028 3036.723521387704 66.8606643345771 26.1432 17.43718686660008 0.023904258243067952 19.832848270476116 g
2458305.9786458 2846.455221281729 49.8715087892379 26.1283 17.492539109644447 0.019022079352470703 20.136243720763215 g
2458312.8815625 3015.277773961905 23.1442102142409 25.309 16.610681683816136 0.008333450817231013 20.15046907599016 i
2458312.9384954 3965.726666089405 20.629441615274 26.0466 17.05079305607559 0.005647737892079435 21.012956306852768 r
2458315.9393287 2512.2569018527147 18.3183656947511 25.9485 17.44833987994037 0.00791648721121008 21.043858177376784 g
2458315.9623611 3749.559630984829 20.0322951411177 25.9962 17.061249338056417 0.0058004312439749245 20.99444821377679 r
2458318.9388889 3008.3130784871523 22.4778442213636 26.1581 17.46229242054678 0.008112252559632879 21.03128834643481 g
2458319.9821644 3957.18198441302 20.9111233283548 25.5883 16.594834941930962 0.005737215697185693 20.539931580692766 i
2458322.9586921 3140.933143164658 25.242855957021 26.1626 17.419953269369614 0.008725486173489361 20.90982876643342 g
2458325.8780208 3995.003851853583 46.0106213468108 25.5908 16.587006994042717 0.012504050921766995 19.68622974365993 i
2458325.9183102 2935.8594498539283 70.8105061134445 26.0962 17.426861848741034 0.026186187656630416 19.72353074293721 g
2458325.9629861 4442.962303301291 46.5436756260109 26.1448 17.025618428881668 0.011373598328667448 20.22772329613099 r
2458328.8978819 4208.621592125038 95.9215223428036 26.106 17.04565030254603 0.024744918146703227 19.403784832390212 r
2458332.8984144 4438.457690405573 64.1185917351257 26.1196 17.0015197891894 0.01568417677998974 19.854715051195342 r
2458332.9414815 3127.1476147292096 58.9201942797472 26.0933 17.355429044294947 0.020456231304277872 19.92021456368921 g
2458333.8591667 3645.643810247693 36.9527523865225 25.5306 16.626164413531033 0.01100480610674954 19.864058009412638 i
2458335.8771065 4470.154570590727 27.4369542786171 26.1514 17.025593648549354 0.006663819067079394 20.808135240287147 r
2458335.9371875 4660.287014459198 26.6684596819292 26.1929 17.02186833866267 0.006212910618345357 20.880480158123945 r
2458335.9376389 4652.918006868433 25.8074330036235 26.1884 17.01908650120409 0.006021840481752189 20.911612967707704 r
2458337.9407523 3979.536277306477 21.1051262395985 25.6057 16.60611882982851 0.005757915988603872 20.54730510362009 i
2458338.8365046 4391.508976598453 23.6529382332128 26.1225 17.015965562945013 0.005847647170173881 20.940362244952137 r
2458338.9047801 2884.6360676866466 20.5836589976756 26.1055 17.45527242660448 0.00774713969089982 21.074268543019574 g
2458342.8381481 4086.926418408486 28.9144002485616 26.0499 17.021407953290648 0.007681167003267951 20.649689518003733 r
2458342.878287 4011.8625709988364 33.6904020464113 25.5323 16.523934881102576 0.009117378488037784 19.966109504932437 i
2458342.9147685 2729.1367760859494 22.152067119905 26.02 17.42993674564492 0.00881249319668522 20.909039342572544 g
2458345.8998032 2889.7845187327453 22.2160122711161 26.0711 17.418936349695386 0.008346616976593134 20.95700972259292 g
2458347.8794097 3757.0290919285508 21.1781643248072 25.5307 16.593588605091657 0.006120030599933521 20.468554204801706 i
2458348.8669676 3066.7251912702745 17.7536483489677 26.1024 17.385712848323955 0.006285250490439361 21.23175595553968 g
2458348.9003009 4409.101894843875 21.6906812095055 26.1314 17.020524661157665 0.005341126866834182 21.043292010359647 r
2458351.835463 3798.227596469645 23.3541594663569 25.5663 16.61734753782757 0.006675642859367111 20.397964385854245 i
2458351.9023843 3185.2069400746036 18.5296766958771 26.1404 17.382555866710163 0.006315969532655411 21.223305384524537 g
2458353.8638426 4690.175772620285 38.9284910672407 26.1766 16.998627202568045 0.009011317443246058 20.453506063981646 r
2458354.8371875 4914.317062930746 46.8540685708612 26.2002 16.971542067625645 0.010351278030287904 20.27590671715408 r
2458354.8784375 4638.1077144321625 48.513124788338 26.1799 17.014047924044398 0.011356075112012998 20.217826866776104 r
2458359.8158796 4620.331646598209 84.5479509405702 26.1756 17.01391712435746 0.019867342294305135 19.610417272335216 r
2458359.856956 4204.111206806213 121.025678950331 26.0126 16.95341451142424 0.031254544224151186 19.057981169913884 r
2458361.8600926 4113.056510831149 36.8432125113265 25.6406 16.605188308786303 0.00972529205913196 19.977281261412337 i
2458362.7660995 3184.7164346572176 50.6432651553282 26.1542 17.39652307735306 0.017264768812943903 20.1454707430216 g
2458362.8152315 4705.241724234503 37.1676021869919 26.183 17.00154515120575 0.008576151462437804 20.510163628830384 r
2458365.8120833 3255.8960765310503 22.1777084520079 26.1601 17.378423664025114 0.007395303013479139 21.047883314300442 g
2458365.8195486 3933.8598306528097 35.4195535993469 25.5217 16.534652796767766 0.00977538880342604 19.901167280717786 i
2458365.8525231 4697.254776399277 24.9977564271811 26.1748 16.995189708237042 0.005777856523634211 20.932622408981768 r
2458368.7929398 4654.164410086386 25.6338879205794 26.184 17.014395697911084 0.00597974408790954 20.91453878637992 r
2458368.8584028 3381.3331992750104 21.1661739491747 26.1917 17.368980078500748 0.00679616994312957 21.13016908678175 g
2458369.8412963 4132.0995220643545 27.3328899886593 25.6101 16.569673067492083 0.007181656323190861 20.27096110570473 i
2458371.8109259 4814.567677947102 23.6049494039761 26.2127 17.006306760191514 0.005322989577087929 21.032767304460318 r
2458371.8495949 3527.8055262708826 25.0092867669477 26.2647 17.395938409470816 0.00769673453955302 21.022021723207924 g
2458373.8409838 4129.660674110836 27.8072050116627 25.6351 16.595314079948288 0.007310596405759782 20.27728164222552 i
2458374.7764583 3280.7751161895408 29.1275720754743 26.2108 17.420858844291793 0.00963912608526242 20.802614275202256 g
2458374.8166088 4893.732742139466 29.321487087705 26.2168 16.992699380361778 0.00650512404508707 20.80141000793378 r
2458377.7958449 4632.942514188105 26.7312385524972 26.188 17.02335772128457 0.006264292209015712 20.87302728511807 r
2458377.820162 3943.934991259085 26.3823815772453 25.5893 16.599475630606314 0.0072626328126344075 20.28858999567064 i
2458377.8394097 3154.588466667497 21.8309592775429 26.1566 17.40924322204237 0.007513459437917414 21.06149294033715 g
2458380.8173727 4630.019896051292 27.7785234049559 26.2146 17.050642856835935 0.006513825758390763 20.857902097510102 r
2458380.8536806 3254.8946913831146 29.1641501509675 26.2696 17.48825764499835 0.009727969971726034 20.860051675349 g
2458382.7751273 3937.4278765234003 34.1999242561705 25.6183 16.63026847069778 0.009430231849150582 20.03581212863684 i
2458383.7757292 2931.0558091267794 72.1377604139696 26.1187 17.451139780614035 0.026720735319188584 19.725868351403733 g
2458383.7954398 4311.437794219317 65.5145864147647 26.1473 17.06074468888702 0.016497787945793516 19.85902997986031 r
2458387.7865278 3234.4630351538976 80.350252325982 26.2189 17.444394519501977 0.026970865952767927 19.70900687684062 g
2458387.7939699 4112.288647286455 52.2554207758114 25.6288 16.59359102301584 0.013796140106491528 19.58604661627352 i
2458387.9341319 4275.553072157996 116.23726143531 26.0912 17.01371924581898 0.02951636726535121 19.180411565717037 r
2458389.827419 4708.91896473572 41.3335411620925 26.1878 17.005496958046376 0.00952996345355508 20.399618453860594 r
2458390.8062037 3241.768552370784 43.8645117554143 26.1734 17.396444987611684 0.01469065408078715 20.320691739906373 g
2458390.8545833 3274.5172459121973 48.830510401379 26.1865 17.398631794821966 0.01619025986470518 20.217346829722224 g
2458397.8328704 3799.780301421221 25.6313052121932 25.5497 16.600303782562417 0.007323557116833772 20.280348183802708 i
2458422.7889699 3792.269461432125 50.6586361554989 25.5774 16.63015202811387 0.014503210236873502 19.56834125559243 i
2458424.7335532 1854.1009791868896 63.4363437067762 25.1334 16.963066541836127 0.03714621756612787 18.880129630377404 r
2458426.7792824 2557.970469323226 58.6976932840218 25.1816 16.66186118393192 0.02491353452384589 19.0126224027234 i
2458427.6731019 792.8617753189975 42.5902813561697 24.6386 17.39060629856805 0.058320718576436954 18.817898716456895 g
2458430.6652546 3280.6551375045283 22.4593157319754 26.1984 17.408498550635407 0.007432685871625554 21.072483687969928 g
2458430.6707755 4711.888932891186 26.2798012088976 26.2022 17.01921238787039 0.006055316790965418 20.905719799859675 r
2458430.7130671 3998.838512136153 35.0756279536387 25.6162 16.61136533481765 0.009523167578208253 20.00626135196463 i
2458434.6408449 3150.3811090969543 49.7078118282202 26.1185 17.372592263489395 0.017130553235626896 20.130013375108764 g
2458434.6879282 4584.083783742069 48.6018235236939 26.1825 17.02936863331484 0.011510915220794643 20.21844357879121 r
2458434.715544 4115.680797785913 40.3563816588938 25.6313 16.595195788573736 0.010645850764381884 19.86909443766729 i
2458437.7282523 3193.2081101101307 49.6709665125918 26.1784 17.417831940946094 0.016888272384119996 20.19071846238503 g
2458437.7540972 4537.988330374387 86.6595789336864 26.1626 17.020441563139897 0.020733042484607084 19.57063355283585 r
2458443.6089931 4663.0475036656935 61.1222367867569 26.1806 17.008925400633125 0.014231125123047757 19.967676891668766 r
2458456.663125 4863.966094728781 45.9361572564843 26.1841 16.96662365265837 0.010253543088512413 20.281288334395253 r
2458469.626875 3466.4091911246837 56.6927858044949 26.1763 17.32660043111941 0.017756518101075557 20.04505549380751 g
2458472.6503241 3427.458332006756 77.478391346624 26.1597 17.322269540682036 0.024542468889994916 19.689323501522175 g
2458475.6433218 4820.379331563895 61.2812328207172 26.1705 16.96279696087445 0.013802447877450984 19.954756255160223 r
2458482.5958681 4285.817263269283 54.839806465455 26.0507 16.970615875375966 0.013892234367950361 19.95553520551895 r
2458488.6286111 3400.0152582478345 33.7884059617367 26.1172 17.288497834925266 0.01078938462516263 20.547855730376114 g
2458503.5906597 4385.628795101064 132.700705631079 26.0734 16.96832032577624 0.032851197133829106 19.018791908621527 r
2458503.5955208 4183.463980381194 106.069746095312 26.0406 16.98675991484258 0.027527408835294184 19.229196166011086 r
2458503.6003704 3905.838785748996 121.251740919529 25.9627 16.983414215667345 0.03370415993528733 19.006055031977972 r
2458503.6052199 4471.1313439184605 101.507642285337 26.0672 16.94115643028341 0.02464853719385619 19.303528137787914 r
2458505.5999653 4431.389803181237 138.744362324595 26.1404 17.02405011492056 0.03399266615355617 19.037436626088706 r
2458505.605 4402.214603795881 94.8722227072363 26.1095 17.000321974554033 0.0233979443220307 19.41922730031551 r
2458510.5902199 3795.628633878995 101.132346511564 25.9582 17.009990714365046 0.028927853380480494 19.19854977909749 r
2458510.5951389 3177.1202842568528 101.147724538314 25.7737 17.018615856699736 0.03456466066941313 19.013884696295754 r
2458510.6000463 3209.347204068122 83.7701013201356 25.8021 17.03605824025125 0.028338846880756725 19.246952387352653 r
2458510.6049537 3842.421855818153 90.3773947489651 25.9804 17.018887390202984 0.02553669044183034 19.34282544404022 r
2458511.5910069 3996.4128301377796 84.2442643649009 26.0014 16.997224138583768 0.022886523917455152 19.44012413338662 r
2458511.5959491 3877.9708439847195 71.3762025204706 25.9668 16.995288651077882 0.019982910185278403 19.58549139377982 r
2458511.6008912 3593.6127427608935 70.0662975655932 25.9484 17.059571813576554 0.021168385330390636 19.587202066245023 r
2458511.6058333 3638.300358246106 73.2351295084425 25.9707 17.068453627018364 0.02185399012676502 19.56147635441208 r
2458642.9210995 2716.469877932899 28.2636267683038 25.911 17.325987765891 0.011296211981447719 20.535505265548434 g
2458646.9417477 2811.3212940495623 26.2984839080954 25.918 17.29572379468027 0.010156172487098094 20.62074820817576 g
2458649.964294 3161.7086270875325 41.0605278480878 26.0171 17.267295389360818 0.014099786015302143 20.236113668948196 g
2458652.9579861 4440.9226784300345 57.3300816740448 26.0521 16.933416970816936 0.014015841792479673 19.908718587951867 r
2458655.9400231 4631.671119325589 66.0238233561523 26.0953 16.930955715242234 0.015476501498278249 19.798623313742507 r
2458660.9406366 2179.8131427872095 37.9370843801013 25.7604 17.414351833115234 0.01889533176169896 20.065315112834345 g
2458665.9562847 4706.915629931997 23.7482532334956 26.1172 16.935358965558848 0.005477786423798441 20.93069581098959 r
2458668.8706481 4511.3414934980665 34.0282875040517 26.0489 16.913135742537015 0.008189251865857396 20.471874755434136 r
2458668.9714815 4012.507825307893 24.9532097533374 25.5502 16.541660269031716 0.00675181233500014 20.3099589460746 i
2458671.9352894 960.739382700674 30.3313582070447 24.4925 17.035986015753853 0.034276471016332084 19.04034534414344 r
2458672.9507755 4027.0607105421213 24.0488488483057 25.5297 16.51722955768325 0.006483596119188033 20.32953925732231 i
2458675.9450116 3550.4570658995167 25.9824502093434 26.1058 17.230089336784438 0.00794521540993125 20.821674729878865 g
2458676.9465972 4095.765801338291 31.6989569056317 25.5131 16.482262211436982 0.008402716166339164 20.01306256055419 i
2458678.9390046 3685.402150427269 32.6519597768364 26.1121 17.19588778770627 0.009619094818621447 20.57990185708298 g
2458681.9384722 4952.432888098215 56.2426749225293 26.1255 16.888453502510437 0.012329833345170026 20.002910069884976 r
2458681.9804398 3832.0969033116867 74.0973048928367 26.159 17.200408793319955 0.02099306096686396 19.73706895947666 g
2458688.9182523 4532.465728635802 35.4347324724232 26.0801 16.93926367763471 0.008487982336468577 20.45910209355094 r
2458688.940706 3627.761731832211 36.6449567223369 26.0861 17.187003111877566 0.010966935662929394 20.428639456339944 g
2458691.838044 3913.207758141479 22.8305365891936 25.4611 16.479767735334423 0.006334218653051983 20.31738469192941 i
2458691.9185764 4835.6336723154 27.1569505758016 26.0677 16.856566517314555 0.006097298355942277 20.735572484422146 r
2458691.9789468 3639.1204798171293 29.9372582625759 26.0695 17.16700891513333 0.008931521084817717 20.63154492933252 g
2458694.8974653 4877.100730340013 22.5098720903755 26.0973 16.876895686283 0.005010962348283688 20.968942421205735 r
2458694.9273727 3707.8493042901364 23.1689918312723 26.1121 17.189294812293213 0.006784141524335266 20.952407148064516 g
2458695.9340856 3629.1023137464 23.9454067773521 26.1123 17.21280196936557 0.007163625020903138 20.91681944139737 g
2458697.9141898 4879.433973576152 25.9783392778469 26.0989 16.877976385776996 0.005780318599800026 20.814946528160394 r
2458698.8790509 2253.395074671778 26.1091096281254 24.9501 16.568006648178148 0.01257953416241696 19.6606948347065 i
2458700.8706944 3442.457662124931 23.4367348108195 26.0564 17.214228480777514 0.0073915979458698995 20.88423222425258 g
2458702.873669 2496.6260440627875 20.1929072932189 24.9393 16.445916258421214 0.008781226768175302 19.9288778606339 i
2458703.9186343 4779.988166490094 22.9151113897642 26.0718 16.87323294635381 0.005204811302730775 20.92407005745948 r
2458706.9358218 3493.5969837386206 26.1825110036111 26.0971 17.23891799010676 0.00813670046342911 20.804646752347484 g
2458709.9183449 4319.835076653772 61.0974417366731 25.5744 16.485732083579876 0.015355561338903983 19.361917424392622 i
2458709.9400347 3641.4497645910424 69.3307518330519 26.1299 17.226714192381785 0.020670997029008313 19.78016021471324 g
2458714.8784028 5036.717287607063 77.5270893469271 26.1118 16.8564310638315 0.01671151190301339 19.640741291015402 r
2458714.9739931 3557.9994894378597 77.9467090862443 26.0567 17.178685296430075 0.023784922484153 19.579780529214226 g
2458716.8272917 4432.712925487049 43.7227436998618 25.5505 16.43382598469658 0.01070896844277913 19.70130647145514 i
2458716.8995486 5152.7256108161755 38.6200369980522 26.1361 16.856007459139974 0.008137397046869672 20.421643275414134 r
2458717.8302083 4943.852247620805 37.6779760983983 26.0954 16.860236292715694 0.008274312540330718 20.407756073450766 r
2458719.9422106 4694.0814976045585 30.2288221335629 26.0656 16.886723436368122 0.0069916622042368376 20.617121926116173 r
2458721.8137269 899.260737019847 35.0361573240685 24.3859 17.001185920191105 0.042300029836509635 18.77718381965409 r
2458724.8789005 4744.4612243668125 29.0688355098415 26.0697 16.87923274606308 0.00665197442250081 20.66370590317899 r
2458725.8034954 4140.580111802131 26.8842233253237 25.5331 16.490447020564375 0.0070493023866648906 20.211931253167506 i
2458727.8791204 3452.605698328807 24.6357106361691 26.0676 17.222232542555236 0.0077468999864755365 20.841262253278504 g
2458728.7444792 4232.716464279614 30.1500885011962 25.9508 16.884252056267727 0.007733556301725932 20.50515351094426 r
2458730.8713426 4054.145399040648 46.7056763574637 25.5064 16.486651699252647 0.0125077785402807 19.585550825169005 i
2458732.881169 3449.5498948117174 23.1224916516137 26.0625 17.218093922427116 0.007277497050822401 20.90498841086992 g
2458734.8025694 4217.295458838339 36.5414143200801 25.5364 16.47381492937642 0.00940721699831744 19.882011607842006 i
2458735.8715278 4756.298187269403 38.1753426589073 26.1001 16.906927314787396 0.008714123440727844 20.39821762931132 r
2458735.8999769 3234.9318773833784 28.8920035315933 26.0446 17.269937151157443 0.009696664233814824 20.645230840975124 g
2458743.8804977 3314.4538633107836 94.1785900407845 26.0333 17.23227005479232 0.030849635995579456 19.350994528461328 g
2458744.8498727 4149.527539409786 38.0700008867558 25.5421 16.49710337189928 0.009960796637737166 19.843217771834233 i
2458747.7688773 4659.681580605461 30.5669858497524 26.0617 16.890809399536167 0.007122069601323284 20.601143449374366 r
2458747.7943866 3337.8364120383935 36.3167275906594 26.0498 17.24113737996426 0.011812763202825705 20.402108218099222 g
2458748.7881597 3547.3514920087287 33.437106397863 25.3704 16.49563944249592 0.010233738184090424 19.812403271325554 i
2458750.7747685 4307.307026107918 33.6483857381827 26.0165 16.930985426240056 0.00848141360123922 20.451664404076155 r
2458750.8615509 2970.335236958559 33.9398923676098 25.9593 17.277286331803708 0.012405515944807835 20.385098837357493 g
2458757.7573032 4099.59309492455 33.8968928011405 25.5394 16.507548117590076 0.00897695348344701 19.9665752643872 i
2458757.773206 4707.275529417287 28.2765100502703 26.1033 16.921375951331747 0.0065217782068896215 20.727310472054953 r
2458760.7728704 4646.85712707267 30.0226234471672 26.0972 16.92930170048877 0.007014539372576601 20.656153391073424 r
2458760.8382639 3148.2392746137775 31.056416566942 26.0658 17.320630668788 0.010710098097885338 20.587996630719203 g
2458761.797419 4088.7724674437964 35.4607039695859 25.5288 16.499817641126405 0.009415952246383743 19.907006606635615 i
2458764.7719907 3157.7712551085774 45.4592235297376 26.0895 17.34104833230613 0.015629719507513563 20.198019955541856 g
2458764.9015625 4050.6394003609134 37.2700673341606 25.9795 16.96069104311731 0.009989561672928181 20.303674545722636 r
2458765.7951852 3969.229288735226 49.3499836509717 25.5267 16.529934531671216 0.013498660155995356 19.54605745633649 i
2458769.6184491 4172.020549473496 130.181671357351 26.0085 16.957633902758445 0.03387764727345667 18.974700381665052 r
2458769.7412384 3101.092469132239 111.355214945919 26.0738 17.345013209176805 0.0389857310190478 19.209598587750918 g
2458769.7972106 3962.7048283288777 100.046201933946 25.5404 16.54542068984469 0.02741061122271165 18.792473473881763 i
2458772.6845718 3016.7050534419513 62.4118221888098 26.0673 17.368467872991715 0.02246176346377599 19.831707832860264 g
2458772.7752083 2390.36267599317 86.3892352733649 25.8168 17.370640502616013 0.039237892089878115 19.228225915157108 g
2458772.8643171 3948.2797064603174 118.940954942658 25.9807 16.989680220889127 0.032706445434944685 19.044946436653646 r
2458775.683206 2950.5568681457157 24.50213366335 26.0571 17.382340026207707 0.009015913845109913 20.836665227445373 g
2458775.6904745 4330.350561210357 33.9792780588119 26.0492 16.9578923603657 0.008519241494882751 20.4737396206912 r
2458778.686088 3215.217346930375 30.9299252413541 26.0846 17.316574159196204 0.010444276766109813 20.611227813408924 g
2458778.8173148 4395.99591897681 46.3805927264704 26.065 16.9573567985642 0.011454835366373449 20.151734253017445 r
2458781.7500694 4497.61571784389 49.7797053897286 26.0759 16.94344413500631 0.0120165504418722 20.085844184151167 r
2458785.7164236 3079.2667309739527 30.0062945834514 26.0806 17.359481725474318 0.010579737604916421 20.64014406768522 g
2458785.7480787 4354.734071865788 38.0117918916347 26.0702 16.97279590166807 0.009476905311709633 20.372979131890794 r
2458789.7042245 3095.851628420033 33.9627265309152 26.0724 17.345449653647382 0.011910561816372617 20.497468618725495 g
2458789.7277662 4319.893634415126 38.6406408059863 26.0914 17.002717365922948 0.009711383490750987 20.37636418909504 r
2458792.6483102 4292.414281083285 50.1220220928544 26.0385 16.95674592220226 0.012677592567434705 20.041003530179598 r
2458792.6927199 2955.728996210408 50.7296125578052 26.0388 17.362138469710146 0.01863402917676975 20.028221125533296 g
2458796.6076157 4660.292035278556 97.310044238314 26.099 16.92796716893162 0.022670149044258903 19.38118081417925 r
2458796.6692245 3353.8555824338973 104.270226181798 26.0828 17.268939105295605 0.033754042707892694 19.2899742001384 g
2458800.6740394 3042.143126732737 74.267141075583 26.0787 17.370750892795005 0.026504944608690746 19.65428322413992 g
2458800.7565625 3981.536971921129 70.9796455455839 25.9421 16.94197311782323 0.01935498821492973 19.566840423509763 r
2458803.7349769 4080.7669258284704 49.2939135754099 25.9978 16.970945523430217 0.013114790170957222 20.018391740855026 r
2458806.6758333 2093.363057391882 36.8183867971876 25.6704 17.368288610772698 0.019095456186902324 20.007813099382815 g
2458811.6737153 2949.6664296362646 41.5607808015697 26.0395 17.365067736291333 0.015297505935892713 20.24536574405082 g
2458820.6077662 1112.8449136247093 89.1376538306345 24.584 16.96791338711913 0.08696337609946289 17.961421991793152 r
2458820.6477778 1959.7656625364548 57.6027677859867 25.6437 17.41318963991455 0.031911634222789344 19.495166610232907 g
2458828.6268403 3681.901776955679 74.3756053929235 25.9294 17.01421950365873 0.021931490753092156 19.503398704747482 r
2458831.5698495 4931.284446947428 63.0965887738668 26.2412 17.008799864298425 0.013891708573856987 19.99376028822602 r
2458831.6260764 3474.472318558787 68.2208672205176 26.2367 17.384477860087287 0.021317595522545182 19.904481899565223 g
2458835.5745718 4238.624658704136 103.677506292929 26.118 17.049937599102464 0.026556413375995062 19.33136363223999 r
2458835.6252894 2800.474722332615 69.1036273357979 25.9902 17.372120857524706 0.02679038935798146 19.64402287757776 g
2458838.5938889 4776.560787104318 48.7005491989775 26.2219 17.0241117274942 0.011069509762772989 20.255640342142847 r
2458838.6243171 1924.4998918916026 52.9032770411146 25.6106 17.39980527241449 0.029845201927802066 19.554468552134715 g
2458847.5775347 4071.592455102091 43.6570736780107 26.0238 16.99938924769869 0.011641264545723732 20.176238434896007 r
2458851.5810417 1930.9427748670182 147.409689792264 25.0911 16.876676491791468 0.0828831917188654 17.922359908490144 r
2458854.6041435 3358.2747645743575 103.787941030722 26.1793 17.364009434985128 0.03355370703008477 19.391507748154655 g
2458854.624294 4667.113289070186 96.9229193272347 26.1894 17.016779142408446 0.02254695932923094 19.475908772529532 r
2458860.629919 4711.548299842621 82.0423146649933 26.1372 16.954290881019844 0.01890532270140551 19.604680227543053 r
2458863.5919907 5027.976960941594 52.9047049988492 26.1901 16.936616802484522 0.011423806963207323 20.1339392464929 r
2458863.6096065 3322.0881114963213 51.3579309610444 26.108 17.30447213242892 0.016784415034461875 20.08405619130066 g
2458872.5902083 4798.231811891874 76.4913315087351 26.1607 16.957996935629957 0.01730775874838144 19.704244436937135 r
2458872.5952083 4813.874964213016 66.5050492478159 26.1743 16.96806298574322 0.014999253720782485 19.869738440668428 r
2458872.6001968 4657.327709443298 68.5210086957496 26.1552 16.984858005449702 0.015973378680253482 19.818215620217956 r
2458872.6051852 4901.4113012964635 91.0628559595328 26.1378 16.911997130482064 0.02017111738594834 19.492021822285324 r
2458874.5952431 2063.250548234091 97.5562365294764 25.3243 17.03792007705144 0.05133492201938602 18.603737394178502 r
2458874.6001736 2376.565779526543 74.4828393036411 25.4073 16.96742540157155 0.03402641716404466 18.979734429914153 r
2458874.6051042 3112.9653693298546 65.2710395557441 25.6533 16.920364276668757 0.02276439318723511 19.369073665029635 r
2458874.6100347 3275.392970935876 68.5247736744378 25.7292 16.941041468286855 0.022714021626870508 19.39215596462546 r
2458876.5970949 1127.2764739723405 91.5274322327616 24.5822 16.95212389135068 0.08815169611846926 17.930896792743063 r
2458876.6020718 718.1604538673655 88.9153511340679 23.9303 16.78974628339121 0.13442037389611866 17.310433119432222 r
2458876.6070486 2802.5908090034263 73.6910674813348 25.4599 16.841000766448744 0.028547296918073704 19.043937869874437 r
2459018.8869676 2878.635740616056 31.7566260852929 25.9596 17.311633216972012 0.011977260079951568 20.45758910036222 g
2459018.9646644 5265.966461099335 27.0931060697993 26.2084 16.904704778098555 0.005585866426851561 20.87882799598949 r
2459024.8796528 2285.7340874864644 25.3350507996291 25.7534 17.355835737404895 0.012033886532884024 20.49667054056772 g
2459024.9773727 4230.470838128465 30.8632514407568 25.9971 16.931128235804998 0.007920686224149343 20.526070796605342 r
2459027.8725347 2575.2551427692283 32.3740158802047 25.8555 17.32844934218076 0.0136485385301832 20.332583550629167 g
2459027.981088 4045.021707630241 38.6247410648653 25.9101 16.892797858504593 0.010367034939521161 20.195511036684657 r
2459030.8568287 2698.4465554519034 61.0567562767055 25.9168 17.339015447519408 0.024565733998210625 19.705040668935105 g
2459030.9659259 4848.339075705237 30.9707791629805 26.1888 16.97481753689494 0.006935359596803131 20.7139946604688 r
2459033.8581366 4935.562038590737 84.262767968274 26.1728 16.939458461913354 0.018535697954528554 19.61128568598293 r
2459033.9471875 3723.4792662007367 53.3320895780284 26.2494 17.322027650341568 0.015550684055224131 20.18450348943012 g
2459036.8797222 5219.549362459235 73.5715173559503 26.2029 16.90881747709467 0.015303351083879915 19.78870070634877 r
2459036.9839583 3762.2147605729924 105.198796130824 26.2536 17.314991042518553 0.03035827038800958 19.451148064442926 g
2459042.9613889 5116.007018375458 39.9867857695649 26.1849 16.912572171019207 0.008485847097958485 20.432683749309003 r
2459045.8607755 4832.947991887187 29.8575190628358 26.1955 16.98496969586785 0.006707357186739102 20.76044069352095 r
2459045.945787 3602.8046210700777 27.60599638552 26.2628 17.371198222220535 0.0083190273767488 20.912866422195343 g
2459048.9006597 4980.77635874134 24.6118627420617 26.2375 16.994257395089367 0.005364846251761624 21.012213778147142 r
2459051.9180556 4886.241143422854 23.604293493369 26.2179 16.99546275935323 0.0052447639593568365 21.037997474225794 r
2459051.9563079 3336.7929062114968 26.6329559715345 26.2228 17.414476866102397 0.008665626279793542 20.91182656133883 g
2459054.9587616 3471.7167549372853 22.0180386626887 26.2641 17.412739286493526 0.006885637931747964 21.159728414186063 g
2459057.9538426 4930.123905699927 24.1118988429961 26.2369 17.00475541433961 0.005309864229492292 21.033896456729074 r
2459060.9239583 4887.629396742257 22.6022866965797 26.2335 17.010754329464742 0.005020696266953612 21.100694040686562 r
2459061.85375 4850.648277158922 39.8054939117825 26.2041 16.98960053783545 0.008909494622301254 20.456817446481466 r
2459062.8919444 3500.842619968888 62.264966659793 26.2217 17.361268531153232 0.019309943816651215 19.988665589439254 g
2459064.9333681 5206.085755166937 76.5384420262776 26.2532 16.96192170606395 0.01596166302590323 19.796075944852817 r
2459064.9353009 5020.9161775949715 78.7640090574376 26.2655 17.013542572391575 0.017031569858754626 19.777255455537567 r
2459064.9776852 3471.3311957239875 97.0147397822604 26.2256 17.374359872034734 0.030342510421173606 19.511080681335017 g
2459069.8766204 3501.075262653832 55.6067301907251 26.239 17.378496382753283 0.017243910067305385 20.128756593486926 g
2459069.9030324 4862.697786443689 50.6655926133731 26.2513 17.03410680179327 0.011312163806208642 20.242092172233498 r
2459072.8562037 3223.266959320664 37.5322457792805 26.2001 17.42935930900962 0.012642067739605738 20.51666361007711 g
2459075.8135069 4356.083481059511 27.7260409901824 26.129 17.03125951477454 0.006910373236400745 20.774355336750357 r
2459075.856088 2964.8991240722266 21.4992505546284 26.119 17.43897519555036 0.007872691565674812 21.040516686540972 g
2459075.911713 3158.949687313128 26.4106615062408 26.1602 17.411343227652672 0.009077085118666327 20.85832679143304 g
2459077.9141898 3153.476064713463 21.7075206794619 26.1638 17.416826152521995 0.007473611569597645 21.07484943060646 g
2459078.847037 4553.62570522251 23.8461709539186 26.1542 17.00830667499006 0.0056855326899127165 20.963228356410177 r
2459078.8565856 2931.4871735806355 24.0413932271204 26.1035 17.435780004214195 0.008903924554717703 20.903675909315126 g
2459079.9072454 4363.212802177507 27.334132096245 26.1389 17.03938401282422 0.006801563105536074 20.799711766958083 r
2459081.8350926 2475.35585654694 22.2594549006791 25.9348 17.45070589543677 0.009763077143736332 20.818588676823353 g
2459081.8758565 4230.923917075325 26.4363728159208 26.0884 17.022311960833573 0.006783853959275586 20.785470319585492 r
2459082.8910995 1601.5537581851538 24.816228409981 25.4433 17.431946197774625 0.016823025169787356 20.209035544762216 g
2459084.8818866 2919.226099732373 19.4088268161087 26.0836 17.420430666895005 0.007218407397830904 21.116176777001353 g
2459085.9163426 3077.0247726803113 22.7825364188852 26.126 17.405672518241403 0.008038609246696993 20.98456980619772 g
2459086.7926852 3081.7585216828256 22.9476766931771 26.1262 17.4042034860827 0.008084440234524825 20.97692818282192 g
2459086.8749074 4616.779312306964 24.7807068406659 26.1848 17.02395221189916 0.005827528585824275 20.952090764263364 r
2459086.8758449 4579.051606341511 26.2283003068205 26.18 17.02806115476284 0.00621876931976015 20.88564962022184 r
2459089.8261458 3022.7075706452 41.3670839380914 26.054 17.353009665629898 0.014858282510603322 20.264937720292668 g
2459090.8464699 3281.5415414972517 55.4576834700508 26.136 17.345805233942883 0.018348208054670027 20.02867067753325 g
2459091.8230903 3601.031479333414 63.2025646192685 26.2544 17.363332705290865 0.019055380326706242 20.005138235803738 g
2459092.8996759 3452.419261176592 78.8432970562421 26.2066 17.361291172775204 0.024794256183355123 19.71726304605111 g
2459098.832662 4890.225823081071 51.104839317814 26.1997 16.976377713411033 0.011346004469869822 20.181119921332414 r
2459098.8629167 4847.652622028644 58.7273670378795 26.201 16.987171272094812 0.013152820006798134 20.031473663476568 r
2459099.846713 4766.797692480684 47.6400900469651 26.1666 16.971033198902614 0.010850648401877735 20.22424355492576 r
2459107.7952778 3153.5127517800797 24.8225367814133 25.7467 16.999713521303633 0.00854597089178343 20.512159581922788 r
2459107.8158218 2010.4866418981583 22.0018950718547 25.6221 17.36384702024151 0.011881430585860454 20.518524766217613 g
2459110.7848148 1742.2894072685076 36.8408377850665 24.9602 16.857399259457083 0.022957206429874432 19.296951244706346 r
2459110.8247338 2431.1739662197697 25.7933193949871 25.8242 17.359659908664923 0.011518635546546509 20.548006899212428 g
2459113.7578588 4659.299291145685 24.0292006113337 26.1424 16.971598479128268 0.005599233162227285 20.943126681153668 r
2459113.8080671 4540.271207823279 24.369004234619 26.1314 16.988695510729936 0.005827279183661412 20.916880530605773 r
2459116.7958218 3133.573646612604 22.3660284573941 26.1698 17.429700234665006 0.0077492345273079835 21.048402806317533 g
2459116.8154861 4808.994134831691 28.4958523345785 26.2054 17.00026438150543 0.006433350927913884 20.821020860129217 r
2459117.7988889 3243.7793820886127 28.1645475264894 26.2252 17.447571727397353 0.009426735189931673 20.85351804283115 g
2459118.7694907 4843.261796985572 40.1279011405152 26.237 17.024155137566762 0.008995355629004652 20.480958876950346 r
2459120.8359606 3303.4397746182117 76.3718313623538 26.2017 17.404284016137495 0.025100169207622525 19.746941976872765 g
2459124.6580787 3122.125983298969 114.5309154629 26.1203 17.384173940926125 0.039827417465928494 19.22556815887464 g
2459124.7514931 4886.9983412882975 96.0607033028037 26.2271 17.0044945209427 0.021340933287151583 19.523310584219566 r
2459126.7537616 2970.969050321787 71.2079748091092 26.1679 17.485654680945633 0.026021980350780273 19.789153403184258 g
2459126.7895833 3057.145654278339 70.820196404706 26.1709 17.457609673267847 0.02515074384139529 19.79808217204281 g
2459126.798831 4642.797376055306 58.1492333688709 26.1993 17.032350674197314 0.013597970696326829 20.04051500559439 r
2459128.7681944 4399.909994951537 37.5526882155328 26.1474 17.03879051849799 0.009266315366083536 20.46337241041774 r
2459128.7752199 2831.3934243022304 55.9727008040685 26.0996 17.46959945222107 0.0214627754452574 19.98223433150521 g
2459130.7387384 3244.5805678634647 28.5248463661121 26.2209 17.443003592949317 0.009544970467502084 20.8354167041582 g
2459130.7579398 4652.31706710966 28.330134671072 26.2334 17.06422673668416 0.006611335119403605 20.8553533916548 r
2459134.7083912 4558.512950807883 29.3345762392294 26.2185 17.07144201756271 0.006986609397980761 20.802625441969766 r
2459134.7312731 3111.583320377201 27.1671466437497 26.2205 17.48804641302405 0.009479216229872156 20.887964921634584 g
2459136.6927546 4492.6032124169715 27.3559558549233 26.2195 17.088254841714274 0.00661094689813743 20.87944525358916 r
2459136.7497917 3235.109765647706 26.3788310348036 26.2568 17.48207744837972 0.008852712559739783 20.956236123945196 g
2459138.7809144 4223.2751173467805 34.8104213658679 26.1536 17.089476565882567 0.00894890184200602 20.55190178847841 r
2459140.6897454 2893.1404235217165 23.0462539617291 26.1795 17.526076216536303 0.00864849757129719 21.0255741307854 g
2459140.7329977 4401.893606130335 29.6103643305049 26.1942 17.085101146408576 0.007303214350491803 20.768165611538237 r
2459145.6823727 4476.26689189915 25.334973911775 26.2243 17.09701006774555 0.006144893019179212 20.967573835609606 r
2459145.7337037 3032.04987207627 25.9541688048419 26.2319 17.52755914893456 0.009293528226869494 20.9489571768077 g
2459147.7743171 3594.170865924142 102.839782495751 25.9411 17.052103201231144 0.031065065079182965 19.163272115542576 r
2459151.6917477 3406.109183564032 96.9020797585238 26.2822 17.451553586867654 0.030887614672335563 19.568942243696153 g
2459151.7140856 4775.646495855922 66.6840504802436 26.2842 17.0866195703694 0.01516001522918934 19.976720060168027 r
2459153.6075116 4680.390463013847 72.0027782320187 26.2513 17.075594785659433 0.016702327924188715 19.860501854069383 r
2459153.6906134 3280.5208035417227 93.0464229126943 26.2054 17.41554300950933 0.030794043813789643 19.536225784857294 g
2459155.6666667 3482.1992146466346 63.1800541385571 26.2901 17.435465966915984 0.01969863886296702 20.041225004876786 g
2459155.7454861 4776.831015527974 51.1276863848205 26.2762 17.078350304956682 0.011620534393524968 20.25713463765065 r
2459156.7021412 4712.5443332075965 60.5974436653976 26.2781 17.094961377866245 0.013960748151252242 20.074539230123303 r
2459158.637037 4792.433633355798 36.1514275039177 26.2603 17.05890973152743 0.008189910981306541 20.61756136199685 r
2459158.6700231 3225.9805743032593 46.8469536272182 26.2591 17.487445630261554 0.015766287608243213 20.33497160226935 g
2459164.7108333 3127.4321843974126 49.2573790272036 26.2329 17.49493024706102 0.017099886826207594 20.254296740616706 g
2459167.6712153 3261.7928230753423 39.0956960680949 26.2758 17.49215906796695 0.013013149370140177 20.54805261464465 g
2459167.7079514 4818.391560993098 31.3349523976251 26.2729 17.06564477616752 0.007060521625828553 20.78540239096079 r
2459169.6471528 4726.089043553155 43.9972529853481 26.2662 17.079945250369217 0.01010726144302177 20.410211084907427 r
2459169.7134375 3186.7415423715206 35.4016938019303 26.2621 17.503732895342623 0.01206110330872725 20.642114885562023 g
2459171.6489468 1519.2676080539502 24.2428693142694 25.5059 17.551814303880192 0.017324454938005652 20.29701493829488 g
2459173.6056597 4718.137678885548 32.4268146313665 26.257 17.07257347554644 0.007461798497917176 20.73231426687353 r
2459173.7505093 2964.1692709538065 35.6412119917904 26.1871 17.507342498238078 0.013054471699261426 20.55979382928342 g
2459175.5841667 863.1905432931578 66.7403568980192 24.8381 17.497833315559433 0.08394439217062935 18.529703677308706 g
2459178.6936806 4485.893745425049 57.8744311184146 26.2433 17.113677543736223 0.014007079398468686 20.089658151377765 r
2459180.6175347 4673.152288813095 105.840079581723 26.2378 17.0637751648619 0.02458952058484319 19.428749594840163 r
2459180.6289352 3368.259967849712 124.545960217326 26.22 17.40148599078913 0.04014522343840183 19.234250875933412 g
2459182.6072222 5066.793356009228 72.2054697939829 26.2855 17.023667019012294 0.01547201021378786 19.89164974414978 r
2459182.6456713 3535.918686885541 71.2933016361374 26.2782 17.40694432679656 0.0218905309880108 19.898153170109513 g
2459184.6079051 4855.923095399357 50.7888592627794 26.2659 17.050220499801192 0.011355506135144978 20.25405384286537 r
2459184.6633218 3452.421500212991 65.3301420559217 26.244 17.398690468630686 0.020544691668076556 19.958790982823803 g
2459186.6472917 3302.745687466474 84.6366325729059 26.2456 17.44841216460744 0.027822303222774767 19.67927904962316 g
2459186.7154514 4188.659737583364 69.7844090139404 25.6786 16.62341229442515 0.018088108753886865 19.32177897685499 i
2459189.6089236 3386.0755370871443 35.6150900977447 26.2976 17.473358394529455 0.0114195040528791 20.6710898707995 g
2459189.6098611 3292.655072906476 34.19137352402 26.27 17.47613440521185 0.011274054953548702 20.687783620473454 g
2459189.6968866 4681.940959166535 39.8540951485578 26.2418 17.065735168006995 0.009241806225273702 20.493192605880786 r
2459189.6978125 4778.617109330988 37.191281300715 26.2416 17.043344415729035 0.00844984504603662 20.568072137222956 r
2459192.6298495 2842.504624104655 80.5126462641866 25.6529 17.018647050354744 0.030751957026828414 19.140814736333592 r
2459192.630787 4162.58923458946 54.6921204503229 26.1207 17.072291108233934 0.014264975914389478 20.02846308518385 r
2459194.6422222 4789.139197683992 34.8061802189183 26.2553 17.054656349705283 0.00789057663681069 20.653734077808647 r
2459194.6431597 4790.44373028235 37.1257534488639 26.2596 17.05866064199197 0.008414132967397533 20.587986798642163 r
2459194.6853704 3086.1617493675662 42.2286408002758 26.1751 17.45155328947925 0.014855875692923352 20.363657231278463 g
2459194.6863194 3104.9940825624517 41.7362053873315 26.1919 17.461748057891548 0.014593586005043352 20.393192586863012 g
2459195.652581 2418.5794109921617 39.6671786025469 25.8391 17.38019912133021 0.017806591593830755 20.095596710114762 g
2459197.6287037 267.95990713866956 45.6419474361501 23.5078 17.437625453463447 0.18492864421610727 17.611964572957838 g
2459197.6924537 820.3278953346987 75.5390576508194 24.3915 17.106531299923176 0.09997557727575866 17.948646082397758 r
2459199.606956 4842.69521843774 48.0212539126511 26.2496 17.036882157507478 0.010766045150738325 20.298591249157965 r
2459199.687037 3238.235361281217 52.8535631078136 26.1859 17.410128972657226 0.01772048880457208 20.130789312988867 g
2459202.6496991 3172.7702981702096 55.3470717596006 26.2177 17.46410342189853 0.018939384248539356 20.11253836750918 g
2459206.6503472 1268.453696102735 112.638300111911 25.0937 17.33551345432224 0.09640982781416178 18.21705976999839 g
2459210.5992245 4620.38279213977 71.2431340378256 26.2447 17.083005105683675 0.016740749436703256 19.865417448797764 r
2459210.6304167 861.3030509749094 145.733550807695 24.7063 17.368410035973216 0.18370179454585917 17.549976122548028 g
2459211.6720602 4181.861752350151 59.0463596448079 25.6673 16.61387582142134 0.01532968722132932 19.49189217056499 i
2459215.5826389 4738.925157745029 65.6949157692639 26.2345 17.0453003752419 0.015050874971958644 19.94324558880668 r
2459215.6298264 3140.3671235678153 100.64449983883 26.1881 17.445648944769438 0.03479520997878582 19.43369987430529 g
2459217.6068634 2078.503346224086 69.3661831868104 25.3049 17.01052317994459 0.036233218109912396 18.95460549294682 r
2459219.6075347 3169.0333340698635 34.1000454837037 26.1997 17.447382981444836 0.011682559152544694 20.620387593488946 g
2459219.6295139 4487.911247318635 36.068260994481 26.2018 17.071689350625782 0.008725509218816282 20.561561980100066 r
2459219.6557407 3961.137169906725 40.2317195991867 25.6273 16.63275029546484 0.011027029889466198 19.86845349979759 i
2459223.6250231 4613.196096231683 46.5731764747061 26.1956 17.03559521037871 0.010960838569141323 20.277835340302403 r
2459223.6286111 2959.2114304862484 44.9368230426954 26.1186 17.44066001037224 0.0164867938379914 20.23966907595028 g
2459224.6367708 4048.878313119527 58.8819135707978 25.6613 16.642963188811777 0.01578908740148347 19.48892020052155 i
2459227.6296644 4068.9171218858464 53.7183405891155 26.0526 17.02890289005972 0.014333543945611711 19.979868518079343 r
2459230.5980787 4670.7023762269655 54.1530629057908 26.2106 17.03714451422564 0.012587824198790282 20.129117425608655 r
2459230.6005556 4751.8780488387 54.6411831044337 26.2139 17.021736783806645 0.012484312915181336 20.12267475359246 r
2459230.6030324 4675.544874338625 59.5711194548553 26.2172 17.042619426080456 0.013832904213390774 20.032185585668827 r
2459230.6054977 4675.9512906154005 65.1284118286839 26.2116 17.036925053830632 0.015122038774081413 19.92974876932925 r
2459231.5981134 4691.161963283572 78.3844979785227 26.2246 17.04639893173034 0.018140931846172083 19.741599536150265 r
2459231.6005208 4588.924186209222 66.5787674730659 26.2261 17.071822793104257 0.01575196383996482 19.920335611409953 r
2459231.6029282 4791.79192441184 67.8745738654244 26.2224 17.0211551218107 0.01537867795766954 19.895707199186134 r
2459231.6053356 4765.2418160998295 60.8488935325718 26.2227 17.02748763959294 0.013863649791099962 20.014643275434448 r
2459232.5987269 4688.902083505451 46.7068802230182 26.2215 17.043822090917473 0.01081482593473567 20.300622840057233 r
2459232.601169 4629.425906870583 40.5444668120546 26.2186 17.054782155790395 0.009508549980791009 20.451346005366492 r
2459232.6036111 4723.690986347266 41.8629994881528 26.2196 17.033896301838595 0.009621852630845688 20.417599133257184 r
2459232.6060532 4713.3994353710805 45.3427366249223 26.2238 17.040464386370648 0.010444395776061028 20.33510566895827 r
2459233.5987963 4674.721354908392 51.4461979754784 26.2002 17.02581067729002 0.011948335077411575 20.17439177753056 r
2459233.601331 4531.853687797014 52.4650268919455 26.1903 17.049610299762183 0.012569090623990283 20.14320023964872 r
2459233.6038542 4587.527760432522 51.1341849218054 26.1838 17.029853236731824 0.01210159098075298 20.164596644930555 r
2459233.6063889 4472.3417728504755 47.7043144876418 26.1794 17.05306253852444 0.011580638705575129 20.235580840645675 r
2459374.9811921 278.670087971578 60.2837649281015 22.6926 16.579874113254938 0.23486583744544248 16.494674069982143 r
2459377.933588 4683.493715650619 30.4359852025438 26.1912 17.01477514543336 0.00705549129359969 20.73530657845494 r
2459377.9828935 3507.2253917753274 82.0759773782942 26.2194 17.356990808236873 0.02540751696443078 19.686434831400568 g
2459378.9577315 4329.549829661429 29.713959994343 25.666 16.574893144022834 0.00745122417689808 20.236173653399792 i
2459380.9238542 148.79856796765802 34.9606645655383 22.9928 17.561303121013264 0.25508843288770766 17.386425790352224 g
2459380.9560995 968.7573956687021 42.5913607226848 24.5392 17.073662422476414 0.047732735299223096 18.718471200967052 r
2459385.8940509 4114.771182038531 40.2859595182044 26.0432 17.007335776063073 0.010629622964173115 20.28289070918131 r
2459385.9367477 3034.443394442394 31.575256958938 26.067 17.361802398943922 0.011297378802025231 20.571207755351644 g
2459385.9561343 4161.310391885811 29.844136592819 25.6284 16.580324722500514 0.007786436494139972 20.1938274415781 i
2459390.8812037 4487.607745816296 78.1214309432146 26.1416 17.011562777592992 0.0189001451060692 19.662249515105998 r
2459390.9434259 3427.8914131492324 81.3163200066821 26.201 17.363432359679145 0.025754937362542207 19.67813069843563 g
2459392.9283449 4668.871753361579 89.8012910054459 26.1815 17.00847013824663 0.02088240302904332 19.55086853856878 r
2459392.9540741 3192.210167809842 91.3737034210265 26.1757 17.415471308563795 0.03107703584324841 19.526221920567696 g
2459397.8985532 4427.362272344031 36.6209010671098 26.1209 17.005537350212784 0.008980361181853516 20.464152424086063 r
2459397.9558912 3204.8033293083217 37.5840032475366 26.1342 17.369696542209155 0.01273243570133748 20.44926739676046 g
2459400.9002315 3131.193729760409 27.2930699448107 26.1153 17.376025153408133 0.009463510915164087 20.777744018700385 g
2459400.9592477 4736.347015777655 36.4665244134679 26.1952 17.00659121465903 0.008359122636879171 20.543039056333477 r
2459403.8986574 2697.642635510552 24.080598924412 26.0039 17.42643895773639 0.009691538051809475 20.8023067783005 g
2459403.9215856 4497.860839090794 22.3783168226033 26.1314 16.99888496370822 0.005401709711235013 21.009406443883044 r
2459403.958287 3955.4876121784023 27.2251611064934 25.5683 16.575299928187533 0.0074727468042912765 20.23344884316351 i
2459405.9434028 3012.629797386502 28.5979328620464 26.09 17.392635581727863 0.010306203482173289 20.70173838352717 g
2459407.9144097 3277.4777854131967 22.7782996262207 25.4205 16.631650608137534 0.007545558360228525 20.27927173573196 i
2459407.9207407 3645.999276126756 32.6933258300471 25.414 16.509458554763626 0.009735367773136147 19.88042723220527 r
2459409.9203588 2673.8568444325847 27.9422224705908 25.9747 17.406854620337718 0.011345734907045175 20.61162262391216 g
2459411.900081 2283.6212979569223 24.3400772721237 25.8331 17.43653978811019 0.011571980834995348 20.619870107546895 g
2459411.9420486 3862.9731864027804 23.8555642844363 26.0064 17.039095765903628 0.0067046766554780795 20.815000754390788 r
2459414.94125 4604.489928674267 22.4444926035305 26.1666 17.0086461815459 0.005292222590802613 21.041400509478017 r
2459416.9190509 2578.2392984822736 31.4431347818517 25.5827 17.054391940509973 0.013240745904676972 20.09146039585338 r
2459417.8796181 1509.8681974819467 156.66311627138 25.0139 17.066552405946915 0.11265165106431155 17.779058086458434 i
2459418.8942824 4024.1592037249206 83.6729964989405 25.994 16.982312115151487 0.02257459700272572 19.440111683593834 r
2459418.9404051 2721.8076145605237 76.6351162884343 25.9227 17.335556438176624 0.03056892974700104 19.46420543728501 g
2459424.8554167 4510.713130791163 62.3675166870709 26.1524 17.016786979959114 0.015011465128414487 19.917578859374153 r
2459424.8563657 4483.118830351334 47.2429110131991 26.1695 17.04054937373564 0.011441059322313488 20.236233363862862 r
2459424.9241319 3304.594268322643 56.4561976100911 26.1933 17.395504636849292 0.01854826607091707 20.066595927753703 g
2459424.9250694 3053.7405078541237 56.9009407368007 26.1693 17.45721967490749 0.02023005923360388 20.034076372670334 g
2459424.9635185 4102.594852456809 41.6631191543425 25.628 16.595353423053183 0.01102561917338287 19.83119553727598 i
2459425.9003356 2889.866398077668 50.0789530114464 26.069 17.416805586810053 0.018814267441807912 20.07243688764087 g
2459425.9570949 2950.2460743489487 62.9605510082912 25.713 17.038354397109757 0.023169684327022252 19.467903688764753 r
2459426.9221528 4522.484966493333 34.1673138429425 26.1443 17.00585717033557 0.008202449077027212 20.562847896936493 r
2459426.9231019 4579.976116307954 32.5292195645839 26.1564 17.004241966880453 0.007711169836784812 20.6282908794383 r
2459427.8624074 2986.4052678516655 26.4819791635571 26.1538 17.465928142524824 0.009627455820340466 20.848998890366605 g
2459427.9154514 4035.5529935399304 26.4455785715762 25.6128 16.59804236326716 0.007114753467770609 20.309492306972643 i
2459427.9190162 4537.254041393129 31.0922221078526 26.1793 17.037317259633895 0.007439924067405931 20.700245585572354 r
2459428.9052431 4544.083748163448 23.4372228608658 26.1908 17.047184182772696 0.005599763180052801 21.01860961495602 r
2459428.9061806 4573.855426673073 23.9707905617843 26.1952 17.044493917420255 0.005689967190733731 20.998569095673773 r
2459428.9218866 3129.892347657038 32.1336499938699 26.1682 17.429376499282867 0.011146550719056042 20.65337484177936 g
2459428.926169 3140.8193568539427 25.3680389813753 26.1884 17.44579260295277 0.008769074815454265 20.930257748232606 g
2459429.908912 4596.529687776978 21.9587795440303 26.2075 17.051424826360794 0.005186662236589135 21.106054492613538 r
2459429.9352546 3200.0622961113777 27.4485942712304 26.2172 17.45430391779861 0.009312612081486064 20.87347471973386 g
2459430.8775347 4598.127015453145 25.4071335558347 26.1945 17.03804759063307 0.00599907849628014 20.934685812868647 r
2459430.8784722 4538.982347634589 22.8000232065177 26.1975 17.055103765625695 0.005453642094073438 21.055236766564803 r
2459430.9038657 3151.1574853684006 27.9210469821101 26.2028 17.456624728880804 0.009619919299251703 20.840545740633523 g
2459430.9052778 3186.322750915697 23.2292564976288 26.2095 17.45127558872388 0.007915081349567546 21.046986715428257 g
2459430.9539352 4048.862529054003 22.6049374105868 25.6319 16.613567421432144 0.0060615000807173 20.49896671695784 i
2459435.8601968 4413.893503365115 24.8338862090257 26.1421 17.030045373823327 0.006108473219071436 20.907063272122983 r
2459435.9169907 3047.578821501584 22.9896573053537 26.1629 17.45301263281332 0.00819006575328688 21.011643745360736 g
2459435.9492477 3929.924188573136 20.6454197950575 25.5967 16.610739568591917 0.005703604241697141 20.56221569401721 i
2459438.8948727 2728.428685701424 20.0851666245992 26.0278 17.438018482758807 0.007992316426889256 21.023186391790848 g
2459438.9183681 3692.3050019655066 34.5007042457727 25.5236 16.605356078433097 0.010144723845862113 19.93160508865565 i
2459442.8330093 2848.427077661375 23.3472300750876 26.0709 17.43438723600242 0.008898977225470693 20.902886581450872 g
2459442.8368287 4271.536364902097 24.2478346877795 26.1076 17.031139730007148 0.006163092590486605 20.898492582859138 r
2459446.8175116 4040.0128860997243 59.461244926136 25.6071 16.59114312413371 0.015979422698978077 19.42408999494547 i
2459446.8717477 4539.473748506164 67.3214987570435 26.1605 17.017986227640776 0.016101194819019424 19.84269054923277 r
2459446.8726852 4627.828119833723 63.5055606527495 26.1723 17.00885694841154 0.014898562655167804 19.917845602895653 r
2459448.7948148 4314.393142237512 129.725031487318 26.1388 17.051500707584765 0.03264479198869162 19.108815527208783 r
2459448.8451736 2960.6947636728382 136.828031621669 26.124 17.44551591101482 0.05017545062543352 19.036137290811222 g
2459451.8391667 4753.623641097858 94.3080924848356 26.2168 17.024238014168255 0.021539419975439785 19.53300258736128 r
2459451.8401389 5003.437038122351 96.369688358377 26.2202 16.97202890221819 0.020911339515916862 19.51292385276322 r
2459452.8363657 3383.0782485412005 62.2466183763971 26.2297 17.40641989282191 0.019976231291840695 19.99698558208438 g
2459452.861331 5102.399879404099 65.7336155946818 26.1347 16.86526377091431 0.013986944994103611 19.842806187264983 i
2459452.881412 3296.4430368073545 121.79002706721 25.6486 16.853486061376593 0.040112154498181105 18.687145671681495 r
2459453.8153356 5003.259064518356 41.4834570860394 26.2457 16.99756752283451 0.009001850349447909 20.453587634643952 r
2459453.8237384 4910.625109083268 37.4840677644191 26.2548 17.02695804965933 0.008287428070318967 20.57275820332568 r
2459453.8778588 3572.9356783913663 55.9778422334311 26.2622 17.379637005233572 0.017009862136728636 20.144734604682 g
2459453.8788194 3434.407937860005 47.2846936708101 26.2607 17.42107030188408 0.014947843368422576 20.32647353954053 g
2459454.8356713 4857.927342981036 30.4976087576474 26.2183 17.002172462391638 0.006815921995214377 20.760210517356168 r
2459454.8676389 3538.8647745503845 42.7105028722853 26.2481 17.375940080258857 0.013103296091422878 20.424338277089443 g
2459455.7977315 4021.653467206968 28.9056286915404 25.5993 16.588288384673625 0.007803467237121439 20.199418940083852 i
2459455.840463 3346.513964718689 34.3234123733055 26.1665 17.355018395956733 0.011135446977532727 20.580098843867855 g
2459455.8414005 3277.6687866441657 34.3825301265509 26.1797 17.390787336645616 0.011388921635555388 20.591430408662763 g
2459456.8203009 2968.0685660164663 29.4086891789139 26.101 17.41981517635766 0.01075750547245602 20.682385820875233 g
2459458.7896296 3012.3068549378854 22.2054844409899 26.1371 17.439851974755403 0.008003332866989694 21.02352435840601 g
2459458.8284375 4005.654582199019 29.0630112300621 25.6232 16.61651625936892 0.007877292124164163 20.217423464870176 i
2459458.8359838 4448.6235381879615 22.8810585963516 26.1858 17.065235861447636 0.005584191403208217 21.039684705911807 r
2459459.8147454 3250.5795278968662 22.3862963442087 26.2276 17.44769801037547 0.007477067314403675 21.1052193677985 g
2459460.8929861 3339.701686154175 29.4540380498396 26.2363 17.42703081039859 0.00957518129337334 20.816012880355196 g
2459461.758044 3249.0447176522352 29.8379435502607 26.2109 17.43151077819651 0.009970640027363725 20.776552769198425 g
2459461.7698958 3240.278454189322 26.4437669628762 26.2097 17.43324416744519 0.008860348947626965 20.90646668600439 g
2459461.7970023 4818.190256937631 27.7495888958033 26.2402 17.032990137293563 0.006252913865489898 20.884633605342643 r
2459461.7979398 4809.031994987112 27.5556351500166 26.2402 17.03505583377622 0.006221034319080924 20.89224892453882 r
2459461.8348843 4145.371272231374 25.5239300229809 25.6574 16.613491416547532 0.006684885142033101 20.392606125960423 i
2459462.821713 3328.6942043572544 28.3691929436792 26.2529 17.447215250363236 0.009253007602390992 20.873357536618883 g
2459462.8731713 4820.026034275048 24.9283244251995 26.2431 17.035476540029713 0.005615048888944381 21.00394226896806 r
2459463.8152546 4880.71282131099 27.6523100145548 26.2213 17.00009186315183 0.006151173830944232 20.869546446200168 r
2459463.842662 3294.8533067696594 29.630430409098 26.2278 17.43320979067087 0.009763639015145587 20.801030089034022 g
2459464.8745602 4059.125074784551 29.1764885669129 25.641 16.619918916143916 0.0078038772034583525 20.23099243234462 i
2459465.8334954 3192.9055043760186 25.8391943217746 26.1587 17.398234836078053 0.008786233490688015 20.880577569089805 g
2459467.7276273 2872.394818624306 26.0204378416515 26.0915 17.445889663368035 0.009835134495268018 20.805788488936795 g
2459467.8572917 4520.889625535334 26.4530266154797 26.1718 17.03374023960631 0.006352743237571405 20.868186566927307 r
2459468.9122338 3969.813609858316 21.9903247739645 25.6008 16.603874709232212 0.006014109969244969 20.497795880457943 i
2459469.8483218 3266.4033840728653 28.8672714797599 26.2476 17.46242545786311 0.00959501719793595 20.849160647858238 g
2459469.857037 4807.420346179426 24.1783409958268 26.2336 17.028819757063967 0.005460397246109551 21.027608743410088 r
2459471.7303588 4106.990459194349 36.6941424857625 26.0662 17.032390765098675 0.009700249097877712 20.40728313160476 r
2459471.7720486 2487.921199679213 33.2637966056711 25.943 17.453408448102618 0.014515935625064669 20.390645447998043 g
2459471.8984491 3731.0194340256126 38.0662810149207 25.537 16.607431222032005 0.011077015820662084 19.838223865786567 i
2459474.6891551 4064.8771610788567 43.0410331390028 25.6299 16.60728143518197 0.011495956169709408 19.79776827064244 i
2459474.8411458 3279.187700145492 51.9835895234367 26.2124 17.422984309192415 0.017211147487254587 20.17530932739225 g
2459479.7131019 3263.16063339308 105.556669748174 26.1091 17.325003867415752 0.035120206824273574 19.302960789098332 g
2459479.7665278 4838.827196376138 81.7723195681075 26.2261 17.014249717718894 0.01834746391059036 19.69715919615728 r
2459479.7960417 4102.256700763375 60.318372717001 25.6467 16.614142917307667 0.01596381261237543 19.448150947852803 i
2459483.7473264 2815.688657295132 41.231420335629 25.9796 17.35563842167109 0.015898403022085363 20.194104250185813 g
2459484.7877315 4104.124452513401 26.6884163964 25.6073 16.57424869562977 0.007060120621787327 20.294067976825787 i
2459485.7373032 3969.940070450522 23.3200144551947 25.9935 16.996540123060157 0.00637756219104125 20.826752950935507 r
2459485.7753588 2126.5469760219 31.4075068256786 25.6873 17.36811254789129 0.016034976205617616 20.197291332088007 g
2459487.7523032 3006.510843237766 26.9425453289837 26.0823 17.387143063738925 0.00972939163997031 20.758778433658886 g
2459487.7977662 4041.812040905728 37.7247285007886 25.6103 16.593859716596242 0.010133508762601436 19.921309681893344 i
2459487.8186806 4772.634718425187 36.5878511209796 26.1845 16.98760450953956 0.008323165778577536 20.528732731069702 r
2459489.7343519 3151.2243230573404 33.8319781150383 26.096 17.34980170009552 0.011656224652347199 20.52525651114504 g
2459489.7737269 4876.218521152296 30.7901320435943 26.2151 16.99489210074113 0.00685548570366998 20.746646110708273 r
2459491.7289468 4873.691105102467 29.327207849192 26.1695 16.949854999737415 0.006533148875301633 20.75389819630211 r
2459491.7904861 3256.7540115597435 30.7844881647191 26.1209 17.338937608083285 0.010262586207555949 20.652645146077926 g
2459494.7994444 2660.7585108961366 31.2289082479639 25.1945 16.63198635002177 0.012742691809861097 19.710682984890312 i
2459497.8581134 3233.104129086387 38.9982436813757 26.1761 17.402050769433554 0.013095895298873093 20.45106236753361 g
2459502.7465625 3492.362154688383 59.8788279119762 26.2316 17.373801816749292 0.018615034920349872 20.040991762334745 g
2459502.7703704 4917.592261878624 61.623162474855 26.2435 17.01411870818659 0.013605086378875836 20.02171503325115 r
2459502.7780324 4534.697462306833 52.2596839781497 25.6761 16.534729205265805 0.012512045040864521 19.633258041265343 i
2459509.7835995 4562.363242652989 43.687115295034 25.7103 16.562325350914733 0.010396169387038435 19.86199156729276 i
2459512.6593287 5266.830214601044 29.8437180576216 26.2647 16.960826704130213 0.006151959219291852 20.83014266808673 r
2459512.7128819 3730.1310098448557 44.428034953791 26.2718 17.3424897865282 0.012931319951504093 20.40523222696696 g
2459512.7320023 4416.014015272918 35.1462078235399 25.6883 16.575723892349075 0.008640877882643908 20.07617880731778 i
2459520.7357639 5160.035327117569 37.4442396205155 26.2703 16.988668312637543 0.007878475316312 20.58941244965491 r
2459520.7754514 3283.5094209758245 26.4718822431627 26.228 17.43715433326513 0.008752989215685077 20.923612933530613 g
2459521.6708565 4453.03851581619 36.4606372099058 25.6849 16.563258871236563 0.008889506272671259 20.032914353161814 i
2459522.6947106 5096.589179067017 25.9891262893452 26.2642 16.996000930475404 0.005536328988067936 20.97979579041649 r
2459522.7356366 3530.5096014666333 25.3086402209111 26.249 17.379406507683797 0.007782896462433788 20.993402958980532 g
2459524.6669329 3467.798055236144 20.5903983167461 26.2788 17.428665503227613 0.006446452502831499 21.247213119082616 g
2459524.7069792 4525.295898349958 24.2620780234759 25.705 16.565882545114285 0.005820909549736302 20.49525500159699 i
2459526.6661111 5166.291152619364 25.9100077725705 26.282 16.99905280569861 0.0054450077643063794 21.000906130992576 r
2459526.7126273 3418.74271109661 19.9338001939473 26.2624 17.427733955639063 0.006330434519193919 21.26599973714852 g
2459527.6717477 3950.63640424813 33.8246362217276 25.6193 16.627632346636013 0.009295567546140384 20.048792152833244 i
2459529.6696412 5139.398924096682 40.2325016848001 26.2777 17.000419176836985 0.008499131459592794 20.518832393804086 r
2459529.7113657 3550.497503730273 53.2628446445921 26.2708 17.395076970892937 0.016287145778831884 20.207314095709894 g
2459530.6481134 4358.872424705461 47.444980898787 25.6983 16.599864604272284 0.011817509379227535 19.76039929884563 i
2459537.6671181 3345.5051220460055 119.750315075703 25.7748 16.963645752172766 0.03886196921981663 18.83168332725328 r
2459537.7471759 2035.7661160019718 134.341461287733 25.6313 17.35948029614805 0.0716460124636196 18.56334981918651 g
2459538.6273264 2013.2315115236431 87.1809508414222 24.8829 16.62316570138249 0.047015138490902025 18.284420985779633 i
2459540.6670139 5070.092462371212 57.6450762123602 26.277 17.014460301108752 0.01234400747289118 20.12766944491077 r
2459540.7592245 3275.3247688384167 113.815319922359 26.16 17.371864076339712 0.0377273405114964 19.272073180454733 g
2459543.6276042 4912.966824117896 72.3987620686267 26.2186 16.990240421309178 0.015999158714453753 19.821847138285897 r
2459543.6748843 3361.6091247443715 51.0677636330288 26.2239 17.407531965221356 0.01649337234607713 20.206107890198663 g
2459737.9306366 3162.0790195485456 35.1143916649157 26.0636 17.31366820339955 0.012056528250847428 20.452462116823455 g
2459739.9487963 5058.029976258843 30.831965576792 26.1805 16.920546502877794 0.006618044017896909 20.710571958081303 r
2459742.9019213 4456.223500502786 97.207696809446 26.0801 16.957682588458752 0.02368337144986284 19.36342335592009 r
2459742.9428472 3250.255127186428 53.6553641025274 26.0917 17.311906369875487 0.01792278652800436 20.020242123373563 g
2459744.9003125 4714.897380102137 103.633518182028 26.1365 16.95281938814398 0.023863702986424373 19.350324384247003 r
2459744.9485764 3599.036390368069 115.618111012215 26.202 17.31153440527926 0.03487783103885882 19.29701031535466 g
2459748.9021528 3200.4982739270636 83.857476585002 26.0742 17.311156006722854 0.02844684000301745 19.517920515160228 g
2459748.9377894 5133.951179826997 62.9555912902774 26.2094 16.9332706636806 0.013313505148320762 19.964389221013715 r
2459752.9075694 4400.000835225672 44.007391788912 26.0224 16.913768102685744 0.01085882186264886 20.166160914790176 r
2459752.9416435 3123.3252352365666 43.396862286143 26.0305 17.29395697465172 0.01508519601241489 20.189429164288576 g
2459753.8955093 4040.3706338740303 37.835317023962 25.5188 16.50274698520416 0.010166840474614799 19.826631545926393 i
2459755.9228009 3644.634172789299 30.444886115139 26.1849 17.280765142790415 0.009069226508928227 20.728689104577853 g
2459755.9571412 5398.897631663466 29.1169073617888 26.2514 16.920637267738435 0.00585531130231006 20.843611877378567 r
2459756.9337847 4680.441509104667 27.3198461889162 25.6768 16.501082944278437 0.006337256207476947 20.338179364327743 i
2459757.8778356 2845.2729937366717 32.6283104264651 25.9312 17.29589014568057 0.012450319075882559 20.3997885253048 g
2459757.936956 3472.2110748891378 31.1642775549896 26.1365 17.28498470508585 0.009744527452880297 20.65493233015121 g
2459761.9422569 4430.161029594623 35.7193757163893 25.6438 16.527751218870456 0.008753750926031787 20.014115339353317 i
2459763.9366667 5295.59527231053 26.8877419369947 26.2461 16.936313035563114 0.005512509910572967 20.924789161128704 r
2459763.9467708 3587.09942217878 28.3854238229837 26.2405 17.353641464983323 0.008591357812406194 20.860336531499637 g
2459764.956794 4530.836168125871 26.2254316826191 25.6757 16.535254103305768 0.006284259708643818 20.38146837513358 i
2459765.9361458 3595.355717406838 25.0877272407115 26.2304 17.341045337288712 0.007575813801502176 20.984321690947745 g
2459765.9428819 5184.306007905455 22.6359177017004 26.2564 16.969673429484047 0.004740425393728863 21.121979723448533 r
2459768.9166319 3304.8666319546965 26.501023017318 26.179 17.3811151544964 0.008705997516421586 20.87341839090279 g
2459768.9446991 3563.9148645803916 25.6734326321915 26.2373 17.35748169753387 0.007821075100808308 20.96616514085943 g
2459770.9027662 3388.163083569582 24.6749311909483 26.1935 17.368589234497232 0.007906813259351305 20.965435113509223 g
2459770.9390741 3450.065542222041 22.5838264495552 26.2294 17.38483163597262 0.007106896978105021 21.097481169862444 g
2459772.8841435 4736.256525958379 57.0005204432359 26.1701 16.98151195828511 0.013066324576390788 20.032977936619357 r
2459772.9386574 4868.419093627698 41.2289342203794 26.18 16.961530107423954 0.0091944126054504 20.394569718382037 r
2459774.9425347 4860.924233573671 63.6488415412032 26.1827 16.965902870373363 0.01421613338138384 19.92579873025574 r
2459779.9198148 5035.395179116264 41.6392475520762 26.1855 16.930416100573908 0.00897799069570212 20.38931780683639 r
2459781.8861111 2471.789694885847 44.9407833796347 25.856 17.373471206769487 0.01973962777505743 19.97697339291261 g
2459781.9507292 1196.936877274018 54.0510731581827 24.9392 17.24402188082279 0.04902785705916926 18.859764186450036 g
2459783.9562269 4144.877958290855 23.6766179268203 25.6097 16.565920630710163 0.006201799990692266 20.426475824334734 i
2459784.8851968 3155.1481306315177 21.0778575880813 26.0801 17.33255061576778 0.007252981171061368 21.023108824440417 g
2459784.9202083 4606.491919676229 30.7399969068088 26.1377 16.97927421575931 0.007245082640689417 20.671015440502096 r
2459786.881875 4495.881884948671 22.4449859954289 26.1032 16.97116276750143 0.005420187166575302 20.977976642261737 r
2459786.9200347 4219.694021269346 31.7192735724157 25.6147 16.551497598716708 0.008161164090094946 20.113966907544768 i
2459786.9404977 3275.2468576350443 30.8642350357316 26.1523 17.364189903403084 0.010231076140163019 20.681236195336574 g
2459788.9020718 4736.314441662772 24.0439669726207 26.1476 16.958998681809845 0.005511571341747701 20.947659682311205 r
2459788.9436806 3166.947598078196 28.9355480399502 26.1242 17.372597806563714 0.009919748759353565 20.723195708347426 g
2459789.9217477 3793.649857823203 23.9784232659884 25.5057 16.55805688909586 0.006862355545596283 20.308723433974528 i
2459793.8783333 4869.6326100916995 27.4330890187758 26.1888 16.970059507347692 0.0061162940066486916 20.8456882072726 r
2459793.9256944 4275.914991732658 25.9519056339324 25.6007 16.523127343660725 0.006589463074274806 20.31785185576858 i
2459795.8804861 4395.336714857531 23.0971387775547 26.0718 16.964319622975417 0.005705265648027598 20.91547952969825 r
2459795.9064005 3474.2232388178045 23.979301448715 26.1835 17.331355697687318 0.0074935678548188915 20.98648367083787 g
2459798.8577894 5079.71796223509 26.3569573164298 26.2225 16.957901000218015 0.005633334128231172 20.92283680600858 r
2459798.9161111 3603.5204240962066 28.1572446820417 26.2058 17.313982530239223 0.00848345977086004 20.834399602147645 g
2459800.8409838 2871.9110141168153 63.395440911023 25.193 16.54757255198377 0.023966073412014875 18.940429922467413 i
2459801.9150231 3684.721366265905 55.4364988921504 26.235 17.318988368337525 0.01633431699835735 20.128085502964105 g
2459803.8790509 4707.326958245074 102.386833055068 26.2111 17.029164089303503 0.02361454507704923 19.43806471424012 r
2459803.9401273 3715.4740082971844 122.586902336463 26.1957 17.27066443116776 0.03582116294434656 19.22716481180482 g
2459806.874375 5439.47779127593 79.6288501851609 26.2548 16.91590698019083 0.01589362912459838 19.754698877410718 r
2459806.9431713 3415.346162890997 121.376276140219 26.1217 17.2881131794331 0.03858414834702704 19.163940466468322 g
2459807.9657639 4329.588130711684 40.4795286544153 25.6268 16.5356835391783 0.010150763290473673 19.861286371871746 i
2459808.8285532 3451.9102344530584 55.4383165165104 26.1404 17.295251266161323 0.017436542712273663 20.033449904968883 g
2459808.8781713 4966.446188892737 53.2039926119356 26.1852 16.945085664294957 0.01163076626259728 20.12291442795857 r
2459810.7540278 1677.7081790336456 36.3914718434131 24.881 16.819208945563616 0.02355011525493746 19.2310759369939 i
2459810.7945602 2631.4965317394453 36.760303228436 25.4133 16.86279299509473 0.015166526246086907 19.752427276315643 r
2459810.8689005 3149.927492619111 41.4015805203437 26.0682 17.322448607524287 0.014270073224308491 20.278232687193356 g
2459812.8122801 3377.004063198218 26.6231920245865 26.1116 17.290271042057086 0.008559302577124842 20.80102467765856 g
2459812.8403472 4981.640018575619 24.5172037731675 26.1954 16.951969146231356 0.005343286154212892 20.974297647457163 r
2459813.8709259 4290.319060797369 24.6814881091378 25.6213 16.54007602292331 0.006245850544064353 20.392946637010613 i
2459814.8975231 5071.265510262067 19.5203550355785 26.2146 16.951809127533352 0.004179084967892438 21.24095570831913 r
2459816.8087269 4277.505735980081 31.0269084209524 25.5762 16.4982234985333 0.007875130169734245 20.099428729591327 i
2459816.894456 3630.607300172414 31.1452218727775 25.7496 16.849651808584852 0.009313694539662477 20.268696416523884 r
2459816.9335764 3841.893657462928 26.8083087551988 26.1944 17.23303665114301 0.007575894444392282 20.87630144743781 g
2459818.8351968 3848.175447359298 29.4313256616806 26.1942 17.231062839192752 0.008303568979115515 20.774750428492435 g
2459818.9147454 5359.667983012125 26.4625332697437 26.234 16.91115528211688 0.005360476145541821 20.929996446559915 r
2459819.856088 4582.311906022531 27.0122282843296 25.6515 16.498788382118963 0.006400082938429388 20.32517396078384 i
2459821.8153125 5479.285328838972 35.2964501105802 26.2417 16.894890208707984 0.00699386025461408 20.624947416548103 r
2459821.8655556 4103.049990898257 27.8591810242131 26.2585 17.22573297906761 0.007371763177412913 20.898654125836444 g
2459823.8574884 4535.99479825425 34.2021790545971 25.6572 16.515518630377585 0.008186364281958045 20.074640548490365 i
2459824.8267477 5325.437690709884 26.1445514198675 26.194 16.878111730827108 0.005330104514426568 20.903122002312177 r
2459824.8387963 3764.4602768056266 35.0270274089321 26.1593 17.220043203112077 0.010102070645342916 20.550866783653056 g
2459826.8098032 5271.53405069918 31.8723156010404 26.1961 16.89125745968893 0.00656427004269468 20.6901409462411 r
2459827.8918519 4440.634571317705 30.5954153918109 25.6135 16.49488741078912 0.007480336865690846 20.15193410426384 i
2459829.8805556 3972.859862673212 70.8741343142357 26.1669 17.169141884581016 0.019368427350767364 19.79325557095416 g
2459829.9265046 5258.930766831799 34.1759624082285 26.1802 16.877956366454107 0.007055586778330456 20.598473105881236 r
2459839.7623264 4202.023965747716 34.7219138200769 26.2595 17.200853687439214 0.008971291487565211 20.660565852090052 g
2459839.7969329 4233.314593992229 34.3671574833366 26.2636 17.196898640557166 0.008813997176730268 20.675815956631315 g
2459840.840787 4256.990301572061 29.7497283557331 26.268 17.195243348117494 0.007587351106694241 20.83686747779221 g
2459841.7745139 4211.513083641019 30.1532755041573 26.2525 17.191404614437953 0.007773313430279267 20.80673874970134 g
2459841.7933333 4297.67694602462 27.7212330875198 26.2795 17.196415583228173 0.007003072390296838 20.925043627846343 g
2459841.829919 4373.041540259566 30.1115826466513 26.2992 17.197240992997436 0.007475836892582742 20.85494103323722 g
2459842.818831 4732.075167221855 38.7755885629472 25.6918 16.504170913464876 0.008896447122057742 19.97297899275885 i
2459843.7806481 5817.6712578938095 28.7724387889444 26.2756 16.863727058236506 0.005369543139924035 20.880733302135543 r
2459845.7373843 4262.824753690908 30.8808356402793 26.2643 17.1900563024834 0.007865048457744378 20.792652379410367 g
2459845.7972569 5683.319440423238 30.5299672042499 26.2499 16.8633948325636 0.005832222830533999 20.79065914472684 r
2459845.8140046 4899.9153652981395 39.1581945117908 25.6805 16.455028553347816 0.008676486961905816 19.951018340808893 i
2459847.7557176 5656.050070193722 30.9519437694994 26.2481 16.866816886503585 0.005941341560541478 20.773955169835816 r
2459847.8112731 4199.496258343569 26.6494915248251 26.2555 17.197507003375694 0.006889719901766256 20.94385267151983 g
2459848.7527083 4807.826083814854 37.2684459724377 25.6728 16.46792812674666 0.00841593499575385 19.99702177958995 i
2459849.7972569 5502.7040615845235 35.0951181279536 26.2469 16.895459607885257 0.00692437196786981 20.63635821776365 r
2459851.7660069 4060.5328153061932 31.0383967565046 26.1789 17.157442438492456 0.008299006285951156 20.701726788379624 g
2459851.8078125 5575.595824575838 28.442271638411 26.2213 16.85557178953409 0.005538381060856756 20.83896428955112 r
2459854.7540394 3892.1934206239257 27.2075139575464 26.2024 17.226913964545687 0.0075893448016190685 20.868252837562878 g
2459854.7766551 5575.8650651320995 28.1560334290474 26.231 16.865219361565657 0.005482378991750681 20.85964630876013 r
2459856.6292824 4374.368402477349 50.0969824249549 25.5702 16.46791161038726 0.012433862174930333 19.573246071480824 i
2459856.7683102 4069.1419858937356 41.936035512587 26.2049 17.18114288975956 0.011189079642305878 20.401006560722003 g
2459858.7779977 5583.951849786851 62.5939308706505 26.252 16.88464583818557 0.012170275205517637 20.0132444243913 r
2459861.7547917 5441.041757834176 96.8120784890031 26.285 16.945794852609176 0.01931778477240535 19.572751128588283 r
2459861.8818056 2892.1788155600057 178.3363987922 26.0678 17.4147371482482 0.06694600870700361 18.692275007815923 g
2459863.7352546 5473.815241110126 65.2933915867077 26.2028 16.857074663789213 0.012950571424714691 19.91820191892249 r
2459863.7993403 3338.5612954071958 98.7479971820989 26.1687 17.359801614464565 0.03211284474186315 19.43495424921329 g
2459865.7121412 3859.220469393491 53.3004141384287 26.2235 17.257251025905013 0.014994805321186154 20.159248530508364 g
2459865.7892361 4805.360891345532 42.1128413978684 25.6644 16.460084976162207 0.009514771718397055 19.85593862736989 i
2459865.8306713 5382.753858637541 47.6517480755313 26.2139 16.886388697627574 0.00961134472136153 20.271277896418106 r
2459867.7064352 5495.118601810074 29.5021545935869 26.2192 16.869257324272382 0.005828898621352151 20.797140653118294 r
2459867.7279745 3921.6910789858116 37.2583841987903 26.2154 17.23171654934768 0.010314791988941613 20.539914947351797 g
2459870.8520949 3675.2678707533414 49.6273731043051 26.1543 17.241077505020606 0.014660275352473795 20.167571770262864 g
2459872.7900116 3907.1363461839037 37.6767676652618 26.2379 17.25825358266104 0.010469475091169331 20.550290896463675 g
2459873.7736458 4247.815927560674 35.3591580932533 25.5435 16.47308577747226 0.009037453269282882 19.924820199538082 i
2459874.7249421 3816.518309505242 26.7692772059068 26.2275 17.273331624442683 0.007615161753598576 20.910983376631922 g
2459874.7667824 5201.9596941007785 31.4116325902045 26.2147 16.924282542834717 0.006555915752646033 20.72454871657413 r
2459877.7108333 3914.839227985105 36.6782718926829 26.2463 17.264515171392237 0.010171963004054515 20.587852825233142 g
2459877.7608333 4727.280784265807 34.0537967577606 25.6668 16.480271503320523 0.007821030488173729 20.08896113987273 i
2459877.7968171 5306.641559415123 41.4755777424777 26.2227 16.910650615213967 0.008485599460757826 20.430793878330803 r
2459879.7555556 5546.931937457506 36.133174543508 26.2278 16.867667907534738 0.00707233981671461 20.585609691788274 r
2459879.7968519 3811.8729608315834 40.4297003637994 26.1774 17.224553954061975 0.011515212111213998 20.413223682500927 g
2459880.7889468 4771.138410854233 37.5339828391337 25.6645 16.46794496090917 0.008541073777222779 19.981013361415165 i
2459881.753588 5523.529276529555 36.0164112702662 26.2348 16.879258349362992 0.007079353753456797 20.59612389696052 r
2459881.8164699 3731.638266939228 36.1226855075138 26.139 17.209251155002946 0.010509700257649983 20.497124914005653 g
2459883.7247454 4167.813994248628 39.3128025427847 26.2304 17.18062917861034 0.010240838429834016 20.496639976564566 g
2459883.7701505 4760.145610593611 37.7327771825973 25.6729 16.478849405535904 0.008606139294557672 19.98367806158747 i
2459883.7966898 5457.390325163929 42.905672202846 26.214 16.871537458403317 0.00853570764323709 20.385288213036382 r
2459889.6860648 4864.360774584493 62.6411209445817 25.6789 16.461335555657797 0.013981172071954642 19.43932618742881 i
2459889.7292708 4419.114933424109 92.1358283977169 26.255 17.14166175763377 0.022636177243277197 19.596503626761006 g
2459889.776713 5592.146893655317 79.950926746949 26.2407 16.871753572829558 0.015522253406405742 19.736216233627445 r
2459894.649375 5574.846075934184 75.1851317947178 26.2476 16.882017797961954 0.01464228724482703 19.80984507577713 r
2459894.7196528 4130.90008402526 75.4627904017584 26.2318 17.19168827344044 0.019833438202977387 19.790042838783883 g
2459895.7339583 4892.395416830126 44.5241764517419 25.6712 16.44739612336194 0.009880619666874046 19.802285251122246 i
2459896.7681481 5483.60037215945 55.382172807148 26.2153 16.867635506920905 0.010965136212696317 20.10945001314403 r
2459898.6461227 4825.001966763793 30.6138397171591 25.6742 16.465456263233378 0.006888586991232365 20.21198047900252 i
2459898.7323958 5626.419577425716 39.7282649891518 26.2467 16.87111971110327 0.0076661501520043 20.501525991704703 r
2459900.6802083 3848.4293832960802 77.442383887861 26.2467 17.283491195280558 0.02184766506356914 19.77682820597211 g
2459902.6498495 5647.145178368468 51.3744913126326 26.2438 16.86422761789268 0.009877076550427907 20.219506152373505 r
2459902.730787 4901.250802074326 38.0093369063982 25.6674 16.441632684052003 0.008419633833431145 19.97024925624692 i
2459904.6482523 3696.807437175319 44.1380779631389 26.1452 17.225632926955257 0.012962728532378056 20.285741445538154 g
2459906.6709722 3970.123243451451 36.7478595088254 26.242 17.244990028356618 0.010049348249966897 20.58149487078486 g
2459908.6248148 3373.03910171318 50.9432672424002 26.0858 17.26574656063518 0.016397410043951816 20.070658001752598 g
2459910.6426505 4100.218679876025 30.7767349599631 26.2764 17.24438245031601 0.008149394887163009 20.808418627816064 g
2459910.6504051 5397.342129673305 41.1704206912538 26.2529 16.92245012941552 0.008281618002081298 20.46901172724332 r
2459922.658912 4255.015080887488 72.5719104257048 26.2381 17.16584724080829 0.018517284110954043 19.83875359952069 g
2459922.6897106 5523.358799092088 51.5106100707176 26.2339 16.87839185989097 0.010125192186133352 20.206733255364288 r
2459928.6381134 3605.6029837675874 47.2339254704954 26.1462 17.253755238856133 0.014222828501692417 20.213139889174787 g
2459928.6558218 5168.543219548257 58.252051842894 26.194 16.91057961947213 0.012236378801405809 20.03329692077951 r
2459930.6097685 5473.2450516156105 39.3127155541703 26.2523 16.90668776728217 0.007798264991728032 20.51854237900821 r
2459930.6939005 3066.096249801076 57.8886720582861 26.0324 17.315935540125025 0.020498290377465752 19.878491021287743 g
2459932.6112731 3898.4105120589784 32.1699214850732 26.2204 17.243181076376665 0.00895926266572092 20.704349986783882 g
2459932.6759954 5310.716926549916 39.4385566484068 26.2077 16.89481711715151 0.00806264795231556 20.470472457963602 r
2459934.6120486 5377.168003976034 43.4220113935918 26.247 16.920615985587986 0.008767306086617252 20.405300146747095 r
2459934.6632639 3613.0405388759914 44.6101987136685 26.1751 17.280417913882758 0.013405134047706362 20.30408959469313 g
2459936.6143634 231.2784349103207 53.5857179011955 22.8887 16.978362150629376 0.2515496697644411 16.818652355563096 g
2459951.6135417 3629.079226512834 108.274527303304 26.197 17.29750887650759 0.03239214328372598 19.36325924816945 g
2459951.6488889 5321.668185632532 93.3289432594462 26.2051 16.889980519708338 0.019040501993405855 19.532634118042097 r
2459957.5975579 1996.8678974230925 87.9361058043504 25.1638 16.912926662207134 0.04781098949759658 18.55595691603741 r
2459957.6014699 2045.0587654005926 90.6854230744459 25.1562 16.87943551972532 0.0481439289167027 18.514931280525865 r
2459957.6053819 2195.5184051502742 84.8165949090338 25.2797 16.925857294575138 0.04194243003234361 18.711072906504025 r
2459957.609294 2330.2899535734723 86.5104355190546 25.3392 16.920675092926025 0.04030587682833445 18.749103743186257 r
2459958.5972801 5328.01839850397 55.0937607128226 26.2203 16.903885710366275 0.01122655582846838 20.120118943093125 r
2459958.6012269 5172.501606972716 44.5475278830323 26.2319 16.947648414343206 0.00935045645175056 20.36241596831453 r
2459958.6051968 5341.085484665739 53.2313599483899 26.2268 16.907726177609682 0.010820513482117352 20.163956085115593 r
2459958.6091667 5430.879634961708 52.3276376934182 26.218 16.880824556013835 0.010460941884627999 20.173747166254532 r
2459958.6131481 5178.520971158061 54.0608718714921 26.2072 16.921685651690915 0.011334102713453606 20.127567375305325 r
2459969.6128588 4724.4286337461745 99.22749546974 26.1634 16.977526767471723 0.02280303083890011 19.424394914716615 r
2459969.6138426 4878.862521689334 104.874714393917 26.1819 16.9611035485464 0.023337914710917118 19.382798011357444 r
2459969.614838 4860.145260024256 98.2161945315726 26.1828 16.96617687587502 0.021940357067104656 19.454917231611436 r
2459969.6153009 4948.484222799307 95.4500237602442 26.1722 16.93601952513335 0.020941784621448113 19.47533488706487 r
