jd flux fluxerr zpdiff mag mag_error limitingmag filter
2458202.790625 1487.7829974075678 38.9757967506695 26.2242 18.29285102194358 0.028442335075704393 20.49978748445436 g
2458202.7920139 1493.7334747487482 38.9089887507477 26.2239 18.288217215759225 0.02828047292291706 20.501350130197192 g
2458205.8084028 1695.4266107090978 67.1542838153188 26.2726 18.199402511550314 0.04300357531122972 19.957490684622282 g
2458205.8166898 1565.9605195219713 66.4823042696689 26.2484 18.26144797857177 0.04609301246471611 19.944209830065063 g
2458210.7856366 1199.3312375050396 138.781217273683 25.4997 17.80235213659493 0.12563232148233322 18.396448258055443 g
2458210.8032986 1408.8548691741225 93.8673917712343 26.106 18.2338343567638 0.07233663983130519 19.42728811268264 g
2458214.7396181 1465.781737498698 50.5715845064007 25.529 17.61382673395235 0.03745821625004931 19.521808586312236 r
2458214.770625 143.88955011483395 46.121579144984 24.0159 18.6208268631824 0.34800441336946575 18.10871456772191 g
2458217.7423611 2488.1146670229127 29.2402016783757 26.125 17.635324021661482 0.012759093213415859 20.712624079773747 r
2458217.7606944 2669.7954147364712 26.5486471850419 26.1553 17.58910504289495 0.010796282774965034 20.847768999066325 r
2458224.7642245 2394.469019948458 36.9245725276318 26.0899 17.6418769439041 0.01674233746992174 20.42418629859506 r
2458224.7823032 2494.864267193179 37.2744571474845 26.1241 17.631482692849488 0.016220873679253508 20.448146671025018 r
2458229.7609144 1523.2354683541923 33.0365723244625 26.2755 18.318582390868066 0.023547118825576564 20.73058753613732 g
2458233.6719792 2640.179140155973 65.1594673806246 26.2418 17.687716511479064 0.02679501275468938 19.959431174938366 r
2458233.7125694 1546.3568686683157 42.6385421827116 26.2533 18.280025680623517 0.029936598844506116 20.43136911994077 g
2458237.7324306 1658.9372758964148 106.66602476702 26.235 18.185425085642905 0.0698081264265863 19.41750971393231 g
2458242.7548032 2744.594565431676 27.9733914112569 26.2278 17.631604502352005 0.011065645701453485 20.86351218380426 r
2458245.6677199 2641.8614629220515 28.9667337070159 26.203 17.648224900439224 0.011904175607649975 20.80082617201638 r
2458248.7065046 1614.7510520264002 24.9501532552766 26.2283 18.208036059593844 0.016775577483141922 20.98819194515156 g
2458257.7119213 2659.390101505129 26.6050731047362 26.1775 17.615544880153067 0.010861561022380296 20.867663847645957 r
2458260.6877315 2733.6855389328407 47.4868317123648 26.1975 17.605628611546333 0.018859686842489117 20.258642002335773 r
2458267.6880324 1390.289192652514 96.3113162261148 26.1693 18.31153713298011 0.07521111188902671 19.46268169383501 g
2458271.6874537 2584.974532089768 36.0627368852483 26.1811 17.649959328356786 0.01514649871798211 20.541028281013155 r
2458274.7274421 1452.612072814772 21.3233443499474 26.173 18.267625876728985 0.015937327930834248 21.10343668822412 g
2458277.7333102 2523.527909890201 29.9204730124935 26.1383 17.63327971915824 0.012872715781089818 20.70095385164915 r
2458280.6740394 2737.6493251418115 38.7673685651488 26.2293 17.63585545725955 0.01537440594185736 20.510709181278266 r
2458280.7121412 1496.2968877395613 27.0089531196943 26.211 18.273455568460474 0.019597461334261653 20.884805611545005 g
2458283.6949884 2622.398751510432 29.6569140638105 26.2181 17.67135317633855 0.012278266827473733 20.790360092319755 r
2458283.7346065 1454.0438025795158 34.2317878322332 26.1677 18.261256275762534 0.02556006358510177 20.58420103481531 g
2458286.7163773 1466.9635695098664 30.8462830849711 26.1598 18.243751678168366 0.022829339624666038 20.68936788938258 g
2458293.6755787 1599.9158554803212 54.7034302000632 26.1847 18.17445714408133 0.03712164859468707 20.092238589676846 g
2458293.7373958 2607.3914851306167 60.757987630562 26.1353 17.594784392670302 0.025299210934255495 19.9288665363302 r
2458432.0493981 2762.9963424288876 89.1616176269929 26.1563 17.55284922497257 0.03503543119877209 19.53343014134134 r
2458442.0023843 1379.2488591663814 33.8514403370153 25.9432 18.09409341648238 0.02664675669633016 20.371832108888444 g
2458442.0564005 1391.832802056215 49.5390707027941 25.4252 17.56623233118438 0.03864298138581392 19.44040535053349 r
2458447.997419 2944.196927751545 71.2212188570222 26.1962 17.523782862045984 0.026263486855860985 19.817251484715328 r
2458449.9859838 2125.0503755402783 73.5374974017576 25.7573 17.43887692572847 0.037570714486610514 19.343602874032655 r
2458450.9851389 1741.9913556334266 68.8287043453022 26.1161 18.01348501110794 0.04289764358820374 19.774251003347022 g
2458461.9991088 1137.4507460369562 30.1809252730415 25.6982 18.058368500275996 0.028807779750558565 20.25144361404542 g
2458465.0010417 1595.3427628220506 31.323321708263 26.0852 18.07806498369627 0.021316880090710928 20.59810546177153 g
2458467.9798843 303.7512212447263 24.9614447371128 24.3558 18.149504918226633 0.08921985709235691 19.11520069376562 g
2458468.044213 2911.6599510850874 33.1141575147907 26.1399 17.479548367689006 0.012347609754501046 20.59244071348178 r
2458472.0017824 1806.3132911045054 40.6260800259794 26.1798 18.03781730615553 0.024418651682087386 20.41036269000257 g
2458476.9718519 3073.2336218788396 49.2249445878183 26.2222 17.503211060442442 0.01738999663368297 20.244311899339657 r
2458482.9767824 2989.645613701145 40.6110371308038 26.2317 17.54265072244617 0.014748036627100116 20.462664787385513 r
2458483.0227315 1126.447719411629 50.7896566799634 25.6935 18.064222399770323 0.048952409692159034 19.6816367962547 g
2458483.0437384 1748.642473254482 39.7145347824535 26.2425 18.13574744280566 0.02465802533839903 20.497701290226466 g
2458486.9798727 3107.0343440428874 35.495085283991 26.2388 17.50793486545777 0.012403150343901412 20.615954429184534 r
2458491.9756366 1326.1471830987277 33.5650906476901 25.9507 18.144220682172886 0.027479317062715634 20.388555428156025 g
2458492.0433449 2876.468929287912 35.727379045101 26.2104 17.563250781813643 0.013485011096180579 20.58047209516942 r
2458493.9913657 3035.5206870776515 25.0348531736441 26.2717 17.56611700765864 0.008954094830034707 21.02791236751418 r
2458494.9390856 2810.6086041784456 26.0563670551452 26.2124 17.59039907139627 0.010065221343773788 20.92519033043166 r
2458494.9977546 1726.7706987135289 23.3309388753322 26.2575 18.16441332356125 0.014669232200789438 21.0902444494868 g
2458503.0246181 2905.1988384161637 49.1406595071391 26.2411 17.583160345385746 0.01836432443845634 20.265072537249672 r
2458505.9598611 1788.752999346155 105.141978899802 26.2734 18.14202406253759 0.06381688613980879 19.471534622386965 g
2458506.0225463 2847.5130951441756 100.253856886773 26.2328 17.596635675026654 0.0382247978446815 19.48262226554481 r
2458510.0038889 1699.4085958026817 59.0713023203317 26.2317 18.155955473415823 0.037738842258175025 20.055833624978977 g
2458511.998044 1489.171878484803 38.7113599289081 26.1092 18.176837933978238 0.028223017156071308 20.392178918312425 g
2458512.9557986 124.75403018794972 43.7413886212757 22.8633 17.623163538908408 0.380669270199707 17.013643573899685 r
2458512.997419 315.45737709392813 46.9125445439421 23.645 17.397648279983052 0.1614574687730081 17.719352514688957 r
2458524.9209954 1479.498151406896 36.5988711198141 26.1967 18.271413932855676 0.02685734641641605 20.540605764334884 g
2458524.9515856 2898.7580887981085 27.4462539158541 26.2416 17.586070066203575 0.01027971185025581 20.89796729703936 r
2458538.8158102 765.240604016689 51.3182892742051 25.4549 18.24540498542345 0.0728088216602126 19.43179456296372 g
2458538.8571759 1554.5146577349692 76.1388599235616 25.6265 17.647512946445985 0.05317670039821799 19.175059065273416 r
2458543.7951736 548.9724424326782 29.9137440383066 25.1787 18.329823639784642 0.05916025904409993 19.741598056095583 g
2458543.8367593 2318.9807933742695 31.0888813071024 26.0596 17.646357120822145 0.014555186714594543 20.580662252152123 r
2458547.7976042 2729.0913805064515 26.2227665016563 26.2022 17.61215480558041 0.010432064603701512 20.908078719571186 r
2458547.8160301 1520.0109052762443 31.161687130788 26.1761 18.22148324052572 0.02225789538776231 20.69462258201838 g
2458567.8121528 1548.2479094243981 46.8058760279392 26.1267 18.15209874434807 0.032822353122004995 20.20352404417134 g
2458567.8151042 2724.1135729662137 37.3572050919185 26.1697 17.581636974750275 0.01488877628700797 20.491339047417 r
2458572.7938426 1666.2334219448524 32.0422905468623 25.6093 17.55496039633634 0.02087841618620455 20.097566103876467 r
2458572.8147106 1147.852363833874 30.8191581774809 25.7634 18.113684917683713 0.029150403908680417 20.29392305958519 g
2458575.7333681 914.9135783535809 34.001587312824 24.9561 17.552649817338622 0.04034864518238302 19.37992700941392 r
2458580.7517477 1594.5239855192474 27.9153952380966 26.1453 18.13872235881626 0.01900739335704125 20.783265536267784 g
2458580.7751389 2895.242324340805 29.0474780138746 26.208 17.553787702708583 0.010892645017837679 20.802803910012255 r
2458583.7536806 2721.020696498506 35.9919635750011 26.1528 17.565970387243997 0.014360962010933443 20.5148611375648 r
2458586.7103009 2704.7286088714823 32.1690103156533 26.1532 17.57289076316113 0.012912901643864829 20.63718073922568 r
2458586.7533449 1707.2509116474666 40.2018711537496 26.185 18.104256616756196 0.02556576260340503 20.426959320824622 g
2458592.6729167 1013.5834208168696 141.822921355778 25.8278 18.313151254552448 0.15191363883189263 18.701008921671065 g
2458592.7528009 3095.5869720270716 91.914439292244 26.2021 17.4752424744105 0.0322366994180245 19.546215633644767 r
2458596.7102431 1803.4168600152643 29.6424552643085 26.1868 18.04655968613488 0.01784546567907064 20.759589556379346 g
2458599.7105093 1238.2787625049455 25.0762711052633 25.7176 17.98555393879561 0.02198641240031413 20.47201759803845 g
2458602.7332292 485.64964290349485 34.423646767963 23.72 17.004192315658255 0.07695620462631352 18.130432797502607 r
2458605.7311227 1797.4898973287509 21.6698053221201 26.1519 18.015233854652973 0.013088756533869329 21.064837464887724 g
2458608.7127546 2949.7773947681335 28.9668258830482 26.1442 17.46972689214916 0.010661578367576275 20.742022717063634 r
2458608.7747338 1688.271446057095 28.5708083630895 26.1084 18.039794311860263 0.018373423724159368 20.721168668684136 g
2458612.670081 1686.967622409446 24.6672214930207 26.1226 18.054833131618253 0.015875350551613893 20.89487440548497 g
2458612.6897685 2836.3462091967685 29.8899918740139 26.121 17.489101898843224 0.011441326898808635 20.68476049673333 r
2458619.7321296 1451.0908470320935 112.197760384903 26.005 18.100763493148133 0.08394588712280333 19.132614519368193 g
2458632.6759606 2724.834592928 33.1352197343505 26.123 17.534649639485707 0.01320260252088444 20.574850351819567 r
2458633.6676736 2740.3469388567614 26.4621351050562 26.1525 17.55798612571116 0.010484052101645673 20.848512783055916 r
2458633.7296065 1529.7681021783928 25.8465169424332 26.0922 18.130635997428836 0.018343671439115517 20.813769923737865 g
2458634.6873148 2734.085189015268 25.5169783389345 26.1384 17.546369894370326 0.01013274330071596 20.87390187677451 r
2458634.6897801 1588.5894196871598 23.9824129207098 26.1336 18.131070835655645 0.01639045645484799 20.9364427985674 g
2458634.690706 1564.8600768988933 23.5651308272868 26.1103 18.12411122284562 0.016349488952320128 20.932200351187838 g
2458637.6822569 2659.485962971849 22.5853439514282 26.124 17.562005743965717 0.009220168208996543 20.992008217151103 r
2458637.7140278 1391.6762773609544 23.2511995945817 26.0536 18.194754439303246 0.01813915190658233 20.89006157847483 g
2458640.6965162 1461.7267876550586 23.4751008210485 26.0572 18.145034485172506 0.01743617013566479 20.883256323776138 g
2458640.713287 2627.0795453282444 28.4626395109363 26.105 17.55631694253606 0.011762829097419833 20.721887058302983 r
2458643.6690856 1567.9189806212653 56.0528734412006 26.1463 18.157990956134995 0.038813615656976067 20.0273802872575 g
2458643.7389583 2661.064112447563 47.2715033930656 26.1238 17.56116165489663 0.01928652188189722 20.189876452784414 r
2458647.7371412 2686.3443408727853 59.5242899902831 26.1178 17.544895798457137 0.024057050564654615 19.933639429624574 r
2458650.7489005 2559.649965633701 66.3324055677226 26.0674 17.546948551942627 0.028135523877010633 19.765660620599526 r
2458654.6735069 2728.6495823481528 40.1631953169398 26.1103 17.520430583896005 0.01598049871910518 20.353304346016778 r
2458654.7327083 1374.3238042365938 57.1070666476761 25.9372 18.091977327897528 0.04511392589450359 19.798050357065556 g
2458662.6760069 2728.0925823179273 44.515180040241 26.1175 17.52785223816616 0.017715722436599236 20.24880465364485 r
2458662.6979051 1500.6608616184672 32.8406215727158 26.0528 18.112093610113376 0.02375957403396491 20.51434656817498 g
2458669.674213 2782.5789648280665 52.7835470612617 26.1037 17.49258125571091 0.020594958047471905 20.050028560383378 r
2458786.0299421 2413.5311522024617 59.5697890079187 25.9918 17.535167728085554 0.02679680345823521 19.806809834508734 r
2458786.034838 2532.92855854937 63.744389891432 25.998 17.48894264836743 0.027323030439027993 19.739470067234407 r
2458786.0397338 2399.0477984279883 68.9285562797671 26.0112 17.561102747747448 0.031193931859957256 19.6677770336142 r
2458786.0446412 2617.344291928844 117.52783325371 26.0291 17.48444786358558 0.04875169421043899 19.106323165256505 r
2458788.0296065 2531.130024928161 103.774664033622 26.0038 17.495513861068837 0.04451298496390014 19.21614664905597 r
2458788.0345023 2542.205163838777 112.735962601877 26.0211 17.508073508641115 0.048146167090635385 19.143518795580434 r
2458788.0394097 2557.4019942760283 116.91127950741 26.0188 17.499302501234684 0.049632625784014714 19.10173395523501 r
2458788.0443171 2405.9689134311225 184.621947381784 26.0619 17.608674970766145 0.0833111546676437 18.64876667023816 r
2458790.0315046 2607.6764309145283 55.5009591439456 26.0312 17.49056574571909 0.02310769489198056 19.923023767960306 r
2458790.0363194 2564.839670830741 56.5254761707093 26.024 17.501349444070232 0.023927308274462898 19.895964415334262 r
2458790.0411574 2596.0231793834855 52.4235400630085 26.0414 17.505628585309562 0.021924394935458565 19.99515912743514 r
2458790.0459838 1296.9661767169018 75.7029907553282 25.4391 17.656778374085764 0.06337153469268937 18.993892395995022 r
2458792.035081 2588.705373475323 57.9157273584789 26.0821 17.549393437021184 0.024289788184232677 19.927683701710386 r
2458792.0398843 2492.8555340151793 51.9716680602889 26.0456 17.5538572225111 0.02263494183402289 20.008758349221655 r
2458792.0446991 2702.1638360823777 60.3048919791814 26.082 17.50272080654051 0.024229848815059508 19.883693629481684 r
2458792.049537 2574.7655286939275 119.586906476629 26.111 17.58415578474223 0.05042614673637343 19.16936591035173 r
2458794.0366667 2449.0312763725506 53.7129561889942 26.0433 17.570814171253875 0.023811928045593428 19.970677351135123 r
2458794.0414583 2512.954731506671 53.4347931719548 26.0471 17.546638336849174 0.023086032636970056 19.980114657353976 r
2458794.0510532 2619.748271710144 72.8502440585712 26.074 17.528351093703947 0.030191263347130435 19.670497461519737 r
2458796.0375579 2515.266742918672 47.9393643198052 26.0649 17.56343987857302 0.020692742822821717 20.115744311778155 r
2458796.0425926 2533.694328026276 57.7622548876599 26.0805 17.571114451984744 0.024751399345154943 19.928964642621242 r
2458796.0476389 2621.8731018008207 63.2676918040356 26.0797 17.53317082978544 0.026198725233674447 19.82932001321661 r
2458796.0526852 2628.948320346267 65.8487639480042 26.0869 17.53744487783893 0.027194145455446513 19.793105921158396 r
2458801.0409722 2824.111747420518 57.2250744913924 26.132 17.50479530664981 0.021999576834044278 19.990609072461062 r
2458805.0164352 1351.9437794494415 84.8843830127394 26.0031 18.175703420361963 0.06816775670543157 19.433605498392875 g
2458815.0142361 1026.5949319534259 41.4263244327822 25.7367 18.208202210187395 0.043811399254708304 19.94608398402028 g
2458829.0455556 1724.214900054509 81.4435731735815 26.2755 18.18402151551922 0.0512832173018352 19.750932941132827 g
2458831.9436574 2859.8966597575845 101.451632366441 26.2298 17.58892414874023 0.038513992064867615 19.46672739099691 r
2458832.0466319 1861.3191924743392 83.753777582762 26.3053 18.130747861311303 0.04885324166282583 19.750363978354912 g
2458835.0011227 2906.163984434225 140.857874916771 26.2797 17.62139970915763 0.0526224244799148 19.160322159093035 r
2458838.9990509 1065.5060053145355 45.8108252333772 25.5974 18.028510245522934 0.04667905455980552 19.697554701158623 g
2458839.0174769 1801.9294357260014 54.2667491439597 25.6822 17.542855550421883 0.03269684615694127 19.59844047441924 r
2458850.9836111 3183.0609679057725 42.7167771975932 26.2567 17.49958760720851 0.01457012777042097 20.43277879028022 r
2458854.0023958 1804.0391839649672 23.3918886362875 26.2758 18.135185084397953 0.014077617447643267 21.105711769908012 g
2458854.0457176 3187.854371706503 32.1041100665167 26.2864 17.527653815906916 0.010933822011624256 20.77257339997454 r
2458857.039375 1924.3804897799207 33.1074384031645 26.2989 18.088172637041477 0.018678606473726243 20.75166103987773 g
2458860.8769444 3041.0909668123772 96.1825126147107 26.2333 17.52572647200585 0.03433812243217717 19.528134693818632 r
2458871.9809144 2983.746275479419 41.297747112433 26.2694 17.58249527525392 0.015027069965178004 20.482159087823167 r
2458873.8989236 1502.4154130925758 26.6840046247513 26.1637 18.221724924205294 0.019282831877675478 20.85064747103367 g
2458874.0068866 2986.0943571736684 25.8991152727933 26.2782 17.590441182960497 0.009416537486205207 20.997562667635062 r
2458876.8499769 2840.743799376568 25.8047226760972 26.2318 17.598219831509546 0.009862271780928357 20.955126999012386 r
2458877.0066319 1656.9152509404912 23.6956705704697 26.2598 18.211549261525835 0.01552667797810193 21.075702480581324 g
2458879.9629514 1603.3943874904721 35.5474557540312 26.2304 18.21779910234268 0.024070105903611326 20.605953683353885 g
2458883.9598032 1661.3421684807313 35.0577461366384 26.2236 18.17245227862609 0.022910509167028206 20.61421500952914 g
2458884.0022338 2875.694552049138 50.5966949245437 26.2211 17.574243113355365 0.019102457053525913 20.213369617164837 r
2458887.9230671 1725.5054334503586 73.8516340426333 26.271 18.178709172047157 0.0464679609381211 19.85267471675473 g
2458892.8325116 2907.27160053959 64.351125332834 26.2311 17.57238598515449 0.024031472243904124 19.962284624207083 r
2458892.8795602 1915.3014743023446 55.434880597074 26.2686 18.063007142592024 0.031423590840270244 20.161717198097016 g
2458895.8818171 1692.4480227414494 26.5470126849401 26.2534 18.182111650452242 0.0170298238319621 20.9459358458083 g
2458895.9368866 3031.192473794494 26.0482872100235 26.2724 17.568366215124406 0.00932986792109588 20.98552705967674 r
2458899.8349769 2944.207349983055 21.508527941742 26.2614 17.588979018629818 0.007931441644721012 21.182448269171687 r
2458899.8767245 1621.5852797175457 23.0441355734765 26.2459 18.221050516742324 0.015428740199517198 21.09207393514142 g
2458901.8806134 2863.987046197211 30.5203479908305 26.2338 17.591372376680177 0.011569864415986947 20.77490128639552 r
2458903.8555093 1679.5705445717194 25.2289751126839 26.225 18.16200437599102 0.01630839405249601 20.972825968290774 g
2458903.8769907 2865.1580280406824 32.3761517253107 26.2242 17.581328548714993 0.012268359226317246 20.70121192257179 r
2458905.8119444 1642.152251521857 37.6088265793184 26.1995 18.1609664497551 0.024864870464553584 20.51385053077525 g
2458906.854537 1645.2443105550044 30.0632251400815 26.2163 18.175724005914716 0.019838782194953084 20.773786066047066 g
2458906.9450116 2867.8328939135617 33.7615790892022 26.2105 17.566615395555907 0.012781409438095259 20.642018111271696 r
2458908.8350579 1637.411243301444 25.7729351332597 26.2482 18.212805579621538 0.0170889724793643 20.972865287409128 g
2458909.7755787 1586.4415207547213 53.8568903952199 26.1905 18.18943983046836 0.03685759931086085 20.114971803213866 g
2458911.7499884 2745.4553592258835 64.686960758732 26.172 17.57546403368316 0.02558068666450937 19.897533122157355 r
2458911.8768171 1655.0775712079617 41.4278428949527 26.2161 18.169054116566446 0.027175891821325758 20.42544418760672 g
2458912.7729977 1564.5282475376428 49.4351324091324 26.1736 18.18764147816411 0.03430537182122926 20.19108573484426 g
2458913.7932407 1645.1819804121465 42.0163246247307 26.1887 18.148165139851038 0.027727706836201946 20.382729839535443 g
2458913.9256019 2207.2193917576396 45.6527128283174 25.9476 17.587986242430887 0.02245592373046106 20.051508514694305 r
2458914.8797106 2120.1580226543992 57.5418166226373 25.86 17.544079421016324 0.029466270740037614 19.712616067522482 r
2458914.921088 1435.7368866636853 49.4980546664087 26.0812 18.188512854168632 0.03743028297907643 20.09730466173743 g
2458915.8768634 2982.749521227796 54.4109400465174 26.2535 17.566958038331336 0.019805202276652185 20.1668594161941 r
2458915.9453935 1661.7899965644501 72.7968381815603 26.2218 18.17035964917725 0.04756047838602737 19.819093697131525 g
2458939.8138773 808.5262212667137 32.6838312729283 25.5405 18.271264727375453 0.04388829289596119 20.007242589585164 g
2458939.8715394 1526.8385153595386 54.1270252906658 25.5989 17.639417233156017 0.038488491590243756 19.517939589608382 r
2458954.7303935 2641.88845253862 27.9981784950876 26.2047 17.64991380846692 0.011506020385874807 20.83945054431015 r
2458954.7734259 1508.9087306312117 23.0396827585623 26.2259 18.279242571505346 0.016577665078859393 21.072283752060052 g
2458962.74875 1591.648891464553 24.8233060322802 26.2362 18.23158182220702 0.016932543039971593 21.00162593545938 g
2458962.7679282 2802.545532950018 27.7057834048933 26.2462 17.627318306735866 0.010733159796704406 20.892348902359593 r
2458965.7446644 1655.7688104070787 24.9996351391269 26.2503 18.202800756096625 0.016392447846554775 21.008040813301875 g
2458965.7857755 2890.330967858574 25.7954725006482 26.2511 17.598731059817318 0.00968959776765749 20.974816270814888 r
2458967.747581 1528.743838853159 29.6290955498265 26.2195 18.25866320061681 0.021042314756001778 20.79277900285897 g
2458968.7031944 2926.4983291751614 28.3027343441239 26.2916 17.625729298753377 0.01050001579398685 20.91460400165667 r
2458968.7742477 1610.0846277934265 27.2929317365466 26.2567 18.23957824094866 0.018403961801050382 20.919149516729604 g
2458971.6678588 2903.7528232777854 42.2023982808282 26.302 17.644600887332807 0.015779285153401615 20.4912321597099 r
2458971.7520833 1680.9462532834505 58.5686343046321 26.2817 18.217815431266853 0.03782867307049854 20.11511224584254 g
2458975.6691551 2660.1368058324124 78.7496481306381 26.2458 17.683540069615653 0.03214063757472035 19.757753434284066 r
2458975.7492593 1631.8146862026204 84.7915859597598 26.2957 18.264022906432828 0.056414631915551024 19.727393092968235 g
2458978.6915856 1484.4914336207526 34.9265074080849 26.2749 18.345955760481345 0.02554390563269848 20.6695870914295 g
2458978.746956 2812.78252878788 41.0083854518525 26.2975 17.674659610396084 0.015828740270319653 20.51789331180532 r
2458981.7339931 2692.1729981303374 30.7755303389922 26.2562 17.680942589835464 0.012411161285789776 20.788261125053005 r
2458986.6929514 1493.2217598220368 23.3430425069161 26.2499 18.31458922496877 0.01697238945458394 21.08208133698064 g
2458992.6941551 1518.6175308130435 22.6978231857257 26.2274 18.273778977411187 0.016227276541150498 21.090014467736488 g
2458992.7206019 2775.24000902643 28.1236102369952 26.2285 17.620248630372693 0.011002220901613884 20.85839731303402 r
2458995.7019444 1456.5834945396252 25.8294002935441 26.2157 18.307361539042 0.01925257288979801 20.937989182033675 g
2458995.7119329 2830.763639298713 22.9984019823084 26.2644 17.634640978683397 0.00882071702686491 21.112730837635116 r
2458998.6945949 1527.6639575973338 35.0991716103005 26.2319 18.271830419066156 0.024944733707822186 20.62123282259089 g
2458998.7256366 2770.0335094384577 31.2058315456046 26.2312 17.62498744297409 0.012230960814597193 20.748185589736963 r
2459005.6858218 1543.5077946587878 67.6445004945306 26.2261 18.25482793251213 0.04758099339766995 19.903093753712938 g
2459011.7049306 1232.1232615976342 27.5332888257977 26.0426 18.315964607957532 0.02426128343637301 20.695529762748293 g
2459011.7368866 2585.1856708404393 37.7071767820425 26.1606 17.629370649872186 0.01583587681690749 20.472114946522968 r
2459014.7008102 1582.8135476942236 31.0872771808532 26.2625 18.26392560288945 0.021323709848465745 20.783618275489314 g
2459014.7198148 2961.561835902833 36.766784002985 26.284 17.605197987701928 0.013478596633749467 20.6229358798699 r
2459018.7268403 2764.7104970464634 32.8763677304111 26.2271 17.622975846357328 0.012910528058195985 20.687465415421936 r
2459021.7143056 1463.1540462934136 25.414020670578 26.1601 18.24687486832779 0.01885789285956933 20.899991542107475 g
2459021.7438426 2574.5186797896795 37.8236078884518 26.1504 17.62365988184847 0.015950589679872455 20.45856760759965 r
2459024.6968634 1490.3734718965102 28.7154322646225 26.1408 18.207562220815454 0.020918478084576038 20.748086593482626 g
2459024.7230671 1991.8511254515377 36.5401926903412 25.8732 17.625057811632033 0.019916994145287928 20.21884790610338 r
2459152.0262731 2868.6754452127716 69.0213336785857 26.1738 17.529596459923837 0.026122321400942734 19.82891662221266 r
2459152.0309954 3003.4747301358884 77.6889362483493 26.1925 17.498440044141496 0.028083098964850176 19.719177051823422 r
2459152.0357176 2911.35479422419 82.7494343831298 26.2147 17.554462164361965 0.030858850006189178 19.672862404343437 r
2459152.0404398 3056.989755387318 115.982683235215 26.2242 17.510965041708012 0.041191632705526914 19.31579210955799 r
2459152.0451736 2935.7844204609737 142.59394853862 26.2508 17.581489596380422 0.052733521184117116 19.118122251317928 r
2459154.0313426 2897.1584502471187 98.9030028125721 26.2136 17.5586693797105 0.03706355451302652 19.478151295426535 r
2459154.0360764 2984.034233940729 90.3338251128107 26.227 17.539990496960996 0.03286672545825982 19.589948987983465 r
2459154.0408102 2888.7394068255253 102.175968700708 26.22 17.56822908523224 0.03840168100876356 19.4492030796022 r
2459154.0455324 3004.223596078336 105.070039869196 26.2514 17.55706936781047 0.03797138882568433 19.450277746529636 r
2459156.0312616 2898.014824525767 73.2393704900729 26.2315 17.576248493165156 0.027438087572269135 19.82221348220837 r
2459156.0359954 2945.2333755716104 66.1440774704587 26.2342 17.56140071678702 0.024382660303019155 19.935547580135697 r
2459156.0407176 3049.1657453339317 65.724161835597 26.2601 17.549647419467412 0.02340204779425429 19.968362348257934 r
2459156.0454514 3123.017857594214 76.6845698211946 26.2554 17.518963831105218 0.026658969385146825 19.796205025039264 r
2459156.0501736 3124.043460485222 103.250728747086 26.2806 17.543807332539323 0.03588276463455479 19.498442175149478 r
2459158.0299884 2832.105182225645 76.2792428168349 26.2017 17.571426553292604 0.02924198382390423 19.748259055692994 r
2459158.0346644 2871.7376856359556 70.0970811020664 26.2243 17.5789380814118 0.026501167336131514 19.862625154216865 r
2459158.0393403 2978.338165565879 68.9082861253978 26.2125 17.52756498313073 0.025119285348891844 19.86939636827465 r
2459158.0440162 2918.9156589243216 85.7878333519295 26.2403 17.577246134055272 0.03190905855241935 19.65931074048199 r
2459158.0487037 2964.0135463510087 90.8969191141027 26.2543 17.5745995396096 0.033294984499539285 19.610502080731543 r
2459169.0054398 1519.685892443595 34.2338388941764 26.1347 18.18031542039381 0.02445747445062029 20.551135982837636 g
2459169.0390972 2950.6064712609846 44.8746510593695 26.2806 17.605821773570042 0.016511998170442597 20.403172277733262 r
2459170.9971991 1496.089692632959 36.5709070647008 26.1354 18.198005922850193 0.026539206837438347 20.480135658569907 g
2459171.0572338 3182.9683171645033 61.6370058155347 26.3278 17.570719210664826 0.02102417949090364 20.105771155339212 r
2459173.9841435 1189.9026101370637 36.5618893922063 25.925 18.2362214570458 0.03336007751806337 20.270003412957376 g
2459174.0225926 1432.2061279898735 40.1230721200423 25.5165 17.626486180967355 0.030415747111674094 19.760589543088198 r
2459175.0386111 411.6889799620339 23.3058163531091 24.7978 18.261376894965196 0.06146174915078858 19.63171418929555 g
2459177.018287 1577.949601132956 31.9423181876503 26.1929 18.197667180096904 0.02197774557022107 20.68455891037619 g
2459177.0620602 2970.1896099625988 70.1786838527956 26.2762 17.59423956363289 0.025652570059303263 19.91326194141746 r
2459180.0256366 3093.6147162578277 43.1797930373239 26.2988 17.572634437501712 0.015153891353778868 20.463173598134063 r
2459181.9914352 2896.0939359468375 79.7061011578514 26.265 17.610468389334894 0.029880561867475213 19.76384607407074 r
2459185.0020139 3000.753153075945 68.0032545832058 26.2879 17.594824322222834 0.024604200923793205 19.959150743655268 r
2459189.0088426 3086.155484850023 51.930343857748 26.2991 17.575555493388492 0.018268935121101625 20.26312199342582 r
2459193.9784491 1767.3196277373079 38.9544440429514 26.2062 18.08791224817794 0.023930498611380042 20.482382462942383 g
2459194.0384491 3262.1547014694415 37.5284530573323 26.3329 17.549138618048204 0.012490100934205299 20.649573331825007 r
2459196.0053472 2888.3138919894673 41.9389361290474 26.2024 17.550789027278856 0.01576459645940477 20.398431465511912 r
2459196.0271065 1445.217847373457 36.3788744112949 26.128 18.22816670963668 0.027329128283410012 20.478451845285623 g
2459197.0103241 3123.83724868555 42.5780968609583 26.3084 17.57167900215891 0.014798158828983126 20.488009375129863 r
2459198.9842477 3241.7142974549943 52.5263404674462 26.304 17.527063158871705 0.0175918796700492 20.25563212822192 r
2459199.024919 1816.6649512134568 34.6083178685302 26.3224 18.174212906353716 0.020683093316004805 20.727023761667827 g
2459200.0070602 3091.985815639116 47.7376640056376 26.3012 17.57560626764414 0.016762296110406864 20.356622080587584 r
2459200.0419444 1828.2396366572125 32.4736045006232 26.3061 18.15101719921757 0.019284448110309233 20.77984874651021 g
2459200.9440972 786.86460106313 32.4790361888795 25.4114 18.171649979998406 0.0448139229323869 19.884967156337925 g
2459201.0250231 1691.4947430165194 39.2353151348741 25.5918 17.521123369035944 0.025183514059267047 19.86018212621653 r
2459203.0205093 1907.9751836733356 33.5580259855921 26.2994 18.09796819575672 0.019095609379160147 20.73748397414218 g
2459203.0416435 3231.2033250973686 44.8363103420501 26.3144 17.540989282308484 0.015065217889653204 20.43790032279697 r
2459204.0016204 3316.5159515836967 55.4520235958282 26.301 17.499294773791203 0.018152863696989624 20.193781490743845 r
2459204.025706 1929.8259444836895 41.5157216346099 26.2763 18.062504648152917 0.023356313095249163 20.483343510863023 g
2459204.965463 1904.4791726554263 30.638191005834 26.27 18.07055943103119 0.017466131660896007 20.806917190819984 g
2459205.0047338 3320.888071384039 30.7647780435246 26.3184 17.51526440449956 0.010057947995800433 20.850840523756034 r
2459206.0351389 1075.9338106062535 28.3754012301759 25.6081 18.028636112038008 0.028632963117167166 20.228319961161905 g
2459215.9840625 1947.939374814199 93.1581484304051 26.3261 18.102161409189414 0.0519224587061587 19.65562286889496 g
2459217.0160301 3118.746577451228 74.8914947429618 26.2692 17.534249784080224 0.026071273770786264 19.835693742506027 r
2459217.0366319 1737.206980064619 80.0378734780844 26.1107 18.011071085798328 0.05002116629299056 19.605036135732597 g
2459221.9447569 3278.086843633237 45.5198080231229 26.2962 17.50714886302491 0.015076127609825428 20.403273934705716 r
2459221.9624074 1311.5227869545124 45.6325812467299 25.9146 18.120160398477754 0.03777539662472747 20.01898739987651 g
2459223.89875 1809.5413581384003 37.0569531347907 26.2326 18.08867871596251 0.022233663705720687 20.563000718509628 g
2459223.9646991 3340.307268631591 41.3566415323639 26.316 17.506533953530003 0.013442148311727577 20.52721183024018 r
2459225.9149306 3071.386523815384 44.8927211222661 26.2041 17.48576381399078 0.01586906335119871 20.326235162971024 r
2459225.9640856 1728.5668432348757 31.2624316612491 26.2429 18.148684554352577 0.019635701209621204 20.75791810069819 g
2459227.8780324 2966.805877436735 30.2017328696127 26.2084 17.527677173233954 0.011052297565511255 20.760895334240573 r
2459227.9613194 1690.0120908157494 26.8251492313025 26.1921 18.122375470779755 0.017233050981527165 20.87331962247636 g
2459229.9357639 3202.217943082508 65.6656131574662 26.2741 17.51047278327709 0.022263680196742974 19.98332997947274 r
2459231.9208912 1838.3342362856727 26.6868769938289 26.3124 18.151338811566987 0.015760976312306225 20.999230604494862 g
2459231.9634838 3360.3347189638594 24.6906711796866 26.3374 17.521443652240528 0.00797737842855471 21.108642749782497 r
2459248.919537 3335.6546511420734 39.9802891762553 26.3257 17.517747298313513 0.013012917852211911 20.57366016157828 r
2459248.9618403 1993.295774809517 50.2813494369475 26.336 18.087070634537135 0.027387034966705165 20.335057677546207 g
2459250.856713 1852.7877730715786 32.7243448242617 26.2778 18.108235809855017 0.01917587199790332 20.74319758846402 g
2459250.9039699 3173.2086832988225 40.8674747108468 26.3077 17.553953414907355 0.013982634526084853 20.53183048278335 r
2459252.870162 3211.5084001408413 26.5344623905733 26.3323 17.56552734422898 0.008970384700280413 21.025349256907333 r
2459252.878044 1774.2562669975969 22.8048387219531 26.3001 18.17755913022209 0.013954699702045926 21.157607476122898 g
2459254.8988079 3063.562770526626 21.6897820157593 26.2678 17.55223304203167 0.007686670095700984 21.179737020815182 r
2459254.9414236 1217.4334299905831 23.0662115689954 25.9142 18.200586942384287 0.020570312333752835 20.759334311243204 g
2459256.9192593 3096.6103491556373 24.3197792220387 26.3123 17.585083597730026 0.008526737730682545 21.099975919060917 r
2459258.842037 3089.8116261545274 36.7489128897528 26.2887 17.563869992550682 0.012912856688956361 20.628163748498174 r
2459258.8774421 1308.1623833326846 28.6250050485254 25.9754 18.183745858285942 0.023757117906118844 20.586111059301313 g
2459262.8383912 3060.327117348147 32.5026201636724 26.2854 17.570980373611157 0.011530824437577502 20.758179057731446 r
2459262.914919 845.2245083710524 30.2325182218148 25.5426 18.22516979627603 0.038833995829916104 20.093989180900387 g
2459264.8752778 3242.2178803671995 26.5576864424409 26.3507 17.573594508680436 0.008893196334878182 21.04279939158463 r
2459266.8582986 3034.0102869127827 61.2830013720838 26.2961 17.591057377642265 0.02192970632850858 20.08032492170864 r
2459268.8520602 3128.1502311350073 41.8999611368692 26.3333 17.59508099470006 0.014542392290984432 20.530340938787838 r
2459268.9351042 1807.7485204445297 47.6700061478004 26.3256 18.182754963107868 0.02862971541082503 20.382561969319504 g
2459270.8887037 3112.57145673484 77.4542406720061 26.3695 17.636701673708863 0.027016911986275028 19.899461987503756 r
2459271.7976157 3149.772239554682 100.366988909777 26.3148 17.56910212241552 0.03459565694653242 19.56339775125443 r
2459271.8802546 1660.4105297174438 156.381060557956 26.3147 18.2641613028693 0.10225357790080099 19.08181460381515 g
2459275.7253009 1603.0314281147232 108.39194642144 26.1667 18.154344907584687 0.07341162136051109 19.331782451427618 g
2459275.72625 1637.3238166257488 99.0604614897757 26.16 18.124663552132503 0.06568642192055325 19.422824121947855 g
2459275.8795139 3108.45105620256 67.1733768508995 26.3239 17.592539915953083 0.023461889516162023 20.008482036350948 r
2459275.880463 3162.0859157804225 59.9666468834718 26.317 17.567065835501587 0.02058950650153882 20.124800575783134 r
2459276.8563542 3083.2408274100294 51.7050689599533 26.3027 17.58018137961215 0.018206879226160412 20.271442184934582 r
2459278.7978009 1680.8553451953633 29.3996247891069 26.2711 18.207274151092918 0.018989839146344535 20.852820519682304 g
2459278.9013079 3030.2783567441293 48.4925471612429 26.3078 17.604093690092853 0.01737409975416557 20.346187497059496 r
2459278.9022454 3108.521869773921 53.604534611914 26.3053 17.57391518209655 0.018722224152274577 20.234871164478783 r
2459281.7535995 2957.3766473365163 29.4497260520027 26.2694 17.592133402040275 0.01081146278863583 20.849271841068358 r
2459291.7895949 1865.4020911565203 26.9627646666723 26.2828 18.105868851798213 0.015692849138202167 20.958463936237536 g
2459293.7533565 3190.127873422321 28.2779015026272 26.2958 17.53627977072017 0.009623851732459375 20.91975704562331 r
2459293.7939005 1864.5870772321055 24.1703876771816 26.3052 18.128743325100544 0.014073780850219562 21.09956594850383 g
2459296.8587153 3124.200140573733 49.1252698904467 26.249 17.512152880998837 0.017071667345314 20.27331261573383 r
2459298.8053356 2679.2803170895245 74.6131536349308 26.0787 17.508654615945446 0.030234798645272776 19.64923649797487 r
2459298.8952199 1824.0516827904034 69.7292464682953 26.1897 18.037107151268057 0.04150378172114944 19.833737559133084 g
2459302.8996181 3178.1102414456495 105.813078761973 26.2707 17.515277605438705 0.03614766351201752 19.461926611899102 r
2459304.8028125 3097.489317880418 71.1645912212178 26.2586 17.5310754566845 0.024943878334904725 19.880515091525453 r
2459304.80375 2982.3936903654553 70.4130579929013 26.2532 17.566787570326383 0.025632919392853618 19.8866419745295 r
2459304.8262847 1977.7671074912935 78.0486613843673 26.2737 18.033262125484978 0.042844999971959855 19.795361342008132 g
2459304.8462963 1900.5358658406205 105.25538473531 26.2737 18.07650982555775 0.06012818450894169 19.47066418154837 g
2459305.7752546 1814.397386249656 41.9502158246682 26.2627 18.115868971036214 0.025102190769236126 20.45843949035892 g
2459305.7959028 1127.1438883212772 86.49020396754 25.249 17.619051598715433 0.0833100506692297 18.65915768592454 r
2459306.7698727 3094.838540066992 26.0227576240042 26.2751 17.548505008763982 0.00912904101025244 20.98929169735178 r
2459306.833669 1870.0971449387155 37.0719660294003 26.2441 18.064439582034403 0.021522429263662077 20.57406094295044 g
2459307.7530208 3254.966951221006 27.9397331329798 26.3052 17.52383354152996 0.009319347543942709 20.942219355099994 r
2459307.7548958 3205.751583448061 25.9752006231247 26.2949 17.53007533636275 0.008797086917818378 21.011077712717857 r
2459307.8121065 1851.4729705531652 24.6662114409209 26.2938 18.125006559462076 0.0144642164305573 21.06611886418441 g
2459308.836169 1882.708558089738 28.3280329320046 26.2902 18.103242258122854 0.01633590351630592 20.912233942590206 g
2459309.7084838 1723.138033681429 25.342607265112 26.1564 18.06559982892051 0.015967652138086885 20.899346755747 g
2459309.7528125 2829.7105838708653 34.5683494915752 26.1452 17.51584495205091 0.013263143325301966 20.55107837887881 r
2459309.7706597 3302.993636698383 27.4566708364748 26.3042 17.506930657467983 0.00902505751024031 20.96015529611057 r
2459310.7528472 1801.0382748858271 25.1128927890077 26.2508 18.111992644110135 0.015138527637761653 21.003633132711997 g
2459310.8156134 3065.9376279217036 24.7922225014224 26.2349 17.518491711216306 0.008779342320815698 21.00168633693999 r
2459311.7325694 1570.819053078584 26.2246887243816 26.085 18.094684599105165 0.01812566793881174 20.790799134134737 g
2459311.8094097 3203.7223597292473 28.520353592493 26.3022 17.538062819220848 0.009665178320254483 20.916887725278 r
2459313.7140972 2917.55208050701 30.6876689891847 26.166 17.503453456822648 0.011419711217551917 20.701165236602865 r
2459313.7546991 1773.7481764451552 28.3691557292837 26.2054 18.083170095059167 0.0173645801497097 20.825858960876637 g
2459315.7331713 3154.891797382917 25.0891505853356 26.2613 17.51383882766241 0.008633985740206596 21.01516009377958 r
2459315.774919 297.75057788590055 31.7429678533199 24.2685 18.083868467371868 0.11574567022857613 18.766956165937135 g
2459317.70875 3181.654541434384 25.8875218399299 26.2929 17.536267442689585 0.0088337945228148 21.01274879342771 r
2459321.7528125 1869.605530599626 25.1875081131994 26.2486 18.069225039749156 0.01462665632451893 20.99821198071824 g
2459321.7913079 3271.2627551539913 25.6911183063058 26.2878 17.501011427420323 0.008526629999748578 21.0159174665549 r
2459323.7555208 1956.3906732470589 35.8467158157598 26.2496 18.02096104067344 0.019893153189376116 20.616051556962695 g
2459323.8165162 3195.244396096626 34.8778252932189 26.2637 17.50243979539394 0.01185100425091322 20.65990149436577 r
2459325.755 3342.2692814765924 41.9560798795208 26.2842 17.47409640649249 0.01362897842422538 20.4797877301932 r
2459325.8247106 1995.3705858433832 53.9919138665434 26.2371 17.98704108523068 0.029377510774586103 20.158853183403355 g
2459334.6896296 1831.3404036209 28.7838530364101 26.2361 18.079177307359167 0.017064347611095217 20.840802667656043 g
2459334.7724537 3197.15343893474 40.4515444152851 26.2727 17.510791301028952 0.013736670013031393 20.507937220752027 r
2459336.7961227 3029.553763621883 32.9216145104063 26.2124 17.50895333985696 0.011798106144588358 20.67127217586473 r
2459338.7334144 3211.842960513975 29.103944917231 26.2824 17.5155142430487 0.009838013061379939 20.87509533974781 r
2459338.8112153 1797.5090404391945 31.9847713735096 26.1756 18.038922291718773 0.019318882686528593 20.665816862318408 g
2459340.7121296 1799.2085106045397 25.0496930413034 26.2346 18.096896258176493 0.01511578651092808 20.990168968171243 g
2459340.7529282 3166.387602473349 25.093748922873 26.2573 17.50588980887688 0.008604216105533634 21.010961118367284 r
2459342.7341204 1790.963594384933 22.2534212600731 26.2371 18.104383105336144 0.013490245998193377 21.12118301601945 g
2459342.7546412 3068.888176817546 29.4706904374058 26.233 17.51554733991414 0.010426032740323516 20.81209921268046 r
2459344.728831 3044.9098568237873 24.1239033191267 26.2361 17.52716389983022 0.00860167396249182 21.032556040936697 r
2459344.7553935 1710.384556773917 21.9578571199576 26.242 18.159265583510233 0.013938178628146461 21.140600102172378 g
2459347.6767824 1600.4871607136483 23.3049623937321 26.2225 18.211869513661508 0.015809060073679587 21.056453972995286 g
2459349.6756597 3085.2258866626394 26.2142441397826 26.2777 17.554482583339606 0.00922486907217957 20.98393163964823 r
2459349.7115741 1615.6591882668065 24.1038797257943 26.2347 18.21382561302657 0.016197464420926677 21.03205761011973 g
2459352.7377083 2722.9143372085987 44.7584251306742 26.189 17.601415053336467 0.017846401372358066 20.314387996546127 r
2459358.7556713 1624.2859041652023 103.615560975426 26.1836 18.156943811393422 0.0692583825683304 19.39761253262838 g
2459358.7946065 2714.453772441788 98.4871540635971 26.1622 17.577993875115055 0.03939190427643964 19.431326019086363 r
2459361.6898843 3305.1509565519523 45.4145116994906 26.3112 17.513221750354823 0.014918088765172541 20.420788366709836 r
2459361.7546296 1684.2149436102457 67.4395898825276 26.2409 18.174906208951235 0.043473763852557475 19.921187687738968 g
2459363.6899306 3181.8943982617534 29.7426068770999 26.2972 17.54048559488924 0.010148529223379636 20.866327412023743 r
2459363.7120833 1803.6073716858805 26.8417236289137 26.2867 18.14634499579452 0.016157651494111903 20.967248988128887 g
2459365.691875 1646.39519710051 25.1386338550062 26.2291 18.1877647737825 0.0165774382872632 20.980820807908565 g
2459367.6940625 2936.9478496997062 24.3680661722876 26.2275 17.55775941253938 0.009008130480068871 21.01302232582355 r
2459367.7465278 1576.3362686125663 27.7539162873087 26.1396 18.14547783002071 0.01911548158417526 20.783864304120186 g
2459369.6833681 3107.2320791317056 23.8672351354712 26.2858 17.554865770208117 0.00833946629239944 21.09386970986215 r
2459369.7277546 1605.890085725421 23.8936165653608 26.1914 18.17711045772507 0.016153844983290925 20.99827026406261 g
2459371.6859838 1743.7603888080293 27.9537853150313 26.2704 18.16668297994175 0.01740458431750204 20.90687342549834 g
2459373.7120949 2869.514497237495 34.1675965866249 26.247 17.602478941969032 0.012927538665447082 20.66553891221548 r
2459373.7566898 1495.0206688927215 33.5375585432305 26.1075 18.17088200777362 0.02435533372080635 20.54624637969498 g
2459375.7564352 1548.7125061956388 44.3955827184061 26.1286 18.153672986526697 0.031122809407522583 20.262825587322546 g
2459377.6871528 1694.1678099673031 29.5775153138256 26.2579 18.185508935820096 0.01895462078035836 20.833070769437985 g
2459377.7119676 3043.625849694471 30.8445525201587 26.269 17.56052184016771 0.01100264366413432 20.798628804001538 r
2459379.7133449 3023.6789137753367 30.1042228753354 26.2859 17.584560821765745 0.010809399975258127 20.841906437648802 r
2459385.6888889 1618.740876902646 77.2418680468237 26.1694 18.146456665544022 0.05180662163724434 19.702343068215185 g
2459385.7151389 2935.0153133051977 72.2198519680333 26.2111 17.542074071248244 0.02671505423710898 19.81703350440829 r
2459387.6921296 2578.489346207898 83.8454532356415 26.1504 17.621986646674465 0.03530400802772848 19.594276197422182 r
2459518.0355671 3047.6484673590076 54.47936908812 26.2251 17.515187820931715 0.019407832514957944 20.137094815463414 r
2459518.0379398 3248.524774055135 54.4026050702372 26.2354 17.45618454212154 0.018182071073149238 20.14892574816171 r
2459518.0403125 3164.205387717805 60.7448078343985 26.2348 17.484138335804502 0.020842717138969794 20.028602082876553 r
2459518.0426736 3245.082463905382 68.6836172649302 26.2404 17.46233565612358 0.022979324591582702 19.90084209046723 r
2459518.0450347 3379.476956592033 91.7226973996567 26.2894 17.467276276261046 0.02946708435829376 19.63578294399555 r
2459519.0361921 2815.496022869843 53.9773439972963 26.2134 17.58951270450207 0.020814521456198044 20.135446211899595 r
2459519.0385648 3137.209984751418 57.3185965367431 26.2357 17.49434102859295 0.0198363515870529 20.092536119102185 r
2459519.0409375 3086.0295203418646 60.1439870462428 26.2308 17.507299809696875 0.021159333151444446 20.03539445208046 r
2459519.0432986 3223.8302637218235 67.0926253886254 26.2366 17.465669580217565 0.022595005761977052 19.922488022904314 r
2459519.0456713 3152.4513567221193 77.7274436860827 26.2294 17.482779014995963 0.026769226884352727 19.75553902719342 r
2459526.0295718 2948.340008757171 53.7516851113557 26.1808 17.506856085434556 0.01979358023567944 20.107394779407517 r
2459526.032037 2824.5436205092988 49.1148589550439 26.1347 17.50732928474947 0.018878802926001977 20.159242736147295 r
2459526.0345023 8.362670939178244 48.5600907322714 22.5871 20.28123747958254 6.304408112129753 16.623976265342446 r
2459526.0369676 3270.1202076812046 56.0565439802432 26.2618 17.475390706596155 0.018611117003098004 20.142809191764854 r
2459526.0394329 3267.552012423482 50.4223864522428 26.2586 17.473043726638075 0.016753699639075588 20.254616497544635 r
2459527.0292593 3100.0663604036163 54.2404112024926 26.2343 17.505872523762186 0.01899598511655058 20.15106755589626 r
2459527.031794 3152.064710218354 50.1726306850981 26.262 17.51551218813841 0.01728150597867565 20.263407807047557 r
2459527.0343171 3243.9950956965276 43.6664838562088 26.2649 17.487199527577566 0.014614295066468538 20.41710443226279 r
2459527.0368519 3278.2858866615306 52.818609239074 26.2565 17.467382939920448 0.017492423184989694 20.20210758500558 r
2459527.0393981 3290.5144591562694 43.7821915827561 26.2668 17.47364049121483 0.014445864314356096 20.41613124657837 r
2459528.0307176 3185.758192476754 42.747972506716 26.2379 17.479867978476587 0.01456842325953784 20.41318618565306 r
2459528.0333218 3303.1844886525982 41.213923764675 26.2588 17.461467923804868 0.013546308777188517 20.473765080595008 r
2459528.0359259 3305.032033623201 38.5055771416201 26.2578 17.459860817028023 0.012649046870758135 20.546565896141164 r
2459528.0385301 3326.9894305779335 40.3989725893491 26.2596 17.45447144706823 0.013183439699908267 20.496249188044953 r
2459528.0411343 3230.5474819320148 47.2480196685563 26.2597 17.48650967851161 0.015878786874685875 20.32631596313362 r
2459529.0311343 3286.7780529816587 53.5925778985335 26.2457 17.453774054079293 0.017702887413299433 20.175513369447874 r
2459529.03375 3232.9151867302444 62.8739690022393 26.2443 17.470314221627774 0.02111477233486331 20.000697797590824 r
2459529.0363542 3288.835411136064 64.8297696455186 26.2529 17.46029465030367 0.02140139961574611 19.976038793006232 r
2459529.0389468 3368.7506638838167 75.1262430747718 26.2765 17.45782782970558 0.02421211013944391 19.839595811373474 r
2459529.0453009 3239.852426852004 62.2306143372429 26.2771 17.5007869279275 0.020853967738151836 20.044664768317062 r
2459537.0038542 3180.9860790126722 74.7712618477689 26.2231 17.4666955787415 0.025520123940095778 19.79133821438895 r
2459537.0323148 2037.5286707134965 75.1509080398858 26.2596 17.986840678623267 0.040044266385872544 19.82233940794614 g
2459538.9857755 2856.375638246638 73.7618182832915 26.1314 17.491861699093448 0.028036650725437495 19.714395954516906 r
2459550.9989352 1490.6233385023547 25.6897236505356 25.9056 17.972180208395976 0.018711187626653712 20.633776407911466 g
2459551.0265278 3266.593083794278 32.7658458172949 26.3029 17.517662404452125 0.01089020820509318 20.766921530881667 r
2459623.8318056 1799.9818091254738 56.6101383896706 26.2731 18.134929709792218 0.03414569354982909 20.143439447744406 g
2459625.7914699 3307.1648603710346 82.4825076284014 26.2865 17.487860388006915 0.027077954173142897 19.74817034948056 r
2459625.8402778 1878.6326325620594 84.8861382329107 26.3121 18.12749534518472 0.049057425428506 19.74258304801606 g
2459630.9185532 2039.8539882407704 67.1102225764807 26.3162 18.04220229512493 0.03571901178776185 20.001803291181318 g
2459630.9828704 3549.887539257953 57.3775197264453 26.3263 17.45076351303363 0.017548379343877298 20.182020561783034 r
2459637.8193519 3244.9887771261133 41.6916592526387 26.2929 17.514867002198034 0.01394908813542275 20.495352040146948 r
2459639.8323264 1963.455348632736 35.4946746109178 26.2861 18.05354742666752 0.019626913467580828 20.66326699107021 g
2459639.9434606 3304.719002459816 50.41336125827 26.2995 17.501663655778135 0.01656231173584305 20.295710852822396 r
2459641.798044 2335.783713441442 31.1560489196319 25.9466 17.525518435157302 0.014481701416697705 20.46531904647254 r
2459671.8994329 1831.4499947487866 23.0931391287481 26.2347 18.077712336644296 0.01368982021019956 21.07856755902924 g
2459674.8958565 1808.843622234054 37.0146455612095 26.1867 18.043197442629904 0.02221684627230049 20.51834100142984 g
2459676.8375463 3022.5088701646328 49.104429391619 26.2003 17.49938103985044 0.017638551706740526 20.225073317224464 r
2459678.8171181 1792.0851487675434 29.5047307327709 26.2328 18.099403398010978 0.017874868378100987 20.810645850365468 g
2459680.7454051 2905.8978630692222 73.9420521490406 26.2122 17.553999136042144 0.027626189839109652 19.792546240194334 r
2459680.8336343 1801.1616014862454 75.7998770782054 26.2757 18.13681830056467 0.04569047356766897 19.829103735775742 g
2459685.7524884 3184.1002571478684 94.885192057001 26.294 17.536533165432186 0.032353520522799904 19.603578886693505 r
2459685.8773843 1892.717559729571 186.127331378698 26.233 18.040285471697192 0.10676629623847583 18.811049612547315 g
2459688.7753588 1824.1558628031732 54.4047061724862 26.3045 18.15184514163166 0.0323805606176108 20.21798381636952 g
2459688.8361574 1908.6504844535468 97.2529004343039 25.7811 17.57928398280131 0.0553204868369359 19.063918583090278 r
2459690.7503472 3131.643272451266 38.1163104125302 26.2678 17.528369286418233 0.013214429171714682 20.56759785138938 r
2459690.775463 1771.8518683480886 29.5228174785687 26.2712 18.150131472838197 0.018090069214626407 20.848380485262272 g
2459694.7498958 2968.8200775679725 29.9222021809213 26.2111 17.52964030399501 0.010942574510759473 20.77369110643394 r
2459696.7106481 1738.0110667152126 26.6964781155625 26.2397 18.139568656314975 0.016676744380486466 20.92614006008028 g
2459696.7554051 3085.668848940846 27.4317561041968 26.2574 17.534026709611652 0.009651929309442699 20.91434096213278 r
2459699.7361806 1718.2444044069437 25.5478405767085 26.222 18.134287654323693 0.01614280858007858 20.95618949562042 g
2459699.759375 3070.1952886364993 27.7257368496333 26.2424 17.52448499772416 0.00980453348002347 20.887767246788894 r
2459701.7559838 1675.8924256392293 28.754988620969 26.2074 18.14678465467407 0.018628457691058656 20.813191988977074 g
2459703.7569676 1677.7232215794236 30.0165922145972 26.2192 18.157399210757795 0.019424547355736423 20.778371526087696 g
2459708.7352778 2954.5267721935716 66.8326111657126 26.2828 17.606580175859747 0.024558980688722042 19.97290391555516 r
2459708.7704398 3199.3395267411333 72.8049392750544 26.2931 17.53044917099509 0.02470645016268142 19.890272879231254 r
2459713.6931597 1699.603520554466 81.3601838580532 26.2413 18.16543094496273 0.05197256333398942 19.71784518581965 g
2459713.734294 3137.5020325294863 74.1688793006769 26.2694 17.52793996041786 0.02566537054697132 19.8464206970912 r
2459715.7339005 1712.7500733379522 51.5788337564731 26.2799 18.195665013031494 0.03269545316688674 20.251296193843523 g
2459718.7323611 2956.1907879197493 28.9075404667516 26.2439 17.567068851718965 0.01061667494973745 20.84394713348362 r
2459722.7200116 1731.854847536421 29.8396422536398 26.2448 18.14852127611372 0.018706475107230617 20.81039095893129 g
2459722.7556134 1638.8062960915486 28.8009403169176 26.1809 18.144580940524715 0.0190804617828553 20.78495832116969 g
2459724.753669 2966.8936442620825 30.201405330258 26.2148 17.534045054445492 0.01105185075659039 20.767307109169707 r
2459726.7493634 1822.311010198833 25.1085203548186 26.2437 18.092143752152822 0.01495920311991759 20.99672218793035 g
2459731.7328935 3061.2683410726972 34.3793142953757 26.2468 17.53204649964333 0.012192861706925748 20.658631963365583 r
2459733.7118866 3110.5343595297195 32.2518596290558 26.2921 17.560012492496945 0.011257179619954406 20.773288086820642 r
2459735.7355324 3152.6233968777683 32.5591405244253 26.2487 17.502019764239073 0.01121271221370026 20.7195926588156 r
2459740.7579745 1647.19811661322 73.9584107840572 26.1136 18.071735407392246 0.048747412820837645 19.693706062955968 g
2459742.7349421 2741.4733018429206 95.5990014624322 26.2021 17.607139947968264 0.037859874768063545 19.50354159899325 r
2459747.7557407 1583.9471287569208 46.4349568346675 26.0898 18.09044829751079 0.03182835570715273 20.17526237373562 g
2459749.7353935 1675.0648266954659 40.8847151569482 26.1363 18.076220951670344 0.026499592456649856 20.35997254821728 g
2459879.0356366 2612.58972903432 82.4647549224366 26.1714 17.62872196210148 0.034269439026074225 19.633304057580645 r
2459879.0380208 2660.960364301466 91.4307530646752 26.1904 17.627803985824983 0.03730471522012936 19.540244247093213 r
2459879.0404051 2657.02675207383 108.728495756772 26.183 17.62201018226603 0.044428053933213564 19.34471653998196 r
2459879.0427894 2659.5442879306306 150.60091355857 26.1927 17.630681933039135 0.061479484508890514 19.000705973305642 r
2459879.0451736 2681.167692396269 181.765447166399 26.2391 17.668290056049127 0.07360328357984433 18.842896666136156 r
2459880.0376505 2754.1963633679375 93.4684531428345 26.1858 17.585812748717146 0.03684512147604587 19.511712350689912 r
2459880.0424306 2605.58018803963 128.124023676191 26.1879 17.64813889165157 0.053387054884654686 19.171398566597613 r
2459880.0448148 2684.586545250303 183.3435941886 26.2169 17.64470647690618 0.07414778285421364 18.811310637112733 r
2459881.0363773 2749.562351095264 82.5935507757744 26.1823 17.584141068724506 0.03261312406373992 19.642509646035812 r
2459881.0388194 2798.5770281769633 75.4280739230341 26.2042 17.586856837623145 0.02926210678988673 19.762942444093806 r
2459881.0412616 2807.4151999561354 103.648587169624 26.1951 17.57433338263271 0.04008358688512445 19.408766522617768 r
2459881.0437037 2870.9946304945 137.553915286235 26.189 17.543919049365485 0.052017612377262656 19.09539259789264 r
2459881.0461574 2680.1472434828843 188.546054366383 26.231 17.660603364484466 0.0763780615872306 18.795031367868532 r
2459882.0374653 2556.431719453885 54.4305230211835 26.178 17.65891450622921 0.023116290724448953 20.09096872051211 r
2459882.0398495 2701.0696391071683 67.5561944381375 26.2094 17.63056054666753 0.027154338873591626 19.887812046661907 r
2459882.0422454 2685.5868193218566 87.5471102394483 26.207 17.63440200810676 0.035392599078576906 19.603970450569147 r
2459882.0446412 2886.1938774842674 102.854815958638 26.2042 17.55338624730114 0.038690912123903916 19.426213410597565 r
2459882.047037 3070.1965406029076 160.831625335569 26.2431 17.52518455498197 0.056874175095167484 18.97974636198667 r
2459883.0375116 2560.200702572113 77.7176018291094 26.1277 17.607014968944064 0.032957572514175734 19.65397651192852 r
2459883.0398727 2435.972336549942 82.0972713982801 26.1383 17.671619119892576 0.036590320103286327 19.60505318151247 r
2459883.0422454 2633.459728902586 96.1042274656515 26.1644 17.613083296312684 0.03962101968536216 19.46011875920233 r
2459883.0446181 2607.8590551935513 123.880626402428 26.1561 17.61538971065339 0.051573797984697425 19.176166507408723 r
2459883.0469792 2914.7067164556684 128.225793580248 26.2022 17.540712845686866 0.047762865232410995 19.184836500251116 r
2459884.0376968 2683.9388099634402 52.5625676240793 26.2076 17.635668474236518 0.021262474188165358 20.158483559456204 r
2459884.0400694 2780.4119312213793 57.0075704490974 26.2013 17.59102714131694 0.02226041348103288 20.06404365761236 r
2459884.0424306 2790.8442875470982 63.0367351102027 26.2218 17.6074609846881 0.02452268068645951 19.97539071052053 r
2459884.0448032 2619.5452210591934 72.1260573533804 26.2034 17.657835249876356 0.029893456253029357 19.810744506961136 r
2459884.0471644 2824.2163642511796 102.537779264464 26.241 17.61375508721551 0.039418108455350466 19.46636522072592 r
2459890.029456 2731.2800433996626 54.2070051675819 26.2236 17.63268442132046 0.02154760572892009 20.14103645413139 r
2459890.0319213 2894.4908206361156 49.0376412819445 26.2348 17.580869558457145 0.018393620998979947 20.261051058205826 r
2459890.0343866 2784.927702875065 53.2361970045699 26.2322 17.62016518672829 0.020754053697046537 20.169257430329605 r
2459890.0368403 2731.410222224133 51.3477848229516 26.2372 17.646232673974016 0.02041007591195285 20.213470707686973 r
2459890.0393056 2727.500126094361 59.347523075075 26.2348 17.645388051654656 0.02362368572824762 20.053868494213745 r
2459894.0292593 2813.9693993137957 97.2969950131793 26.2446 17.621301574095238 0.037539621970149574 19.52692642058946 r
2459894.031875 2773.5363305575374 110.938550214562 26.2399 17.632315352309156 0.04342686361845416 19.379768774006934 r
2459894.0344792 2744.942352578854 101.064410042526 26.259 17.662666929692094 0.03997374658163005 19.500079376229422 r
2459894.0370833 2946.7470076642117 93.0011734727098 26.2639 17.59054287202418 0.034265369160197325 19.595253918057175 r
2459894.0396875 2826.136110399818 99.0950237088069 26.248 17.62001731448821 0.03806874935879543 19.51044537439149 r
2459906.9689699 2385.754863003384 50.5602925835555 26.1807 17.736635455639714 0.023008780369355306 20.173751042990748 r
2459910.0190162 1525.5173369131032 41.2650872345586 26.2853 18.326757131012783 0.02936807345711094 20.498918070293456 g
2459914.9779514 1253.0125499160492 33.8175267909661 26.1862 18.441311447949595 0.02930193224274714 20.615920382270552 g
2459915.0316319 2715.289225666723 39.6370922823794 26.2733 17.68875975918317 0.015848768773577916 20.530620519684575 r
2459923.9643403 1535.9931260955377 77.3151343923247 26.2165 18.25052681965687 0.05464936006785609 19.748413701333014 g
2459923.9986343 2933.2991347525835 48.206454840482 26.3032 17.634809114669324 0.017842622117953844 20.34801200383702 r
2459932.041875 1462.5613491123233 39.8447202822366 26.1342 18.22141476948686 0.029577844947618673 20.38584803331146 g
2459934.0004167 1629.067897811934 41.9076552542345 25.6238 17.59395203595902 0.02792955491335512 19.820641582639304 r
2459951.9332755 2975.114039505398 83.8994881506969 26.2992 17.615440956537157 0.030617204273741035 19.742376710866687 r
2459951.9660301 1282.5072448374024 98.8784319117766 26.1172 18.347050432238184 0.08370503477368357 19.382021063079414 g
2459965.9234028 2909.58699117109 57.8147999732627 26.2973 17.63772163422351 0.02157334649949991 20.144777420619082 r
2459968.9140394 1547.7373538667214 35.5402540890328 26.2885 18.31425683950124 0.024930621315084986 20.66427366817172 g
2459968.9421644 2858.5272503204674 37.862886075996 26.3113 17.67094415825922 0.01438073938532519 20.618340702339047 r
2459970.8939583 1573.7929461238725 67.9422482921515 26.2875 18.295131013917697 0.04687077747582107 19.9597252038906 g
2459972.9411574 1181.8449367602968 33.76075946915 26.0342 18.35279875264497 0.031014268805968057 20.465744469694222 g
2459979.8265046 1334.5616746655226 90.7423482964267 26.1939 18.38055337794336 0.07382121741966104 19.551949954000936 g
2459979.9326389 2914.207709278166 55.2052199108486 26.2851 17.623798743135616 0.02056693044438285 20.182724628564422 r
2459987.8635532 2702.9553250386266 49.1172754638767 26.2707 17.691102830860054 0.019729007533770052 20.295189317963015 r
2459993.8605324 1409.1805776427407 42.3033727038295 25.5459 17.67348337803424 0.03259253815531347 19.732537505221693 r
2459993.8796412 57.44275155792107 32.2536807619312 23.1665 18.76841191295718 0.609612531668496 17.64762678139214 g
2459996.8654051 242.43641880800647 39.8695478831475 23.5794 17.617905349678995 0.1785473005646613 17.83037171207868 r
2460016.7065046 876.7203808214717 26.7779898889155 25.6521 18.294947243579312 0.03316093050689069 20.3352300560619 g
2460016.8507755 929.3760544296787 51.7923956961003 25.0766 17.656121303505117 0.06050403788567895 19.043509988911357 r
2460031.7894444 1441.1398250392542 36.9299997051272 26.1778 18.281034700468524 0.02782165892803947 20.511926728701724 g
