jd flux fluxerr zpdiff mag mag_error limitingmag filter
2458202.8355903 1109.616148861167 33.5392016056368 26.3165 18.70356807839889 0.0328163132995245 20.75519318892257 g
2458205.805544 1258.9089396827596 71.2269882694051 26.342 18.59201420615118 0.06142711257859546 19.962963536119354 g
2458205.8185417 1187.6610247139934 63.2797789814695 26.3165 18.629768738670847 0.057847192600031745 20.06591260510151 g
2458210.7996296 1144.4100231329176 96.892733750036 26.1979 18.55144586787767 0.09192198504556093 19.484746965794844 g
2458210.821169 1003.7599968721864 122.403894275992 26.1016 18.597525290921247 0.13239609909695033 19.134686901423876 g
2458214.7821759 669.6901833627593 36.6976819878214 25.7232 18.658515167780614 0.05949418749743809 20.064178406982837 g
2458214.8280324 1737.481915614612 151.465064800521 26.275 18.17519926754916 0.09464594674400113 19.076793801683653 r
2458217.8025463 1660.520072648785 32.8096150712763 26.275 18.224389675520936 0.02145195331849441 20.737572151186395 r
2458218.7573611 1660.416900717139 28.7215330624022 26.275 18.22445713690454 0.0187802041959354 20.882055945605792 r
2458219.8139815 841.9889646224314 54.0468761539411 25.5846 18.271334001164742 0.06969057304289829 19.50524849590249 r
2458221.7578704 1236.8877315691416 46.3431743548638 26.032 18.301174295334498 0.04067853784372592 20.11961054362255 r
2458222.7604167 1660.974636570208 56.9396065480197 26.275 18.224092498163657 0.03721870850288082 20.1390388345305 r
2458224.7350579 1627.293323881932 27.5785888627128 26.2492 18.220535393224004 0.018399924272300233 20.90034488793382 r
2458224.7758681 1774.5204978876322 66.449917949956 26.275 18.15229744913406 0.04065587070092872 19.971338866591495 r
2458224.8009375 1650.8235930604906 70.7808070371701 26.275 18.23074833236945 0.04655053545593453 19.902786213857205 r
2458226.7408102 1656.5526067907872 25.3835555879041 26.275 18.226986919412532 0.016636312175546876 21.01619385019546 r
2458227.7731713 1032.0282457825651 41.6742091289113 25.7784 18.244171040639184 0.04384152181508381 19.981306572241508 r
2458227.795081 1183.792275574703 27.7661031390894 26.2873 18.604111245481764 0.025465327659343246 20.931087657802347 g
2458230.7334028 1732.272481679508 75.5955856465652 26.275 18.178459484055516 0.04737945571755644 19.831333899392106 r
2458230.8346065 1293.985096505188 22.8775940827656 26.3127 18.53287681408103 0.01919512362448529 21.166749114067166 g
2458231.773912 1793.8179871886068 37.9452767321076 26.2988 18.164354063722868 0.022966202391925084 20.6034806780308 r
2458232.8185069 1554.467697280021 27.7106435713197 25.7664 17.787445746031388 0.019354178782888035 20.41235845851643 i
2458234.7499421 1162.2247808405766 86.9674527627144 26.1519 18.488674672037504 0.08124122374691543 19.55608311422908 g
2458236.7316667 1206.8824848851962 114.844321140383 26.2774 18.573237538614407 0.1033128585621777 19.37970117684456 g
2458236.8254514 990.8027202500692 147.625695608032 26.2599 18.769932024321342 0.16176501582594355 19.0895700966362 g
2458242.7303356 1245.7486624429723 19.7842406651117 26.3153 18.576723926143714 0.017242442827904755 21.327076523274037 g
2458242.7720486 1819.528604050871 30.5504136119751 26.2991 18.14920278165382 0.018229218262728684 20.839132253189586 r
2458243.8390972 1579.5185020497393 28.4112179240956 25.781 17.78468820630426 0.01952877364852751 20.399850360820867 i
2458245.6910069 1438.5476375395751 151.217284969104 26.275 18.380189379658308 0.11412663856704548 19.078571398521238 r
2458247.6561111 1534.0552331473184 31.4136346841156 25.7648 17.8001975086937 0.02223243494732048 20.274579516841612 i
2458248.7108681 1168.8515989456973 21.0956097176997 26.3138 18.64440156180924 0.019594877135100382 21.255894783826356 g
2458248.7531481 1706.8286256835988 36.681125812129 26.3138 18.23332520520416 0.023332569945783713 20.655268347885546 r
2458254.6550116 1470.1858609166486 33.5733111218393 25.7503 17.831869395666843 0.024793153610016574 20.187889551512747 i
2458255.7329514 1647.1899743436727 26.7045062156456 26.275 18.23314077431113 0.017601541321837395 20.961113609207114 r
2458257.7090625 1650.0497359895799 27.4512246619562 26.2765 18.23275741258601 0.018062361373375028 20.93267067893732 r
2458258.6867477 1210.9615263307667 24.8646919616648 26.2593 18.551474136708173 0.022292695082210063 21.022917280890645 g
2458258.7100694 1690.6242965849824 26.4511465473917 26.2449 18.174782234773563 0.016986630243344316 20.941363735054864 r
2458261.7573611 1583.5371939968923 46.1574978817162 25.7156 17.716529328744212 0.03164636463239122 19.807569343081063 i
2458262.7647222 1189.4855393555954 65.7549809315825 26.2431 18.554702083344303 0.06001769709289178 19.95085334875857 g
2458262.7656597 1228.2864599387242 68.2181672449571 26.2378 18.514550838967615 0.06029901541171821 19.905624870570257 g
2458266.713125 1570.6972102286218 49.2880086627664 25.7118 17.721568819069326 0.034068941268047825 19.732521808869627 i
2458267.6889699 1316.675381887142 99.1733407949407 26.2617 18.46300321110079 0.08177603802901223 19.523287630893158 g
2458267.6898843 1260.8500029173247 95.8710411265753 26.2666 18.51494144054592 0.08255318960248116 19.564956379945478 g
2458267.7915625 1832.7989292149555 66.5212059871867 26.2903 18.13251294387141 0.03940534457384453 19.98547470390547 r
2458269.6893403 1813.5703565267727 46.2328004440812 26.3175 18.171163978815642 0.027677421645923315 20.407699487633977 r
2458269.7324769 1375.7410374394406 50.7222989863218 26.3041 18.457758269530743 0.04002875433006316 20.293677664907243 g
2458270.668125 1809.5971126311442 30.3692915813755 26.275 18.131045263431275 0.018220597081942933 20.82148833582855 r
2458270.6690394 1807.806068369733 29.0561610819941 26.275 18.132120400296337 0.017450032190216735 20.869479402919666 r
2458270.7393634 1173.5902900727667 37.8570403254852 26.2385 18.564708730924167 0.03502192292237767 20.545708344947478 g
2458270.7403356 1284.9046455239184 45.3569884627163 26.233 18.460822751764333 0.038325087037016564 20.343964460947117 g
2458272.6877315 1828.6955955528836 24.0641599068361 26.3003 18.14494645278536 0.01428693680587826 21.099448227117765 r
2458274.6942708 1728.9635872523731 23.2350630146056 26.275 18.180535382665234 0.014590421742222076 21.112215352550066 r
2458274.728831 1221.5495107266736 21.8635685157089 26.2867 18.569422314768463 0.019432103348299288 21.189972369577028 g
2458274.8648264 1391.7509379127723 42.5373891874186 25.5798 17.720896193365466 0.03318326733807804 19.76044791230789 i
2458277.7151042 1136.1402828883013 21.5994199534637 26.2211 18.582520103950497 0.020640488324082298 21.13756976804101 g
2458277.7558333 1661.1127179356183 28.2995924951133 26.275 18.22400224169433 0.018496557903745672 20.898124534483312 r
2458278.6722917 1533.3297588535684 28.2728433340107 25.7691 17.805011088647365 0.020019063629656487 20.39325127248371 i
2458280.7065278 1727.798628143802 25.4389042023794 26.275 18.18126718789238 0.01598509099535217 21.013828989516732 r
2458280.7339931 1220.2082780638145 23.5393345712102 26.2961 18.580015082547654 0.020944502674998533 21.11918953491947 g
2458282.6870949 1598.3718157271253 21.1981237353019 25.7706 17.76140546753701 0.01439890438067282 20.707431432058065 i
2458283.6935995 1767.5189389396633 26.4246667109182 26.275 18.156589810117723 0.016231373829156598 20.972551193300404 r
2458283.7488889 1205.835828757769 23.6608703851931 26.2736 18.570379540435617 0.021303569163032835 21.09109819796802 g
2458286.6747685 1630.3042605195153 29.6118462402491 25.7471 17.716428341239293 0.019719988619052994 20.321011275063924 i
2458286.7149884 1249.7362433841386 22.5142051062173 26.2783 18.536254087739174 0.019559065053302398 21.149733443588307 g
2458286.7818866 1747.330123601901 29.6575353725441 26.275 18.16906258969744 0.018427648970874812 20.847237346516906 r
2458289.67625 1302.1995935087266 40.5430822162873 26.2771 18.490406111393373 0.033802517357281105 20.50988308395061 g
2458289.7170602 1748.0272206441857 54.4746911462227 26.253 18.14662952181194 0.0338342398098689 20.165088047617843 r
2458292.6767014 1650.8797785146132 35.8731967969326 25.763 17.71871138018153 0.02359198426760848 20.128649789078267 i
2458292.7348032 1834.6034739005697 44.4682531014763 26.2674 18.108544471180913 0.026315867749681053 20.39984981694817 r
2458295.6741551 1160.034519347131 70.1520218081603 26.2983 18.637122718012613 0.06565671004340877 19.935774508964464 g
2458295.7338426 1669.808474144245 46.8352112070369 26.2565 18.199833348167537 0.030451988712980632 20.332643781521643 r
2458298.6758218 1217.166362415109 85.3495508136666 26.3048 18.591425145753792 0.07613093015036444 19.729371889641428 g
2458298.756169 1747.4241595228218 57.1048680837219 26.2297 18.12370416029403 0.035480083607993144 20.090592157609244 r
2458301.6756019 1778.8089215935552 39.9984135404477 26.2776 18.152276752547955 0.024413121079896773 20.525068073608352 r
2458301.7567824 1130.8767539517064 48.8210928350481 26.1532 18.519661807746573 0.04687076669123511 20.184256247538602 g
2458304.6787037 1770.225901000414 28.6109117150123 26.2403 18.12022827294033 0.017547402753193355 20.851545746037033 r
2458304.6950926 1137.9315555960918 25.6559145072536 26.1882 18.547909647841973 0.024478296821581612 20.917806239832355 g
2458307.6743287 1606.396589913076 35.4525106634045 26.1542 18.139568066155142 0.023960951529000105 20.532657498355682 r
2458307.7279282 1011.8461904104618 25.5118630269497 25.9912 18.47841374772458 0.027373952633179686 20.726919552868672 g
2458320.6699769 1199.6990698859684 72.3559168580427 26.1758 18.478119194626537 0.06548043664003492 19.77968986151992 g
2458336.6768519 1177.4856987019925 32.9544319835607 26.1114 18.43401089736078 0.030385614741641972 20.569190413263716 g
2458438.0190509 896.4504448317412 46.0669995080874 26.0603 18.678984282351433 0.05579219872585151 20.15440017371803 g
2458438.054537 1742.202713098174 72.0816606802675 26.2504 18.147653285694616 0.04491960574518776 19.858413029805124 r
2458443.0074884 475.4916007407357 27.8092170533678 25.1448 18.45194287549238 0.06349737178912657 19.78690308461809 g
2458443.0084028 182.45046847364245 26.3306649433601 24.3854 18.732537542926238 0.15668473294786794 19.08682042233044 g
2458449.0129861 1775.2339464920206 60.2203035181711 26.2332 18.11006101500737 0.0368296154199146 20.036417638952464 r
2458449.0139005 1680.4514438733336 57.6346642082189 26.2196 18.156035079546108 0.03723639570723584 20.07046557113121 r
2458449.0585069 1799.659683710495 62.0281671387101 26.2823 18.144324030936225 0.03742039768521644 20.053402618034763 r
2458449.0594213 1838.9015333596715 57.4982493201431 26.2778 18.11640381266261 0.03394735833018063 20.131238434921794 r
2458450.0261921 1836.4950441106992 42.6417057024858 26.2758 18.115825598215423 0.02520894354147695 20.453788567924562 r
2458451.0164468 1219.6407398397027 60.4436880909175 26.1971 18.481520193154164 0.05380577248422683 19.996297599633976 g
2458465.0153588 1292.2241082935175 28.7643459320252 26.244 18.465655402085055 0.02416720921546703 20.84943873136165 g
2458466.0176968 1830.971800115643 31.2822364213916 26.2852 18.128495861185243 0.018549233844322333 20.799530504249407 r
2458466.0186111 1833.4772090159954 28.5764470417571 26.2845 18.12631121038622 0.016921643967358974 20.89705441105959 r
2458466.0490972 1373.58590082836 24.0905633487794 26.3043 18.459660439099267 0.019041491771280256 21.102257599333708 g
2458467.9821644 114.86495814059566 31.0986915768827 23.9885 18.838031103372654 0.2939438623543859 18.509219696085907 g
2458468.0492708 1839.0237574385005 23.6025601588624 26.2753 18.11383165072509 0.01393418625552142 21.09547720603946 r
2458469.0277431 1922.7471825882815 27.9862527186834 26.3323 18.12249454086637 0.01580274039760788 20.967513110317412 r
2458469.0286574 1944.9846402422963 30.3760899961481 26.3235 18.101209559990096 0.01695608295637214 20.869745312082788 r
2458472.0462963 1832.811745061196 29.6771275722675 26.3188 18.161005351887706 0.01757979644774429 20.890320330179815 r
2458473.0253472 1318.711725938707 28.1505138477775 26.3036 18.503225330158305 0.02317641701621798 20.93245917243332 g
2458474.9960995 1901.3675955223741 69.9321101896993 26.3144 18.11673477980678 0.03993193752315797 19.955283406157122 r
2458474.9970139 1900.0151217769746 77.5497679021073 26.2861 18.089207356462452 0.044313217324593944 19.81472373326961 r
2458476.9736921 1902.8178896981728 46.6566696338106 26.2986 18.100106935330416 0.02662112149337799 20.378890650405157 r
2458481.041412 1305.1140900785867 54.7459291782732 26.2853 18.496178804098175 0.045542114486919846 20.191995411025296 g
2458483.0282986 1330.821774249773 44.045605947621 26.2761 18.4658002550822 0.03593292152458955 20.418918516477426 g
2458487.0042708 1940.660916154909 27.3940766456655 26.3211 18.101225851260345 0.015325577367285407 20.979533322820878 r
2458487.0051852 1896.2785759350045 27.5092244817618 26.3399 18.14514465390805 0.015750199047163883 20.993779120968266 r
2458487.0582176 1419.0927779393276 39.3792839044313 26.3425 18.462473025398033 0.030127761341386367 20.606905453127386 g
2458488.0195139 1347.9964223661589 23.7293781551583 26.3177 18.49347815108316 0.019112058040801922 21.132059095715416 g
2458488.031169 1907.952705650722 26.5659745671951 26.3356 18.134180986985314 0.015117082568232057 21.027360607810422 r
2458492.0026389 1261.781520770515 28.4237513799547 26.3036 18.551139593193216 0.024457218912488247 20.921971499754022 g
2458492.0036111 1189.0018465824699 31.2666921052521 26.2245 18.53654367724647 0.028550205970027213 20.739370146655947 g
2458492.0470486 1778.5278310561725 31.5012319613312 26.2728 18.147648336064 0.019229886057002106 20.77955614249978 r
2458492.047963 1757.133201944654 37.5899050866882 26.2679 18.155888287387505 0.02322610483226351 20.58279691632126 r
2458492.9829861 1316.7401857611585 30.3559513256581 25.9226 18.123849774861473 0.02502958192562151 20.469565369699566 r
2458493.0240046 1259.2306151617138 21.4440435286985 26.2039 18.453636815078944 0.018488907257165167 21.128208288867253 g
2458493.9769097 1872.3414450624725 26.3703712485756 26.3239 18.14293737325678 0.015291181071742635 21.023684379307305 r
2458494.0040741 1951.1276544843863 24.3243551767848 26.3384 18.112685788809294 0.013535225311751426 21.125871648605077 r
2458494.0431829 1354.1701995698588 20.185638194217 26.3051 18.475916869244088 0.016183746617982504 21.29506877734238 g
2458495.0060417 1346.6834101456302 20.257359193776 26.2989 18.47573622484817 0.016331540665748785 21.28501791699458 g
2458495.0069676 1393.0097690176212 20.6621694813953 26.3209 18.46101459477001 0.01610391966006888 21.285535190352363 g
2458495.0480556 1895.1697696391604 26.9739513855712 26.3314 18.137279699444242 0.015452768131105545 21.006613563030406 r
2458495.0489699 1870.2455677737978 24.5783678251498 26.321 18.141253414504785 0.014268037528103157 21.097192390837826 r
2458502.9633912 1355.1493382605374 65.0565307359779 26.2566 18.42663210660728 0.052121100919190144 19.97594773921289 g
2458502.964375 1217.129266546007 65.840245337681 26.2498 18.536458236498937 0.05873061829001566 19.95614638790965 g
2458503.0427778 1616.5463485777318 49.2861759317131 26.1751 18.15362959765428 0.03310143334655393 20.19586218176171 r
2458503.0436921 1582.6193494208164 47.2914975490918 26.1944 18.195958822012052 0.03244265837381505 20.26001732227484 r
2458503.9763889 1310.6783818391864 83.4121567894034 25.972 18.17825965927269 0.06909443222766651 19.421501611912102 r
2458504.0039005 743.2541419821516 103.045023727706 25.4212 18.243356654735813 0.15052184164465374 18.64120743021056 r
2458504.0409375 1093.736757853876 86.8813399965553 26.1146 18.517317980125913 0.08624293748648271 19.519858712788874 g
2458505.9650579 1212.3148591624254 102.214063112031 26.3178 18.60876142930593 0.09153876774009238 19.54659835847481 g
2458505.9659722 1212.8695910642298 96.6972589965039 26.3227 18.613164730986618 0.08655853429418255 19.611739580052884 g
2458506.0239468 1770.433317863688 83.6963202124833 26.3254 18.2052010649916 0.051325906453421964 19.771209078541908 r
2458506.0409028 1804.514820647544 79.0068196716181 26.3089 18.167998866722442 0.0475350510486219 19.817313538847674 r
2458507.0045023 1291.4231569766257 104.957865362066 26.326 18.548328575921552 0.08823812226688883 19.526037515609737 g
2458507.019537 1163.7318158549028 117.971288916868 26.3564 18.691767730301635 0.11006094929436315 19.429534178144014 g
2458507.0487731 1782.0651858048416 77.8525696241897 26.3127 18.18539103509471 0.047430663880462146 19.837092610188336 r
2458507.9874653 1310.0960767436238 82.5578583909077 26.3164 18.523142134773625 0.06841717065346882 19.777078942849965 g
2458508.0231019 1227.8215283062245 96.255626211421 26.3224 18.599561890203624 0.08511394446870768 19.616409679782304 g
2458509.9995602 1790.305621792582 57.6091696796748 26.2928 18.160482061477204 0.034936088430866416 20.14414594968477 r
2458510.0338194 1353.0538129108625 76.9116119355075 26.3289 18.500612326345014 0.06171442427610347 19.8664952053649 g
2458510.0347338 1225.5324255025673 88.1895768721734 26.2988 18.57798798391727 0.07812720546406964 19.687831841931157 g
2458511.9457523 1254.07724065281 34.2156851745094 26.2736 18.527789284448616 0.029621755494603736 20.69061188607214 g
2458512.0266204 923.0626814059857 46.8428322051385 25.6435 18.230422017033153 0.05509621821960604 19.719467125535413 r
2458512.9606944 532.3018155445155 32.5265155469422 25.1347 18.319305131394994 0.06634213316216257 19.60668113588836 r
2458513.8849769 63.25798670685843 21.7200444652195 23.4047 18.901911585904347 0.37278221302183984 18.31512321414927 g
2458513.9533912 256.40196834504167 24.0527314743368 24.251 18.22869661287809 0.10184808927264408 19.050663982097163 r
2458513.9580324 627.173734690396 21.0579671267274 25.2621 18.268630344231703 0.036453431712624364 20.206133880708876 r
2458522.935162 1343.0019275705054 35.4679846509336 26.2813 18.46110841000239 0.028672774137546448 20.65928370953951 g
2458522.9598264 1246.7933657842157 27.6270315872804 26.286 18.5465137931996 0.024057449307523467 20.935239428562436 g
2458522.9607407 1245.939359251244 27.618958480718 26.2873 18.548557736454256 0.024066904219588802 20.93685674622228 g
2458523.0255903 1870.8614118856524 28.3445102831724 26.324 18.143895956533974 0.016448912046041587 20.945402594278995 r
2458523.027419 1874.2983992084828 27.012122962174 26.2947 18.112603164339504 0.01564695456839591 20.968378194136946 r
2458524.924213 1292.8384009744045 28.8877438160176 26.284 18.50513939149411 0.02425935324740655 20.884790929159763 g
2458526.9558681 1000.111104427271 31.642479167684 25.9989 18.498779376601576 0.03435042314826412 20.500798732037 g
2458526.9567824 1034.7053417926882 42.5454612202544 26.0323 18.49525827202215 0.04464228160531241 20.21274189903306 g
2458526.9822222 1435.8264976202647 43.3676582250339 25.9716 18.078845090482503 0.032792448539539186 20.131260059993014 r
2458526.9831366 1322.2381987985732 44.4178577168645 25.9883 18.185025751109997 0.03647184612199077 20.121980967664175 r
2458538.8999421 490.70977299411425 83.7944904896197 25.5039 18.776838231269693 0.18539610036597196 18.948436327686185 g
2458538.9008565 602.7862211570215 82.6568992636855 25.4298 18.479391709008418 0.1488763219542913 18.889177215622528 g
2458538.9604398 796.7146964574977 95.0298681704852 25.4724 18.21914292905945 0.12949921512863646 18.780324672177063 r
2458538.9627431 1106.4262336895915 68.3952827575941 25.83 18.220193838818716 0.06711406167792719 19.495009615817036 r
2458539.836794 1001.7795883988956 44.978961270118 25.6696 18.167669553636713 0.04874690881755338 19.789651434769347 r
2458539.8803819 1047.7147531636717 40.9323056523057 26.1678 18.617192351561002 0.0424163200074419 20.39020946801396 g
2458540.8137616 1095.0066904350892 40.2423782168132 25.8284 18.229858068246497 0.03990034984410358 20.069265893041333 r
2458543.8590278 1640.9600172088458 26.029641621993 26.2268 18.189055001537152 0.017221858919552878 20.94070451727933 r
2458543.8735648 1436.048545053839 24.2469777762244 26.0824 18.189477196730373 0.018331513835181584 20.873330953144638 r
2458543.8806134 196.52099797426155 28.0569812419332 24.4766 18.7430775977361 0.15500361207384278 19.10907263466159 g
2458547.8382986 1193.0066734056402 24.5932196619305 26.2537 18.56209281744791 0.02238114771875987 21.029236517061342 g
2458547.8545718 1082.7007711968379 25.4911522921561 26.2552 18.668928884692853 0.025561766260682156 20.991801320179402 g
2458558.8374537 1770.202939444536 45.2913340388915 26.2735 18.153442356088817 0.027778058814801325 20.386037207037642 r
2458561.8187847 1291.180618638692 92.4889753633179 26.2888 18.511332503955572 0.07777012689194743 19.626150068777896 g
2458561.8392361 1676.2562915136602 71.4158447464168 26.2606 18.199748947735966 0.04625556547272942 19.87868854506553 r
2458561.9431597 1408.1562131864912 62.7593891872415 25.6189 17.747272910637975 0.048388004258703765 19.377278218870053 i
2458562.8045139 841.7871423542559 174.334548584338 26.1596 18.846594280121817 0.2248490264043041 18.80871633531627 g
2458567.7936921 1119.2183703563092 42.8810681423535 26.1886 18.566312925349497 0.041596865200963284 20.360511002056825 g
2458567.810706 1168.6829443198374 48.9690481303729 26.2053 18.53605823494525 0.0454919752303631 20.233070833655162 g
2458567.8372454 1611.0952262076385 30.6864617535759 25.7263 17.708496972983184 0.020679281388152747 20.261507949693623 i
2458567.8590625 1691.0470908890825 40.2762228195598 26.235 18.164610745895477 0.02585847274791488 20.474953152078907 r
2458567.8599653 1653.2875772076713 37.5186723556528 26.2493 18.203428993821447 0.024638195519094255 20.566256334323054 r
2458568.7543287 1080.6966707299655 25.0889354586872 26.1497 18.565440466120393 0.0252050903507437 20.903569403452757 g
2458568.7951852 1478.4929857822715 24.2105853607168 26.1297 18.205151828746384 0.017778530421787963 20.9222617644346 r
2458572.7983565 976.2243358279225 28.8468526453764 25.7593 18.28542592556464 0.03208179387427781 20.361628898923644 r
2458572.8126157 1255.6916933498605 29.4644830379184 25.909 18.16179244670624 0.025475671618825524 20.488327924941352 r
2458572.8183333 915.0865866180018 23.953002322507 25.9304 18.526744526278478 0.028418922320409698 20.734575097666806 g
2458572.8332407 788.7205333854113 25.4086908045632 25.7942 18.551892131737716 0.03497590646981947 20.534319268191034 g
2458573.7749074 1736.503674691055 24.6202225063101 26.2442 18.145010733306947 0.01539310049537125 21.018545055240146 r
2458573.8154051 1175.2522419632007 23.5884452593852 26.2359 18.560572279148854 0.02179104544853649 21.056726696666335 g
2458573.8530903 1473.0829566811212 40.3903704666279 25.6918 17.771231987926722 0.029768741140293115 19.928680397651526 i
2458574.8519329 494.05807542199983 25.0758536431991 25.2485 18.51405499432618 0.05510456291432369 20.002935673191974 g
2458575.7949074 727.1536888089192 20.1564748195737 25.7578 18.603734470969606 0.030095267408265593 20.749338538311918 g
2458575.7958102 1051.796999242443 18.3650089671439 26.0884 18.533570181387475 0.01895697577573346 21.18099712732052 g
2458575.8722454 441.17861656505903 30.8208828336851 24.819 18.207463863725884 0.07584735804528132 19.349462302919505 r
2458575.8731597 543.6950332910563 30.4575490566197 25.0361 18.197711585760114 0.06082042135019807 19.579437608207186 r
2458580.7796759 1765.6002320624204 25.9580659028892 26.2895 18.172269056911794 0.01596209132678141 21.00639416242486 r
2458580.7805787 1782.4934299173365 25.3874336705881 26.2895 18.161930155591932 0.015463247310502427 21.0305279848127 r
2458580.7975347 1278.8486035685817 22.9181847013841 26.2906 18.523552166024896 0.019456777808459592 21.142724451274294 g
2458580.7984375 1287.4179583508067 24.1707919523553 26.2883 18.514001092844673 0.02038361252649347 21.082647788574917 g
2458581.7552083 1789.7171136828356 23.7763878218087 26.2804 18.148439022655673 0.014423522053168642 21.092610299136048 r
2458581.7769213 1561.4191469169696 29.7094981496338 25.7133 17.729501248496277 0.02065787537237921 20.283636699661358 i
2458581.7982407 1208.2869373494482 21.9538368146998 26.2349 18.52947479899362 0.019726506918965547 21.133698909851773 g
2458582.7909838 1742.4027207252414 22.9904531332602 26.2727 18.169828648615155 0.014325468314461298 21.121406161320042 r
2458582.8319907 1267.321874969028 19.9680307879127 26.2594 18.5021826720068 0.017106381144858435 21.261136895099355 g
2458583.7767477 1622.335678194135 32.4764852568074 26.227 18.201648201908434 0.021733923821834658 20.70065243436345 r
2458583.777662 1685.3866562107446 52.3613296169166 26.2339 18.167151122152084 0.03373035816772117 20.18894832389601 r
2458584.7917245 1192.2775855596028 28.6990839568303 26.2391 18.54815655141804 0.02613367543708891 20.847004902276446 g
2458584.8150926 1689.3909853450602 29.235803770397 26.2306 18.16127456889791 0.018788612244806564 20.81838739352577 r
2458585.7542824 1216.1997506265652 27.227217995588 26.2757 18.563187724931126 0.02430570353478595 20.940766817768218 g
2458585.8158218 1623.8270372634245 28.6789350592985 26.2303 18.20395057930496 0.01917489922224349 20.838967437784312 r
2458586.732662 1713.5531162426344 33.1474855996672 26.2351 18.150356072214926 0.02100210654366599 20.686548512632648 r
2458586.7498264 1692.1461323786434 29.6210656822731 26.2266 18.155505335888435 0.019005209063142375 20.800173291272515 r
2458586.7579514 1205.5701350405775 34.1468496216524 26.237 18.534018797776465 0.030751619965254193 20.656198384199882 g
2458586.7588542 1192.2628115179036 31.9221376575426 26.2324 18.541470005341473 0.02906898086561141 20.724745073989684 g
2458586.7952199 1567.2795995871434 30.9092573720778 25.6974 17.70953379835327 0.0214117383635344 20.224753562160302 i
2458587.8096759 1663.9422986623224 38.2129281008757 26.2276 18.174754345063725 0.02493342231426753 20.524649196212778 r
2458587.8321528 1253.758889001742 36.766820375091 26.2695 18.523964937160677 0.03183844775211866 20.60843480578921 g
2458589.7570833 1571.401880281625 75.2158426382455 26.1995 18.20878182882507 0.051967508361201536 19.76130167605468 r
2458589.7579861 1598.509105239788 75.0147959546557 26.1909 18.18161221402009 0.05094970288314534 19.755607658423845 r
2458592.6910764 1148.2282354470738 99.8039375459609 26.104 18.4539294446027 0.09436898662525911 19.358705799750407 g
2458592.7021759 1127.7560267645815 101.01413735101 26.2816 18.65106210835083 0.0972471406219187 19.523219590746198 g
2458594.7280671 1337.2730750356 67.3749710797009 26.2548 18.439249748726933 0.05470012629939771 19.936128509718568 g
2458594.7952778 1589.0310717273273 47.9923954206286 25.7035 17.70066902641549 0.03279063866985074 19.753143921163762 i
2458594.8071991 1540.9713748562158 56.8078395111497 25.6875 17.718013571694307 0.04002428102404569 19.5540543073868 i
2458594.8373958 1710.4494500844296 80.1366068074251 26.2431 18.160324390621867 0.05086634627321305 19.736097615842688 r
2458596.7120833 1215.5888283145257 28.4543372342078 26.2593 18.54733324972894 0.025413917284855207 20.87650380325345 g
2458596.7273611 1155.5836853994936 57.8275460763051 26.2578 18.60079649545094 0.05433043713605198 20.105038080860396 g
2458596.755544 1771.906248668114 35.3406527271179 26.2526 18.131498150765793 0.021654275836925873 20.634488572952982 r
2458596.7564468 1691.0079092335825 35.1280403340337 26.255 18.184635902755396 0.022553716740417822 20.643440182275548 r
2458597.8317708 1757.194682164341 23.1682965750111 26.2988 18.186750299298403 0.014314759683034969 21.139139729379494 r
2458598.7546991 1198.2956350555125 20.2721653185894 26.2255 18.529090056632427 0.018367328764719148 21.210824641145894 g
2458598.7983565 1714.2524445880815 22.4427354505103 26.2541 18.168913056354942 0.014213821281423908 21.128985513820457 r
2458600.7135764 1260.5151633176731 62.1147760864578 26.2723 18.520929814069227 0.05350035791681438 20.04188767915803 g
2458600.7144792 1195.5432754194335 24.3030919651481 26.2699 18.575986747457492 0.022070189753109787 21.05832116339689 g
2458601.7375347 1224.2909644684344 20.7853656241752 26.2529 18.533188389205634 0.018432441399226587 21.211080818285406 g
2458605.7083333 1489.953814136149 25.8464468071253 25.6721 17.73916798429934 0.0188337967474284 20.39367286992 i
2458606.7052315 1683.6867147651878 22.1461832704739 26.2439 18.178246787296064 0.014280632475090108 21.133227765177587 r
2458609.7107639 1234.7882627628255 19.1001884983593 26.2389 18.509918768353792 0.016794032854077923 21.288880855936796 g
2458612.7501852 1713.4482108041345 19.6462182326271 26.2391 18.154422544107888 0.012448522809541444 21.258477579323756 r
2458612.7536806 1225.4016713896162 17.496067962506 26.2061 18.485403829116592 0.015501432249028781 21.351323846595715 g
2458616.651875 1644.088617704931 48.7674559405204 26.1829 18.14308694335395 0.03220436316172193 20.21514973847364 r
2458616.6935069 1519.7302635588985 37.1275751954228 25.6329 17.678483720011986 0.026524054535358214 19.961233523287873 i
2458616.7251273 1142.3081188656859 49.9084529541238 26.178 18.533541841200897 0.04743519412791938 20.185139719268264 g
2458619.7312037 1236.8517476895158 144.165174078474 26.1316 18.400805882331614 0.12654720324354518 18.987024087373293 g
2458628.6697569 1474.9850026378438 24.4506153327304 25.6721 17.750130988714105 0.017997493546897645 20.453950506150257 i
2458628.6899306 1123.251311480602 31.9824538420269 26.1437 18.517507664157716 0.030913251363595903 20.633995534726942 g
2458628.6908333 1193.2057718614813 29.5388604035696 26.1496 18.457811636260335 0.026877460280906644 20.726190648144303 g
2458628.8260532 1596.597985016715 26.3844967424625 26.1655 18.157511057912757 0.017941678733229542 20.864702951997423 r
2458628.8270255 1565.4849445818825 26.7655469004265 26.1435 18.15687776169616 0.0185625255422398 20.82713468478653 r
2458633.703044 1790.0930038896045 24.5500106880207 26.2431 18.11091101189834 0.01488969933186099 21.02054577532945 r
2458633.7039468 1746.7905320656932 23.72030099553 26.2419 18.13629792675591 0.014743113337345706 21.05667450004023 r
2458633.7476273 1208.3724947685714 20.7936340976148 26.2002 18.494697921973767 0.018682689847309128 21.157948995434936 g
2458633.7485532 1276.1147280881805 21.9249452690249 26.2236 18.458875697391814 0.018653427121119684 21.123828694371504 g
2458634.7386574 1211.6639612586223 20.2703575201057 26.1766 18.468144523044863 0.01816306159400691 21.162021467496526 g
2458634.7835648 1700.1392594535412 23.2565394767659 26.1835 18.107288759590787 0.014851503939765781 21.019712256381013 r
2458635.6924306 1256.7465583700505 22.6280403039851 26.2093 18.461180738559726 0.019548303669038387 21.075257630125805 g
2458635.7339468 1848.6718313036877 20.7729483030406 26.2574 18.090250440467592 0.012199671997331523 21.21622963842507 r
2458636.7046528 1784.0094665869613 21.9731121267665 26.2554 18.126907113583076 0.013372242851194269 21.15324605944826 r
2458636.7055556 1760.7080407615485 21.0785569309603 26.2292 18.11498163109011 0.012997605923379148 21.172172801363402 r
2458636.7482639 1270.8499290677266 21.0855136494858 26.2141 18.45386432744226 0.018013568436078292 21.156714526598467 g
2458636.8121991 1521.8837831072465 28.0743457063784 25.6567 17.70074627673607 0.02002801887485984 20.28850088042556 i
2458637.6922454 1707.912357530757 20.9168061679775 26.2238 18.142636047843176 0.013296570140991098 21.1751365594074 r
2458637.7372106 1281.2220230016846 21.6659649707382 26.238 18.46893901207583 0.018359611173105427 21.151129897537103 g
2458638.7066782 1307.034645165864 21.1908625680856 26.2137 18.422982251391133 0.0176023792293975 21.15090340189741 g
2458638.7281597 1684.2267987331961 22.3837293007203 26.2192 18.153198566523557 0.014429181936821679 21.096943876641973 r
2458640.6975116 1276.138217677899 21.3327361914436 26.1904 18.425655712305275 0.018149250106461595 21.12035858229516 g
2458640.7164699 1744.4625792667534 23.9634085823023 26.2163 18.112145855583048 0.014914090452282053 21.020003507538075 r
2458640.8122685 1443.4526567335893 26.5609966748219 25.608 17.709493639531825 0.019977984006147066 20.299964070490958 i
2458642.7242245 1879.175438447688 22.2029597467825 26.2847 18.09978168147697 0.012827835498421886 21.171247810238654 r
2458644.7497917 1588.343298606525 39.4118003586348 25.6807 17.678339062427963 0.026939636844824113 19.944209303673077 i
2458646.6894907 1226.453631536531 70.8995572090396 26.1095 18.38787216623568 0.06276278799502377 19.73546618195938 g
2458646.7264583 1648.413188146611 65.1379987607035 26.1167 18.07403479889024 0.04290206227603044 19.83468896022485 r
2458648.7912963 1473.0826106336767 52.096038625932 25.6426 17.72203224298112 0.03839612845055828 19.603163236971913 i
2458649.7171065 1758.192739098441 62.6935219196351 26.1953 18.08263379451698 0.03871381972777946 19.954818319694958 r
2458652.7751852 1693.3175659608155 51.6903669580642 26.1679 18.096053965904453 0.03314217754218288 20.13695095090088 r
2458653.7414236 1471.595798600052 41.5209752452048 25.6119 17.692428651870244 0.030632951566322356 19.8188061249734 i
2458655.7362963 1163.0160391959012 34.868908782184 26.1978 18.533835739648694 0.03255086171553686 20.594279098157024 g
2458658.6795139 1721.348483257352 24.5712030059065 26.233 18.14332799699487 0.015497707386380708 21.00950893902234 r
2458658.7062037 1286.697684800549 21.586911564457 26.2103 18.436608701203944 0.01821477582682052 21.12739870829642 g
2458661.7276042 1299.0417747730546 28.0303227243812 26.225 18.440942206494295 0.023426899713965936 20.858504744169593 g
2458666.7051273 1314.7485827223309 26.9966835591549 26.2156 18.41849322169167 0.02229346334755828 20.889898949172057 g
2458670.7071644 1245.2645895087933 33.5066387019373 26.1436 18.405445903438768 0.029213195288113867 20.583347832315695 g
2458674.7015972 1286.1676532872323 44.6311826332043 26.191 18.417756042464514 0.03767477347220184 20.31947900193372 g
2458674.7197801 1726.3205828802916 44.759859320916 26.1977 18.104896378377582 0.028149915923286126 20.32305320695471 r
2458677.6838194 1330.1354850484 48.1350233985312 26.2075 18.397760300942977 0.039289377278648965 20.25392202100332 g
2458677.6847222 1306.774516845507 47.4543845862612 26.2038 18.413298358014625 0.03942625501274209 20.265684125141778 g
2458677.6930787 1718.0322340335977 37.621714932369 26.2035 18.11592173029047 0.023774813471441683 20.517478518255267 r
2458677.6939815 1805.2445048729937 40.1843091285299 26.2297 18.08835992078674 0.02416742125683098 20.472133723933375 r
2458679.6735185 1488.7152033445568 62.0172081222836 26.2094 18.277370941055963 0.04522831681109633 19.980694460752133 g
2458679.7069907 1790.3709528465506 47.4467953497935 26.2331 18.1007424419868 0.028772241657165607 20.29515777754152 r
2458680.6743056 1225.3189035741032 92.3337225334699 26.2325 18.511877165926055 0.0818127609573157 19.571674126751542 g
2458680.6752083 1390.7228709012145 89.3601374240072 26.2319 18.373798507926434 0.06976105968428847 19.6066154191719 g
2458680.7382639 1799.9520321968268 72.7723366310437 26.1762 18.038047671172023 0.04389501745993442 19.77385918963025 r
2458680.7396296 1676.687033549018 67.3133289634078 26.1705 18.10936998553474 0.04358719295447769 19.852822316634963 r
2458681.7364699 1627.7935127310473 77.1408879924285 26.1468 18.117801716628428 0.051451158539675024 19.6811634045204 r
2458683.6724421 1325.63659510496 41.8618831868957 26.1977 18.391638788567498 0.03428499691683159 20.395728085431298 g
2458683.6774769 1311.7794056632774 34.2121043130784 26.1899 18.395247979013007 0.028315798748134786 20.60702552034069 g
2458685.6851505 1314.0242059361547 27.4755042800361 26.1715 18.37499158616496 0.022701374040201335 20.82671080884814 g
2458686.6723611 1183.2200723401493 36.5017559412122 26.1277 18.445036178763914 0.03349330978386358 20.474490596701223 g
2458686.6801157 1248.8242352331877 29.1559529908297 26.1316 18.390346704384612 0.025347536722197802 20.722356885837904 g
2458688.6967477 1081.6122524808757 31.9987991182083 26.0114 18.426221004239512 0.03211973248542044 20.501140789150952 g
2458692.7009028 1045.1297681894828 31.4902649142224 26.0191 18.471174455438153 0.03271266560189756 20.52623420369268 g
2458792.0336343 1372.9944693626478 47.4811002248915 26.0326 18.188428030415253 0.037545839888266 20.093873054646533 r
2458792.0384259 1415.6686138157438 56.2861593166476 26.054 18.176595990970352 0.04316679947107879 19.930570950139263 r
2458792.0432292 1450.055059486771 61.4589439693715 26.0794 18.175938767555152 0.04601616678691047 19.860512255078827 r
2458792.0480787 1531.17735306706 94.3520635100405 26.067 18.104436257419163 0.06690148280188452 19.382696482247162 r
2458794.0347917 1397.6567623664546 60.9294878429145 26.0261 18.162598674681547 0.04733003605194733 19.816606170220474 r
2458794.0491782 1542.8638170002537 91.0161273664071 26.0864 18.115581014614385 0.06404726612477941 19.44117910710251 r
2458796.0349653 1287.614750105051 59.7752415347843 26.0651 18.290635142383465 0.05040170573459225 19.876371640029735 r
2458796.0399884 1383.4264465603524 56.1607292444986 26.0805 18.22810981574223 0.04407440951584565 19.95949314302913 r
2458796.0450231 1445.303394083707 70.4421342034245 26.1043 18.204402443607975 0.052915550754064435 19.737293725594995 r
2458796.0500694 1379.8033261149872 73.5692904042183 26.1148 18.265257031225328 0.057888089614014614 19.700633571223698 r
2458798.0379282 1450.937859167713 41.3884372614253 26.0652 18.161077967869247 0.030969917871262465 20.27557741745332 r
2458798.042963 1476.0342905823472 65.8889770828547 26.1095 18.18675888264134 0.04846477000926044 19.815043076062857 r
2458798.0480093 1341.4816925035452 46.8645843901585 26.0935 18.27453812466039 0.03792886593736397 20.168963064360938 r
2458798.0530556 1357.889138371348 53.6009231401539 26.089 18.256839213870258 0.04285660781046058 20.01864431571056 r
2458800.0404167 1378.0665510393833 77.8084198534256 26.1309 18.28272452129004 0.061300814079805616 19.655908499962607 r
2458800.0453819 1567.6919408467588 65.2866623082076 26.1426 18.15444818565722 0.045214067522561595 19.85811382301639 r
2458800.0503472 1457.3938649555892 74.783671968988 26.1537 18.244757657532976 0.055710837412647166 19.721758024841208 r
2458800.0553241 1473.2644904097483 98.662691251526 26.147 18.226298196684958 0.07270797917758122 19.414192594991864 r
2458801.0320486 1522.2820051930823 80.7358241534354 26.1384 18.182162215900583 0.0575812392082155 19.623309281850112 r
2458805.0137153 898.961376678574 86.1218825508928 25.9823 18.59794741765164 0.10401172988206857 19.3970912027546 g
2458829.0519907 1372.319926856602 98.0937959949538 26.3364 18.492761576034805 0.07760612684220675 19.609871136621372 g
2458829.0693171 1917.967225010114 46.8006384604312 26.3381 18.130997046248723 0.026492346956670347 20.415045544618295 r
2458833.9923495 1795.9574731314979 94.979376239508 26.3117 18.175959878251668 0.057417344411519695 19.620201706404742 r
2458834.0450579 1153.1205580300987 117.048339851868 26.3405 18.68581321279069 0.11020476713576732 19.4221618434437 g
2458834.0666898 1330.929143993814 117.584421867732 26.3858 18.575412662199135 0.09591901071360866 19.46250051867498 g
2458838.0472685 1380.5842493862806 70.461101842517 26.3487 18.498542714091805 0.05541104666696549 19.98140141360581 g
2458839.0734838 542.505188918848 82.0064599112378 24.9846 18.14859025886888 0.1641171648571076 18.452554827917062 r
2458847.0475347 1357.8981401586777 24.2617752185598 26.3691 18.536932016276772 0.019398369123410312 21.159368552304052 g
2458847.0684144 1936.9534257524288 32.4766503462217 26.3694 18.15160205452888 0.018203793035031727 20.843046915197903 r
2458850.9878241 1885.021976717231 50.1917539488551 26.3265 18.138208955407556 0.02890851562228042 20.327494058283172 r
2458851.0397222 1362.465606121826 26.3359403397135 26.337 18.50118613044488 0.020986166768800097 21.038202914906 g
2458851.0760185 1434.513285067797 48.3438579073383 26.3618 18.47003856346493 0.03658866535175838 20.403521727258976 g
2458854.0056481 1358.5143822869375 22.983577054421 26.3596 18.526939398608803 0.01836805699913039 21.208630936318784 g
2458857.0627083 1329.834090419688 22.7196206474393 26.3507 18.54120634515696 0.01854869890509438 21.212272300094547 g
2458859.9817014 1885.0446629800545 50.4926529384532 26.3341 18.145795888637522 0.029081471846197145 20.32860451517115 r
2458867.9829282 1856.4072652069833 32.7074586762903 26.3447 18.173016851503654 0.019128608549637993 20.81065798575212 r
2458871.9773958 1206.7117892100157 29.4635446398719 26.3447 18.64069111080078 0.026508873702518906 20.92406250450472 g
2458871.9782986 1239.8408134835283 26.4099444203903 26.35 18.616585178754992 0.023126579110309863 21.048156271067217 g
2458875.9781134 1174.1620029883486 23.250070328886 26.326 18.65167994479517 0.021498397403277254 21.162514311858367 g
2458875.9790162 1151.672037689534 24.0948107737313 26.3272 18.673877943992167 0.02271457081611647 21.124966189257798 g
2458878.0255787 1255.1317736536253 24.8342151224335 26.3349 18.588176690305225 0.021481814040879194 21.099848892141246 g
2458884.0389583 1756.5905853649049 46.7561348012519 26.3163 18.204623623063426 0.0288986722214351 20.394278483997777 r
2458884.9603935 1293.7890607822703 40.2170023840384 26.3553 18.57564131304367 0.03374862318123941 20.59685074696582 g
2458884.9612963 1236.2156587674294 42.3817312616837 26.3495 18.619264399083388 0.03722153598724689 20.53412825581392 g
2458885.0171528 1669.8228770744015 40.3236418516023 26.3229 18.266223983192134 0.026217977103648198 20.561575617283204 r
2458885.0180556 1724.6400557381385 42.3804004919453 26.3314 18.239653828459815 0.026679422561835323 20.516062348040137 r
2458886.0296181 1785.7016458911512 30.610004566948 26.3367 18.207177752710315 0.018610769629296295 20.87461650317706 r
2458887.0480903 1771.8122473216458 35.1439264276438 26.3501 18.229055751653277 0.021534878190491633 20.73804928645825 r
2458887.9420833 1326.0546130090015 67.7382680188189 26.3816 18.575196473312214 0.055460338410309847 20.057089768924513 g
2458887.9429861 1116.8990404996487 88.6661994299636 26.351 18.73096520538359 0.08618943094269922 19.73417975577777 g
2458887.9831944 1753.1706529753355 54.9018316007727 26.377 18.267439519465604 0.033999495980496265 20.28060790577426 r
2458888.0177894 1742.4597952071185 47.378645884029 26.3471 18.24419308461166 0.0295209083031818 20.410718378875757 r
2458888.9779167 1920.714282784084 104.829903385476 26.3583 18.149643085293718 0.05925598988134646 19.559662025316623 r
2458889.0299884 1225.2599514379303 139.240357553922 26.381 18.66042940376241 0.12338055774930086 19.2741621645746 g
2458892.8813657 1140.9747034990773 71.0272835681495 26.3551 18.71190996049817 0.06758635536217414 19.979111975565914 g
2458893.0050231 1713.6750911441097 51.0774319027885 26.3555 18.27067878960715 0.032360141139610034 20.337502355508718 r
2458894.8708218 1108.6349529155048 34.2984077920757 26.3198 18.707828582852866 0.03358885739794521 20.734190090158386 g
2458894.9981481 1703.4181605815386 29.9984013413154 26.3703 18.29199681735008 0.019119946640199694 20.93012971128952 r
2458895.9009606 1042.573293990231 34.2793330749798 26.3221 18.776833509814516 0.03569731944414673 20.737094079476748 g
2458895.9136574 1077.761816039229 28.4132238705632 26.3261 18.744793017653514 0.028622499607230137 20.9448737061759 g
2458895.9406134 1613.7237461643895 26.0663269308813 26.3297 18.310127025622766 0.01753720933717666 21.042075394173146 r
2458895.9415162 1676.0092546178798 26.1151190793098 26.3485 18.287808969010207 0.016917081278808935 21.05884496299324 r
2458898.9002546 1000.1569740891006 19.8217885612023 26.366 18.865829580923595 0.021517138207727132 21.375717891131007 g
2458898.9011574 1006.4303702435175 19.0252241228475 26.3765 18.869540665860477 0.020523710771146196 21.43075053517989 g
2458899.9179977 1011.4585883052205 19.697997031222 26.3462 18.833829734132834 0.021143836855082584 21.362719820013904 g
2458899.9564815 1692.3192312200179 22.4432692221872 26.3591 18.28789427570075 0.014398381194877968 21.233959691284504 r
2458903.8573264 1006.3090023341025 22.3855719404335 26.3019 18.795071605350508 0.024151642685652463 21.179554501976988 g
2458903.874838 958.5674147590603 21.4798422474745 26.3213 18.86724334591029 0.024328664180541554 21.243797270439263 g
2458904.9964468 1612.851368928593 26.0456996103533 26.3356 18.316614132098458 0.017532809663512488 21.048834920519 r
2458911.9169676 987.1233688228854 31.812726075761 26.295 18.809071416576124 0.03498962519916889 20.791072774193104 g
2458911.9477315 1595.406455964234 45.4735503684668 26.2978 18.29062163716808 0.030945489439683706 20.405977830981698 r
2458911.9518056 1539.487535256053 29.6096973287011 26.2937 18.325259557729225 0.020881785434153546 20.867690069061137 r
2458913.0061458 969.7809861719758 22.1706452142165 26.2876 18.820915837624707 0.02482072741402077 21.17572915861816 g
2458913.9755556 1205.3600461351693 27.3551210342011 26.0193 18.316508020287493 0.024639488426764757 20.679278387467498 r
2458914.0056713 776.9980932095851 20.2821123160503 26.0444 18.818350117442925 0.02834021027075561 21.02919203072261 g
2458914.9035069 1375.131666279348 42.2407142894096 26.1495 18.303639292400742 0.03335007449002758 20.337746855418587 r
2458914.9062963 1587.9000998128733 35.8745074543571 26.3019 18.29984205997502 0.024528591406843204 20.667510121517253 r
2458914.9572801 1053.124281614965 42.4174871755141 26.3232 18.76700093425231 0.043729564145870745 20.506912646137415 g
2458914.958206 1106.8095707728598 48.9768414904327 26.2498 18.639617735239284 0.048042733104514526 20.27739805390454 g
2458915.934919 1175.5724390832409 63.8597198679668 26.1088 18.43317651093539 0.05897764829764116 19.84830746641615 r
2458915.9440162 1093.7403125068026 65.3013747010589 26.2616 18.664314451480582 0.06482133071464229 19.97686917920351 g
2458936.8088194 1034.4919563347503 21.1807595241172 26.2972 18.760382204576366 0.02222922128540244 21.23492116545146 g
2458936.8097222 1058.842536507736 19.8865007433554 26.3172 18.755121550653012 0.020390920380164775 21.32337906221219 g
2458936.9133333 1684.0211050569726 22.6948192780472 26.335 18.269131174976394 0.014631506230049445 21.197758167294396 r
2458936.9142477 1628.4690300566315 25.4498312248256 26.3092 18.27975124089546 0.016967397752619382 21.047562722710815 r
2458939.8129051 625.6949850626625 29.3550375848664 25.7262 18.735293314683176 0.05093658262691308 20.30956838724718 g
2458939.8349653 733.9522430080035 25.2994266479113 25.8991 18.734930494872152 0.037424216321030816 20.643898291602802 g
2458939.8358796 693.0949994966588 26.1124181118155 25.9021 18.80011808616333 0.0409038477619759 20.612557261537525 g
2458939.8594676 420.20457656565446 37.3262779267507 25.0614 18.502748054703876 0.0964414530567147 19.38393827555943 r
2458939.8737963 935.4229989815846 45.9750656164999 25.6854 18.257879891050614 0.05336102361624381 19.78166909479992 r
2458940.8944329 858.3834107738408 25.1096173032552 26.0986 18.764396710477463 0.03175913136714474 20.8515747550032 g
2458940.9138079 156.36667299581305 45.4160024762877 23.8221 18.33673951048466 0.3153367206951181 17.931652726917267 r
2458944.8387616 1742.8040998570864 56.1767167905813 26.3243 18.221178567699077 0.03499593639040413 20.20298410524454 r
2458944.8396644 1571.095099933531 50.5991099412373 26.3111 18.320593814729268 0.03496634523621487 20.303317795430463 r
2458944.9191551 1107.870516102835 85.2666252903642 26.3202 18.70897748852287 0.08356028410558 19.74582730246445 g
2458944.9325231 1066.511786653263 100.184108526339 26.2688 18.698885851356383 0.10198657716514181 19.51937789408101 g
2458954.7605903 1662.2124136205234 22.371595916612 26.3065 18.254783696613345 0.014612357294192788 21.184832573279586 r
2458954.7615046 1626.2379215705662 27.2978039458871 26.293 18.26503979004935 0.018224409448911995 20.955255713366228 r
2458954.794456 1004.0299503255544 20.1686012133214 26.2926 18.788233329862177 0.021809160503830565 21.283485541892958 g
2458954.7953588 1052.7617479970022 19.7492738725361 26.3 18.744174758735515 0.020367178693762252 21.313697158107935 g
2458954.8280787 1419.1942017752835 22.5615555467343 25.7449 17.864795429628785 0.017259851277892976 20.61405239027958 i
2458954.8289815 1494.016115014869 20.1104964267146 25.7842 17.84831179508286 0.014614277417125949 20.778218010987114 i
2458955.7650579 1632.376937683116 23.6953785435764 26.3232 18.291148873983186 0.015759884797977314 21.139115861343168 r
2458955.7659606 1717.4032478926645 22.9838573742942 26.341 18.25381930028515 0.014529828088942091 21.190017694185997 r
2458956.745463 1156.3546610555459 19.4205280072134 26.332 18.67427236176885 0.018233910380215754 21.363922405726655 g
2458962.7334259 1086.0067542170248 22.1775907291544 26.294 18.70441868431254 0.022171326431576877 21.18178907757863 g
2458962.7343287 1062.762592815496 21.3712906272358 26.2961 18.730009350792994 0.02183254321411565 21.224098113398643 g
2458963.7659722 1109.919157253051 20.9348719829987 26.2836 18.670371631496195 0.020478059472542016 21.233999215361862 g
2458966.7069329 626.9949765482979 30.0501265242506 25.2975 18.304339846751333 0.05203458335023155 19.855459226876434 r
2458966.768669 499.6079302101412 26.5836113919101 25.3754 18.628826691861793 0.057768952698683464 20.066440040020954 g
2458971.6915046 1812.323523901144 37.6852058082273 26.3706 18.225010680964644 0.02257589630460712 20.682747760650358 r
2458971.7960532 1208.2874549496114 46.7879500100781 26.3635 18.65807433389125 0.04204105332539448 20.440739946109762 g
2458972.8259144 1526.3158681103926 39.8508137908489 25.7877 17.8285889516969 0.028346706888587096 20.039182002855572 i
2458974.7079861 989.1851300462722 88.0801360003256 26.2934 18.80520605201469 0.09667412170973515 19.68378004781607 g
2458974.7519792 1803.2108412745076 79.3085173812602 26.3974 18.257283725555894 0.04775107566454908 19.901675411375287 r
2458977.6732639 800.5951935910073 78.4024196275951 25.9053 18.646767553823505 0.10632278044022989 19.42205132432713 g
2458977.7840509 1164.42429180598 110.037808019924 25.4117 17.746421857603746 0.10259838188530135 18.56042016278144 i
2458991.6682523 1243.4847346502938 24.0118930944574 26.3381 18.60149885469005 0.020965044126564213 21.139608986344935 g
2458991.7290856 1917.4855938051169 22.7460011865021 26.3914 18.184569725624044 0.01287901904867987 21.25171234549938 r
2458994.7315972 1053.2019774561234 18.4215903674292 26.3247 18.76842083537173 0.0189900143467506 21.413957186996516 g
2458997.7030556 1133.0418762232741 22.0416541392147 26.3217 18.68608509675235 0.021120687947309105 21.216164530432835 g
2458997.7504282 1775.037777888727 23.0497328875605 26.3886 18.265580998699654 0.01409834500862843 21.23451024685562 r
2459014.7764005 1565.6344707377496 30.9122916648098 25.7834 17.796674063344497 0.021436341424361557 20.3106469830943 i
2459019.6841319 1642.0762398244615 24.9198383826061 25.785 17.74651670731305 0.016476377817200304 20.54621193570195 i
2459021.742419 1818.9322765510483 26.1446570677777 26.311 18.161458676293613 0.015605448616431554 21.020117614953318 r
2459023.7559375 1722.574624079454 31.6878417891738 25.7971 17.70665488708652 0.019972133195037205 20.297443336511662 i
2459027.7563773 1629.7000115772682 46.0715152782841 26.1698 18.13953082841786 0.030692669682945196 20.2637937484037 r
2459029.7040741 1671.2977528763458 74.047136843286 25.7692 17.711565426865047 0.0481021268247368 19.34800431301626 i
2459031.7139352 1835.5374743449772 61.3757127945898 26.2891 18.129691861276314 0.03630305145628557 20.071683616924673 r
2459034.7530556 1662.1249676200193 54.1779390059682 25.7567 17.705040816741562 0.035389028818335416 19.674718789343984 i
2459036.7559838 1876.2413087158882 66.1178197884181 26.3033 18.120078266299362 0.03825953336109792 20.0050786780862 r
2459039.7132292 1946.764216034159 26.6656727012331 26.3517 18.128416613079924 0.014871303167214571 21.039393628643147 r
2459041.6870949 1519.5178106493515 21.1985259567603 25.7268 17.772535512699157 0.015146409913694472 20.663610831071765 i
2459042.7287847 1665.1229496917763 32.256735356376 26.2341 18.18048423362044 0.021032163170233185 20.715123961290164 r
2459045.6865162 1682.8103841735378 26.972828945145 25.7906 17.725512041828726 0.01740207967644916 20.465858743639934 i
2459045.7082176 1876.7813499826018 28.3043679444374 26.3499 18.16636580223362 0.016373805226464214 20.972841336057012 r
2459045.7376157 1159.6991768539099 32.1323171587941 26.1985 18.537636627742007 0.030081988015153556 20.683719876728993 g
2459049.7429861 1557.2628289622476 32.1474234261392 25.7067 17.725795206641756 0.022412695509478102 20.19140956285629 i
2459061.6906944 1516.2601446735948 42.9909836609527 25.7077 17.75576570107431 0.030783181319287492 19.876831533750753 i
2459072.656088 1751.3213221576295 55.4555150357501 26.2624 18.153985412008083 0.03437864423425024 20.155113131409976 r
2459072.6610069 1695.3071125420956 66.6756409231417 26.2531 18.17997903981644 0.04270007647269719 19.94575699150804 r
2459072.6659259 1605.4994236291461 45.617538337995 26.2312 18.2171746150206 0.030848320868037505 20.33594537487667 r
2459072.6708449 1651.5098678901506 48.7657874132512 26.2228 18.17809706756018 0.032058552252070736 20.25508688643269 r
2459074.6517593 1652.0341420276143 63.6404068474844 26.167 18.121952453766433 0.04182382673369645 19.910242620686013 r
2459074.6567361 1601.2918433477605 46.1435169846653 26.1718 18.160623771381058 0.03128599986215697 20.2640982574758 r
2459074.661713 1479.0365810281055 43.1044358454959 26.113 18.188052711150128 0.031641195760637925 20.27927007570171 r
2459074.6666782 1489.3602644509765 46.6303863838034 26.1092 18.17670059286228 0.03399218557476277 20.190102453973303 r
2459074.6716551 1467.8226100553522 44.7270721915572 26.064 18.147316066991834 0.03308314093658935 20.19014881307029 r
2459076.6490162 1326.0142340524587 62.8117343709789 26.113 18.306629534969026 0.05142833180467498 19.870473025656676 r
2459076.6540162 1494.4872028104537 48.6160490481136 26.1051 18.168869498605243 0.03531809730607065 20.1407258354258 r
2459076.6590162 1430.3272249871657 44.7417146869978 26.0748 18.186211487195568 0.0339615150904433 20.20059342907271 r
2459076.6639931 1394.9250526210637 41.3463854372553 26.0469 18.18552281450195 0.032180776010066074 20.258381116969918 r
2459076.6689815 1367.8247028979486 44.3697370758764 26.0238 18.1837238929474 0.03521812659269766 20.15865785115459 r
2459078.6481713 1443.5669133421009 56.1953380196694 26.1266 18.22800770139836 0.04226425385900794 20.004924269468336 r
2459078.653125 1425.2131341039797 41.9215146814963 26.0573 18.172600460114584 0.031935004948094974 20.2537825743823 r
2459078.6580903 1429.2427797081161 42.5123704357938 26.1094 18.221634982725355 0.03229380007192856 20.290686685782163 r
2459078.663044 1451.0676465842985 43.1757287759675 26.1075 18.20328085234212 0.032304413128092374 20.27197579694222 r
2459080.6454282 1026.7949411224145 81.783814850372 25.7574 18.2286906992614 0.08647557971603118 19.228306577679188 r
2459080.6502315 935.9546043745881 77.6252564573695 25.6714 18.243263037203135 0.09004468864393385 19.198967369150488 r
2459080.6550463 898.0395757584255 61.2902949464725 25.6457 18.2624613099053 0.07409792955637555 19.42979571089319 r
2459080.6598611 938.8838240207486 61.9806048882156 25.7052 18.273670358280874 0.07167270433838956 19.477135463309008 r
2459080.6646759 1136.0050233672087 53.2128729245299 25.8631 18.22464937047131 0.050856479457210266 19.800633222153138 r
2459081.6524421 1201.6110587912394 54.2097988874778 25.412 17.71259020844399 0.04898055674632391 19.329380498915516 i
2459082.6438426 1097.7141488262698 81.9767252769999 25.8724 18.271176844955825 0.08107951485220836 19.34074857523017 r
2459082.6487269 1064.3890517228988 65.1956220750152 25.825 18.257249003097527 0.06650095354914595 19.54202890521737 r
2459082.6536227 960.7974355761545 56.7494459756708 25.779 18.322420411901646 0.06412680885106531 19.646670924095446 r
2459082.6633912 817.1727653872614 68.9828152926611 25.6607 18.379915289751217 0.09165092834163324 19.3164227026464 r
2459084.6413079 1114.6603390322841 98.4374271338464 25.978 18.360143628303874 0.0958798935395885 19.24767435417791 r
2459084.6461921 1043.3264115668394 71.7552602093545 25.9156 18.369549496035987 0.07466952350252597 19.528540629959885 r
2459084.6510764 1092.4112843654925 59.5176271739679 25.8906 18.294634555859428 0.05915197760000194 19.70656096766897 r
2459084.6559606 1129.4087812539549 70.7485534656729 25.8571 18.22497209976925 0.06801054301384032 19.485381077548936 r
2459084.6603588 990.0156419890901 86.0864494377674 25.8151 18.325994859021577 0.09440664792608806 19.230337998956227 r
2459164.0330208 1714.4337722928358 64.9531621536916 26.2826 18.197298217001492 0.04113290888801844 20.003674241804774 r
2459164.0376968 1748.4291332947475 50.3229870804197 26.2876 18.18097991416716 0.03124843096743417 20.285758958839942 r
2459164.0423727 1795.629452162777 53.718384263519 26.3222 18.186658199634422 0.03248000288960263 20.24946763534802 r
2459164.0470602 1756.9591641707934 63.2295048121431 26.3294 18.21749583101046 0.03907220769524413 20.079675537639552 r
2459164.0517361 1790.722162910234 80.6945757683647 26.3226 18.1900294782517 0.04892445222732485 19.80806413231267 r
2459166.0353009 1731.403611593024 37.5759782411273 26.2991 18.203104202270794 0.023562524245202568 20.614399249931857 r
2459166.0399769 1791.69145591916 34.2163776886452 26.3338 18.20064194333783 0.020733883132519792 20.75078991135333 r
2459166.0446528 1838.684932732756 37.8850971566987 26.3024 18.141131706946027 0.02237025455029717 20.608803975811746 r
2459166.0493287 1897.8631082529448 47.2340976107243 26.3229 18.12723779045992 0.027020947692676562 20.389835932304035 r
2459166.0540046 1827.4720192911982 71.261112220165 26.3349 18.18027315967418 0.042336182836572846 19.955343498174145 r
2459176.0030787 394.3063862686249 54.9652323012262 24.5429 18.05331547236409 0.1513436119413664 18.445254819706687 r
2459178.0277546 1253.8554386938358 31.5071817833366 26.2602 18.514581329809133 0.027281731375510855 20.766751092513648 g
2459180.9822222 1080.7871367227624 127.710287684938 26.1576 18.57324958206806 0.12829081197244507 19.144610281145493 g
2459181.0590046 1881.5821819320433 73.067045886561 26.3575 18.171192020585718 0.04216073710773713 19.950771116414135 r
2459182.9988079 1779.756511250508 83.222906084936 26.3187 18.19279852379733 0.05076824192817754 19.770667796716392 r
2459183.0599421 1283.1569090589805 68.791503961476 26.3409 18.570200583201782 0.05820561407859862 19.999637978254732 g
2459186.0044329 1322.7297478266591 69.6200991272989 26.2584 18.45472219795312 0.057144357527834075 19.904138395882633 g
2459187.9921296 1870.8815412775443 108.064647421777 26.3137 18.133584274700226 0.06271149996258266 19.482065887041525 r
2459188.9872685 1736.9751512076477 49.6738483831347 25.8258 17.72631598607942 0.03104874422185798 19.838055470648822 i
2459189.9685185 143.2626899056195 156.259095254669 24.2409 18.850567246928552 1.1841917796584636 17.008861725656406 r
2459190.0103009 1273.7427366914126 56.9163511735533 26.14 18.377295698678385 0.04851378593894001 20.004482363404524 g
2459193.9651157 1151.1443076156147 39.1997738817374 26.1765 18.523675574347095 0.036971207017090585 20.445866084504026 g
2459198.9894097 1880.8532522044065 41.6234585752122 26.3476 18.161712719050726 0.02402664265388243 20.551829579761392 r
2459200.9498495 352.58452812194605 38.5155204679377 24.9139 18.545741872595208 0.11859936337755932 19.2023855617971 g
2459216.0379745 2012.7527956622253 63.2710654294308 26.3714 18.111923903653206 0.034129077293931616 20.1209621200096 r
2459216.9963889 1725.1316716569584 51.2268250359443 25.8149 17.72284437888014 0.032239257359471946 19.79373138973354 i
2459217.9100579 1912.4296334643163 65.4546784405836 26.3154 18.111436338619345 0.03715908974606861 20.02812325505553 r
2459229.9697106 1386.3534981306577 51.8888494471212 26.3292 18.474515043515126 0.04063590124791542 20.294089886632797 g
2459231.9558796 1564.8644702881618 24.1225219669868 26.4002 18.414008174614562 0.01673615996581151 21.196718212756533 g
2459232.9697917 1763.3944916034854 25.0754915177576 25.8394 17.723526300418207 0.015438667451021553 20.593851352639906 i
2459256.9899537 1441.075431208556 22.9418037855121 26.3949 18.498183215036068 0.017284255792940344 21.24590608653525 g
2459265.8529398 1678.5518713455717 27.4423546861661 25.8227 17.76036308362546 0.01774992181736198 20.47922155618194 i
2459265.872581 2017.922891712726 27.5189658592418 26.398 18.1357385822937 0.014805987560813201 21.051494715584074 r
2459265.9197338 1357.4115703581315 28.2110301421165 26.3929 18.561121133180972 0.02256405948949955 21.019427626760866 g
2459267.8790856 1373.669896800655 100.566132384439 26.3991 18.55439404741613 0.07948390671156286 19.645545618746024 g
2459267.920081 1961.5482189870725 35.3425681523318 26.4061 18.17460252882513 0.01956180626688919 20.787929728817783 r
2459268.8948495 1740.3176426318573 29.8528631696145 25.8578 17.75622869272437 0.01862375738157512 20.422910013215684 i
2459269.872037 1899.0385902957287 42.2915063845136 26.3676 18.171265524726433 0.02417849153582295 20.554542102680116 r
2459269.9351852 1405.8577875419091 47.6147864051895 26.3961 18.52624652263177 0.036771410350474855 20.45432038797951 g
2459271.8429514 1654.0219801979274 57.8583869045944 25.8181 17.77174680858014 0.03797824419165289 19.664759185850627 i
2459271.9003704 1367.8746537326285 104.181714743306 26.4172 18.577084244270694 0.08269038934828922 19.625296235967426 g
2459273.8943171 1456.8314587907005 172.3235646603 26.3533 18.444776722412826 0.12842370544839174 19.01501331466101 g
2459273.9457639 2099.477581861 153.193603255621 26.3683 18.063021895951678 0.07922080068471025 19.157773410918256 r
2459275.8060185 1487.143421492349 91.7951385785841 26.3362 18.405317864237986 0.06701571651694356 19.6817257846427 g
2459275.8846991 2042.3301651999677 66.4987018560576 26.4128 18.137485120199614 0.03535062147899713 20.10834207072376 r
2459290.853588 1999.8448117679382 23.9962590506595 26.4103 18.157809260849792 0.013027380073691528 21.212516134911155 r
2459291.8480556 2011.6724255087286 26.845100755852 26.403 18.14410684255946 0.014488306108415191 21.08341239338588 r
2459295.7610069 1226.8869928850102 50.1997566148426 26.2792 18.557188594459305 0.04442289801163683 20.280020960295765 g
2459296.8481019 1778.1410628618091 53.536028873767 26.3197 18.19478447175481 0.032688107688543966 20.250659605380278 r
2459297.6815278 936.6392167857978 93.6236848751074 26.0323 18.60336915600392 0.10852335973900404 19.35641066353922 g
2459298.7605671 1208.622519937504 72.841680486202 26.1724 18.4666732948005 0.06543334349583262 19.769025097702773 g
2459298.8038889 1395.3768232661494 171.846172506368 26.0598 18.198071236951044 0.13370824739187845 18.724525330081516 r
2459302.6534954 1126.7571647445557 166.17229286768 26.12 18.490424179217165 0.16011724976014796 18.821178458256334 g
2459303.0088773 1134.1101052862825 134.234787793619 26.2444 18.607761949593296 0.12850490303209447 19.177312287711807 g
2459305.800625 1909.3639043814233 44.9677338935647 26.364 18.161778229561527 0.025569493890720583 20.48432248351104 r
2459305.8396296 1894.9671118787317 42.6463674582256 26.383 18.18899580758216 0.024433754474762925 20.560869877542615 r
2459306.9580093 1849.285029155641 38.2523833624061 26.3043 18.136790365355974 0.022457659020538673 20.600228740181308 r
2459308.7959838 1554.7988332868958 25.4818074473546 25.7601 17.780914484832525 0.017793683499946363 20.497099415031826 i
2459308.912662 1314.0154416404175 31.8139063192207 26.3482 18.551698827846565 0.026286112777835942 20.844232494423245 g
2459308.9131366 1304.2069776983055 33.7960944163783 26.3485 18.56013370145818 0.028133893113052925 20.778908702328195 g
2459309.7061343 1107.6261384499664 23.7907944575614 26.1514 18.540417010136125 0.023319841096131 20.962952626944663 g
2459309.8158681 1293.9629525289433 30.5178018636709 26.3477 18.56789539445148 0.02560597072631133 20.88889186654735 g
2459310.7552199 1229.4532859912588 24.1135430970553 26.3088 18.58451991989885 0.021294077651242357 21.105722420034308 g
2459311.8329282 1932.6071968416372 24.4782137243686 26.4011 18.18574101880788 0.013751370006268634 21.181725683208448 r
2459312.8380671 1328.1399939377814 22.5689821681617 26.3674 18.559290363266584 0.018449217741967228 21.23619505565678 g
2459313.7754977 934.773987643251 27.0116223786524 26.0722 18.64543345352628 0.03137284392181348 20.74589831498008 g
2459315.7350463 1760.4185701159736 25.4678042009357 26.3103 18.19626014711385 0.01570671628346566 21.04789623339853 r
2459316.8104282 1831.5884552609543 22.2646916841956 26.3973 18.240230256375078 0.013197711359284128 21.280833275387387 r
2459317.7380324 1229.4806779919934 19.0468249780256 26.3668 18.642495730158615 0.016819408591614373 21.41981851149895 g
2459317.7548032 1209.5064491043147 19.518783356662 26.375 18.668479529080077 0.01752081860003398 21.401443129751726 g
2459317.7746991 1249.5881223448318 18.426789112308 26.4053 18.66338277881861 0.016010047295977756 21.49425082532464 g
2459317.7962037 1591.2542533918236 23.473649882348 25.8146 17.810251056189976 0.01601588283138422 20.6407234325556 i
2459322.8392014 1123.0304759589194 24.5870418551119 26.3231 18.69712114505161 0.023769747939655618 21.098909287817634 g
2459323.8406944 1707.7938782426936 26.1559490342772 26.3367 18.255611368871236 0.016628185771303722 21.04534878302361 r
2459324.7972917 1599.5664583837854 26.5329075483516 25.8074 17.797394278118553 0.018009115891534713 20.500512879751096 i
2459338.7971759 987.3568960023039 32.3299423568695 26.2973 18.811114590595952 0.03555008179815389 20.775862663458142 g
2459339.750162 1027.1696987095117 18.1664439688533 26.3107 18.78159450170576 0.019201606357511787 21.415100179949746 g
2459340.791412 1601.1349759322927 24.3586482762077 26.355 18.343930138609455 0.01651714866704469 21.140942027869528 r
2459343.7139352 1630.1791817614007 24.4574900445677 26.3446 18.314011643325383 0.01628869834584455 21.12614527561513 r
2459344.7485995 1654.195174970807 20.080437996361 26.3868 18.340333125694922 0.01317941912932607 21.38244203554123 r
2459345.676088 992.6142093227319 20.2594836031223 26.2804 18.788448780366675 0.022159385933954872 21.26640406073215 g
2459345.6968634 1658.8082968924243 24.0005681139233 26.3342 18.284709502709426 0.01570851607753707 21.136221184274497 r
2459348.7852315 1533.9856175150933 20.6882451072166 25.7956 17.831046780666277 0.01464239785330586 20.758865856813614 i
2459348.8195949 1608.496194681402 23.6947723316561 26.33 18.313949905495054 0.015993456748944635 21.14594363868582 r
2459349.7772222 1656.8781000595584 21.2000072707488 26.3509 18.30267360586611 0.01389169661487143 21.28763496447421 r
2459352.6902546 1102.6823470277136 41.6087336830962 26.2484 18.642273945104556 0.04096791998303586 20.4530137423844 g
2459358.808206 1737.697872262935 87.861344059395 26.2566 18.1566643266446 0.05489507857948928 19.649680382654083 r
2459358.8091319 1650.2658495209207 91.7288853880458 26.2895 18.24561521873844 0.060347883278753386 19.63580969826031 r
2459358.8875694 1034.4408033578775 129.636040152598 26.0522 18.515435892777415 0.13605983864596544 19.022960597524815 g
2459358.8884954 654.5608564143025 137.214726417103 26.0596 19.01972492405784 0.227593854736642 18.9686731790554 g
2459361.7902431 1069.050345918321 75.1491221043004 26.3371 18.764604604050902 0.07631951308949173 19.899865210401703 g
2459366.6839005 1558.033683218827 22.3228003131534 25.7664 17.78495789381213 0.015555417421990809 20.647103303340913 i
2459367.7150579 1716.7836373552566 24.0231578593558 26.3554 18.26861108653505 0.015192329377091692 21.15639975139797 r
2459367.7484028 1065.884377709917 21.9392121926123 26.2733 18.704024757612192 0.022347079266417096 21.17282241767946 g
2459369.7117361 1107.500146323086 21.2895164211656 26.342 18.731140519314593 0.020870451399215027 21.27416049714288 g
2459370.6920023 1539.2645588825158 35.9465377045658 25.7787 17.81041682503401 0.025354417316137162 20.142132323170348 i
2459371.6933796 1184.97082534053 20.5610782736001 26.3749 18.69063085525198 0.018838575772726327 21.344860273177346 g
2459371.7156019 1786.0681098799291 24.0479383169736 26.3641 18.23435495938994 0.014618057668860927 21.163980365965582 r
2459375.6934375 1600.2457406976569 28.694484849136 25.8054 17.79493330018196 0.019468011323763915 20.413478908453367 i
2459376.7679977 1739.3958374505032 27.033856270845 26.3444 18.243403933926423 0.016874053117361003 21.01720498796398 r
2459377.808206 1107.0269417035217 30.9855042432381 26.2659 18.65550452393058 0.030388566609874938 20.79057856905157 g
2459378.6944444 1160.7498275498551 24.0883132556636 26.362 18.700153430459984 0.022530851248867143 21.160059013386245 g
2459378.6953819 1174.3871639939819 24.4821113595685 26.3642 18.68967176055964 0.02263327556534817 21.14465281655974 g
2459379.7701736 1290.1387848603 31.7850082943207 25.6367 17.860108921428303 0.02674827228675303 20.133719166420086 i
2459380.6936574 1463.8458091168925 34.8426478633735 26.1565 18.24276166573562 0.025841972255319604 20.553797109776433 r
2459381.7006366 1015.1260067686413 55.4717566983553 25.7317 18.215400114456386 0.05932828618893858 19.62409519045702 r
2459381.7790972 303.73770334054626 42.3252039263582 25.0087 18.802453238047423 0.1512899893475716 19.194777341027443 g
2459383.6951852 1386.7381984728092 53.5072975405544 26.1242 18.26921380350013 0.04189173775104529 20.055742446935632 r
2459385.712338 1698.8414078611302 56.8156248261547 26.298 18.22261790495447 0.0363098777721802 20.16440552124603 r
2459385.7132755 1662.1771434494444 59.4465563080612 26.3033 18.251606734889116 0.038829270657471944 20.120558235790178 r
2459387.8058449 764.6533360388141 111.255104249556 25.9536 18.74493853096553 0.15796657255100452 19.09037512662158 g
2459387.8067824 815.3654172659913 107.57844494408 25.9622 18.68381928141573 0.14324610193479112 19.135461833594658 g
2459390.6951852 1285.2874642561064 63.7430847137752 26.3482 18.575699320563306 0.05384466043462148 20.08969229810281 g
2459391.6972569 1240.6315785843492 43.9234197314744 26.3303 18.59619292164199 0.03843820971966298 20.476134625451714 g
2459391.761331 1750.6699497064108 59.6582718487744 26.2947 18.186689307167335 0.03699782803553379 20.108098317207123 r
2459393.6942708 1736.906281476688 28.4976426744292 26.3177 18.218259035539667 0.017813218238420567 20.933252647544776 r
2459393.7904282 986.1756356010452 73.287976557033 26.0839 18.599014328317544 0.08068416342437411 19.673893161126074 g
2459393.7913657 1005.6098866941021 92.2397094720747 26.0891 18.583026163793548 0.09958598647339537 19.42938017318731 g
2459395.7047801 779.501358068234 32.2448398042867 24.9303 17.70075780958738 0.04491104757311996 19.411724430013386 i
2459395.7478125 674.2759979200036 32.8116815333049 25.6225 18.55040574887463 0.0528324347160516 20.085003769951733 g
2459396.6931366 1721.7097240779594 24.3427384530185 26.3242 18.23430016916543 0.015350387332333777 21.11085140691692 r
2459396.7556829 936.2617135028147 31.4870114742335 26.0741 18.64560683957882 0.0365127056511561 20.581346383126014 g
2459397.7052778 1722.082393407775 27.4028921398543 26.3102 18.22006518367759 0.017276362681675095 20.968283985932416 r
2459397.7368634 1056.1560939286999 27.9144186010769 26.1998 18.640479726943724 0.028695269997878903 20.83780352207137 g
2459402.7210995 1679.8314135441058 35.3244374622099 26.3209 18.257735753782594 0.022830708750592326 20.703286852950704 r
2459439.6630556 1326.1231073420786 81.7043093904147 25.9106 18.104140393527903 0.066891503672661 19.382562580536366 r
2459439.6646991 1268.66499534566 71.0617592671516 25.9002 18.14183260725396 0.06081333710584942 19.523685101507528 r
2459439.6663542 1255.90030467808 83.5299195352841 25.8738 18.126412085507074 0.07220989858960482 19.321769831538965 r
2459439.6679977 1122.6732022976987 91.3070523007215 25.8705 18.244866609109067 0.08830002041556392 19.221814182865145 r
2459439.6696412 1083.8974351816553 80.3777142238958 25.8615 18.27402952844716 0.08051138557981581 19.35123586017505 r
2459440.6607176 1439.8064335570627 55.6306356564413 26.0228 18.127039725471253 0.04194882015006958 19.91208993320921 r
2459440.6622454 1359.6061213502608 56.8592726183093 26.0181 18.184567221904825 0.04540440890365411 19.88367174014582 r
2459440.6637616 1359.6046081863071 61.0524642904404 26.0048 18.171268430267872 0.04875289483503143 19.793116993472413 r
2459440.6652894 1314.7024941829166 58.5539059097666 25.9821 18.185031282864443 0.0483546474791952 19.815785312864453 r
2459440.6668056 1431.5194886019124 56.9660776578089 26.0035 18.114006837871834 0.043204490756522496 19.867034195223056 r
2459441.6594213 1476.6702846391881 64.111098838643 26.0129 18.089691161088698 0.04713673778985957 19.748141937705984 r
2459441.6609375 1355.7524491649426 59.6475038305545 26.015 18.18454900584853 0.04776631231514325 19.828594304822982 r
2459441.6624653 1367.377493200057 66.2129418851504 26.0018 18.162078931975323 0.05257318579704761 19.70201777840155 r
2459441.6639815 1428.6915486716462 61.7154454634159 25.9929 18.105553810754365 0.04689917792397481 19.769490318944158 r
2459441.6655093 1397.0174353206176 66.0756410127503 26.0073 18.144295434220126 0.05135105807113922 19.709771526659665 r
2459448.6457292 1379.333172812907 128.040934996891 26.1486 18.299427047327825 0.10078351327013323 19.132802897048997 r
2459448.6481019 1336.0483266584174 99.827208679039 26.1347 18.32014458140737 0.08112161686090147 19.389152669792473 r
2459448.6504861 1536.6204117505904 94.1560088190469 26.1231 18.156683505359453 0.0665259799968292 19.441054886889933 r
2459449.6471759 1519.9861471762167 84.9678564206079 26.1342 18.179600925257056 0.06069108056493309 19.563638334266503 r
2459450.6462269 903.0274097113783 56.3104177547942 25.5144 18.125147668220276 0.06770140075362736 19.390503115935786 r
2459450.648588 1006.9253845308508 56.9995930514932 25.558 18.050506776165935 0.06145883213068418 19.420895601563014 r
2459451.6429167 1517.36017520135 66.8215381488974 26.0518 18.099078296655343 0.047812078604627245 19.742083818316747 r
2459451.6452894 1472.2479095662459 57.4384563291513 26.0361 18.116147634148327 0.04235762987425968 19.890668090075913 r
2459451.6476505 1505.9404036302128 68.6051733540182 26.0495 18.104980536617628 0.049460547396766336 19.71118282400424 r
2459453.638206 1756.5521357160746 96.1352822300261 26.2279 18.116247388779264 0.059419856544474445 19.523267975096005 r
2459453.6405903 1700.3118134314132 84.2233076684823 26.2156 18.13927856944413 0.05377910358167361 19.65459425592565 r
2459453.642963 1809.729627153377 68.3241711685202 26.2034 18.05936575924453 0.04098930112247953 19.869539059090556 r
2459453.6453472 1755.8601174873868 59.6492672983157 26.2232 18.11197521398929 0.03688289793748139 20.036762205701162 r
2459453.6477315 1746.414235945117 55.406890575925 26.1655 18.06013184280179 0.034445013021625545 20.059165543358155 r
2459454.6396412 1646.2389337454706 114.504503056618 26.2085 18.16726782852556 0.07551609697732446 19.31401857347049 r
2459454.6420139 1837.2109959963486 121.299356017597 26.2148 18.054402409814138 0.07168186512887974 19.257728751188626 r
2459454.6462963 1641.2964511600621 87.7546075133037 26.2016 18.163632423852473 0.05804873172658949 19.596000168763418 r
2459533.0333218 1660.6027506356595 54.8870028227144 26.2817 18.23103561760831 0.03588505375039898 20.185601198646758 r
2459533.0384028 1766.907759300471 64.2705564484455 26.3033 18.185265305169764 0.03949189920570784 20.035844839141102 r
2459533.0409375 1758.137272255014 80.992275074585 26.3141 18.20146804747952 0.05001504401058076 19.795565992965432 r
2459533.0434838 1731.625070803043 131.173282981529 26.315 18.21886533753442 0.08224345774053793 19.27296151884846 r
2459622.9358912 1641.7824324144387 37.4806503460513 25.8316 17.793310989330017 0.024785709286013202 20.14965719428956 i
2459623.8749421 1907.0619664807755 41.7274451839246 26.3871 18.186187987805233 0.023755645087814525 20.58862050093027 r
2459625.8335069 1649.5049718580997 51.1036408301442 25.8264 17.78301592771811 0.033636287126063036 19.80784538382735 i
2459625.8569213 1231.6950320163357 89.755846277533 26.3534 18.6271420256967 0.07911692405220738 19.723318123934312 g
2459625.9225579 1839.7297319136533 52.1724404555172 26.4052 18.243314932367127 0.03078909777885438 20.36417210899024 r
2459628.8834375 1264.3021812386883 95.386239415272 26.3913 18.636672781985524 0.08191146204596282 19.69516067129539 g
2459630.9015856 1262.7518207683856 60.0533912656872 26.4294 18.676104991509252 0.05163323926746141 20.235631145641598 g
2459637.9164583 1810.490680847238 32.2742826490099 26.3773 18.232809265721453 0.019353973507133783 20.857733493884982 r
2459639.8280093 1113.937133068471 41.535322748462 26.3294 18.712248296541006 0.04048244606388692 20.535931015456953 g
2459639.8732407 1660.550721701377 43.7075100513003 25.8183 17.76766963572769 0.028576810718601124 19.96948482387279 i
2459641.8611574 1807.083568472225 26.0696882817508 26.3975 18.2550544076304 0.015662729195986203 21.109735393433695 r
2459641.8816667 1170.2572279794485 23.2652854553094 26.3817 18.710996669536982 0.021584246450194116 21.217504025376467 g
2459670.8676505 1887.5605464897026 23.3884939377598 26.4013 18.211547771982502 0.013452754093344973 21.231369346520232 r
2459675.8003819 1636.012732090557 25.8693821081068 25.7704 17.73593330200533 0.01716758531511044 20.49100984993956 i
2459675.8387153 1910.347560191765 24.033299891178 26.33 18.127219029862896 0.013658746835174164 21.130541474953215 r
2459675.8794329 1340.7236750204274 22.17166506991 26.3327 18.514351804028223 0.017954316176325095 21.220779215606928 g
2459676.8802199 1147.4644926744054 37.0392064286426 26.2511 18.601751861152483 0.03504549960047252 20.58202080597063 g
2459677.7340509 1366.0631104979025 46.4997159774785 26.2699 18.431223090750677 0.036956375769745906 20.353849238644237 g
2459677.8002431 1333.7934874933148 35.1496346451424 26.3257 18.512978518599123 0.02861159444251851 20.713472951148955 g
2459677.8508565 1361.2297695441268 28.6543074989771 26.3318 18.49697140406956 0.022854320664804525 20.941400196314174 g
2459677.8654051 1839.2772522184616 28.3471537523542 26.3287 18.167082000949264 0.016732933978175168 20.950001340937867 r
2459677.8663657 1926.4559929408492 26.6316510954718 26.3538 18.141902268393924 0.015008899087393543 21.042879758058465 r
2459678.7582176 1876.9564831854887 31.1553489273901 26.3209 18.137264490704887 0.01802138868614605 20.839643440305654 r
2459678.796956 1382.9337362936496 30.0977322876833 26.3527 18.500696571873252 0.02362883129333043 20.908940551840352 g
2459678.8389583 1430.4736868238188 26.2231206097873 26.3389 18.450200316286644 0.019902807236714014 21.04476405805855 g
2459678.8646065 1654.225400823424 26.0776927164206 25.7988 17.752313287042757 0.017115292128947305 20.510702080257786 i
2459679.7118981 1908.428708941783 38.1487195780234 26.3211 18.119410147174918 0.02170270477057861 20.61997507442425 r
2459679.7128588 1976.5822876294228 31.5518466162741 26.3428 18.103012751785343 0.01733084429911233 20.847813034109 r
2459679.7579051 1395.3269092115584 39.5995518339382 26.3433 18.48161007553901 0.03081230150603231 20.601649312044973 g
2459679.7588657 1431.525431920906 38.3221642907217 26.3719 18.48240233016987 0.02906436228283185 20.665849918142705 g
2459679.8121412 1446.4051473560125 34.9629727101514 26.3479 18.44717510332994 0.02624389130583495 20.741454111124117 g
2459680.8560069 1890.3029386877006 76.5800661104754 26.3355 18.144171476263143 0.04398394356507918 19.877785646829842 r
2459683.9168981 2034.2671294435697 73.7657270284395 26.3701 18.09908004590553 0.03936919034654164 19.953038421313675 r
2459683.9445255 1349.6955092520284 98.2362810374263 26.3087 18.48311049277546 0.07902162346338373 19.580595206954886 g
2459685.8372106 2038.170588351691 85.4026707921707 26.4163 18.14319867437726 0.04549260018222792 19.84019635774877 r
2459688.8169676 2076.6247293664533 58.2352004247303 26.3673 18.073904946301283 0.030446501097200637 20.206911052919693 r
2459695.8028356 271.51353228388297 39.298287722026 24.087 18.00252130054916 0.15714189499473538 18.353640919142244 r
2459700.8202662 1703.4061726737796 26.0763040038288 25.793 17.714704458310806 0.016620254001145265 20.504959900391775 i
2459701.7949884 1373.1261763955479 25.7383176983911 26.2987 18.454423884157606 0.020350709210493954 21.024824596043445 g
2459707.7490972 1886.2394253878401 38.5727579399433 26.3592 18.170207954864722 0.022202082477830506 20.64607325942562 r
2459707.7558796 1998.395182868418 34.6179702943217 26.3607 18.108996564588814 0.018807456438419464 20.76502098685521 r
2459713.7554398 1982.2885877216381 80.5449173330566 26.3479 18.104982798275323 0.04411447318526325 19.83537963887496 r
2459713.818125 1471.570256519216 87.1572796763648 26.351 18.43154749685649 0.06430318778558 19.752815822328028 g
2459715.7565162 1331.854827181733 78.5023144457869 26.3696 18.558457777234654 0.06399343310872808 19.884968836589287 g
2459719.706331 2012.2768619374526 25.3077179540313 26.3746 18.115380666222634 0.013654477623042826 21.119042524788036 r
2459719.7579051 1940.524381317558 28.0562442975567 26.3687 18.148902240716055 0.015697130490664297 21.001201152971944 r
2459722.7665162 1381.6398034930992 25.4953112250183 26.3281 18.477112909308627 0.020034352895031242 21.0645241945786 g
2459723.7147454 1533.6906322383923 26.8505982159079 25.6873 17.722955587704373 0.019007545505096337 20.367490074222445 i
2459724.7546065 2007.7290399681224 29.6254972214342 26.3239 18.067137248223695 0.016020290434122425 20.897310868938348 r
2459726.7337037 1461.282899378757 22.6880448327889 26.3776 18.465764244993892 0.016856701933233475 21.24068230992765 g
2459727.6926273 1074.92431571854 31.3057298581003 25.2985 17.720055282214947 0.03161955721898391 19.812015405835986 i
2459730.697581 1521.1900728074838 24.916259476435 26.4055 18.45004129357547 0.01778317081943581 21.166867876803963 g
2459730.7170486 2099.9554160452444 23.7938480102584 26.4156 18.11007481408315 0.012301680591575458 21.227013281452134 r
2459732.6932176 2120.769191021198 28.5337104286426 26.409 18.09276648585182 0.014607459191473904 21.023179365317937 r
2459732.7363889 1776.4023578785423 26.7062515082293 25.8132 17.689346647610797 0.01632230284647428 20.499242652440074 i
2459732.7594444 1407.0650122288253 25.8006525822129 26.3445 18.473714589746557 0.019907941896826237 21.06799826211333 g
2459734.6979282 1474.297058313044 25.3625377754086 26.3259 18.404437502542493 0.018677448420245206 21.067993221940696 g
2459734.7226157 1484.8181771127736 33.9752627509307 26.042 18.11281681117198 0.024842733835877512 20.4666679289718 r
2459736.6947454 2115.953615180621 29.1214788329361 26.4012 18.087434642267816 0.014942288593703333 20.993241425823562 r
2459736.7549884 1511.6628361546273 35.5712349129305 26.3602 18.411562659531057 0.025547819805644977 20.735027632453466 g
2459737.7480093 1801.73545110844 27.7766008933198 25.8241 17.684872440382115 0.016737782215099604 20.467477242351002 i
2459738.6959838 1460.4111070026677 56.2525450148194 26.34 18.428812181822167 0.04181931226744489 20.217219549495276 g
2459738.7553241 2053.9637919733905 47.2704406186539 26.3308 18.04931804143395 0.024986573560950787 20.39690086295851 r
2459740.7155556 1985.0003744901521 53.1828241725215 26.3628 18.118398517417162 0.0290884540608398 20.30094649918822 r
2459740.7765625 1792.9652472562466 48.9441469172306 25.7598 17.62587032053279 0.02963730635011176 19.78812308096403 i
2459742.7320833 2015.2070230320041 79.029440151359 26.3427 18.08190082995845 0.042577393881466155 19.85080272569607 r
2459751.7056713 1471.3864380819484 30.448757389358 26.2986 18.379283128028412 0.022467392006629883 20.84225105461592 g
2459755.7069329 1765.9836006563146 26.3406753454004 25.8346 17.71713333425391 0.016193848692520676 20.535607725178984 i
2459756.6988889 2097.022028629961 29.3028581215862 26.3838 18.07979251842154 0.01517109149463305 20.969100033334694 r
2459758.6994907 1673.998519130765 27.6731985404035 25.743 17.683612326331243 0.01794792009189891 20.390426591834686 i
2459758.7189583 1404.4480475474509 27.5480672919758 26.25 18.381235803279132 0.0212958654548506 20.90234715123339 g
2459761.6970486 2113.901079816596 27.1479913034345 26.3616 18.04888834850213 0.013943213539914593 21.02983073566518 r
2459763.6985417 1455.9411941794865 33.222845325042 26.3569 18.44904041482241 0.024774381900586184 20.80588292850064 g
2459763.7349421 1786.2855884506682 33.7039356842975 25.7887 17.658822763992596 0.020485169453883418 20.222073445722494 i
2459770.6943519 1435.6832045271512 63.8767314617169 26.3147 18.42205345055463 0.048305202101202475 20.053918275615054 g
2459772.7131713 1869.5564018517837 62.4344046569026 26.2992 18.119853570666614 0.036257281710708765 20.063215052011568 r
2459805.6639236 866.9911203559227 59.7579768092003 25.365 18.01996337626383 0.07483264118681417 19.176585275653732 r
2459805.6655787 777.8798094919981 60.2812697111132 25.4436 18.216318752084796 0.08413558717778861 19.245719010829735 r
2459805.6672338 888.0169012825439 75.2550248551945 25.4305 18.059446920959196 0.0920076863033584 18.991736230354864 r
2459805.6688657 750.2317160985268 66.7209970928793 25.3499 18.161911449918644 0.09655548411155915 19.041818669489984 r
2459806.6642245 1689.4171280373769 46.2429221552023 26.1857 18.11635776766707 0.02971790669734016 20.275661814265156 r
2459806.6657407 1674.6827247702365 48.2217881137728 26.1795 18.119668649080108 0.031262277075382185 20.223966713088593 r
2459812.6421181 1659.6600274849134 117.75627353915 26.2211 18.171052164400976 0.07703263563875726 19.296214854841118 r
2459812.6444907 1735.5570246596033 86.2854232030232 26.2263 18.127702780697156 0.05397695531778674 19.639031405352775 r
2459812.6468634 1677.796943631381 78.0477911174091 26.1147 18.052851502684547 0.05050461388537851 19.63637344837351 r
2459813.6412037 1506.6716716213186 141.777957899062 26.1612 18.21615344309939 0.1021644806830213 19.03475319742497 r
2459813.6435764 1632.973906202285 113.772410067295 26.1428 18.110351887336073 0.07564279205007748 19.255282594299125 r
2459815.6393519 1401.0772192256397 136.703736259469 26.1201 18.2539448206731 0.10593223872338402 19.033224028001996 r
2459816.6384144 2038.890083066025 148.031945394633 26.06 17.786515466212578 0.07882635971884736 18.886686372775163 r
2459816.6407986 1889.9022676340433 110.896250026728 26.1098 17.918701634705364 0.06370702904375404 19.250082837498383 r
2459817.6374537 1673.4497875782556 135.723598636957 26.2098 18.15076828565548 0.08805469523730987 19.130736573644192 r
2459817.6398264 1561.5608126674701 101.453867730111 26.1909 18.20700274537657 0.07053741570680495 19.42780346838006 r
2459818.647963 1750.7910302440052 68.6831826377219 26.1528 18.044714217640898 0.04259179428134382 19.813248960984644 r
2459819.6470255 1752.304351747175 62.9355846189682 26.1826 18.073576151234782 0.03899389061762281 19.93793431219907 r
2459888.0398264 1636.0232341638002 74.7041530941913 26.2322 18.197726332350186 0.049575273333950134 19.80141312264847 r
2459888.0422106 1637.7888314631132 88.492164723425 26.2346 18.198955236967613 0.058661984618855544 19.619912941455574 r
2459888.0446065 1725.7156433708362 109.7902517189 26.2506 18.158176910151166 0.0690723739737203 19.40176553715883 r
2459888.0470023 1757.6581750998337 133.348018723059 26.2596 18.147263953847215 0.08236865732974616 19.199708570779407 r
2459888.0493866 1853.6499994622366 171.260874377102 26.2385 18.0684306615248 0.10030908281777154 18.906929596675354 r
2459896.0317477 1787.8847927632416 64.0274656479607 26.2809 18.150051173972173 0.03888092775069334 20.01755920964595 r
2459896.034213 1768.7879195584042 70.3248956940246 26.2758 18.15661059139312 0.04316613564053767 19.910602247430994 r
2459896.0366667 1718.3071637651535 65.8988813445373 26.2815 18.193747998228883 0.04163773333691498 19.98687988325225 r
2459896.0391319 1694.3431767632428 68.0461436360749 26.2973 18.224796554847813 0.043602558890588755 19.96786619525388 r
2459896.0415972 1835.220196462394 65.7739024711808 26.3045 18.14527955009472 0.038911257652140985 20.011940964129405 r
2459897.0352894 1746.9736771666 64.6723089297383 26.275 18.169284096940807 0.04019220594033076 20.00077907316358 r
2459897.0377431 1792.9122370264936 64.2458986510267 26.2931 18.159202421532296 0.03890417541078391 20.02606146849327 r
2459897.0402199 1899.190213069257 58.6202053255526 26.2985 18.102078840988675 0.03351110198651365 20.130956650952772 r
2459897.0426852 1716.54892542497 65.1240200728107 26.2854 18.19875953428145 0.041190290323677166 20.003621985441782 r
2459898.03375 1751.169302292201 72.9271233716098 26.2776 18.169279661209316 0.045213776726737785 19.872952281540528 r
2459898.0362269 1722.0799408378086 76.1403752136306 26.2743 18.18416672997173 0.04800334955949904 19.822837457530415 r
2459898.0386921 1746.8514936508034 88.8902427189593 26.2885 18.182860036096486 0.055246903855735635 19.668939759003205 r
2459898.0411458 1823.8314887543972 202.679813845437 26.2807 18.12823822599058 0.12065230546177037 18.76624874732494 r
2459898.0436227 1787.093410811351 80.6622465912655 26.2996 18.169231866162207 0.04900415422850079 19.785499204818475 r
2459899.0369444 1818.6434691099576 44.8336634201115 26.319 18.169631081608348 0.02676495377020599 20.442564421376687 r
2459899.0394213 1822.0324497187307 42.7356958177968 26.3302 18.178809731678285 0.025465048636507285 20.50579804044327 r
2459899.0418981 1891.8262634665286 46.175826529995 26.3155 18.123296874225503 0.026499840831976356 20.407038294434027 r
2459899.044375 1851.382535988932 44.3329695729098 26.3188 18.150059593171004 0.025998033431593265 20.45455793217633 r
2459914.9923727 1004.3816241542393 51.4414785884433 26.1641 18.659353103999287 0.05560636710224819 20.13839138147815 g
2459923.9681134 1177.7867056556686 78.652036573214 26.2416 18.563933380290003 0.07250253012492684 19.754900057932772 g
2459938.0072917 1976.84540026223 37.2515330478667 26.3703 18.130368233694032 0.020458852991085675 20.695014613192207 r
2459938.0323843 1547.9583116376452 29.6943753788782 26.3929 18.418501848909177 0.020826906710905525 20.96378950334587 g
2459938.0489352 1777.8684029130786 32.4470064074681 25.8251 17.700350971187028 0.019814579526171168 20.299738402782012 i
2459957.98375 1322.1375717148287 67.3595702728655 26.1627 18.359508382685487 0.05531367310770588 19.844276719471893 g
2459980.9461574 2143.4379603251855 54.8864692755622 26.424 18.09622270548059 0.027801243047611852 20.327911752953714 r
2459983.8014583 614.6369140492423 342.810410001708 25.552 18.580453400768306 0.6055432949623265 17.466939985366547 r
2459985.0270602 1318.805839959106 91.0705702752242 26.404 18.6035478459355 0.07497336996238725 19.758129848922508 g
