jd flux fluxerr zpdiff mag mag_error limitingmag filter
2458198.8602199 746.6581648216898 30.3967642184031 26.0277 18.844895453660335 0.04419929824219017 20.573206602250465 r
2458204.8401968 469.02622614646555 62.2121357122967 26.0809 19.402907181313324 0.14400839863003367 19.848787212368766 g
2458204.8867708 511.0614754457672 55.2252879682544 26.0921 19.320917138894966 0.11732070998862923 19.9893300162939 g
2458207.850081 594.4325955376501 86.3761141358079 26.0853 19.150043460458846 0.1577614481797153 19.49689083357587 g
2458207.8606597 411.6391683428625 86.2848749324166 26.0898 19.553508269748214 0.2275767126127735 19.502538304306466 g
2458214.8490278 423.3642996107934 69.3535435581303 25.1215 18.55471441713615 0.17785425533112761 18.771403349485794 r
2458214.8912153 136.2420222513273 66.7722631445581 23.6854 18.34962229682396 0.5321019528197767 17.37648474857113 i
2458217.8481597 656.3651309883843 25.2523210565043 25.7897 18.74683624661275 0.04177011190366222 20.536521733448538 r
2458217.8791898 688.4588852961086 24.7461795208276 25.9394 18.844704976651958 0.039024737249497427 20.708204591197735 r
2458218.8230093 692.0718888763384 25.0949175207731 25.9283 18.82792197729484 0.039368095121649536 20.681910557587763 r
2458219.8167708 546.0428598483301 31.3110312535665 25.6536 18.810533168581145 0.06225589442088759 20.166931559948562 r
2458223.8298727 520.2521147489778 19.4612926682511 26.0415 19.25096536442253 0.04061324279309283 21.071145779590783 g
2458229.7924306 598.4407431390465 29.9153655123082 26.0945 19.151947116075444 0.05427289620413856 20.65733920537752 g
2458233.792662 640.6560746454428 43.5429401203574 26.0938 19.07723762888822 0.07379087151376051 20.2490806134941 g
2458243.7519213 581.592093865994 25.7662230127135 26.0988 19.18725376471621 0.04809967092047281 20.823748085677124 g
2458243.7938889 783.2706603183467 36.7310519922749 25.9873 18.752520352290507 0.050913311538829734 20.32729157192472 r
2458244.8780093 526.515432204566 33.8542537602553 25.1857 18.382172237724888 0.06980909021718593 19.61424187613879 i
2458246.7509722 799.3121363641039 34.275019380685 25.9648 18.70800898216324 0.04655551548470254 20.37993071658032 r
2458246.7927778 590.0586903350538 23.2779457857296 26.0714 19.14416197250064 0.042831105029935077 20.90661335820215 g
2458249.7106713 577.8037576861134 23.5071468560319 25.9968 19.092349095235107 0.04417020312190193 20.821375187920935 g
2458249.7520139 743.9351876676994 39.4868064027617 25.9167 18.73786224737309 0.057627097658711504 20.17814496298164 r
2458249.7950347 582.859849382321 41.2561641225543 25.3161 18.402189650654357 0.07684834945368911 19.52995287395047 i
2458256.7533565 841.8919050568811 28.0778521804684 25.9724 18.65925916570144 0.036209071413122726 20.604065280893614 r
2458256.7738542 804.0021684064562 24.8476505030602 25.9833 18.720156949877353 0.03355350919592847 20.74766166461494 r
2458256.7934954 760.0541449992742 25.2749608938515 25.9495 18.747388670492736 0.036104039722697365 20.695348758383428 r
2458259.7716898 82.27137843558893 48.0015285052527 22.7935 18.005378065353852 0.6334555283883375 16.842937322240374 r
2458261.7546065 560.3562787960799 29.8092657544425 25.2861 18.414939393576027 0.057755968933072006 19.852796792010377 i
2458262.7624074 534.5709699794638 52.1772564245866 26.0547 19.234686573544902 0.10597067645171587 20.01357189074065 g
2458262.7994907 762.0189929768786 60.0363703756097 25.9667 18.76178550983257 0.08553787755625825 19.77323891870177 r
2458267.7104745 658.5259067132093 104.572196201981 26.0607 19.014267837551714 0.17240632791981458 19.26473441648327 g
2458270.7967014 743.3875093640485 49.5566527254307 25.9388 18.76076185083628 0.07237632753612978 19.953620077828084 r
2458273.7356019 606.9934852487537 25.4706669607347 26.104 19.14603992525955 0.045558154727042756 20.841474195893603 g
2458274.8666667 484.74008921271945 39.922576512236 25.2592 18.545427653891466 0.08941686954287356 19.508728584416573 i
2458276.6928935 730.8614680623248 25.5059802968624 25.9812 18.821612335162232 0.03788931831598771 20.71716993950405 r
2458276.7310648 571.2947568340586 18.1602352742217 26.0783 19.18614940435276 0.034512074898929074 21.183071312393 g
2458278.6873611 532.0968401939305 24.5896963798503 25.303 18.488023300209406 0.050173260472423306 20.078692073308453 i
2458279.7120139 591.6997010640827 21.5047667338101 26.0866 19.156346625338195 0.03945874098112652 21.007838149052617 g
2458279.7324074 736.8409639361233 24.1728113795974 25.9737 18.80526559493218 0.03561748409675011 20.767957081009918 r
2458282.6682176 575.4853624856338 49.4563813260248 25.3496 18.44951429551798 0.09330349076777003 19.366619148423126 i
2458282.7140394 782.1546521915669 25.3221504515997 25.9895 18.75626841801251 0.03514938978917988 20.7333235271073 r
2458282.7532986 483.21042094109384 20.9168653086785 26.0206 19.31025927067131 0.04699700106095324 20.971933489574035 g
2458285.6721759 127.98723575244878 60.1075051626217 23.5764 18.30848335163606 0.5098845831882871 17.381653233145922 r
2458286.6715278 497.29606446388425 41.3604593744773 25.3279 18.586362444259983 0.09029842371923939 19.53901160503006 i
2458288.7333333 730.0369652479775 29.9184619027934 25.9791 18.820737872312655 0.044494286774683 20.541826832046176 r
2458294.6732407 523.6268703731405 86.1175266420366 26.1112 19.31364518836586 0.17855806102660832 19.52604611896655 g
2458294.7505671 786.5554825251093 55.3454742369249 25.9772 18.737876593585092 0.07639458717664098 19.87206970635303 r
2458297.7724421 721.4710677572544 67.3984434424514 25.9249 18.779352700460564 0.10142401173887367 19.605850322456675 r
2458300.6765046 747.6049638092077 37.0028438798737 25.9514 18.767219559338578 0.05373691928914409 20.28338723075776 r
2458300.7287847 449.2447892551752 34.1140680430257 25.9219 19.290692378818747 0.0824442365502325 20.342141210775267 g
2458303.6747222 737.627340432014 33.266031131963 25.9104 18.740807485923554 0.04896365416555635 20.35797251511428 r
2458303.69625 536.9485443440569 23.6245692182104 26.0012 19.17636832661775 0.04776844088765417 20.820365243863826 g
2458306.6713889 653.1219534673954 45.5000346591473 25.8339 18.796414295002073 0.07563577884218572 19.94144567046933 r
2458325.7115856 731.1317072401876 75.1357194601417 25.8222 18.662210953722635 0.1115734002643621 19.385158865808194 r
2458333.685162 546.9836876559662 29.6329981676239 25.8189 18.973964062898762 0.05881810890642993 20.392036003745158 g
2458336.6722569 607.8670946014392 27.7399421291667 25.9533 18.993778413622326 0.04954578959300848 20.598111112368137 g
2458336.6941204 763.6143354691864 42.0618511635508 25.9025 18.695314817783657 0.0598031619982727 20.09535403342781 r
2458348.6513079 570.0889495743127 83.1562844106096 25.7876 18.89774344285632 0.1583661252371464 19.240437299296474 g
2458457.0488426 9.172399967142269 62.7493129042383 22.3386 19.93239253974634 7.427383156445259 16.09715255236418 r
2458457.0631829 534.2718896300074 59.3985363233352 25.275 18.455594188348314 0.120704443070933 19.09313563068553 r
2458458.0506366 853.1868928467974 45.9931971557157 25.8608 18.53318956263937 0.05852740421895709 19.956640989098318 r
2458458.0554167 656.3470609161245 51.7123530605524 25.5441 18.501266137904686 0.08554026529725937 19.512689239490804 r
2458458.0617477 734.1582419829534 71.0656230536299 25.7157 18.551225803162634 0.10509443678099782 19.33912606921129 r
2458458.0665278 838.8139313476393 90.8455499708166 25.6736 18.364435913038307 0.11758390021593337 19.03041584305621 r
2458462.0523958 1037.491549706295 46.7234643074496 25.976 18.436038579746594 0.048894533370376476 20.054737399092215 r
2458462.0571412 922.5721672954826 44.7012187075712 25.9586 18.54609912895931 0.05260522143550222 20.085376580057282 r
2458462.061875 937.9152970465746 55.3303853876549 25.9742 18.543790952256746 0.06404864021787449 19.8693657512195 r
2458462.0666319 895.2351629365846 81.1461751336589 25.7652 18.385357169948666 0.09841034623084192 19.244604854277867 r
2458465.0549537 881.4606691681632 44.503121933972 25.8963 18.53329265295025 0.05481474236316218 20.0278987936661 r
2458465.0597917 592.526304807495 44.1330313519918 25.4261 18.494330911694824 0.0808659999566173 19.566765592350905 r
2458465.0646181 521.6552802941286 51.6865615481998 25.1724 18.37894098062045 0.10757314646798971 19.14153088500852 r
2458465.069456 498.51338972817246 68.4489846891004 25.2985 18.554307930858428 0.14907335331048693 18.96265746270339 r
2458466.0573032 1078.6843744179878 48.6722877114818 25.999 18.416764030787654 0.04898884606247115 20.033370590208108 r
2458466.0621991 932.8021161497909 56.2307051881543 26.0048 18.580326193364627 0.06544761805940809 19.882441164104936 r
2458466.0670949 1084.2312389671984 65.7998182219573 26.0194 18.43159520985949 0.06588895438175095 19.726413254566932 r
2458466.0719907 973.327358800799 88.7836569839417 26.0079 18.537252672684467 0.09903391239944913 19.389642415223335 r
2458477.0403241 1086.4240413416846 47.3037024162681 25.9619 18.37190158127246 0.047272177123324634 20.027237154438712 r
2458481.0204282 853.3487785291597 65.1655752209504 26.0149 18.68708357204703 0.08290896617832126 19.732429406264487 g
2458487.0209954 984.013403743908 29.8672836003698 25.9721 18.489597464459326 0.032953727745522333 20.536685674783502 r
2458488.001875 885.4757738586715 29.2265356208185 26.0327 18.664758290937513 0.03583525451548626 20.620831641318027 g
2458488.0181366 809.9703802274762 30.3040774510718 26.0293 18.7581271563187 0.04062017289988868 20.578122320927065 g
2458488.0464468 1063.7463420445927 31.5619353183718 25.9816 18.41450480083497 0.032213312347841465 20.48626592547808 r
2458492.0189815 846.3351037593252 31.5704692519388 26.0381 18.71924411338966 0.04049939357894949 20.542472396322577 g
2458492.0208102 894.2756741349472 31.5994439227744 26.0369 18.658221456644497 0.0383634680660889 20.540276388895233 g
2458492.9984028 788.747421551551 29.0541482023902 25.7635 18.52115511868098 0.039992636224768154 20.358054620425463 r
2458493.0429514 807.7270146359969 26.0254332900537 25.9984 18.73023847946516 0.034981884239373644 20.712480067439067 g
2458494.0068171 998.0678380922635 26.5926710112285 25.9674 18.469499847413182 0.028927555637978414 20.65807008723953 r
2458494.0450116 881.7708476200503 23.7297386897817 26.0738 18.71041065889511 0.029217769406907495 20.88814259960172 g
2458495.0252546 860.0167763489103 24.8518205966362 26.0546 18.71833269222627 0.03137336661770122 20.818779464624352 g
2458495.0418981 714.8387648744258 21.4511101572898 25.7763 18.640779760608467 0.03258003264814654 20.70025055640019 g
2458502.9528125 807.1709601492576 81.7585509676481 25.8325 18.56508617810787 0.10997082795094805 19.303742024854934 g
2458502.9537269 858.201004407179 75.4277340720347 25.9823 18.648327453801535 0.09542273949979432 19.541047336030537 g
2458504.0025 416.2318873149661 103.987396339539 25.2275 18.679161629421646 0.27124091076762175 18.437623228218122 r
2458505.9631944 724.5723903864036 100.715479048955 26.0457 18.89549554661791 0.1509121753109271 19.290534432216596 g
2458505.9641088 970.8364512525525 99.6118479553106 26.0258 18.557934814779365 0.11139732463233094 19.28259749662493 g
2458506.0460301 1057.1628777075694 75.6822118341817 25.9994 18.43904523882674 0.07772518229787889 19.554490449262325 r
2458506.0469444 1030.3516365450087 66.0400331119912 25.995 18.46253633690401 0.06958756739603317 19.698056783302707 r
2458507.0063542 843.6892503059719 84.5507388532019 26.0929 18.77744371082965 0.10880396679183758 19.5276814714939 g
2458508.0424421 1047.7780869629696 65.0418408593174 26.0872 18.536526721368823 0.06739588038689018 19.80679292800051 g
2458508.0442824 867.605963119019 65.3330507039432 26.1151 18.7692936792749 0.08175611529256008 19.82984264442953 g
2458509.0006713 962.8530768119604 68.2849284696825 25.99 18.53109994365765 0.07699715421277385 19.65676284213554 r
2458509.0204861 984.3109586202793 69.7780896616253 25.99 18.50716919935138 0.07696558824440765 19.633277300540346 r
2458509.0431019 920.6209965786309 66.4055887934632 26.0948 18.68459781096593 0.07831295182382382 19.79186340971502 g
2458513.0225579 211.29247925561918 54.6338062350278 24.5586 18.746389902375277 0.28072898589831 18.46752134402916 r
2458513.0235301 441.154816186662 42.784520198396 25.0384 18.42692243780131 0.10529444964677451 19.21275832413009 r
2458526.978831 494.6776730143487 39.4276459397112 25.5394 18.803594227048336 0.08653431826809534 19.80247286932201 g
2458527.0030671 746.5633069534296 41.9113544864223 25.6044 18.42173339786213 0.060950166103927166 19.80114574780825 r
2458539.8738194 955.7986033469764 48.9166916650988 25.8467 18.3957840210602 0.05556489824825373 19.875632296304182 r
2458539.9170602 469.99271922442614 72.2364696997778 25.1645 18.484272174443404 0.1668688299735108 18.77018370609047 g
2458539.9199769 27.618078334974786 142.340402087849 22.7081 19.105116357256474 5.595573039963236 15.577354518405018 i
2458544.001088 403.0181938630169 24.9829742940502 25.1905 18.67718836903955 0.06730221018326922 19.948964636390613 g
2458556.8977199 618.4959919916222 41.8277247542667 25.2883 18.309957775905914 0.07342385618292332 19.48721438541465 i
2458557.8967361 1001.697806762021 35.043746634806 25.9687 18.466858192804096 0.0379825087611956 20.359748659815004 r
2458560.7920833 888.5024930636762 71.1221715097736 25.9896 18.61795337315745 0.08690728749888525 19.61216246893415 g
2458560.8975 991.5685732028421 42.2541538431042 26.0064 18.515593115563473 0.04626541831522292 20.19430146615489 r
2458561.940787 719.9383492749923 53.5569529471959 25.3574 18.214161730158082 0.08076633766394972 19.28793533809449 i
2458568.8353935 148.8288010641406 69.6315763746821 23.8256 18.393882542054733 0.5079594939249127 17.4711594211881 r
2458568.8585417 53.395235434231125 63.1691206848336 22.6835 18.3647437355625 1.284435095562032 16.434812910284112 i
2458568.8935995 714.1720786519345 56.3693816805052 25.6808 18.54629283258727 0.08569396581009661 19.555766811556772 g
2458573.8368519 604.9162268961511 40.4527630028579 25.2634 18.309161913434323 0.0726043753488906 19.498604513849543 i
2458573.9021875 967.5894538151679 32.1610214376055 25.866 18.40177218462936 0.03608681433755922 20.35025040531911 r
2458581.896169 502.8339393785873 31.8130727364269 25.0575 18.303938541927252 0.06868958191768693 19.553560943079226 i
2458582.7729167 942.0279901696271 28.5328918417482 25.8356 18.400440482413714 0.03288454376712088 20.449810513814352 r
2458582.8561343 902.8131405204267 23.7325423816337 25.9645 18.575505320889825 0.02854014868335507 20.778714326384105 g
2458585.7730208 977.7616523819518 31.2056247954679 25.9945 18.518917499204015 0.03465051708450996 20.511492783163355 g
2458585.8350463 958.3123141104222 27.8402551781379 25.8959 18.442132328059298 0.03154103792870754 20.536791960129975 r
2458587.8359606 623.9983801861678 25.8939775729537 25.2242 18.236241344211898 0.04505314812286595 19.94377807036299 i
2458588.8140625 849.063789397886 53.2672784692175 25.8595 18.53714920094249 0.06811300276395162 19.795923718194437 g
2458588.8594676 356.49730126737563 82.5619809972063 24.5656 18.1854593836686 0.2514396110433332 18.02622472691887 r
2458591.7299884 854.0455758070134 128.639105860208 25.9104 18.581697381844954 0.16353164419879535 18.889542457316598 g
2458591.8138773 559.2190000439078 188.920437943739 25.1485 18.279545203518754 0.3667810275749087 17.71037763000849 i
2458591.8759838 1044.958581040269 128.940431148426 25.9476 18.399852308289372 0.1339676314811289 18.924202194003236 r
2458594.7727546 1012.1642931152733 96.2818165986766 26.0185 18.50537246922914 0.10327687806437777 19.312214299814435 g
2458594.8557986 979.4993474883705 85.7216447481813 25.926 18.448489622456147 0.09501587718434436 19.345848750926606 r
2458596.8352662 654.184521415717 34.3228526971773 25.2753 18.23604933970242 0.05696301265686001 19.688916547981393 i
2458597.793912 910.9484396468199 28.9984367821617 26.0186 18.61986550929794 0.03456134446709118 20.61523852158321 g
2458597.8589699 1024.2112812382059 33.3550395148908 25.9419 18.415926112279934 0.03535751564612437 20.386571340442842 r
2458599.8404861 2772.8730734759893 39.5687450258396 27.1739 18.566575023811012 0.0154928788069989 21.433094298483248 g
2458600.6818056 646.2665332452963 30.9617347039009 25.2529 18.22687083332197 0.05201438359994153 19.778411776507916 i
2458606.8048264 990.25148550325 27.120078570652 25.9018 18.412436243565473 0.029734132930073997 20.571147630638542 r
2458606.8972338 860.3623897610269 21.5646884933665 25.9151 18.578396456997634 0.027212698481335427 20.833317016538274 g
2458607.7754745 647.3417469142416 21.985605250954 25.2556 18.22776596132948 0.036873524277931315 20.152828924171562 i
2458612.8149421 605.2023751772736 20.2471535960885 25.2507 18.295948440533397 0.036322287487444684 20.237365045517883 i
2458617.6976736 893.888774448324 53.178842973351 25.9701 18.59189129151261 0.0645899931474136 19.908327779074025 g
2458617.7644329 963.410735108574 47.1043824755726 25.931 18.471471296827783 0.05308351483956185 20.00092170241961 r
2458628.709294 858.448170960188 23.6880954389189 25.9887 18.654414800895037 0.029958902689801382 20.80494962878601 g
2458628.8328125 927.1144250677307 30.6449837236289 25.8249 18.407066654097395 0.03588689586650888 20.361576501603036 r
2458633.7532755 903.3747878584738 23.6547916666362 25.9941 18.60443008565068 0.028428961774933183 20.8118771704928 g
2458633.7988194 983.8716727971962 27.9236594205302 25.8865 18.404153858165728 0.030813690312556416 20.524144158257673 r
2458634.7326505 863.1690648622409 23.4073575943311 25.9649 18.62466033184267 0.029441935739693326 20.79409401439859 g
2458634.7349074 888.7153089896883 23.5860315177344 25.9588 18.58689334655108 0.028813900424327406 20.77973780279323 g
2458634.7703819 1033.5440948355658 22.8081012755736 25.8611 18.325277475058467 0.023959070230893196 20.71845215736502 r
2458635.710544 913.5042752792467 20.9547694372502 26.0015 18.599723539427103 0.02490474734895792 20.950867772391444 g
2458635.7669097 1041.3647124812935 20.2680016466279 25.9003 18.356292857111505 0.021130895952208677 20.88584766190519 r
2458637.7058681 983.2857077196716 22.9793758886976 25.8747 18.393000683401482 0.0253727967430924 20.723929416070355 r
2458637.7311458 882.800042583061 22.1904291567849 25.9611 18.59644413640399 0.027290606902360435 20.848260735537878 g
2458637.7889583 587.2363648096598 24.0337891102047 25.1941 18.27206764606798 0.04443438179344853 19.994619374059635 i
2458640.6896296 872.0070005509887 21.7237497437636 25.9556 18.60430007124524 0.027047346044127358 20.86583801139951 g
2458640.7316898 996.9190955591725 23.2260684116056 25.887 18.39035021299195 0.02529447232659961 20.724635736899167 r
2458641.7527431 304.6860351652772 31.0909922284616 24.2928 18.0831686264194 0.11078778272240167 18.813788533644328 i
2458643.6906134 923.3321963267792 33.0974954663118 26.0266 18.61320505113075 0.03891768419938996 20.479687160786636 g
2458643.7320139 959.2546977088317 30.0551062075608 25.9193 18.464465163190866 0.034016855885602756 20.477079321659378 r
2458645.7697801 572.3026460559648 36.7270526520597 25.2183 18.324235615288227 0.06967390652330119 19.558409795189316 i
2458649.7082292 989.8583427442829 86.3206434382805 25.9597 18.470767380592893 0.09467851967698378 19.371988316812104 g
2458649.7115741 1030.8489985581157 84.4770288626393 25.8914 18.35841236660652 0.08897201274333567 19.327128411887905 r
2458649.8290856 597.4176214678037 72.1928701884334 25.1442 18.203504928913908 0.13119766867774965 18.75053921790616 i
2458652.6894329 963.4234865497864 51.3114404806285 25.9976 18.53805692641518 0.057823824836700746 19.974639471913083 g
2458652.7732986 1078.8472491976863 57.3820693796694 25.8663 18.28390010360016 0.05774655566099643 19.721934473583076 r
2458653.7359722 705.6130675050456 36.6199866885703 25.1971 18.07568346236072 0.05634578124858279 19.54037953391271 i
2458655.6891551 1015.3656765643068 27.6821716550481 25.9266 18.41004380395023 0.029599714132135392 20.573674595795637 r
2458655.7333333 897.1495800098538 30.116221435954 25.9951 18.612937854605192 0.03644562996134505 20.55067378485157 g
2458658.6727199 1034.3288806576202 33.1180465409158 25.8963 18.359653371807454 0.03476289196006158 20.34871320884773 r
2458661.6923264 1013.6228543188524 24.0762883161109 25.9123 18.397609014765294 0.02578831575612732 20.7109011506438 r
2458667.6927083 924.5599183855613 25.8150090123397 26.0208 18.605962345169598 0.030314265984661914 20.743694286657814 g
2458667.7132523 991.848009929522 29.9671357243292 25.9289 18.43778718429751 0.03280272675872595 20.489861902113223 r
2458670.6744676 1021.0867794541898 32.1718314316722 25.9075 18.38484336702426 0.03420762866407631 20.391385527919198 r
2458670.6910185 840.4172411748066 31.109139603578 25.971 18.65976261653898 0.04018860062936216 20.491354989561255 g
2458673.6747917 925.5528944692012 45.4608564037018 26.027 18.610996891711302 0.05332688395491961 20.135480957107575 g
2458673.6909491 1078.671642183716 41.0025091385802 25.9291 18.34687684633373 0.04126967135395836 20.149648903964458 r
2458677.670544 803.8797824675185 71.2001456658468 26.0082 18.745222234206892 0.09616114229434965 19.629572783796434 g
2458677.6908102 1036.1386804479357 51.9027779435288 25.8994 18.36085528299595 0.05438542839548085 19.86399848214674 r
2458680.669537 780.3680446566183 87.7355515084679 26.0213 18.790551307168172 0.12206354286925986 19.41593596311867 g
2458680.670463 821.3256822889489 95.222080871621 26.0057 18.719411492176853 0.12587286070758483 19.31143081964947 g
2458680.7351042 1010.5572364156483 58.762852803948 25.8808 18.369397709192768 0.06313232639403465 19.71061781004132 r
2458680.7501042 904.2377563252237 73.2040076834278 25.8664 18.475693407539417 0.08789457262312345 19.457637844329774 r
2458681.73375 1016.1374380093919 73.0597958160263 25.8783 18.36091886858423 0.07806131075423146 19.471678853828852 r
2458683.6697222 889.4495867659911 46.0697041045382 25.9912 18.618396655796133 0.05623464049059875 20.085236431947994 g
2458683.6806597 814.1192011975404 31.2397381267826 25.9712 18.694480005491233 0.04166095534211354 20.48700652750483 g
2458686.6651968 908.2850273687704 44.8401144942507 25.8922 18.496644612207998 0.053598717186210273 20.0156082070423 r
2458686.6915162 755.1404501120066 25.379987820557 25.9262 18.731130663854763 0.03648997053818481 20.667546465790245 g
2458686.6924306 771.7580808189468 30.182531948417 25.9283 18.70959703617701 0.0424604234809223 20.481485816639335 g
2458689.6668403 132.88878698704482 49.3050859367292 23.8151 18.506379157031777 0.4028220364952652 17.83544568892166 r
2458692.6657292 532.1678553946374 69.9440064549523 25.2508 18.43567840434857 0.14269596902245918 18.89149872550931 r
2458695.6993634 11.945307433243297 69.5883898948043 22.5116 19.818606671117834 6.324836370349969 16.157833018912907 r
2458820.048125 0.44802014978176885 59.945599043118 23.0564 23.92815613273766 145.26787893985394 16.864581727889195 r
2458820.0529051 38.477019458488726 60.3360925378989 22.3242 18.361196442603326 1.7024940234539097 16.12533203630339 r
2458824.0500231 130.35761459587013 41.7193230546967 23.0799 17.792058988140145 0.3474646968717944 17.281631856983388 r
2458828.0544792 703.0493156499073 37.6775593308178 25.8459 18.7284355254183 0.058184433516807285 20.158268083176356 r
2458828.0592824 755.0993316412867 45.2653373028299 25.857 18.661989785343806 0.06508359185388443 19.97016058680425 r
2458828.0640856 737.8221330254014 45.1179755731315 25.8612 18.69132080260963 0.066390778870905 19.977900977210567 r
2458828.0688889 698.0982346405626 62.1457347709846 25.8594 18.749608650603673 0.0966506157626911 19.628446671156276 r
2458830.0607755 297.77490946311536 129.321753921391 24.6704 18.485679746822115 0.4715126216832779 17.643796023955133 r
2458830.0655208 354.26584400554503 124.390167991138 24.698 18.324676793701208 0.38121204082509497 17.71360985330398 r
2458830.0702778 250.33115139827018 161.370346244268 23.957 17.96071275773568 0.699872085191122 16.6900156620439 r
2458832.0661343 570.1749881684448 92.8475205633962 26.1016 19.211579594445894 0.17679581736738498 19.434749212508766 g
2458853.0226042 511.88799786854077 29.415459723386 26.1019 19.328962632857007 0.06238936008396478 20.683035888647435 g
2458856.0011806 479.91168311869586 28.6325832075527 26.0752 19.37229669334867 0.06477524236631559 20.685623660480648 g
2458856.078669 708.0191847320801 60.9095373318742 25.9418 18.81668743589423 0.09340069606481034 19.732661737614457 r
2458874.0209606 776.5733498500324 28.2440174845211 26.0226 18.797143793719286 0.03948697156407225 20.647858809975506 r
2458874.0459954 551.4941182294697 24.0391437067105 26.1379 19.284047787543187 0.0473247083870367 20.938177504925733 g
2458877.0226389 562.9667646799629 24.1910418826414 26.1521 19.275893108529488 0.04665322328026687 20.945538555735844 g
2458881.0223495 734.4893518942044 31.6777179196457 26.0091 18.844136239803817 0.046825046893686245 20.509790271086942 r
2458883.9814583 545.1958756280861 32.2068934456441 26.062 19.22061859558726 0.06413662644394086 20.544702898042097 g
2458887.04625 738.2422021055535 42.1541490854718 26.0387 18.868202829245895 0.06199423377797228 20.229174171280953 r
2458895.9834606 775.1817620663417 36.0660399190673 26.02 18.79649113403385 0.05051318472167595 20.379828841550452 r
2458896.0407407 583.6368581531689 31.2963446748866 26.1383 19.222943222776344 0.05821846399667776 20.65214094882656 g
2458899.9994097 805.8367701099011 27.1889585616502 26.0134 18.747782299394757 0.03663155294633401 20.679993557134075 r
2458900.0259606 577.5830336333181 25.4970463901281 26.0993 19.195263931374996 0.04792755613271052 20.835650303836154 g
2458904.9396065 631.524670604176 40.9608919329275 26.0916 19.090624197498553 0.07041884892483143 20.313251476825286 g
2458905.0094792 836.0080949627572 33.1734828855599 26.0145 18.708973793302473 0.043081461275152916 20.46509731288061 r
2458911.9366667 593.0783470950527 29.3768725615384 26.0886 19.155819828716172 0.053777836766902766 20.671161090984008 g
2458911.9576852 772.4013379481513 30.1153841025541 25.9937 18.77409245652538 0.04233067825464821 20.549303972430984 r
2458914.9778009 299.61618078836347 44.677431291064 25.3759 19.18448684060447 0.16189475156206948 19.50325450017422 g
2458937.8860995 498.2184406237043 20.1435591836462 26.0683 19.324750504760207 0.043896131540828706 21.060534466956195 g
2458940.8777894 349.0573650910901 27.7592574528481 25.7106 19.353357984928433 0.08634175591365134 20.354655377250076 g
2458940.917037 79.3954200129595 45.6606232088698 23.6252 18.87571137366992 0.624390407025722 17.72892040226838 r
2458944.9399537 431.53209664891205 73.8176310728845 26.0615 19.473967241592074 0.18571921458031077 19.643674729481805 g
2458954.8775579 472.8825110809726 29.0782127913078 26.0711 19.38421686870154 0.06676122480265938 20.664755713294003 g
2458954.9583218 681.7271550529839 49.5981894020773 25.9541 18.870073516306544 0.07898871833798407 19.968010432361844 r
2458963.8070139 479.27283397172397 23.2829207655773 26.082 19.380542967216634 0.05274295825554477 20.916981338647567 g
2458966.8367824 277.12216234121155 37.5191063447621 25.1736 19.066921852292765 0.1469911082331739 19.490543775377503 r
2458969.7488773 279.9357394517376 25.9022154794524 25.6495 19.531854128827263 0.10045889603492326 20.368732709328313 g
2458969.8413079 255.23483410718814 32.6326056213332 24.8898 18.872450134946305 0.13881028444652913 19.358245608261527 r
2458972.772581 603.2662943852447 49.2857682795113 26.1175 19.16622734712429 0.08869973197424208 20.138271162060477 g
2458972.8591898 723.3923999459691 42.9025831462736 26.0141 18.865665145760943 0.0643901353199015 20.185466385015218 r
2458977.7519444 354.51118497219034 162.01821975697 25.2256 18.85152514524268 0.4961851378650891 17.95426534948573 r
2458977.8505208 357.29341408699236 148.105595643156 25.5375 19.154937472452467 0.45004536565743686 18.363646321401205 g
2458980.7212616 504.6924754543099 17.9677304561909 26.0693 19.311732925470285 0.03865237923098874 21.185641929470425 g
2458986.7212269 537.4154906573403 23.5658179770155 26.143 19.317224548655318 0.0476082454310182 20.96486869201876 g
2458986.7732986 720.9691816686127 23.4804560714722 26.0045 18.85970824776217 0.03535897484244325 20.830308668772958 r
2458992.7545255 746.9582820390578 29.9489855220403 26.0059 18.822659132630747 0.043530695573141716 20.56751969944528 r
2458992.8178241 558.0463973315425 23.185375806792 26.0695 19.20282422816064 0.04510801007551143 20.909039639972107 g
2458995.7497685 778.3661722978286 23.6201429481659 26.0148 18.786840116791524 0.032946433325999336 20.834168685113994 r
2458995.7998958 574.5279206816589 25.6307070223154 26.0782 19.17992215197654 0.048434997869401517 20.808873523284298 g
2458998.6889815 591.9331860272007 27.9559171989751 26.1071 19.17641827786023 0.05127561694358616 20.743490625430404 g
2458998.7540046 789.4475050361867 24.8258812185354 26.0106 18.767291858664517 0.03414218053387653 20.77591330630637 r
2459001.7304977 786.5159928194599 63.807827768932 25.9513 18.712031105288876 0.08807978380756386 19.69169008905297 r
2459005.7699421 801.5308054505887 78.7744202137278 26.0344 18.774599454079 0.10670255895899759 19.546011950624052 r
2459009.6671644 900.528422691118 53.4022812428676 26.0783 18.692056438307365 0.06438315025317991 20.011975465032947 r
2459009.7534028 624.2933773644211 41.3594777351678 26.1607 19.172228180328922 0.07192769714559973 20.37183737394081 g
2459012.6960185 711.6329866815039 24.5960510724019 26.2015 19.070859822627813 0.03752486625701946 20.976911523752158 g
2459012.7247801 878.6982610746782 30.1694861483343 26.0678 18.708200582643762 0.0372767451151958 20.621455206003173 r
2459015.7126505 878.4906297697152 26.7197587718776 26.0146 18.65525716613034 0.03302214174581693 20.700093656720362 r
2459018.6993981 708.1300904682047 23.3066375461205 26.1488 19.023517377023488 0.03573357032052176 20.98267593346866 g
2459018.7340625 951.6261841175664 30.2932598726663 26.0528 18.60663404200379 0.03456125187880556 20.60200996293136 r
2459021.7343634 903.9356794084887 24.9891775470082 26.0317 18.64135617788179 0.030014027193329112 20.789895082404634 r
2459024.7006481 734.4014954801537 21.759655824222 26.1292 18.964366118602964 0.03216831457146216 21.037644934713086 g
2459024.7127546 763.4882689442888 28.520899490644 25.8299 18.622894078810656 0.040557454300914335 20.444566943778483 r
2459027.6875926 794.937052628123 36.4561958311963 25.9549 18.70406814936071 0.049790724539853407 20.30304661797554 r
2459027.7118403 650.2665498009837 42.4778397136554 25.965 18.932271464628457 0.07092197898112751 20.147168934624688 g
2459032.6938079 709.072485440814 74.3877542570854 26.1451 19.018373416210615 0.11389919430692515 19.71892136992891 g
2459032.7104398 999.8727314739976 67.30162911785 26.0816 18.58173818884014 0.0730786793490527 19.764111046715563 r
2459036.6919213 723.8872131589706 50.4972214003439 26.164 19.014822736849748 0.0757367063234939 20.158406284640407 g
2459036.7777662 922.147029139408 73.2858011198285 25.9721 18.560099571408372 0.08628384819506821 19.562125389959526 r
2459040.6956713 880.2711625601391 37.789757918035 26.0507 18.689158813194535 0.04660875184447224 20.359839714593555 r
2459040.7111111 686.671452190724 28.1019404845735 26.1334 19.04152751917925 0.0444321322617431 20.764134214962603 g
2459043.7324884 781.7635011682104 33.0057949242418 25.9264 18.693711524230096 0.045837892784328024 20.382499496838278 r
2459045.6920486 907.6816423147573 26.5706840398149 26.0332 18.638366119968683 0.03178183882672762 20.724768151413052 r
2459045.7315278 669.5440630274414 30.1772951101139 26.0621 18.997652091439587 0.04893403005159325 20.615474214295045 g
2459186.0469213 706.5096581642492 71.5653598661911 25.9805 18.857704742150837 0.10997515788900984 19.596317840488553 r
2459186.0516204 593.46647993366 79.4513169264135 25.9827 19.049209514397553 0.14534990214889584 19.48502223878999 r
2459186.0563079 692.0079494695225 78.6496897369378 25.9959 18.895622291347564 0.12339449021192803 19.50923245484502 r
2459186.0610069 675.432886100738 92.5961461057487 26.0049 18.93094449463654 0.14884030359756203 19.340992710355692 r
2459186.065706 817.3595789752771 130.302723038155 26.0124 18.731367108333906 0.1730813096726477 18.977591260160764 r
2459188.048912 640.5898370737755 91.3506111192519 25.9917 18.97524988919529 0.15482505770810334 19.342496346533224 r
2459188.0535995 733.8725930330608 103.424217404642 26.0123 18.84824832754464 0.15300703950823424 19.22831938081109 r
2459188.0582986 823.5238010836326 113.891002329857 26.0261 18.736909611363345 0.15014922588371962 19.13745145141272 r
2459188.0629861 762.5323702640034 128.522948974506 26.001 18.795354288383642 0.1829920553448907 18.981123284327772 r
2459188.0676852 633.6288784224171 153.894587341623 26.0355 19.030912593643887 0.26369276901140826 18.820016625562467 r
2459189.0501852 849.8925938260063 59.9546428561669 26.0009 18.677489888232003 0.07658939049687317 19.808917938473606 r
2459189.0549306 781.8041968184144 62.5630321951035 26.0173 18.784555006382007 0.08688196396315892 19.77908051620082 r
2459189.0596528 729.5027699916672 65.4412335664018 26.0324 18.874832636774464 0.0973944859508265 19.74534629619555 r
2459189.0643866 639.218793614479 77.9449244313961 26.0299 19.015776162133015 0.1323878542066225 19.553005388333837 r
2459190.0517477 735.3944090434126 47.3136281662616 26.0005 18.83419919062405 0.06985150480941145 20.065609357985345 r
2459190.0564236 704.8626277152288 42.2706589834637 26.0079 18.887638788509108 0.06510950170121355 20.195377443241824 r
2459190.0610995 655.4366833682031 48.9756252947227 26.026 18.984673139385336 0.0811258169274753 20.05362501530241 r
2459190.0657755 710.1267976644341 69.5997897446775 26.0223 18.893960245774988 0.10640985803426035 19.66835517004965 r
2459193.0543287 447.388240115006 70.7061324726272 25.8018 19.17508858949143 0.17158619995420069 19.43073228269024 r
2459193.0590278 666.1766734071141 51.712268476919 26.0018 18.942826446178806 0.08427795827531209 19.970391015383463 r
2459193.0684259 199.9541753193825 126.503725298059 25.0395 19.28717380691773 0.6868828537174795 18.036816702009443 r
2459194.0550116 643.0842008683252 51.2052734184226 26.0129 18.99223039981073 0.08644834576143551 19.99218826550027 r
2459194.0597222 603.7330367759164 47.5182686274834 25.9863 19.034187646348947 0.08545264397715455 20.046723468319517 r
2459194.0644329 681.8387527897867 52.5676939867317 26.0178 18.933595797425795 0.08370416777849284 19.968577674101226 r
2459194.0691435 723.5777859684401 73.4453786637009 26.0261 18.877386936410794 0.11020190111068172 19.613763803479912 r
2459195.0550231 723.4104547440855 42.1483987671742 25.99 18.841538047738677 0.0632566425345751 20.180622288483416 r
2459195.0597569 744.3416852160198 45.8273408018088 26.0296 18.85016914655378 0.0668439574146438 20.129363345644688 r
2459195.0645023 752.6074366471021 47.7139456923212 26.0368 18.845378736636043 0.06883140973059983 20.09276165937719 r
2459195.0692477 780.7009167334629 70.0093487251745 26.0345 18.803288276668177 0.0973601391797418 19.674184895243577 r
2459196.0553935 550.2253513536133 53.2289656299124 25.6376 18.786248508969162 0.10503094385277709 19.574804922055417 r
2459196.0601505 603.2923678916903 48.8853196699027 25.9188 18.967480422012695 0.08797524117716327 19.948428840510246 r
2459196.0649074 579.4553916260443 51.3146913580659 25.9298 19.02224997956305 0.09614607304129898 19.906770686404577 r
2459196.0696644 781.3601706307098 63.8647759391276 25.9479 18.715771826123884 0.08874010967457117 19.687321507031754 r
2459197.0508449 595.7385825424194 64.9716082259307 26.0197 19.08206068062137 0.11840709518905501 19.74046594695782 r
2459197.0555324 711.4243672035896 49.7237301582078 26.0279 18.897578159371157 0.07588305422397378 20.03906573678416 r
2459197.0602315 750.463131978242 58.748344284953 26.0268 18.838476596232333 0.08499162007071484 19.856885910866104 r
2459197.0649537 682.3421582445036 77.2101125411394 26.0251 18.940094487939273 0.12285188328621097 19.558489525458096 r
2459197.0696528 642.128012146288 93.5941407011999 26.0407 19.021645960097405 0.15824750927723588 19.36515333581862 r
2459203.0030787 417.68856807880786 41.7902213323525 25.99 19.43786852747182 0.10862553291612849 20.18988831093209 g
2459203.0392477 657.7875910568091 50.2885013516871 26.0368 18.99158580899106 0.08300282136640576 20.03570325566493 r
2459205.0183912 702.7500960032503 34.1089854189355 26.0184 18.901397715978007 0.05269600912180735 20.438802985680375 r
2459205.0376736 543.5196778390183 24.9958314855672 25.3854 18.547361819734473 0.04993006757690591 20.143306018856173 i
2459216.0451852 818.7039433151635 63.119809094294 26.0421 18.75928279452845 0.0837044664230894 19.794260797458037 r
2459217.9779861 700.2277083483085 53.7304227539885 26.0052 18.892101769971873 0.083308785540072 19.932224345071077 r
2459218.0163542 593.6684127687026 34.5724079257895 25.2925 18.358640144760795 0.06322597341835275 19.698250917475992 i
2459218.0414005 347.889334531861 67.0115372216514 25.8628 19.509197213737245 0.20913094694164536 19.550001037618806 g
2459219.9814236 653.2644260039428 57.2936784742563 26.0132 18.97547747748138 0.09521985928424738 19.870508222862764 r
2459224.0441551 519.6823816443055 36.2291719275066 26.1534 19.364055016122375 0.07568856161188071 20.508328969932318 g
2459224.9734722 606.1226316236981 44.7408819937398 25.3193 18.362898749611208 0.08014083792000767 19.445113636023585 i
2459225.0032292 686.7021208463577 54.1152593803664 26.0174 18.92547902826544 0.08555811220861097 19.936675628137742 r
2459227.0027315 739.9822959292785 33.8010816696968 26.0378 18.864746676592148 0.049592854546208084 20.468048493224394 r
2459227.0210417 731.8395005702909 36.683649824636 26.0441 18.88306038362278 0.05442100157694619 20.385493641414016 r
2459227.0264699 544.9623844219103 30.7507050936718 26.1469 19.30598368376611 0.061263018282656324 20.67983729337078 g
2459227.0375 506.8167076527244 27.9581430791099 26.1619 19.399772691645023 0.05989178233995509 20.798204181389707 g
2459228.0256366 558.889033070905 39.8579406163764 25.2735 18.405186030860573 0.07742818979543264 19.524787849714464 i
2459228.9836227 754.8799313596761 30.0447093023251 26.0495 18.85480530071093 0.04321156191128388 20.607654973279892 r
2459229.0034375 506.8313932084453 26.6797184954784 26.1722 19.41004123173399 0.05715149211096311 20.85932188186814 g
2459230.9813542 531.1730255149696 28.0301006815995 26.1371 19.32400996948909 0.05729259365252713 20.770613344885483 g
2459231.0038889 562.6171150188884 29.9836294664772 25.3934 18.517867651431295 0.05786035590236427 19.953764483434853 i
2459231.0400926 740.2993195572506 26.4977232104839 26.0868 18.91328162449353 0.03886073825763874 20.78135359107291 r
2459231.0410301 775.4884467798432 28.3597164428701 26.0706 18.846661669794017 0.039704194523951714 20.691420278657457 r
2459233.000463 783.698262761986 29.0815850027983 26.0429 18.80752778984847 0.04028830780645394 20.636429807350435 r
2459250.9246528 793.8055516299598 40.497026272781 26.0518 18.80251467024313 0.055388402530163035 20.285817154625605 r
2459250.9624306 545.5747236061932 40.8221137227084 26.1597 19.317564396706654 0.08123647770151461 20.385036268566132 g
2459251.0042245 610.2356503173793 23.2032407562993 25.4103 18.44655606054814 0.04128201699787958 20.249003373453622 i
2459253.0193634 819.98455715271 24.6835726536726 26.0731 18.788585816621552 0.03268226772849021 20.84465494197618 r
2459253.0241088 599.4475249349586 23.6586600810818 26.1748 19.230422071565656 0.04284980116119009 20.992399627850155 g
2459254.9208796 303.31330865662807 32.4395754010744 25.0988 18.894071333691446 0.11611639188842053 19.573687086330747 r
2459255.0244907 368.7089454672177 24.7866695176032 25.7834 19.36669081397276 0.07298680280501758 20.55042954832922 g
2459256.0036574 578.0962817235438 19.2144877290646 25.3824 18.477399559922098 0.0360859773483574 20.425902963217602 i
2459257.0075231 540.2316479299145 27.5623248317614 26.1717 19.34024994375014 0.05539182346037883 20.82348537234252 g
2459260.9034028 609.7182351306382 38.1766232220882 25.7808 18.8179770403352 0.06797953127208085 20.078881209717085 r
2459264.9819213 626.2226200718372 23.4698384321666 26.1886 19.196778122718584 0.04069032763920313 21.01489973941358 g
2459265.0039815 858.2550809214451 28.5643743744903 26.089 18.754959042113192 0.03613417729503968 20.70201319802868 r
2459265.8378704 598.4340226664029 42.7035102284444 25.372 18.42945930893082 0.07747420651059349 19.54841605041554 i
2459266.8813657 894.3707723450003 56.2014278817785 26.0305 18.651706004460014 0.06822437867827538 19.908706615126107 r
2459266.9835532 549.2144745493663 48.1661962432459 26.1592 19.309845063629716 0.09521606163821456 20.204919112204863 g
2459268.9090394 583.2696538962107 28.5806024303019 25.4328 18.518126545673873 0.05320002481065194 20.04519654231592 i
2459268.9812847 654.8297411267018 36.7197971012948 26.1958 19.15547900994816 0.06088099120892256 20.536124307158257 g
2459270.921169 656.1138940833065 70.2899382225043 26.1322 19.08975191345685 0.1163117968028938 19.76754208511641 g
2459272.8653935 633.4119714428037 74.2827348503936 25.4033 18.39908433187657 0.12732434633871584 18.978655277454173 i
2459272.9204282 514.915193990023 112.875064748209 26.1538 19.37446073232418 0.23799736194909218 19.274879958048032 g
2459272.9555671 845.9719269613772 83.8490425514277 26.0534 18.735010121267848 0.10760984211978615 19.497229719449464 r
2459274.8972222 960.6928676841425 142.106247116204 26.0744 18.617938583870696 0.1605973747530606 18.945442063369086 r
2459274.9430903 831.6834203187823 135.609711569962 26.1586 18.858704890321334 0.17702825408624148 19.080448008506774 g
2459278.8383218 490.25720128828243 35.7042836193126 26.0747 19.348640045875108 0.07906898791822844 20.445474179927945 g
2459280.8392245 531.9078675549661 25.8388952628265 25.3315 18.516908964739823 0.052740879197376744 20.053390135310032 i
2459290.9182292 490.31740970658825 28.1846617203803 26.1694 19.443206714950698 0.0624087308018052 20.79694292247875 g
2459292.8750231 675.5873130249227 26.4278034828402 26.0181 18.943896286795656 0.04247070021615567 20.715522317324194 r
2459292.9044676 506.15808770115035 22.1533054436623 25.3488 18.588084548347965 0.0475184419741704 20.2377786504777 i
2459292.9377315 454.8136324180199 25.7857013588523 26.0958 19.451216316011816 0.061553862878883994 20.819927617891455 g
2459295.8558102 496.2004643352977 31.2291881229363 25.3269 18.58775708414701 0.06833030595908704 19.843073254514007 i
2459295.8937269 660.6175898549425 33.447038194507 25.9947 18.94482466700193 0.05496894107186869 20.43638082386541 r
2459297.8032986 412.20072980509786 67.268164272717 26.047 19.509228109084603 0.17717835188069972 19.730051048952035 g
2459297.8802662 670.4853721867341 42.6738715695766 26.0222 18.956226731510384 0.06910072058989804 20.199369874569157 r
2459300.842963 378.97246901200185 109.406021675206 26.0843 19.637780847048543 0.3134320496748523 19.23927192392092 g
2459300.8439005 520.1531558233642 114.455949432169 26.0971 19.306771905645814 0.23890045250576983 19.203079058485734 g
2459300.8990394 623.0740664947197 108.069723790801 26.0186 19.03225081128945 0.18831035574912186 19.186914885457572 r
2459300.8999769 719.8070239553986 110.711743742662 26.0097 18.866659799423843 0.16698884031570116 19.151790761440978 r
2459301.8798611 619.670131282405 152.709413019587 26.054 19.073598591931173 0.2675562389496653 18.8469104695957 r
2459301.9573843 588.4890982878849 138.474794136187 26.1394 19.21505394503891 0.25547131532436973 19.038548168723718 g
2459305.8545255 753.6631431918951 52.3251515716267 26.0557 18.8627568068841 0.07537773018953442 20.011498751548302 r
2459305.8986227 466.5919249433694 62.1028230204342 26.1308 19.458456953948264 0.14450536185654916 19.90059663306912 g
2459305.8995602 501.2589387485515 65.3531637842213 26.1502 19.40004467426079 0.1415514506288375 19.864608446982537 g
2459306.8934606 550.9285003261996 31.3408033760836 25.385 18.53226190091349 0.06176247953276527 19.89729967719737 i
2459307.8563426 660.8047167172756 28.6871015827217 25.9614 18.911217164381963 0.047132814582627365 20.569758310965504 r
2459307.8784028 481.3655905293907 31.7469558764796 26.1371 19.430912394091575 0.07160393404353528 20.635419768194588 g
2459309.8959144 721.6084094918334 30.5661151808871 26.0402 18.894446035621293 0.045988420887803826 20.57967437588369 r
2459310.8522106 72.18568511929014 26.9341249972159 23.1 18.453872293128654 0.40509942464566123 17.776817810946884 i
2459311.817037 702.79062664852 26.0212797595397 26.027 18.909935098668846 0.04019874819568604 20.741253359399387 r
2459311.8581713 472.3486986400776 23.3529498189369 26.1347 19.449043192058795 0.05367707731897315 20.96642062388821 g
2459313.7912616 314.0956269216693 27.2994432316903 25.7167 19.474045275344146 0.09436299959705483 20.37889051476963 g
2459313.8308912 467.89323504305435 28.5115662324643 25.3889 18.713533084843395 0.06615827103321571 20.00392230124992 i
2459315.8533333 364.6739493441319 31.3311702420765 25.3075 18.90273814902417 0.09327853440861589 19.820133448158625 r
2459316.7668981 501.111529821673 27.2576565926049 25.3372 18.58736401170136 0.059055990535924044 20.001053699797726 i
2459316.9173495 689.3355225722759 22.1562297293981 25.9959 18.899823352583553 0.034895950998499986 20.884735340335148 r
2459316.9178241 628.8349947031322 18.6085790218391 25.9994 19.00305824445894 0.03212819644929039 21.07769196156353 r
2459316.918287 665.7967898517638 19.6030081321438 25.9967 18.93834575782757 0.03196618886343244 21.018468188963997 r
2459316.9187616 667.6563149983214 20.15127414984 25.9953 18.933917597217082 0.03276871326310498 20.987118710516746 r
2459316.9192245 688.8805157707897 20.7934424906872 26.003 18.907640246542105 0.03277119906182772 20.960759000205428 r
2459316.9196991 660.6094787931781 20.5986082772053 25.9952 18.94533799775124 0.03385344855695513 20.963180292356977 r
2459316.9201736 679.4947726916241 21.0068260673468 25.9997 18.919234699793453 0.03356480723313673 20.94637389022089 r
2459316.9206481 694.8428003975264 19.8259574050856 25.9951 18.890383595150816 0.03097829025843939 21.004589567192664 r
2459316.9211111 645.8135740145067 22.2013027161267 25.9914 18.96613207754132 0.0373233938225605 20.87802884291779 r
2459316.9215856 662.4480892542447 20.8031745491041 25.9972 18.94432037058629 0.03409475696939313 20.954450956565594 r
2459316.9220486 663.3461080586595 21.0162606131024 26.0037 18.949349536455937 0.03439735889070377 20.949886375909898 r
2459316.9225231 671.9995637547445 21.8571208450204 26.0057 18.93727752219791 0.03531293378949178 20.90929260558684 r
2459316.9229861 699.7482441625693 20.2243676452008 26.0103 18.897945456525576 0.03137927981323123 20.998187610605328 r
2459316.9234606 671.5758780867526 20.8529218865257 26.0146 18.946862278513187 0.033711778565811396 20.96925769816511 r
2459316.9239352 712.6999542610964 19.4191211582737 26.0108 18.878533172686843 0.02958235049053183 21.042801060753767 r
2459316.9243981 649.836633496059 21.8299149130696 26.004 18.971989524118328 0.036471841382059306 20.908944881776293 r
2459316.9248727 660.2069867033512 18.9069071153839 25.992 18.94279971004662 0.031092111214502702 21.053023762576366 r
2459316.9253356 678.4276190230647 19.6530868454927 26.0023 18.923541200282127 0.03145119065004636 21.021298055984822 r
2459316.9258102 673.7737138097988 20.1098089214069 25.9956 18.92431484080057 0.03240438013308252 20.98965512902474 r
2459316.9262731 691.3037343085382 20.0709097979023 25.9984 18.89922774281051 0.03152158116052779 20.994557341292854 r
2459316.9267477 693.5318666365775 19.960826800482 25.9881 18.88543394755653 0.031247979652879492 20.99022867340354 r
2459316.9272222 650.1637949786243 19.3939247169584 25.99 18.957443045723174 0.03238566070246037 21.023410725560698 r
2459316.9276852 660.3436629246515 19.9786700552151 25.9946 18.945174963919133 0.03284780834100632 20.995758552571353 r
2459316.9281597 623.9558432670962 20.926011133253 25.9876 18.99971535954391 0.036411823901531006 20.938458859057903 r
2459316.9286227 664.954727449651 20.4697136470304 25.9899 18.932919805118555 0.03342177623402739 20.964695570875016 r
2459316.9290972 692.4182977171718 20.4449866937521 25.9888 18.887878660149465 0.03205738803637652 20.964907908565507 r
2459316.9295602 694.021032593692 20.7581160023719 25.9945 18.891068419680696 0.032473203959755635 20.954105152695643 r
2459316.9300347 649.8284943415692 20.8375061613913 25.9915 18.959503122967007 0.03481423273435447 20.946960636031065 r
2459316.9304977 677.376602849263 20.139246523451 25.9865 18.909424520811527 0.03227920754649452 20.978966943877722 r
2459316.9309722 651.5126137036311 19.1142477218461 25.9876 18.952792929123106 0.031852550994582 21.036781963677797 r
2459316.9314352 646.9766129865832 23.3225753486149 25.989 18.961778544983773 0.039137921754393165 20.822133727079486 r
2459316.9319097 654.1631380010211 20.6580887199078 25.9876 18.948384829883263 0.03428577004772912 20.95244964353815 r
2459316.9323727 695.7364127169549 19.982333990512 25.9846 18.878488166004995 0.03118252777481828 20.985559455110725 r
2459316.9328472 652.329417462309 21.0220506933348 25.9964 18.960232590205056 0.03498790615107025 20.94228729159461 r
2459316.9333102 695.9566701065194 22.099376839679 25.996 18.88954449623015 0.03447526902956072 20.887624920207855 r
2459316.9337847 705.8107277197387 21.8965686747778 25.9937 18.87197936255248 0.03368198254369126 20.89533483018359 r
2459316.9342477 650.387511778399 19.7026957216078 25.9919 18.95896951577436 0.03288995615315264 21.008160863232458 r
2459316.9347222 659.2617183269958 21.8994439133236 25.9967 18.949055354786182 0.03606492777562181 20.89819227151642 r
2459316.9351852 689.4942033181369 21.8873275456129 26.0041 18.90777345163015 0.0344644978912281 20.906193146118092 r
2459316.9356481 700.868863718094 21.1326440718059 25.9953 18.881208083083585 0.03273609780158271 20.93549039300867 r
2459316.9361227 671.2686565450501 20.2775359235742 25.9909 18.92365907698527 0.03279658678767317 20.975937040491438 r
2459316.9365972 654.4811807519842 19.7105214031622 25.9937 18.95395709208433 0.03269721684407398 21.0095297070609 r
2459316.9370602 649.4689772506911 20.8866141019784 25.9924 18.961003971872344 0.034915596779559376 20.945304882029795 r
2459316.9375347 686.7626991950897 22.7655583426975 25.9902 18.898183252814153 0.03598996672596717 20.849579223713615 r
2459316.9379977 676.7911805777185 20.8564139905485 25.9842 18.908063273309796 0.03345760009787573 20.938675892164248 r
2459316.9384722 702.4751216173324 21.9687856893769 25.9853 18.86872262957369 0.033953530721546915 20.88335985857666 r
2459316.9389352 642.6673856447863 20.0990546351448 25.9788 18.958834348224233 0.03395464606544989 20.973435912324575 r
2459316.9394097 641.6449110023062 20.5779268495692 25.988 18.96976311462354 0.03481903276639091 20.957070941512843 r
2459316.9398727 664.1476519996804 20.1461975499786 25.9874 18.93173839600705 0.03293353008800864 20.9794922685373 r
2459316.9403472 649.4954357551791 20.0408310002017 25.9848 18.953359741320742 0.03350035892341601 20.982585674799733 r
2459316.9408102 635.3174002796397 21.6376749035681 25.9888 18.981323124758237 0.0369768302150448 20.90334851059691 r
2459316.9412847 637.3743376405134 22.5141103401678 25.9864 18.975413565857778 0.038350413803617305 20.857838013642944 r
2459316.9417593 663.5744494491477 20.4860476093338 25.9804 18.925675861459734 0.033518020333539345 20.95432954496627 r
2459316.9422222 664.4538238800319 23.3788384571949 25.982 18.925837987258006 0.03820040460412691 20.812517663943346 r
2459316.9426968 656.0538490616955 21.5131038339984 25.9782 18.93585128040786 0.035601920278308725 20.89901730573746 r
2459316.9431597 634.8255466899536 20.7306349166701 25.9816 18.974964011648535 0.03545422903407695 20.942643480598758 r
2459316.9436343 660.0161061843337 21.687130672265 25.9966 18.94771366591187 0.03567445938099897 20.90866974854743 r
2459316.9440972 652.1717736548122 22.8902112860861 25.9936 18.957695004055275 0.038106375340398485 20.847050485634604 r
2459316.9445718 685.1446674354562 22.4235726934312 25.9917 18.902244295227305 0.035533039999251975 20.867512967015053 r
2459316.9450347 654.089854065779 21.6135816372782 25.9889 18.949806468468896 0.03587559941150392 20.90465813715113 r
2459316.9455093 625.0271608537588 20.7150216283839 25.9834 18.993652774429368 0.03598291464840612 20.94526151146533 r
2459316.9459722 627.1257039452883 20.9655228853899 25.9886 18.995213496176646 0.03629618121768717 20.937410743440527 r
2459316.9464468 634.6265691075627 21.3557138719015 25.9908 18.984504374493604 0.036534711402531415 20.919589755507268 r
2459316.9469213 647.2524004174453 21.5931364312347 25.9948 18.967115825635133 0.036220287801592595 20.911585667269794 r
2459316.9473843 649.8632457510084 21.5955225827955 25.9804 18.94834506171719 0.036078758140946444 20.89706569451762 r
2459316.9478588 678.123463817614 22.0294379468236 25.9832 18.904928070740795 0.03526992067818954 20.878266447112235 r
2459316.9483333 660.2998805033207 20.4309913690756 25.9798 18.93044695330677 0.033593717013089525 20.956651388331007 r
2459316.9487963 682.5064280791719 24.3466026108564 25.9791 18.89383313483462 0.038729461536354225 20.765579071207185 r
2459316.9492708 629.9095513461752 21.3868892776876 25.9729 18.974704515934775 0.03686203144429653 20.900105936541262 r
2459316.9497338 638.8927030015906 22.8706085311456 25.9745 18.96093018014015 0.038865085742265805 20.82888068846483 r
2459316.9502083 696.8515831620717 22.4570748265393 25.9822 18.874349272392333 0.034988291234897155 20.856392024019872 r
2459316.9506829 661.8509025123393 21.8417660398477 25.9742 18.922299586480392 0.03582922573565659 20.87855561214227 r
2459316.9511458 631.2448011215166 20.4480819462212 25.9769 18.976405464177404 0.03516937094700713 20.95284354683934 r
2459316.9516204 629.3571585202266 22.9377493582862 25.9706 18.973357059068253 0.039569764387594505 20.821797981971823 r
2459316.9520833 618.3459906292787 22.0992701517469 25.9769 18.99882112710671 0.038802188365989435 20.86853016176878 r
2459316.9525463 668.4510748542426 20.602927842231 25.9756 18.912925935097725 0.03346332977800616 20.943352635400654 r
2459316.9530208 690.8553655152181 22.5215647582151 25.9821 18.883632162799685 0.035393316862725475 20.853178586072886 r
2459316.9534954 614.9262060468691 22.9910017318187 25.9735 19.001442496047382 0.040592400087650575 20.82218025377455 r
2459316.9539583 653.8657898343611 23.9768798431336 25.9819 18.943178460671774 0.03981199024387645 20.78499332197292 r
2459316.9544329 673.0476876406111 21.216673962831 25.9759 18.905785408736296 0.03422483034180729 20.911781732612965 r
2459316.9548958 677.3390515993405 22.1526370102677 25.9864 18.909384711673646 0.03550824058535807 20.87541141097423 r
2459316.9553704 666.9565502547065 22.1001686703712 25.9777 18.91745614459117 0.03597558658994922 20.869286018484285 r
2459316.9558333 672.012686953702 23.8966498449898 25.9771 18.90865631951583 0.03860729602340509 20.78383243928095 r
2459316.9563079 656.711692600194 24.6212330288022 25.9811 18.937663127826255 0.040704730859184725 20.755400492753374 r
2459316.9567708 682.0137411580631 22.7995463316139 25.981 18.896517187812606 0.0362946755445157 20.838759475566377 r
2459316.9572454 669.9726570930256 23.9921230301967 25.9744 18.909257303382013 0.03887956873778472 20.77680328967556 r
2459316.9577083 614.201538391979 22.0447028151464 25.974 19.003222750283047 0.03896755763436396 20.868314367975806 r
2459316.9581829 686.906221609353 23.5656830554829 25.9778 18.885556375027853 0.037247096166044415 20.799674908209184 r
2459316.9586574 654.6979470461631 22.4051876346648 25.9702 18.93009755226168 0.03715501526269546 20.84690352588406 r
2459316.9591204 652.3296209708192 23.3002270563683 25.9724 18.93623225148582 0.03877956128598165 20.806574606246475 r
2459316.9595949 684.3002024218506 25.0676135341727 25.9673 18.879183328839126 0.039771883623195996 20.722092512688135 r
2459316.9600579 665.154981346838 23.9309901038396 25.9656 18.90829288034457 0.03906138672092525 20.770773321216126 r
2459316.9605324 620.9578524632093 23.4569841730073 25.9661 18.983444691441996 0.0410128442946825 20.792994552108276 r
2459316.9609954 676.0417447300362 23.4149853984753 25.9684 18.8934662152267 0.03760366847949051 20.7972402609268 r
2459316.9614699 616.8812461928383 21.6851661823312 25.9686 18.99309608135539 0.03816550603452325 20.880768102473837 r
2459316.9619329 628.7102905382259 22.1446583378854 25.9687 18.972573577980135 0.038240913055296 20.858102528919332 r
2459316.9624074 649.1701289934443 21.5045586416952 25.973 18.94210368018513 0.035965147308132314 20.89424865529242 r
2459316.9628819 663.0536754698117 24.1122980083601 25.9638 18.90992828299714 0.03948205539940251 20.76077848283565 r
2459316.9633449 662.8994745735794 23.2037194769628 25.9638 18.91018081303049 0.038003165189328066 20.802480973177726 r
2459316.9638194 654.786520548988 22.8620870783811 25.9697 18.929450673911727 0.03790757317390645 20.824485302702733 r
2459316.9642824 698.8637014767049 23.0272006486514 25.9732 18.86221878977893 0.035773258349824553 20.820172126092384 r
2459316.9647569 636.6058929293995 23.0050588772205 25.9695 18.959823363804993 0.03923399500445441 20.81751661641207 r
2459316.9652199 648.4521297307623 23.5041492142502 25.969 18.93930519760486 0.039352873761871555 20.79371365031137 r
2459316.9656944 684.4836257867153 25.8360474908153 25.965 18.87659234148945 0.040980084408211395 20.687009803722376 r
2459316.966169 668.9043753506539 28.5463574175953 25.9638 18.900389908218166 0.04633364856080684 20.577498241362417 r
2459316.9666319 623.0904176571876 26.1130037328983 25.9644 18.978022318984774 0.045500439983344125 20.674832912092775 r
2459316.9671065 624.3551080918492 25.5946775091071 25.9576 18.969020827000023 0.044506949669337305 20.68980083454759 r
2459316.9675694 624.0821760420656 24.2297568866658 25.9614 18.973295552028468 0.04215189611516788 20.753102347678055 r
2459316.968044 641.7210788120001 24.6582772588139 25.965 18.94663423767125 0.04171826749006835 20.737668160409072 r
2459316.9685185 658.8497833243403 24.6668022969905 25.961 18.914033981382477 0.04064772871096004 20.733292856698633 r
2459316.9689815 646.1162560417558 27.3089640734633 25.9621 18.93632333034177 0.04588855645916916 20.623911923881245 r
2459316.969456 655.5524595373095 25.6589550913992 25.959 18.917481372154533 0.042495344403702354 20.688477572554426 r
2459316.969919 644.1071108708015 23.3480941472592 25.9619 18.93950476563722 0.039355295707586065 20.79384639950735 r
2459316.9703935 624.6552576208745 27.4008009484665 25.9559 18.96679900071944 0.047624748574206094 20.614066844662332 r
2459316.9708565 641.6086220577818 24.6672718294285 25.9587 18.940524521383622 0.04174079977185635 20.730972189912997 r
2459316.971331 611.5346207827026 26.5384794826987 25.9624 18.99634737809306 0.0471156107850255 20.65528489811308 r
2459316.971794 667.0862558874684 26.8298607127897 25.9615 18.90104501777988 0.04366628680892748 20.642528944064512 r
2459316.9722569 647.6679376489282 25.4962426214977 25.959 18.93061900465106 0.04273991192870325 20.695384531112694 r
2459316.9727315 626.7609430782201 26.202012421402 25.9537 18.9609451865955 0.0453881582764258 20.66043836869012 r
2459316.9731944 660.203013154463 26.0188174773229 25.9518 18.9026062447228 0.04278779340941958 20.666156102825816 r
2459316.973669 620.00305399418 28.2525819766076 25.9548 18.973815428151326 0.04947367283821607 20.57972962983746 r
2459316.9741435 641.335517430922 24.8544343668938 25.9555 18.937786770013815 0.04207541709249416 20.71956527919621 r
2459316.9746065 619.3270194374726 27.9796640276933 25.9602 18.980399931428416 0.04904924261573177 20.59566875092151 r
2459316.975081 623.0520917912969 25.7355433667439 25.9543 18.967989103930915 0.0448454949456028 20.680541633788586 r
2459316.9755556 617.5584973177166 23.8311295631689 25.9515 18.974804745539068 0.041896366869066504 20.76121341965292 r
2459316.9760185 650.2740745822817 26.7479149118322 25.9615 18.928758900734127 0.04465841766555257 20.645850156685494 r
2459316.9764931 652.4930210265607 24.8147392338429 25.9497 18.913260322793604 0.041289885896092296 20.715500699746116 r
2459316.976956 632.5828550677554 24.9187038422856 25.9546 18.951806457427477 0.04276789442652808 20.715861367785912 r
2459316.9774306 666.7230220418555 24.2692867920066 25.9481 18.88823637091147 0.03952040622414179 20.73803245468026 r
2459316.9778935 653.1260209370691 24.7683016136944 25.9501 18.912607533347053 0.04117267449152672 20.717934420120578 r
2459316.9783681 630.5427046177323 25.3527868178175 25.947 18.947713736835986 0.04365369775357541 20.689510727611932 r
2459316.978831 633.281390737689 25.7591672103786 25.955 18.951008184316187 0.044161613224937044 20.680245443545285 r
2459316.9793056 664.9631332369959 26.5168814621066 25.941 18.884006080259418 0.043294698253818036 20.6347688711475 r
2459317.9028009 677.620421327731 23.1064003499023 26.02 18.942533785558833 0.03702163935781946 20.863244254620394 r
2459321.8349769 477.1085466440439 24.634390375899 25.345 18.64845700918379 0.0560575949000293 20.11872044087487 i
2459321.8575463 451.2744354299902 25.3388501797682 26.0836 19.447498171108563 0.06096155128743659 20.826707729949213 g
2459323.836412 642.0997329834119 31.7261663985674 26.0215 19.002493776711077 0.05364446843620552 20.520530994894816 r
2459324.8140741 513.6547428000049 28.180060520554 25.3815 18.604821743748726 0.05956353394186004 20.009220185456343 i
2459325.7991551 671.0049642788522 33.1178996846474 26.068 19.001185666973434 0.0535854510797319 20.520418023368443 r
2459325.8512963 489.3381501059761 42.1664997073389 26.1223 19.398277310412972 0.09355528221607741 20.312456111171116 g
2459329.770081 676.1606817979957 93.2860115737291 26.0404 18.965275216780654 0.14978780265110928 19.368433675929925 r
2459329.8540741 310.5534660689203 103.69490516284 26.1398 19.909459048140704 0.3625190855551761 19.35298144230551 g
2459335.7722917 389.7305380608409 27.5481208162073 26.0268 19.549888907306233 0.07674275390112532 20.67914504171555 g
2459335.8149653 431.91754698505406 60.4117370652061 25.4926 18.904097880110555 0.15185542562354823 19.292371680378096 r
2459335.8742593 414.9789946311815 52.9219960488837 24.9949 18.44983471452486 0.1384586011668835 18.938384449092585 i
2459338.7737153 663.2843574273738 27.0741370464164 26.01 18.955750611921708 0.04431642366074165 20.681188431821653 r
2459338.8383218 487.9911753741247 31.9077659553563 25.3633 18.64227007880969 0.07098952449533828 19.856133994597993 i
2459340.8570718 399.04221392843635 28.0278413143644 26.0881 19.585552896707796 0.07625716340994107 20.721700864217123 g
2459341.7519676 507.19957822504756 28.296266293062 25.36 18.59705279068751 0.06057035067317467 19.983252154350662 i
2459342.7940972 636.4012302492648 24.8784975256103 25.987 18.977672473687342 0.042442697279160876 20.75001461744497 r
2459344.793912 344.9752006398942 20.2907495463799 26.0686 19.724130310232475 0.06385869691978394 21.05292976341442 g
2459344.8795023 633.9983137873594 26.7068349563262 25.9401 18.934879742968455 0.045734523391506014 20.626118932757713 r
2459346.8346296 404.8056684553529 23.6251936444162 26.0516 19.533483536853176 0.06336342284340236 20.87073654690969 g
2459346.8790046 594.7646300638683 27.986867457781 25.9519 19.016037165879695 0.0510880110601902 20.587089261566703 r
2459348.7947801 675.6688385060551 23.1981805673047 26.0019 18.92756527511962 0.03727604886679557 20.840840177855704 r
2459348.8383681 379.331844911978 21.4013115123915 26.0444 19.596851741852202 0.061253501968428485 20.970874017803133 g
2459350.7727894 634.2729719540447 34.6520461949859 25.9861 18.980409486606877 0.05931472444426029 20.389352777435885 r
2459352.7119097 352.5668811171958 34.510034127465 26.0401 19.671996215511395 0.10627074197514959 20.447811517230683 g
2459352.7755787 588.8516693271015 28.9405463971468 25.9773 19.05228522358231 0.053359365117004294 20.5761081733232 r
2459353.774294 481.0454195967777 35.3442069834096 25.3421 18.636634790619492 0.07977044153970539 19.723879384514156 i
2459353.7958565 661.867409393329 39.772034768835 26.0034 18.951472508033024 0.06524040545840386 20.257030463148894 r
2459354.7515162 652.1240830085837 40.3822836971481 26.0313 18.995474402392695 0.06723113982805723 20.268397800398134 r
2459354.815787 454.5618151511137 54.8037903830272 26.103 19.459017623494624 0.13089633408620652 20.008548497807343 g
2459354.8259144 410.49631576225386 55.4755186180104 26.0863 19.55302684088817 0.1467242658481179 19.97862156174719 g
2459356.7121181 366.53777715326305 64.9970129519582 26.1184 19.708103145574096 0.19252383072218565 19.838741493256283 g
2459356.7865856 640.6362621838703 61.1957768375176 26.0267 19.010171206091826 0.10370979420678456 19.81247135861006 r
2459361.8129167 391.75253819130796 87.1203854104538 26.1173 19.63477045256701 0.24144477244953905 19.519575519109324 g
2459361.8569329 488.4382177593535 74.8544753513713 26.0152 19.293175905262622 0.16638645571551927 19.582230562221728 r
2459363.7310995 351.84041141321006 23.3397976790636 26.1592 19.79333570038694 0.07202134126201726 20.99153227154543 g
2459363.816412 653.5331793304042 46.0793701770329 26.0337 18.995530896894437 0.07655062326363078 20.12750865310191 r
2459364.7971528 600.7249330977065 29.0589085300283 26.0037 19.05701085569831 0.05251864081679512 20.598076744389836 r
2459365.7951157 341.0717267834955 25.7169511949325 26.0482 19.716085700095043 0.08186223518333949 20.775226287481715 g
2459366.731794 384.54714571052295 23.9150760980312 26.0974 19.635026019586526 0.06751993457566305 20.903295571310135 g
2459367.8158333 459.1658072772935 27.9585715561854 25.2065 18.551576150086213 0.06610819154532367 19.842787541890168 i
2459368.6893981 339.55740796169675 24.576895578459 26.092 19.76471697574679 0.07858210395027779 20.868257428492974 g
2459368.7286227 622.3058731796849 22.4948081381554 26.0044 19.019390250561916 0.03924535224263185 20.8767692557856 r
2459370.7130093 363.57309141163796 24.4421217462055 26.1236 19.722120667612312 0.0729889318178674 20.90582773168689 g
2459370.7543056 656.9823279877006 24.4305871297369 26.0146 18.97071578066922 0.040372910072022386 20.797340228384073 r
2459371.7952083 419.8640712260093 30.0776887626155 25.3526 18.79482821847712 0.07777599687017171 19.90956383657229 i
2459372.8104167 493.3817311361078 31.8109520073577 25.737 19.004042338846897 0.07000087035014393 20.233133323043898 r
2459374.7183565 364.4615116684622 26.5545214126385 26.1358 19.731670819617193 0.07910367206051508 20.828028792623993 g
2459376.6898148 504.0592091036384 31.6741421782841 25.3698 18.61359611584712 0.06822336650512914 19.870612834555583 i
2459376.7129977 400.4098870851933 27.7359670124251 26.1506 19.644338018207023 0.0752052842765667 20.79556670885096 g
2459378.6897569 392.7294861398717 25.7787175131396 26.1634 19.678166226661602 0.07126522095172573 20.887821720466484 g
2459380.7322106 143.9627127597275 35.3799553178858 24.6033 19.207674945797326 0.2668192113935637 18.983981788924666 g
2459380.8212384 174.29975893075076 30.9859409129347 23.9906 18.387358033876154 0.19300907961977698 18.51526326819493 i
2459382.7066551 252.56342887384608 53.1037422970152 25.0961 19.090173837422142 0.2282782320027323 19.035862170369896 r
2459382.7125463 292.1187375890097 43.6408143610671 25.4579 19.294001462149176 0.1621971686680093 19.610742873758635 g
2459384.7289005 179.7975111559697 122.11500183596 25.1049 19.467940810688148 0.7373865001851547 18.140552438340293 g
2459387.6892824 665.4584171088716 79.8441750951363 25.9726 18.914797693389815 0.13026632269136537 19.469566893243382 r
2459387.7935301 73.47330320954313 114.389922962564 25.8457 21.180376086811098 1.6903165358750991 18.952305570380062 g
2459391.7138773 324.58720175497837 53.9229375694119 26.1178 19.839471520245258 0.18036488500647604 20.040941130887276 g
2459391.7727431 622.6988855572442 58.5735515543793 25.9726 18.986904778834337 0.10212529104766405 19.80592109446027 r
2459393.7114352 645.0745807649986 27.7408018627089 25.9998 18.97577517797685 0.04668946735837223 20.64457746307773 r
2459393.7933218 266.8891675954336 63.9337197716669 25.917 19.851172632119834 0.26008114222649475 19.65525005627362 g
2459394.7354514 426.811876888577 25.3527097796875 25.1946 18.619008759931223 0.06449079441852665 19.937114026784315 i
2459395.7328241 235.53583034093086 26.9621783782349 25.8614 19.93125754367628 0.12428188536274122 20.537087545148253 g
2459397.7326273 306.1808810735796 27.8867051586284 26.0075 19.7925548288648 0.09888467132422603 20.646581976707097 g
2459400.6909144 671.255785773252 31.853471403231 26.0052 18.937979894875035 0.05152032151596237 20.49988306709576 r
2459400.7534954 296.70306996335614 33.6983484398435 25.9486 19.76779490012256 0.12330946526996377 20.38215344774116 g
2459401.7060764 389.28140046637793 29.3265866178652 25.3518 18.876140865016097 0.08179141118191247 19.93622119543965 i
2459402.7311343 563.6771753543044 30.1374859804949 25.9882 19.110623876131925 0.05804788620092112 20.54300743576421 r
2459404.7287963 546.5570631362342 34.9061310432914 25.8412 18.997111222385186 0.06933875532819739 20.236520702248058 r
2459406.7363426 576.8648892608651 45.6257340206623 25.8316 18.928914733659845 0.0858708171504478 19.936150328180325 r
2459408.6873495 187.99293184502508 26.3996052964938 25.6998 20.014446197564318 0.1524634526899731 20.39838140482971 g
2459410.7248264 465.1843378344651 39.3102476094214 25.6973 19.028237289601947 0.09174671707183767 19.963610540696813 r
2459415.6845023 702.4901341595247 56.7487308349229 25.9563 18.839699426636084 0.08770528448942551 19.823984606327585 r
2459417.6922917 326.06166398681216 85.0166026808394 25.1938 18.910550648628238 0.28308303528230966 18.62261562344564 g
2459417.7401273 54.47529236473424 172.772853956939 23.4141 19.07360107562533 3.44338652255646 16.07298622110067 r
2459419.6906366 207.6753658801179 81.2059398568018 25.8243 20.030837539317325 0.42453416912925424 19.30290549633149 g
2459419.7323727 494.5396561660222 99.6839092807093 25.5522 18.81669719361725 0.21884356280971978 18.80821233597281 r
2459424.6799306 509.49432953579947 26.1158640882777 25.307 18.53915161287802 0.055651244767486306 20.017313989683515 i
2459427.6781019 561.2746249703034 36.1548057785643 25.9214 19.048461479095756 0.06993594737311369 20.27855990697894 r
2459444.6659259 272.3852397864017 68.0562260191902 24.8613 18.773341074983637 0.2712652295218955 18.531705333860707 i
2459551.054456 939.4770230291392 37.9871053594463 25.9876 18.55538459264382 0.04389953056624319 20.291084485880894 r
2459551.0568287 897.7028758156805 38.975602964909 25.9794 18.59656845885023 0.04713788189722825 20.254992882695234 r
2459551.0592014 961.4407621307687 49.9116448446839 25.983 18.525693672667416 0.05636236255240329 19.9900702833286 r
2459551.0615625 955.0473428759608 53.4578179609455 25.9955 18.545437748422394 0.06077096951594421 19.928046919740762 r
2459551.0639352 928.3553251512835 62.5449203145807 26.0054 18.58611441770507 0.07314550597797731 19.76749488030259 r
2459600.9418171 957.6733701320709 64.7420985399283 26.0824 18.62935647192063 0.07339715040328054 19.807008058045156 g
2459600.998912 1177.208307014049 58.5806165023912 26.0766 18.399466704866263 0.05402695084438196 19.909790144448372 r
2459623.9006597 1067.0753192398452 47.0203151065916 26.0275 18.457012312320316 0.04784100540118675 20.099361151103253 r
2459623.9836343 933.9489107203725 48.3745287687994 26.1215 18.695692200214594 0.05623458122969025 20.162533120532167 g
2459624.9805787 661.5174320089643 31.8188429013446 25.4289 18.37754676748352 0.05222193107304495 19.924764033182264 i
2459625.8839005 972.027820384459 86.6778315879524 26.0967 18.62750326241026 0.09681422669344877 19.50450489397238 g
2459625.9402662 1150.0149173582495 52.2784758420328 26.0665 18.414741315454332 0.049354786937962546 20.023267695630263 r
2459627.9332292 859.9133954026865 71.366754107978 25.373 18.036863214311616 0.09010545172255105 18.991835127436147 i
2459628.8786343 888.8039402958325 98.0179986598141 26.0878 18.71578507181023 0.1197318512219237 19.362110412150187 g
2459628.9421412 962.8295434309731 92.6778161152246 25.9604 18.50152648078635 0.10450479593485075 19.29553551064116 r
2459637.8507407 716.1349622709008 36.4795387725847 25.3834 18.245912807896374 0.055304987651773156 19.730851642389325 i
2459637.879213 875.0068952098552 37.3062634539115 26.0892 18.73417131161624 0.04628924692324588 20.41232060701699 g
2459637.9404514 1030.2363851262876 37.9231861258103 25.9893 18.456957790233613 0.039964811737594745 20.294612945268497 r
2459639.8982639 904.7192425558934 37.2054777372185 26.1226 18.731315431340537 0.04464809111960785 20.448657775482555 g
2459640.9221528 687.7772957301087 30.5335994528716 25.3976 18.30398041201589 0.04819921961918215 19.938229978873817 i
2459641.9795718 982.3751320307274 27.9030728148084 26.1826 18.701906599624042 0.03083787971343916 20.821044908123675 g
2459673.8519792 852.1730125259807 22.8996004939747 25.9257 18.59938055898311 0.029174939702224317 20.778705224879637 g
2459673.8577083 1053.833025043609 28.5657310337906 25.8822 18.32527048904874 0.02942953337612765 20.49516163242734 r
2459675.8023032 645.8489813986545 22.0505412651042 25.2813 18.255972552584538 0.03706791113872849 20.175326853225943 i
2459675.8523958 1135.9662240892642 28.1275839509151 25.9784 18.339986453494113 0.02688294532699842 20.608143915221238 r
2459677.8151389 912.8130075344627 36.805809617874 26.0374 18.63644544968399 0.04377683838014012 20.375184050774678 g
2459677.8957407 1030.9988553063654 35.9531097023881 25.9785 18.44535454225776 0.037860654260652465 20.341733839415546 r
2459678.8583681 660.0064674930619 26.6444487624707 25.3307 18.28182952181659 0.04382968871697994 20.01925813989567 i
2459679.7931134 1001.0617161975032 39.2929940306344 26.0694 18.568247867795733 0.04261515841511128 20.336187183518682 g
2459679.8600926 1130.5907003784475 32.6851226440976 26.0042 18.370936477825992 0.03138734260136609 20.470899691899078 r
2459682.7596065 645.0646967796223 41.4756196400448 25.345 18.320991814011357 0.0698070758917699 19.553092781548433 i
2459682.8802083 1021.5506319802687 64.9142468896265 26.0931 18.56995025798095 0.06899060667355034 19.81482493180759 g
2459684.7962963 712.3352782453231 112.38304705505 26.0927 18.96098886696435 0.17128770385796752 19.218522981667572 g
2459684.8376389 1097.5610750579904 94.9389288524273 26.0228 18.421728258984174 0.0939129469853277 19.331764170443524 r
2459687.8754398 964.7066858209241 95.0432843052644 25.9961 18.535111779057136 0.1069635934806615 19.30387140083819 r
2459687.9186458 937.432206362854 101.732977599731 26.0487 18.6188503249129 0.11782344689070268 19.28262059928077 g
2459690.8367593 1069.951644531664 36.8985238011724 25.9849 18.41148962351504 0.03744162411046916 20.319952509929593 r
2459690.8582523 711.4008815105017 30.2565548945429 25.3308 18.20051400251817 0.04617585176343405 19.881326298205977 i
2459694.8002894 974.530579487862 31.8576924778211 25.909 18.437011321857245 0.03549185366902196 20.403539199891554 r
2459694.8365972 804.3140004682099 28.8763564795493 25.9617 18.69813592897357 0.038978632986117985 20.5629190027756 g
2459695.8153125 578.3140306796668 27.8805138535725 25.1329 18.227490677494348 0.052341586551598665 19.77222305468088 i
2459697.7898495 929.503229632332 22.7008083428159 26.063 18.642372742247517 0.026515526608276697 20.92547168399939 g
2459699.838206 1039.7008730933874 33.7435148812983 25.9688 18.42652897831767 0.03523641756462672 20.400899192308582 r
2459699.8962616 830.2026980662808 28.5659325001787 25.9905 18.692539648866305 0.037357181550580744 20.603453975050044 g
2459699.8988194 622.6304246090538 27.4497920067074 25.2753 18.289724153733058 0.047865054458902954 19.9315273440327 i
2459701.8313079 884.9619571555293 25.5900516541164 26.0168 18.64948849600274 0.03139470443472564 20.749197082855915 g
2459702.7681019 1042.7311040958905 28.3584501352295 25.9609 18.415469178750257 0.029527046034091748 20.58176875963401 r
2459707.7741319 1075.321977669032 36.3783978127522 26.0322 18.453353694747356 0.03672948877220972 20.382666069576256 r
2459707.8182407 1095.7783529867982 37.472831023654 26.0275 18.428193208172786 0.037128176999925926 20.345783727368453 r
2459709.7863194 1008.5231557281797 41.5573508653982 25.9589 18.449685314799275 0.04473751106089962 20.16485535159634 r
2459709.8003009 1006.551903940914 42.591704462533 25.9373 18.430209563329456 0.04594081373640374 20.116562438408497 r
2459709.8321991 668.6899273921815 58.7277876775925 25.5651 18.50203804653495 0.09535175642651335 19.395565886827402 r
2459710.8134838 984.1595148396821 56.9424282590022 26.0814 18.59873626103518 0.06281745329756777 19.945385030894503 g
2459711.7340625 980.3162244235976 73.0894654719901 26.0736 18.595184524111712 0.08094656671585482 19.66653802477749 g
2459711.7938542 1183.7749857663964 89.4717815923102 26.0136 18.330427103253715 0.08205910282170845 19.386959776040726 r
2459715.7741319 1047.9395722165689 105.159563975594 26.0948 18.543959398842386 0.10894878066949026 19.292753047366315 g
2459719.7526968 1146.6431616447207 29.9871320361199 26.0247 18.376129286633315 0.02839334009101512 20.58493765940995 r
2459719.8186343 1070.9284069664398 44.0530174894592 26.0142 18.439798903449496 0.044660652175420985 20.156835835318248 r
2459719.8777083 1125.4574651668718 61.5544444717441 25.9482 18.31987728451601 0.059379996518183584 19.727626448758983 r
2459722.7738079 944.1756760905085 22.1104209714275 26.0476 18.60996798020181 0.02542459486784925 20.938682460638592 g
2459722.8544676 901.0885223229167 30.8288012331125 25.9873 18.60038135532728 0.0371448849581457 20.517483394986094 g
2459723.7104861 576.5654152097522 25.183185539396 25.0939 18.191778529887017 0.04742113178983438 19.84369832617221 i
2459724.7712616 1092.5683861141424 30.7030391044741 25.9759 18.379778425293146 0.03051002571498993 20.510521574817297 r
2459724.8404861 842.2559783111369 31.214078062779 25.9617 18.648089744312273 0.040236134174686994 20.478398708760437 g
2459726.7519444 742.8307293867038 23.2625531495073 25.3642 18.18697534671731 0.033999877704671805 20.20013154315611 i
2459726.8359606 1114.4235504959536 30.4907771109961 25.9972 18.37957429695564 0.029704896934990486 20.539353756000146 r
2459730.7539815 1173.8304523202578 27.2060504900116 26.0278 18.353786569772296 0.02516343732488788 20.693711239900733 r
2459730.7969676 971.7574728920022 25.9670074587673 26.0572 18.588305277312152 0.029011744992381308 20.77372023243647 g
2459731.755706 709.9966959088385 26.0888583504907 25.3418 18.213659180849838 0.039894092006823305 20.053237302230634 i
2459732.7031481 1073.819475228052 29.8130980631161 26.0213 18.443971809398665 0.03014294424139681 20.587857217662297 r
2459732.7542477 1002.3052058552755 25.7768405947825 26.0848 18.582300034904808 0.027921550911106707 20.80930077453124 g
2459734.6908218 922.8956770826667 29.7371729104169 26.0018 18.588918470696193 0.03498298825160463 20.571125793873865 g
2459734.734838 1117.6247845257355 31.6149885434404 25.9927 18.37195993960536 0.03071191113230261 20.49554241723313 r
2459736.6914352 1131.6131273180465 26.9305366558374 26.0392 18.404955057843374 0.025837879520308023 20.71616246950542 r
2459738.710706 1010.660005269008 49.3366991791921 26.0695 18.55798730061064 0.05299987534837839 20.08914976390314 g
2459739.7116204 717.0430970979992 43.5458641822049 25.3427 18.203836851871788 0.06593431403769355 19.497907704930494 i
2459742.7092593 757.2039501854633 50.2904424471199 25.3546 18.15656782268161 0.07210782953716066 19.353461347935365 i
2459742.7541088 1160.7417693444675 93.6004694489135 26.0234 18.361560967928867 0.0875492141013214 19.347779921840292 r
2459747.6899537 1184.5169410840238 29.6007364904564 26.0505 18.366646808930298 0.027131329652640937 20.624818697174597 r
2459747.7780324 1033.1721049030966 44.9839137959187 26.0911 18.555668320150694 0.047270958029601136 20.211031893534848 g
2459749.7677894 969.2386762482279 33.5987141354147 26.0662 18.600123160536562 0.03763585258279301 20.502968347365393 g
2459752.7496759 581.2324599542067 27.6793650765171 25.2236 18.31272534938417 0.051703042644834864 19.870784679586848 i
2459752.7793403 953.1654574537398 36.1675245624527 25.9056 18.45767926198752 0.04119650068137373 20.262378026466372 r
2459754.6905324 1092.9421097357388 37.140101965482 26.0557 18.459207102189218 0.0368940022941137 20.3836672598357 r
2459754.7108218 976.2520920758789 43.190035672192 26.1201 18.64619505608741 0.04803208321898709 20.284216082292552 g
2459755.7108565 701.5034267255097 28.1286310109179 25.3829 18.2678255079385 0.04353400642831533 20.012603499030618 i
2459756.7126736 1125.0050713562757 30.5958087421511 26.0547 18.426813799532475 0.02952686205343669 20.59312014557249 r
2459758.696169 724.4533882723248 34.2533030692529 25.3329 18.182873880096707 0.05133361475605173 19.74871884626165 i
2459759.6899653 1171.5328705958657 29.381295129442 26.0142 18.342313803907132 0.027228661630134682 20.59659765014544 r
2459759.7115972 925.206760353475 25.6165912319029 26.0762 18.660603006405395 0.030060235497902585 20.807471643599683 g
2459761.6899769 1247.2643044786892 29.4822197080952 26.0348 18.2949037664364 0.02566324220306897 20.6134745433391 r
2459761.7361111 669.4785694641389 24.5365730473877 25.3304 18.266058301344017 0.03979120254569372 20.108440224247914 i
2459761.7542708 825.2411514694331 30.5532939822579 25.9197 18.62824780908334 0.04019638528383068 20.459629892058828 g
2459763.6919329 973.2414284752756 34.8845693310218 26.1339 18.66334853127028 0.038915500115963814 20.529891574793165 g
2459764.7045602 738.9493776149793 32.6117042349169 25.3752 18.203663280790707 0.04791468585050684 19.844341251844487 i
2459765.6910764 1159.623214946701 38.4910804226425 26.038 18.37720774730103 0.036037365823849705 20.327174735000618 r
2459770.7258333 959.8799931378051 72.1118605089646 26.0361 18.58055765067164 0.08156420335280695 19.643658237556448 g
2459770.7520023 1036.8296067258702 82.8375389410125 26.002 18.462731524984605 0.08674204077974006 19.459007019769345 g
2459772.6904398 1224.602173267257 76.0533032055957 25.9986 18.2786124354233 0.06742685346541105 19.54837978563288 r
2459772.7321644 1082.4913520604357 71.9262296760841 25.9531 18.367038911264284 0.07213942856050154 19.563456750467886 r
2459774.7143981 1049.7726884976917 59.8041098038922 25.9363 18.383561825702508 0.061850839448876115 19.747047413644538 r
2459774.7319907 1014.4408455197654 63.9489883922543 25.9033 18.387733181614458 0.06844106978154768 19.64129079222635 r
2459776.6871296 1137.519345310379 30.1580337442732 25.9876 18.347703021863705 0.02878419375560018 20.54166743212791 r
2459776.7551736 1005.4537892669082 58.1904617739324 25.8925 18.386594712040466 0.0628346971510466 19.732945480216852 r
2459778.6901273 1071.0474860482 39.8934475505974 25.9183 18.343778184564794 0.04043921167817804 20.168621066127695 r
2459794.6918519 632.0629214766811 32.4020810424829 25.2062 18.204299214539667 0.05565733757271435 19.682342729365395 i
2459914.0570949 809.0850814087545 61.8420660033908 25.9677 18.697714516601394 0.08298500689566032 19.74206501429031 r
2459914.059456 883.8670049753546 69.7703216959273 25.9631 18.59713269535926 0.08570252972321378 19.60649817560474 r
2459914.0618171 986.4187009992617 96.0677117099172 25.9888 18.503646756927516 0.10573675711723474 19.284931373850362 r
2459914.0641667 869.0580792384906 106.811110449945 25.9837 18.63607799659431 0.13343736786512486 19.16473391369884 r
2459929.0505556 881.0199067297268 67.0546289975246 25.9229 18.560435696378505 0.08263287826587773 19.609403079228205 r
2459929.0530208 766.5704911749384 59.4892304463182 25.9193 18.70791975688155 0.08425507926423459 19.735779111858434 r
2459929.0554977 470.3284914612976 65.1269137614118 25.5587 18.877696779641127 0.15033809678651638 19.276873743446313 r
2459929.0579745 297.4736065347353 88.7459512064878 25.0144 18.83077890294628 0.32389925394484725 18.396603617484107 r
2459929.0604514 220.04964228431658 86.6137107911807 24.7636 18.90729833273866 0.4273422343694811 18.172208375466685 r
2459934.024838 44.8544336468124 57.5727905084231 23.8124 19.68288655640042 1.3935473836806995 17.664431789456486 r
2459937.0059722 502.23454961871613 34.8528755843741 25.9805 19.228233536740696 0.0753428195067065 20.377478449222266 g
2459937.0386458 739.2207115205254 35.4203396758003 26.0238 18.851864683835863 0.05202216629850017 20.403243184925834 r
2459951.9891088 445.6273517745041 114.24090875553 25.7509 19.128470402080307 0.27832976172127144 18.858920866307507 g
2459952.0467708 899.5006970971249 73.121205339699 26.0711 18.6860962393694 0.088257510965263 19.66356663477763 r
2459957.9832292 498.45929668885935 61.0795940723459 25.8409 19.09682574907364 0.13303817528302522 19.62873463384757 g
2459958.0787384 181.65205933559886 161.465727242048 24.9291 19.28099918576359 0.9650501112284215 17.661474106690864 r
2459967.9377894 738.9462276617396 70.8280197666201 25.9913 18.81976790901785 0.10406438003472739 19.618362239614275 r
2459968.9770718 729.0920571668679 41.7756185671538 26.0341 18.877144082512686 0.06220859030422583 20.234367766246518 r
2459969.0377546 545.9278370172282 32.1828277429364 26.1091 19.266261900822627 0.06400277419706553 20.59261448739074 g
2459970.9204051 469.404917906968 78.0264521271364 25.3416 18.66273091163761 0.18046960277314655 18.86357033931432 i
2459971.9459722 511.05522566271986 52.0048614076435 26.0163 19.245130416470257 0.11048058056164259 19.97876513085038 g
2459971.9692708 754.5872796736695 40.1506806301616 26.0061 18.811826300296133 0.057768789819804774 20.249442709679993 r
2459977.9782755 826.589103934915 61.5266958157629 26.009 18.71577580967343 0.08081346987176537 19.78891600744965 r
2459978.0379051 567.9983160582358 32.8977174036605 26.0602 19.174332379594368 0.06288231985091344 20.519860575089346 g
2459985.8752546 603.7782360945178 78.1847984851148 25.3582 18.40600636423132 0.1405900886132651 18.87796918629929 i
2459985.9559722 611.6706460667269 73.5376465494373 26.1099 19.14360590173543 0.13052747156026576 19.696200671960554 g
2459994.9596991 850.0957389430052 30.3556874565683 26.0005 18.67683040173419 0.03876877434131666 20.547474807501935 r
2459994.9977199 526.3926660501954 30.3441570808643 26.0808 19.277525425366512 0.06258569594043861 20.62818729443999 g
2460016.9400347 474.07218654108 52.0164446763576 25.9949 19.30528880916129 0.11912585380122857 19.95712332703657 g
2460021.8582986 596.3715136684858 33.4756885213978 26.0286 19.089807773175245 0.06094280862631041 20.469351193510807 g
2460021.9243056 549.8873397633637 33.1227155946253 25.3437 18.493015697768406 0.06539763642596344 19.795960150202287 i
2460021.9408218 737.6081398744476 48.6678209735697 25.8987 18.729135748178336 0.07163512761667543 19.933170234622676 r
2460030.9643171 523.9103701244312 28.8158209111871 25.3424 18.544257512931267 0.05971505537453939 19.945897498243806 i
2460032.8794907 782.8901407358928 32.0627104830125 26.0132 18.778947940383812 0.04446407351443446 20.500774405432637 r
