jd flux fluxerr zpdiff mag mag_error limitingmag filter
2458204.7941319 4688.979043794919 78.5686597323707 26.3364 17.15870427056521 0.018192018576904886 19.85085162722811 g
2458208.7799653 3473.127662020624 188.638552602105 26.0081 17.156298132500424 0.05896842744932457 18.571598850456326 g
2458215.744919 463.7531373005786 90.9782176926944 23.2106 16.544882848387147 0.21299058271370336 16.565831427814366 r
2458215.7571296 2480.080813523822 58.1322242028373 25.5771 17.090935418604182 0.02544842711288296 19.418632639512865 g
2458218.7153241 6657.700258867443 31.1543223067229 26.2167 16.658389403561998 0.0050804701943975746 20.73547921771243 r
2458218.7420486 6942.447431596076 26.9031802535829 26.2664 16.662618500137704 0.004207274608718186 20.944465935534573 r
2458221.7265741 5465.348715353268 48.2232035179919 26.0055 16.66145530691968 0.009579614181324867 20.049934845065607 r
2458221.738912 5676.595977278133 54.2607001060944 26.0594 16.674180037240212 0.010377846572310367 19.975761506645956 r
2458224.695544 3782.3752442362893 32.1098814580245 25.6252 16.680788468991146 0.009216879883110657 20.111178233513773 r
2458224.7237269 6537.143732193867 31.6778322798693 26.1938 16.655329915238397 0.005261108507814915 20.694486351460807 r
2458227.7439468 7076.580643931571 29.908258553571 26.271 16.64644134948575 0.004588571507265653 20.834097173113964 r
2458231.6680324 7108.2662278857115 32.7697324782493 26.2871 16.657690787023174 0.005005172486655393 20.750992749275447 r
2458235.6708681 4786.326911184111 91.7786178270007 26.3342 17.134194104844127 0.020818478809280345 19.67992120667386 g
2458235.7096181 4788.51730758828 85.7904955339118 26.3044 17.103897346324423 0.0194512695722257 19.723377048262456 g
2458235.718831 4621.143927659013 94.8913592324807 26.2979 17.13602626242176 0.022293949362207844 19.60740832027572 g
2458235.722963 4645.1799653891585 95.5949023203592 26.283 17.115493639341935 0.022343027874597965 19.584488154734515 g
2458238.6491667 4716.781466169097 88.8070786885146 26.3004 17.116285611609317 0.020441448480001238 19.68185602874396 g
2458246.7135764 7269.715975735811 36.3900879671712 26.273 16.61920639120875 0.005434699049842708 20.62311722559895 r
2458257.6858796 5731.991830853681 31.1181901452332 25.7239 16.328136093060117 0.005894115001843608 20.24393916367393 i
2458257.7124306 6896.475736443091 30.7205570843462 26.2288 16.632231968529094 0.004836283067049097 20.762802271921437 r
2458263.7159838 21011.046094725625 124.201398899802 27.477 16.670880811172523 0.006417836512165148 20.494258770672815 r
2458267.6672917 4360.163062161475 62.6754755549362 26.1935 17.094743171511617 0.015606472244242452 19.953330894447056 g
2458267.7755787 5749.847280387677 116.342188715486 25.9649 16.56575922573928 0.021968012040814878 19.053131914637724 r
2458270.7538889 3764.050958471056 66.8500508851348 26.0441 17.104961264099614 0.019282177910649814 19.733920633720487 g
2458274.7133333 4294.1795672377575 21.1059138069018 26.2108 17.12859949719357 0.00533622086858683 21.15236458861103 g
2458277.7087731 3817.1950178741445 25.3289615911515 26.0809 17.126539129192572 0.007204152124988409 20.824431525587357 g
2458280.7135185 4228.707506659436 31.4406332356549 26.2159 17.150380883276565 0.008072229032202874 20.724746778058545 g
2458284.6725116 6441.417692669815 40.6341197468698 26.1928 16.670346345441992 0.006848874877246366 20.423147848884785 r
2458290.6929514 3715.599817530605 55.8028833535332 26.0596 17.134527667802782 0.016305628547800943 19.945533390015967 g
2458427.9773727 6245.371320735046 49.5592211742139 26.1684 16.67950433847994 0.008615411905166164 20.183163807167794 r
2458428.0257292 4234.406934449895 36.2122301565483 26.2052 17.138218519491446 0.009284799238614536 20.560636809204016 g
2458430.9821875 6669.0834452859235 31.3442458460514 26.223 16.662834621357966 0.005102717336534844 20.735180426615994 r
2458431.0382407 4457.191249049155 20.3794048194253 26.2765 17.153846827043502 0.004964094779906547 21.256096248449808 g
2458434.9841088 6759.150213040936 73.0209732116785 26.2152 16.640469754593337 0.011729118027730863 19.809155947013345 r
2458435.0227778 4310.115040448103 45.8519900187042 26.2332 17.14697784503608 0.011549925024305522 20.332379516168455 g
2458437.9874653 4230.17749076186 42.584995362187 26.1831 17.1172035250368 0.010929690199925757 20.3625334784506 g
2458440.0029398 3326.48996528892 22.0427400157361 25.9887 17.183734455778726 0.007194310845608129 20.88311104323057 g
2458440.9819329 4013.545973837127 21.2677781133663 26.1936 17.184779394898896 0.005753123758442046 21.126869687476468 g
2458441.023287 6957.559614454496 29.5150399179843 26.2791 16.672957659531974 0.004605706686635123 20.856566551848438 r
2458443.9550694 6712.4585254617305 54.2579406780729 26.2436 16.676395961692332 0.008775897232099717 20.160016723167033 r
2458447.9812963 6687.104216003544 64.6098688629429 26.2626 16.699504771078093 0.010489882071318976 19.989427840249284 r
2458448.0229051 6883.1731864607755 61.3045717507739 26.2854 16.690928257730505 0.009669722342703186 20.06924283173428 r
2458449.9647685 6703.709857299178 50.0437766104144 26.2438 16.678011976584646 0.008104844843004088 20.247999797199352 r
2458451.0201042 4456.932895342135 45.9732810303509 26.2923 17.16970976176796 0.011198999937112672 20.388611239979543 g
2458461.9815278 3531.5595989117596 25.91106132669 26.0591 17.18918365039732 0.007965783528347085 20.777961983626604 g
2458462.0434838 6343.648746677112 28.6969088273075 26.1936 16.687752180715393 0.0049114059050207985 20.80158719432366 r
2458465.0194792 4544.694009598207 21.9401292295705 26.2987 17.154938380344085 0.005241364601057187 21.19817703594881 g
2458465.043125 7005.321213009112 27.0234763580511 26.2922 16.678629865849487 0.004188157457712556 20.965421947022556 r
2458467.9623843 469.3538839374732 28.1291482225572 23.7133 17.0345489599122 0.06506778205184477 18.342983535377236 g
2458468.0405208 5678.116471159882 30.4401210249103 26.089 16.70348925836335 0.0058203877226904 20.63295905219661 r
2458473.020625 4711.235617864387 24.9313251504439 26.3305 17.147662938311495 0.005745401400260873 21.091211582287748 g
2458473.0443403 7296.60532156208 29.2596206440073 26.3138 16.655997861003726 0.004353691714601046 20.90070326135131 r
2458476.0203241 4771.893980869671 67.5217810619094 26.3228 17.12607303448389 0.015362536970185301 20.001765265632933 g
2458476.9603125 7285.117744448167 47.8874182467573 26.318 16.66190856157064 0.007136654727389399 20.37002143024581 r
2458481.9752894 6859.571302535825 41.9746410997026 26.2846 16.69385756305119 0.006643544593683318 20.47970751058233 r
2458482.0017014 7069.077877466954 41.9999901101519 26.2834 16.659993084618904 0.006450542779835868 20.47785201882633 r
2458483.0185764 3936.2937764802655 36.3642820831712 26.1405 17.152781241085005 0.010029917302819207 20.491387444177164 g
2458486.9812384 7267.095097182968 31.1703893906949 26.3373 16.68389789148342 0.004656838985717404 20.855519420011497 r
2458491.9770139 3498.273288494064 33.568608543239 25.9958 17.136165665067296 0.010418122110489432 20.433541640099904 g
2458492.0274421 6128.628110410896 37.7504353791875 26.1596 16.69119182787955 0.006687572969480763 20.469870077280824 r
2458492.9462731 1982.298730317964 34.9474942661902 24.8792 16.63627724300152 0.019140654203373606 19.27323488340339 r
2458493.9691319 7291.006497805676 26.5141151545251 26.3291 16.672131286794066 0.003948203150268971 21.02298214378008 r
2458494.9809144 4535.221342640383 19.4399319026618 26.3021 17.160603780582747 0.004653782576890095 21.332938140970064 g
2458503.0259954 7054.665099342808 59.4682533859136 26.2789 16.657708995865388 0.009152054958229138 20.095762031090633 r
2458505.9372917 4464.847540672551 132.776161924891 26.3168 17.19228341549686 0.03228667444715027 19.261574712607207 g
2458506.0046296 7214.220157426852 134.813869622033 26.2964 16.650926520965715 0.020288737390133538 19.224638552607246 r
2458508.9618519 7136.23163404732 69.22685553447 26.3094 16.67572765423261 0.010532112872455524 19.96128847600031 r
2458509.0410995 4564.173073154137 88.9983496817022 26.2668 17.11839473880575 0.02117043037166197 19.645920105434616 g
2458511.9212963 4561.283271887814 31.9362137198259 26.2744 17.126682389230155 0.00760162111599452 20.76626642427953 g
2458511.9648843 4633.239456917741 28.4683938057001 26.2701 17.105388134593216 0.00667095569789743 20.886767577088072 g
2458513.9229745 6696.1180338058 23.267569415494 26.1954 16.630842248880057 0.003772573898319438 21.031097443552873 r
2458514.956794 132.29160182709063 28.7319649425753 22.4819 17.178069312356627 0.23579950584411208 17.088561669521468 g
2458522.9150463 4438.088652607063 26.5869778418575 26.2447 17.126710067025737 0.0065040345298078405 20.935602555120113 g
2458522.9310185 4500.402609117668 27.3138898905384 26.2606 17.127471580507866 0.0065893416278086136 20.92221610335695 g
2458526.9207755 2672.8101997564586 37.1482133285757 25.6927 17.125279700120508 0.015089666753931724 20.020430161966917 g
2458538.7465972 1558.88456185649 54.0980401002137 24.5877 16.60566510972665 0.03767709526025126 18.507321160454552 r
2458538.8153125 2418.2083291897143 38.1103820101068 25.6243 17.16556571824134 0.01711037103334982 19.924266733993516 g
2458541.797662 177.45989772651848 46.9803457315786 22.494 16.87124943277274 0.28742584670808585 16.56678446801957 r
2458546.7537847 168.89321324487196 41.7634823908961 22.6189 17.04986950409973 0.26846912294844755 16.819483227770327 g
2458558.7661574 5724.930801577737 37.9352858161679 25.735 16.340574395908863 0.007194207447758657 20.03996658785679 i
2458567.7333681 7065.334632060893 23.8407297135806 26.2626 16.639768160116798 0.0036635037967740775 21.07187612892534 r
2458567.7531134 4207.073199118894 21.8044355117631 26.203 17.14304982900383 0.005626970227206685 21.109212869558803 g
2458572.7543981 2759.5503272317096 27.5266405920198 25.7487 17.146604202728707 0.010829907103283827 20.401891958076973 g
2458572.7757176 3744.730553776884 36.7311241414115 25.5928 16.65924856454929 0.01064935938851704 19.932789439264518 r
2458575.7315509 2190.9946647493953 33.1411336309858 25.0147 16.663096699951183 0.016422371702706457 19.466356589447948 r
2458575.752419 2255.6189681474107 22.6707166568666 25.5277 17.1445356549034 0.010912125417430656 20.391611866478954 g
2458580.7317593 4481.578491450936 25.279059975798 26.2912 17.162622482089038 0.00612406442687078 21.03687268844443 g
2458583.7587153 6680.962449280909 32.1234441592129 26.2129 16.65080242303901 0.005220269323233706 20.698419732703115 r
2458586.6702662 4249.560402475509 40.8767377528187 26.1947 17.123839983493887 0.01044340354648978 20.418584417165366 g
2458586.7134838 6657.659294895008 35.4041819759667 26.2254 16.66709608397762 0.005773548730674904 20.60533857831756 r
2458591.6834954 4242.067794251305 83.4143220835374 26.2463 17.177355987807733 0.021348769958090756 19.695773427678386 g
2458591.8560532 5165.4421503774665 145.62110386403 25.9461 16.663331244774998 0.030607415176186634 18.79061419204138 r
2458594.6568981 6634.169262905189 28.3395493958527 26.2404 16.685933630425446 0.004637845005118766 20.86199263765327 r
2458597.7527083 4232.351399593618 25.5195303037611 26.2287 17.162245703230347 0.0065463737376470574 20.964093297223066 g
2458597.8488426 6269.327038462607 38.7304013298336 26.166 16.67294768666632 0.006707194642395293 20.448444996086103 r
2458601.7281713 4307.854095816151 18.352389974561 26.2396 17.1539475359833 0.004625316770763548 21.33294341643953 g
2458601.7561921 6803.005162831553 23.1099875689109 26.2592 16.677447998628125 0.0036881514717421395 21.102275709490183 r
2458605.710463 4129.503611980907 19.937174033138 26.2046 17.164855374208813 0.005241741352393327 21.208015989475523 g
2458608.7084144 4151.596292338318 19.8296759689672 26.2114 17.165862211438302 0.005185735240981679 21.22068594520485 g
2458608.7145833 6584.7567614200225 27.1132402056908 26.2042 16.657850657725177 0.004470452889587126 20.87382143503136 r
2458612.673287 4150.023588130037 21.5719279213681 26.1956 17.15047358703567 0.005643496150532118 21.113452587901534 g
2458612.692037 6405.227333018129 25.9382851977343 26.1971 16.680763629387126 0.004396595901290304 20.914821836368283 r
2458618.7934838 3151.2637183853094 138.772577776361 25.3577 16.611488126746842 0.04781110092842223 18.254515850105733 r
2458634.6697917 6455.089811047712 27.6852071969712 26.1827 16.657944277308353 0.0046564541057675865 20.82965554382538 r
2458634.6934722 3901.790381448584 21.9621489820007 26.1097 17.131540165535156 0.0061111189527577065 21.00808790593497 g
2458637.679537 6478.881803053131 26.5281233074046 26.1691 16.64034985749509 0.00444545592130985 20.86240867027905 r
2458637.7172454 3702.9079633735605 25.1772745643165 26.0544 17.133042705763337 0.0073820271162167135 20.80445319912871 g
2458640.6715394 3769.2146173419314 43.8590393720008 26.1129 17.17227283329713 0.012633337148565328 20.26032720101641 g
2458640.7201389 6121.918005637154 38.4044596543745 26.1187 16.65148122863771 0.006810891914651641 20.4103208415987 r
2458645.6944792 4042.955179198014 63.1729191366802 26.1117 17.094952683232023 0.01696453095982603 19.862947625337014 g
2458648.6708681 4146.306386301385 89.0621978420181 26.1482 17.104046523475823 0.02332071467669166 19.526541468468736 g
2458648.6974769 6163.542529836271 73.8061975051783 26.1437 16.66912400735511 0.013000865694278045 19.72604291152332 r
2458662.6778356 6069.631772963314 55.4120863792871 26.1432 16.685294138794944 0.00991178780399396 20.036763732784152 r
2458662.7019792 3643.389207683247 36.9010656915643 26.0172 17.113436081145544 0.010996213892505564 20.35217771757784 g
2458772.0211921 5753.793370250438 156.618262216683 26.0276 16.627714346282524 0.029552755260179187 18.79306898697657 r
2458772.0260764 5655.746551735532 160.56064167522 26.055 16.673775151514874 0.03082187065353804 18.793477251344378 r
2458772.0309606 5820.3810661219695 139.203362107427 26.057 16.64462145182187 0.025966184777783147 18.950450677427078 r
2458772.0358449 6140.619717484508 187.132372192518 26.1006 16.630069493033695 0.033086174659362366 18.672802681707864 r
2458774.0256134 2252.0323752477534 94.4885872153166 24.8176 16.436163425881233 0.045552746162622726 18.131726600393 r
2458774.030625 1922.154828658096 115.425975344997 25.1494 16.93992908261086 0.06519661140905639 18.24621610663459 r
2458774.0356366 6030.231061681702 85.9293937611449 26.0924 16.641565116461077 0.0154709731438479 19.50962061960889 r
2458774.0406366 6058.71420855969 115.093693766584 26.1176 16.661648832066476 0.02062437986360901 19.21754616830016 r
2458778.0278125 6235.673635438325 60.9066612596157 26.1101 16.622891557808906 0.010604525829215651 19.901013005932057 r
2458778.0325926 6382.7952456695575 80.8313073502004 26.1106 16.59807271780773 0.013749234780741693 19.59422598153057 r
2458778.0373727 6381.993345016025 101.575857558466 26.1241 16.611709132534397 0.01728000995760199 19.359698745251386 r
2458778.0421528 6270.5973555545515 175.092058341476 26.1462 16.652927712570843 0.03031568397115316 18.790608868621405 r
2458780.0296875 6276.128480104366 63.1756585699653 26.1398 16.645570436123673 0.010928682025367134 19.891000544444573 r
2458780.0346875 6225.005171175186 68.842345007522 26.141 16.655650708648068 0.012006758535841742 19.79893585047433 r
2458780.0396991 6520.596327796874 87.3782048953025 26.1681 16.632381712346234 0.014548748655152936 19.567167193446743 r
2458782.0307755 6255.9387860554425 111.599107552329 26.1558 16.665068773675028 0.019367700870033706 19.28922318515266 r
2458782.0357986 6467.17416613756 134.775945589596 26.1622 16.635413607500013 0.02262599403813736 19.09074402034375 r
2458782.0408333 6400.4032861867845 157.598382658171 26.1487 16.63318165119359 0.02673340356868614 18.907395598507012 r
2458786.0170718 6147.536910492679 43.5095063551217 26.1182 16.646447137573084 0.0076840971819345846 20.274314599272383 r
2458790.0191319 3785.448280545646 28.4280355438938 26.0716 17.126306707688954 0.00815341167085147 20.689807864724894 g
2458793.007037 6439.218666240518 44.443418647061 26.1303 16.608217066665098 0.007493489835667558 20.263356343998105 r
2458793.0382639 3935.824027756815 29.0990836389299 26.1468 17.159210818210113 0.008027003972734079 20.73967670714384 g
2458799.9861343 6488.092919883412 66.8917101787295 26.1588 16.62850734739929 0.011193478675140745 19.847944240581597 r
2458805.0052546 4063.071589859776 69.8158047272898 26.1567 17.13456381373409 0.018655595284510974 19.799390618530616 g
2458805.0486806 6748.323980614883 63.7204896187381 26.1959 16.622910188793632 0.01025163222420753 19.93777722867011 r
2458813.0520949 6327.359286500709 37.1923671856222 26.1836 16.68054376073276 0.0063817702180401555 20.510040437122676 r
2458820.0056134 380.31238829034646 53.9748614578195 23.0443 16.593948819139264 0.15408519125076867 16.96639614849846 r
2458823.8893519 715.2961852799334 140.439348402405 23.7916 16.655385227673744 0.21316344711221902 16.675452974664143 r
2458829.0432986 4881.978702142342 68.2312487353777 26.3619 17.1404102988611 0.01517390207365958 20.029516690158438 g
2458829.0656481 7610.113616927802 45.0018020869949 26.3425 16.639022148206138 0.006420200667854746 20.462000225790078 r
2458831.9573032 7417.776434742562 80.4000779649056 26.3247 16.64901565015966 0.011767726543719631 19.81413381443709 r
2458837.9490046 7258.646106307932 83.7493716023485 26.309 16.656860942530898 0.012526673902678953 19.754121096474503 r
2458838.0013079 4593.966963572368 61.5864314772606 26.2837 17.12823033063971 0.014554825749740841 20.062562388279723 g
2458846.9614352 7357.331862944092 34.1087810941826 26.3449 16.678099135109598 0.005033333322976607 20.765309489639478 r
2458849.9998958 4824.072705644501 25.7340584460229 26.3575 17.148965388455906 0.005791676237001143 21.083804281725683 g
2458850.0459028 694.6646900296628 54.4077208784129 23.5637 16.459261939639383 0.08503449708257164 17.477123654576225 r
2458852.9585301 8007.052582972571 28.3504955742 26.3808 16.622118298589747 0.0038441277518727122 21.001973351964242 r
2458852.9810417 5003.893745503234 21.3805001803989 26.387 17.138729802118583 0.0046389492316297395 21.314530336715396 g
2458853.9903588 5097.627966912371 22.5316262115636 26.385 17.116579658049965 0.004798817555277886 21.255593644424163 g
2458855.9811574 4979.506279795498 32.7816748121035 26.3717 17.128734288979214 0.007147508677298517 20.83519714451533 g
2458856.0386574 7704.756813184129 31.9560271854435 26.3332 16.61630266113709 0.004503018012958908 20.82439303429203 r
2458859.8654051 7736.322234524728 92.2098834407355 26.3141 16.592763623113623 0.012940550744491684 19.654731306544022 r
2458859.878831 53727.87174229885 361.716674267337 28.9104 17.084900905691693 0.007309349514823062 20.76705366627869 g
2458859.918588 89687.59941618852 212.166925538073 28.987 16.605169000455984 0.00256835540873121 21.4228807812439 r
2458859.9592824 92714.63381068202 182.157703016067 29.0476 16.62972928163864 0.0021330895678062663 21.649056136042226 r
2458860.8961574 7840.6757458750235 97.5068315598885 26.3356 16.599716265464316 0.013501791230209403 19.615587377995006 r
2458864.8393171 7524.322516884164 42.2931337607236 26.3028 16.61163149362911 0.006102563416305048 20.489700324379303 r
2458867.8554282 7401.713628762773 37.124199638723 26.3116 16.63826930426749 0.005445461087704745 20.640032240500517 r
2458867.9166551 4816.944956695547 26.4180483582345 26.34 17.133070790867418 0.005954412051702429 21.03782316211021 g
2458871.9859144 7478.370736484474 41.7016860011435 26.3254 16.640882521791614 0.006054195771621398 20.527590954471897 r
2458873.8168634 6400.173052307861 27.4278146772224 26.1618 16.646320707756562 0.004652745816665453 20.818896973195606 r
2458873.8979861 4481.712546747641 23.557405981691 26.3121 17.18349000547114 0.005706808593264758 21.13435632288133 g
2458876.8392708 7571.933501284084 26.7644761887465 26.3226 16.624583021950276 0.0038376184620736897 21.00627811874635 r
2458876.881794 4665.5177129332005 24.9939287566427 26.3281 17.155850393515635 0.005816269516213389 21.086088670250064 g
2458879.8624884 7294.444993065677 58.7430181484365 26.3062 16.648719365875447 0.008743269003246464 20.136384348387494 r
2458879.9688542 4602.818488659561 41.7198449363785 26.2935 17.135940377737825 0.009840760777124861 20.49521827521238 g
2458883.7856597 6831.5721367441565 61.2353654725828 26.2242 16.637898353627634 0.00973176231807577 20.009269203666893 r
2458883.9392245 4593.041666979894 30.5548203354819 26.3083 17.153049036870296 0.00722252721474776 20.848175653207722 g
2458886.7952431 7629.46586890917 54.9615646527782 26.3232 16.616964663731792 0.007821225203547956 20.225627269715567 r
2458886.9204398 5058.589991945748 66.7485743570788 26.3649 17.104826298835526 0.014325914394102898 20.056370003411708 g
2458891.8179514 7804.806366514196 69.9642334981023 26.3299 16.598994667761932 0.009732485950553468 19.970284787842395 r
2458891.9199537 5069.2497508929255 95.2173779211726 26.3475 17.085140778765982 0.020393058596256303 19.653284444708103 g
2458893.8521065 6055.239015780983 30.185669564966 25.7905 16.335171773669767 0.005412268840465697 20.343572955106225 i
2458894.7745602 7656.080965792657 29.9054249192046 26.3155 16.605483705968886 0.0042408537709892015 20.878700045207648 r
2458898.8557986 8076.461107481583 24.7944522042822 26.3686 16.600547234871357 0.0033330609037728934 21.13528869501757 r
2458898.8782523 5327.4646779417735 20.996711119722 26.3898 17.073498552638732 0.004278982713309945 21.336996806422395 g
2458899.8183681 8186.764817749157 29.2790344129675 26.3703 16.587519213662368 0.0038828827222739956 20.956483113866433 r
2458900.8348032 4880.542480824665 25.4770893796236 26.3111 17.089929756809447 0.005667500292873909 21.04830046243613 g
2458900.9008333 7787.164873945436 31.2235788189446 26.3338 16.60535157523899 0.004353245381660027 20.850168289089474 r
2458903.8343866 4932.227510611502 23.0567512519847 26.3166 17.083992246895818 0.005075336606112116 21.162179703655262 g
2458904.7333449 7478.1518094332105 30.9776126711808 26.2669 16.582414306857302 0.004497420610621449 20.791855126008937 r
2458904.7948495 4910.895678267667 24.198648142503 26.2934 17.06549822862635 0.005349833107752597 21.08649722716861 g
2458904.8337616 6100.8713967478025 27.2152213853555 25.7715 16.308020324042324 0.004843171399061356 20.437045310444987 i
2458905.7327546 7306.489736371658 39.8001751204336 26.2731 16.613828053593995 0.005914064302745878 20.52596253173511 r
2458905.8110301 4832.208371650907 39.995319986771 26.2977 17.087335866478995 0.008986143719378142 20.545252049767026 g
2458906.7494676 7390.236980472397 41.8738005127638 26.2758 16.604154087483394 0.006151681649294233 20.473519039832702 r
2458906.8111111 5040.75433057254 28.9394116553228 26.3358 17.0795611702494 0.006233098693904264 20.93465074523662 g
2458908.8150116 5120.123358943302 26.9660267982924 26.336 17.06279893864295 0.0057180292821984455 21.011532584715916 g
2458909.7555093 4930.402986032708 52.8802472841902 26.2834 17.051193955631625 0.011644501400613185 20.22774129571996 g
2458909.8171065 7771.417746949514 33.79313799008 26.3153 16.589049363065172 0.0047210446163740635 20.745803684885516 r
2458911.7134722 7453.332275368003 63.4026550926261 26.2461 16.565223792878307 0.009235635832519679 19.993406376477218 r
2458911.880463 4873.436604791039 43.5776483404918 26.2926 17.07301169750737 0.009708190880488653 20.447015514351357 g
2458912.7919097 5109.7529227281575 41.4506969923941 26.3161 17.0451002481417 0.00880727941354445 20.524845395164625 g
2458912.9166667 7830.376276574265 43.2358524418674 26.292 16.557543420233976 0.005994752147041377 20.454964924199366 r
2458913.7328819 7660.990973698477 46.772396181027 26.2693 16.55858762338174 0.006628488495558911 20.346900939974503 r
2458913.7764699 4671.855849430072 49.2342938405288 26.1955 17.021776414719287 0.011441635732228986 20.21740570594739 g
2458914.7319907 3786.5218117314307 67.0715352882469 25.983 17.037398842848244 0.01923125482516423 19.669229370185377 g
2458915.7338194 5082.934137362605 89.8380887838974 26.2775 17.01221379418968 0.019189155388758747 19.646423728740054 g
2458915.8730787 8183.358648829742 63.1863389160876 26.3387 16.55637103688487 0.008383038200459004 20.089717007642008 r
2458939.7230556 6620.9296551876905 40.0768499736756 26.0591 16.506802565761934 0.006571801587157346 20.30444104214252 r
2458939.8101157 2879.472981029428 36.2485720161555 25.6286 16.980317480580347 0.013667457516434263 19.98294773276961 g
2458941.7481019 5455.9862482438975 46.2804626918562 26.3112 16.96901683246221 0.009209462058435546 20.400280758689956 g
2458954.7327199 8427.738996283588 30.8082598588907 26.312 16.49772230695654 0.003968861368814051 20.842907067209225 r
2458962.6675926 8641.31660268273 30.7823020056317 26.326 16.48455020696302 0.0038675061711243015 20.857822252325143 r
2458962.7101505 5369.9172838874065 25.4473880908854 26.3051 16.980181009879573 0.005145000898463295 21.04356695626265 g
2458964.7014005 5193.512728931171 27.5720717179124 26.2364 16.947746999042224 0.005763921227607762 20.88780149048472 g
2458965.7111343 5672.705070737679 27.7540848753158 26.3257 16.941224488065497 0.005311859081933889 20.969957708959157 g
2458968.7078704 9088.616470775265 32.9333189475783 26.3721 16.475855557302317 0.00393411962055604 20.830586238755377 r
2458968.7101042 5941.624115318527 35.8931912931178 26.4086 16.973837066035763 0.006558684465829572 20.773644805337447 g
2458974.7304861 9670.071934433066 74.8322899651751 26.3822 16.418625738109164 0.008401738659863841 19.94955240065728 r
2458977.668044 5060.647492031597 60.9913815038949 26.1701 16.909584782887553 0.013084954643263513 19.959503812688016 g
2458977.7029745 3671.25582200299 95.1178754420725 25.406 16.493963379373902 0.028129196758376707 18.712919635924177 r
2458980.6707176 5903.350806434863 25.7818448814647 26.3416 16.91385352019028 0.004741603524102728 21.065890011390294 g
2458980.7330671 9257.222532343483 32.1937342504453 26.3517 16.435498240588423 0.003775726159070751 20.83484660225315 r
2458986.6708565 5598.845872090909 26.8860623327761 26.3684 16.998153719555877 0.005213609829876211 21.047156986239287 g
2458986.7327083 8989.461238499012 36.0841345939193 26.3369 16.45256583967648 0.004358052600620543 20.696184253983073 r
2458992.7356829 8191.608500325905 30.8304653642643 26.2939 16.51047703002311 0.004086210448735439 20.824024788793025 r
2458995.6705903 5032.744894599706 27.9668366213723 26.2757 17.021187707623064 0.006033207554868319 20.911666625839096 g
2458995.7284491 8025.363701583599 33.2316248901071 26.2863 16.525138191696634 0.0044956934644681465 20.734996046619624 r
2459005.6707176 5441.300959216478 82.3753411884302 26.3286 16.989343131333257 0.016436309735228628 19.79168192316099 g
2459005.7381944 8067.385861672751 79.0145281196336 26.2904 16.52356792582544 0.010633689109510213 19.798707612133132 r
2459011.73875 7350.792579812835 47.7046893059469 26.1622 16.496364579336593 0.007045904318087192 20.218372309924504 r
2459021.7006481 87481.90027937146 119.727922517253 29.0361 16.68130447949862 0.0014858914251046895 22.093186372103965 r
2459021.7214468 80145.68098303255 131.048583845181 28.8867 16.626999691564556 0.001775260322647139 21.845694158718505 r
2459138.0224769 5490.333347195365 42.930779788551 25.9898 16.640803216082183 0.008489456772281351 20.16045304662493 r
2459138.0271875 5643.832521189882 48.5571836406963 26.0284 16.64946470566872 0.009340910468333564 20.06534126581934 r
2459138.0318866 5620.454671333167 53.1023770311535 26.041 16.666571375995513 0.010257755664640572 19.980790084365523 r
2459138.0365972 5872.65076402916 69.3249611841271 26.0902 16.668114562750745 0.012816377711173067 19.74055090145169 r
2459140.0185301 4772.30498473012 42.9143245176531 25.8122 16.615379523907787 0.00976301436683029 19.9832692866362 r
2459140.0232755 4736.226682200424 38.0015057358847 25.8275 16.63891879966932 0.008711203568973112 20.13057297657646 r
2459140.028044 5020.301987797153 45.3220719966066 25.8682 16.61637539454322 0.00980143698254034 19.98000059826656 r
2459140.0327894 2047.6502914666255 51.4336909512212 24.9435 16.665360531172542 0.027271042569356144 18.917955761663094 r
2459142.0233565 6891.63563720104 49.4371702086526 26.2388 16.642994229734445 0.007788272410369798 20.25624097988946 r
2459142.0280903 6869.859993159255 46.1507695195844 26.2304 16.63803028428633 0.007293582477271199 20.322527621999818 r
2459142.0328125 6899.339842991899 46.4674861259979 26.2411 16.644081155860412 0.007312257525369035 20.325802044305515 r
2459142.0375347 6983.582387385107 64.3556954787843 26.2532 16.643004347467595 0.010005033907458235 19.98430751915717 r
2459142.0422569 7074.176908315648 107.597631082514 26.2862 16.66201020928712 0.016513404962910355 19.459268214623933 r
2459144.0239815 6989.838875734027 40.2746661999579 26.232 16.620832087884047 0.006255681407062828 20.47199511507347 r
2459144.0286458 7175.798711072738 36.9734881083079 26.2758 16.63612438055946 0.005594097278292926 20.60864892867719 r
2459144.0333218 7040.366931793096 46.0534275602771 26.2834 16.66441176396993 0.00710193187181771 20.377820093103605 r
2459144.0379977 7289.525485896085 55.6015083812546 26.3041 16.64735185326684 0.008281273968563043 20.19395855549394 r
2459144.0426736 7245.763111870471 75.4026380522029 26.3056 16.655389671506256 0.011298277747882871 19.864708638030848 r
2459146.0242593 6940.428565178712 37.5983373954691 26.2229 16.619434278565436 0.005881555371820141 20.537553387209012 r
2459146.0290162 6783.456472112249 37.8404244346921 26.2268 16.648172393556948 0.006056403395178357 20.53448499167681 r
2459146.0337731 6772.989695377205 40.8688263257217 26.2273 16.650348962853364 0.006551211021643951 20.45139457469389 r
2459146.0385417 7085.636243822651 57.920244761267 26.261 16.6350528671492 0.008874857186202675 20.106499018037923 r
2459146.043287 7140.2305923791055 90.1897612122735 26.2711 16.636819406350632 0.013713706088522694 19.635781896452666 r
2459151.0178935 4355.024212962632 36.8530681582572 26.2405 17.14302356517304 0.009187406118277569 20.576890863235917 g
2459151.0468056 7597.985581476896 101.068483503534 26.356 16.654253837328007 0.014441992731244108 19.597035615869412 r
2459151.999213 4329.74893988347 71.1661554836659 26.1856 17.094443213611008 0.017845167486938766 19.807491226318348 g
2459152.9935648 7210.783557147288 101.932631850938 26.2929 16.647943850664788 0.015347605086671842 19.524691895087724 r
2459153.0440046 4937.850124987977 74.2811015784233 26.3436 17.109755240079927 0.01633240984281404 19.918979150054028 g
2459155.9847685 7161.801740022202 57.1784897880095 26.2676 16.630044264302377 0.008668026373297716 20.127093287951457 r
2459156.9978241 4399.479465081304 82.7983238069108 26.2359 17.12739676265728 0.020432903681140785 19.69342112693138 g
2459157.0262384 7634.074678665688 49.5078151871481 26.3338 16.62690898993842 0.007040884090235469 20.349690586535747 r
2459158.9962037 4044.0041990574027 75.8292754257638 26.2033 17.18627100533704 0.02035800169271366 19.756282723718666 g
2459159.0293634 5043.991927869562 82.1523319462676 25.9634 16.70646404279919 0.017682975720330944 19.429425249981122 r
2459165.9939699 7634.421700718509 33.1882381244038 26.3387 16.63175963676083 0.004719737989882592 20.788814495465903 r
2459166.0188079 4823.4245505736735 28.5965349565959 26.3562 17.147811276121704 0.0064367665912144455 20.967991457071403 g
2459169.0035648 4716.215563306702 31.2222567544807 26.331 17.147015882238023 0.007187543424027173 20.84741426215527 g
2459169.0405093 7909.928838734809 33.1113200733986 26.387 16.641568558981415 0.004544789332066722 20.8396337505715 r
2459170.9986111 4863.088269439494 27.8315339809895 26.3465 17.129219618809053 0.006213478918951022 20.987732129530432 g
2459171.042037 8006.693857835477 35.6917215199467 26.3912 16.63256694190634 0.004839763170947804 20.762356249658698 r
2459173.9827431 4109.260930170166 30.082869538489 26.1779 17.143490702494404 0.007948137636658912 20.734676838442375 g
2459174.0325694 3576.733511924178 37.0176732671025 25.5007 16.616983540466382 0.011236534042054507 19.83225219454227 r
2459175.0315046 1595.2175159332542 20.1493156101893 25.1813 17.17425022582924 0.013713560526687353 20.173224240357456 g
2459177.0052315 4590.815755236981 29.3800556627669 26.313 17.158275341429285 0.0069482044442054575 20.895443453511966 g
2459177.050787 7704.856780320576 42.5154246302274 26.3558 16.63888857409478 0.005990896111000438 20.537008686594444 r
2459181.0203241 4765.201624763696 46.7335158453885 26.3317 17.13649679702387 0.010647729550342879 20.4102038516637 g
2459181.0446296 7779.2748580067655 74.9649458973645 26.3671 16.63975220927501 0.010462342987791352 19.93252940941948 r
2459182.985787 7765.065295488485 76.5888550959795 26.3675 16.64213721997664 0.010708540986257602 19.909661045576534 r
2459183.0632755 5152.796323693583 64.1507886388929 26.4137 17.133592559257828 0.013516643556235343 20.148269989782655 g
2459184.9442593 4666.709982166289 79.2105449253795 26.3174 17.144872969963295 0.018428162228663673 19.82301748663633 g
2459185.0015278 7882.062166995894 63.4088966914115 26.3723 16.63070036027944 0.008734140594085641 20.119499497731756 r
2459186.0095833 5055.466277715778 56.2795851630421 26.4054 17.14599695552365 0.012086470812959906 20.28209777018787 g
2459186.0260764 7957.685619274584 49.1365275879952 26.3849 16.63293305582128 0.006703899921991327 20.40896383359921 r
2459187.0000463 7603.9931022247965 129.133639846468 26.3676 16.664995714414914 0.018437732767049738 19.342576507882026 r
2459187.9841782 7589.667402920905 93.7036367794189 26.3838 16.683243138733324 0.013404281512028113 19.70698387206369 r
2459187.9888542 7859.997077826414 83.4990400633961 26.3711 16.632544038554183 0.011533707570015872 19.819471282414014 r
2459188.0306944 5067.859983589988 84.9865400814321 26.3951 17.133038481114276 0.018206873683405983 19.82429961696947 g
2459188.0316319 5083.509738416217 84.9281016403688 26.3964 17.13099085033405 0.01813834234527809 19.82634644764952 g
2459188.8834722 6947.9431707237945 84.0516481155642 26.246 16.64135935608264 0.013134084737996165 19.68720940499852 r
2459192.9911806 1096.2518095799235 129.448416258218 24.0749 16.475124191841434 0.12820242968210208 17.04723313563412 r
2459193.037963 2352.0656915022105 67.2057299353824 25.5475 17.118876382235378 0.031021778538950346 19.231559233116467 g
2459195.0193866 7806.269676010442 31.7195038763419 26.3888 16.657691124060122 0.004411564907163776 20.888059024375487 r
2459195.0293287 5053.362940315132 27.5003639152315 26.4045 17.14554877235632 0.005908371406409397 21.058728886826913 g
2459198.9768634 7900.406154324894 40.1752954175072 26.3754 16.631276453404286 0.005521022259204957 20.618077291892497 r
2459199.0047917 5022.122785085215 32.966295720391 26.3881 17.13588168374059 0.007126768658449121 20.84549961391462 g
2459199.9838542 6247.588433288639 40.6571716677369 25.8308 16.34151896952941 0.00706536478050724 20.06053208044736 i
2459200.963912 2022.257436839672 29.2018809904617 25.4258 17.16120889698343 0.01567776763421929 20.014847922399547 g
2459201.0231366 4358.563445118731 37.5643127097822 25.7546 16.656241569638933 0.00935711383407419 20.070236371060098 r
2459202.9420833 6209.496385744932 47.3666735099628 25.8274 16.34475905340764 0.008281830640537079 19.891292774278778 i
2459203.9828819 7756.017713963869 38.026388634478 26.3608 16.636703019268282 0.005322995854705586 20.663162283085065 r
2459206.0337384 2825.393043489123 26.1704998489347 25.7744 17.146702821164432 0.01005641029359241 20.482444945116516 g
2459206.9741319 185.25049528446976 48.3779340378268 22.2495 16.58010155555074 0.2835291905925168 16.290456694077186 i
2459215.982662 4938.756114287183 97.3743693233733 26.3919 17.157856049110443 0.021406068720128534 19.67336334455765 g
2459219.8957523 6208.587884324575 51.5855909825879 25.8288 16.34631791734582 0.009020807496532455 19.80005396332044 i
2459219.940544 5008.110266757511 61.1820255157554 26.3889 17.13971529388448 0.013263550833408976 20.174915362141356 g
2459219.9774074 7945.2277731292525 53.1587710912916 26.377 16.626734119900085 0.007264043199492098 20.315637657920753 r
2459221.9457176 7458.414471444411 39.9645473762919 26.3088 16.62718371532909 0.005817524522479001 20.55718774247297 r
2459221.9614699 2320.440524717779 45.1017753833661 25.5277 17.113773896293694 0.02110245749120251 19.644790894774175 g
2459222.9891319 6249.067978054093 39.3201128174348 25.8161 16.326561877508464 0.006831394159226641 20.082138101056305 i
2459223.8791898 4918.183821655876 33.0355397258076 26.3582 17.128688107842954 0.007292668753530558 20.81332147268664 g
2459223.9623611 7918.604592150457 41.4567873617385 26.3783 16.63167835641826 0.0056840360589865266 20.586885879179764 r
2459225.9139931 7318.569297068596 37.9026060732286 26.2959 16.634834526560894 0.005622801089030747 20.60180230960178 r
2459225.9368519 5925.591315892591 54.0534248476929 25.7791 16.34727076206449 0.009903788538325842 19.699616948555388 i
2459225.941331 4825.7903958723955 35.1380607450301 26.3164 17.107478863078484 0.007905314864795869 20.70453051593824 g
2459227.9406366 4744.935606429157 21.2930700617408 26.3655 17.174924192529154 0.004872117997704411 21.29747928146019 g
2459229.0295023 6372.841682240514 27.8876336261602 25.8368 16.325967175941937 0.004751036560706991 20.475845828512917 i
2459229.9371644 7825.149032710793 51.4595501928969 26.3465 16.61276845602964 0.007139753301934721 20.32041002483541 r
2459231.8477315 6029.234124065293 34.2860865172763 25.7832 16.33254462877772 0.006173985512227517 20.1979801974098 i
2459231.9199653 5217.67923200509 22.8575968356224 26.4404 17.14670655899415 0.004756231991459269 21.29539856835681 g
2459231.9662963 8306.655714467388 27.0626615379451 26.4394 16.64083447335706 0.003537155341658569 21.11104872410076 r
2459248.8164583 5300.172208744903 62.7847117393123 25.6228 16.312075048595844 0.012860971087487199 19.38074022757058 i
2459248.9141204 5097.369730393785 34.1317036099654 26.3935 17.12513466085546 0.007269786687903587 20.813180074942807 g
2459250.8700231 4989.056879723594 32.2176626110441 26.3707 17.125653861714845 0.007011087894982767 20.853039916173245 g
2459250.8773611 7947.524212242184 38.5424800278265 26.3644 16.613820350817605 0.005265233480101045 20.652125849080925 r
2459251.8782407 6425.306560133077 37.0919450970022 25.8401 16.320365366801774 0.006267518042124551 20.169475968473552 i
2459252.8187731 8079.8387036458225 31.8391899307566 26.3871 16.618593272202077 0.004278279527068355 20.882269965010146 r
2459252.8790046 5237.886751858976 18.9498453394542 26.4409 17.143009739182475 0.003927890781094794 21.49946081467884 g
2459254.8000231 4902.6146863888725 21.0515949032534 26.3722 17.146130595331854 0.004661944298807845 21.31656247846434 g
2459254.8585995 6608.361224103783 30.3644317051907 25.8682 16.317965564435845 0.004988629159992149 20.414862095751385 i
2459256.8693519 5298.070660576992 22.5547075456648 26.4197 17.109405634493896 0.00462199308977533 21.28918198862123 g
2459256.8928009 6848.492718689023 22.6005229874128 26.2138 16.624812504110714 0.003582888792518299 21.081078766521593 r
2459256.8932755 6815.244057475993 22.6336466261231 26.2188 16.635096468092257 0.0036056449240473016 21.08448866149628 r
2459256.8991204 8389.26136750143 24.9350989277908 26.4287 16.619390687361975 0.003226986944378075 21.189247250203472 r
2459257.9202199 4350.358148645262 36.0283880530614 25.4154 16.319087469350436 0.008991448421640829 19.776362909715385 i
2459258.8410764 8020.606570478957 33.3911024814186 26.3703 16.609781965745174 0.004519947418629127 20.813798092939713 r
2459258.8664468 4546.036731412308 23.6752984104581 26.2778 17.13371764887846 0.005654215529457209 21.094636334945427 g
2459260.8545833 5516.172798001216 34.5673793394132 25.6859 16.331805344255798 0.006803594652147198 20.091808850223927 i
2459262.849213 8302.892528507417 29.6689744622144 26.4138 16.615726458720193 0.0038795643160536913 20.985618652277417 r
2459262.9106944 4394.741097465177 28.3882810625718 26.2332 17.125866762370965 0.007013190553457496 20.852927248215224 g
2459264.8600231 8926.56131853479 29.6473128264909 26.4938 16.617089518509758 0.003605877603606104 21.06641164942137 r
2459264.882037 6588.3671632644355 26.0731087617891 25.8751 16.32815551505184 0.004296599366913313 20.58719294848516 i
2459266.7829398 4962.299791264017 64.0475418010398 26.3621 17.122892504755082 0.014012941389757576 20.098418824634653 g
2459266.8231597 8275.54078117117 56.3549797079463 26.3836 16.589109042036274 0.007393426373793827 20.258844244809346 r
2459266.8325347 7962.170449611281 59.2847140981154 26.3788 16.626221323808565 0.008083903064329183 20.19901816462822 r
2459266.9160764 5020.792958276491 41.1997542280847 26.366 17.114069217990128 0.008909065467775515 20.581338425879604 g
2459266.9170139 5060.168392774568 41.0196766117276 26.3538 17.093387576064572 0.00880110293581226 20.573894408702184 g
2459267.7597801 5040.682125144392 58.3516702377592 26.3524 17.096176722804405 0.012568221285193703 20.18984176002907 g
2459267.7869676 5077.793480318672 55.8947612404278 26.3798 17.11561241589377 0.011951045767013748 20.263947225749405 g
2459267.8179282 8064.813949245457 46.298176594533 26.3772 16.610714117726623 0.006232745187306814 20.465865271362713 r
2459267.8524421 6491.434122123702 39.9768638503432 25.8428 16.311948364886586 0.0066861775481005985 20.090853186410143 i
2459268.7752199 8150.597749901244 44.1004139015058 26.382 16.6040263493267 0.005874393614068979 20.523468325337497 r
2459268.8260417 5388.1314835510275 61.8374650287313 26.4734 17.144804537437615 0.012460151721733271 20.247845794751328 g
2459268.8543981 8363.316390971371 40.0584634354807 26.3959 16.589953682989044 0.005200266463535048 20.641739272690316 r
2459268.8564699 8330.55383217955 45.6865002463792 26.4168 16.6151153121301 0.0059542059647811445 20.519905262213943 r
2459268.9318171 5269.417891801862 42.8792289087563 26.4028 17.098393395716954 0.008834747932720462 20.57475757191664 g
2459268.9327546 5205.653181875069 42.5924644072772 26.3976 17.10641192355544 0.008883157788534105 20.576843066275547 g
2459269.7296296 4809.433441007391 70.7229532838082 26.2928 17.087565203003226 0.015965271444560693 19.921474019495214 g
2459269.8425463 8513.524409724436 55.6441487104315 26.4063 16.581026536090583 0.007096103722438369 20.29532623263932 r
2459269.8582292 8457.261345582014 46.7652719132055 26.3926 16.574525621674134 0.006003486665655726 20.47036632950535 r
2459269.9416204 5164.0940497973415 55.2915397148219 26.3608 17.078314642129428 0.011624502592228728 20.25672827917384 g
2459270.7109491 4674.185763842765 109.105171163685 26.2808 17.106535079127404 0.025342485369051232 19.43876165176721 g
2459270.8095949 8395.68231613505 77.5589974549628 26.3914 16.58126000757277 0.010029655764252077 19.919894522522846 r
2459270.8105324 8124.712178226627 69.7919587068045 26.3735 16.59898003791026 0.009326254014393477 20.016561521801258 r
2459270.8573843 8339.201880743423 79.8369936120097 26.3748 16.571988780892287 0.01039416303911708 19.871864552802148 r
2459270.8824653 5377.918679378051 84.2918556385561 26.3972 17.070664422799645 0.017016930363358346 19.83531095242327 g
2459274.7060301 5148.865372542838 165.195181324257 26.2737 16.994421158820987 0.03483338471426574 18.98128155171731 g
2459274.7396065 5440.829097007344 144.237896683599 26.3629 17.02373728898103 0.02878220977672662 19.217776537260505 g
2459274.8328241 6595.186681534445 82.6899355517355 25.85 16.301932267309645 0.013612421810572877 19.308943355554703 i
2459274.8589815 8293.526789469997 104.396272700479 26.3697 16.572851870399894 0.013666445668785656 19.575562506251803 r
2459274.859919 8291.821223742296 98.1874792336513 26.3798 16.58317517526696 0.012856300603628204 19.65223471282966 r
2459275.7056713 4970.392335327497 61.3897585261781 26.2784 17.037423322762834 0.013409577420708776 20.060735176394772 g
2459275.8403009 8313.470781663387 76.0656926087485 26.3696 16.57014406309346 0.00993382001744336 19.919202929040893 r
2459276.7560764 5401.183391600156 42.1967813357444 26.3556 17.024377691120378 0.008482038504277692 20.544976675821886 g
2459276.7570139 5375.6947282261235 48.277208361123 26.3457 17.019613504280656 0.009750286756883431 20.3889196166868 g
2459276.8370833 8415.926343564126 56.1636671269145 26.3708 16.558045185329583 0.007245416714741291 20.24973634743693 r
2459276.8389583 8411.864391721638 48.7511751094134 26.3842 16.57196934305562 0.006292202103065198 20.416812267925714 r
2459278.7914583 8389.432371737594 32.7291657086867 26.3756 16.56626855626008 0.004235573234922144 20.840837651778394 r
2459278.7968634 5341.03446089109 29.6940460736657 26.3921 17.073036549775452 0.006036063998134208 20.963001544029318 g
2459278.8594444 6666.231593921718 38.1838416458818 25.8298 16.270099006086006 0.006218835378106831 20.127675938466027 i
2459280.7864931 8720.586024848151 27.0444683653756 26.4228 16.571435823561313 0.0033669961193691185 21.09517886768508 r
2459280.8598264 5041.473510227815 29.9917025196215 26.3419 17.085506276032937 0.006458824262290263 20.901972189725274 g
2459290.755706 8507.174949921946 29.746657006214 26.4191 16.59463658960981 0.0037963184843098664 20.988079574530627 r
2459290.7956366 5154.949570290882 25.6741913444458 26.4072 17.126638947411646 0.005407321480565311 21.136033055193153 g
2459291.770787 6420.919187113658 24.9591238515166 25.8253 16.306306990062936 0.0042202868430388655 20.584801648926664 i
2459292.7546065 8043.174516768997 31.7144583543792 26.3422 16.578631270228126 0.0042809449631563195 20.841631742764367 r
2459292.7947569 5005.079776293095 28.8679649004449 26.347 17.098472489703536 0.006262027958248804 20.948534567703724 g
2459294.7538889 4951.794191844271 41.1848081943041 26.2999 17.06299353476982 0.009029928249078206 20.515632369834492 g
2459294.7946759 6251.715701953535 35.6119823427002 25.7816 16.29160194958484 0.006184530946822792 20.155184615734367 i
2459294.8192824 7686.684670017694 43.8173138777271 26.3001 16.585752336444894 0.0061889435718115405 20.4485606126841 r
2459297.7059838 4904.62304763682 73.5362440039046 26.3003 17.073785913432882 0.01627817252000793 19.886621379843618 g
2459297.7567014 7920.862904029717 60.1968522579564 26.3078 16.560868758764656 0.00825108618698775 20.111440533554486 r
2459297.8575463 6372.426703008889 49.9220284910644 25.8026 16.291837877940914 0.008505448372934078 19.809444429656654 i
2459301.8564352 8512.503730240125 163.933604509437 26.3664 16.541256711920408 0.02090838607020207 19.08230501894502 r
2459302.7400347 8545.165196604989 79.9920359891757 26.4079 16.57859884251596 0.010163332302569493 19.902858112246488 r
2459302.7750579 6803.322066620805 54.0743424242366 25.8565 16.274697423052267 0.008629389141818778 19.77659687199179 i
2459302.8296528 5599.780467260847 84.6831524391642 26.3965 17.02607249664792 0.01641858982521392 19.82958244711384 g
2459303.7786574 5282.238614151554 72.9460725529889 26.3764 17.069354960838318 0.01499317936122826 19.97147020350338 g
2459303.7795949 5199.296913100364 65.987627806892 26.3823 17.09243845216564 0.013779318378496245 20.086218698747693 g
2459303.8028588 6573.91593423056 48.5561235091681 25.8448 16.300239634699423 0.008019175149381354 19.881764970566216 i
2459303.8515625 7928.0128462466 72.2396208053075 26.3342 16.586289137020408 0.00989283920565973 19.939836345044817 r
2459303.8525 8023.194959748704 64.7040433762552 26.3157 16.55483163630969 0.008755761295348177 20.040946437367346 r
2459304.7761458 7983.963871826552 74.0133752683346 26.3212 16.56565359234714 0.010064715073722792 19.90049946414558 r
2459304.8257755 4795.952555005385 74.8757703780235 26.3146 17.112412804759323 0.016950256068437867 19.881321729741543 g
2459305.7901505 5101.287987634589 41.3675769602672 26.3637 17.094500395391744 0.008804203647123962 20.574624780322402 g
2459305.791088 5151.444753777144 40.1793894390597 26.3638 17.083977383416915 0.008468063853737735 20.606366656714613 g
2459305.8741319 6394.8393513121955 42.8118323562955 25.8029 16.28832590306691 0.007268486952638201 19.976565448819805 i
2459307.7473148 8155.2023192943225 28.4770191951928 26.3638 16.58521315061102 0.0037911382856895383 20.980138669201363 r
2459307.7791551 5144.077943056154 25.8047346883944 26.3769 17.098631149012686 0.0054463017009701575 21.100226493593933 g
2459308.8110301 6285.830265837461 29.8903051310738 25.8024 16.306493375670186 0.005162707694666531 20.366149117916283 i
2459309.6927778 5191.618123105785 24.9002602831506 26.3771 17.088843150461113 0.0052072806489942515 21.13916527212892 g
2459309.7330093 8477.864415364918 28.7063450902522 26.382 16.56128383322278 0.0036762181296509087 20.989630235729514 r
2459311.670463 5518.103210280058 38.8844760949221 25.9069 16.552425451905624 0.007650613641587597 20.185034359363186 r
2459311.711875 2700.5433424940165 29.4995227977149 25.6548 17.076172120244205 0.011859699267740982 20.23283751260399 g
2459311.752581 6751.656216262494 29.2152980408343 26.0205 16.446974198531997 0.004697965664562891 20.609049186313747 i
2459313.7126852 7769.536972919763 31.128181078231 26.2657 16.539712155731884 0.004349791540271805 20.78539062872948 r
2459313.7337616 6091.955757097008 26.7300017412317 26.7171 17.25520814848378 0.0047637842505088195 21.40217752154215 g
2459315.686088 6662.317020359918 27.7032366868483 25.8333 16.274236764102643 0.004514556118989115 20.47954870791407 i
2459315.711956 5319.4621185731585 22.1808671484971 26.3476 17.032930698748032 0.004527105734814927 21.235228687552514 g
2459317.692662 9172.385560036784 30.3419888864129 26.443 16.53679424511553 0.0035914645234174365 20.990464876800125 r
2459317.7337616 5568.30617629976 23.1062205597175 26.421 17.05669223206518 0.004505216284345139 21.26425270273301 g
2459320.6737153 5011.205354642597 25.4729619806383 26.3226 17.072744499748907 0.0055188308730468 21.05997637065997 g
2459321.8216782 6145.284259645137 29.0603322623777 25.7608 16.289445058371797 0.005134148625874206 20.35512355037915 i
2459322.7704167 7930.613434394163 33.4390033969423 26.2992 16.55093304656455 0.004577795436430026 20.74114167562007 r
2459324.671412 5207.663745960592 43.9089374668898 26.3295 17.037892663820642 0.009154188083817771 20.47569266933509 g
2459324.7120949 8227.526226873311 43.5325933133418 26.3398 16.551626811578743 0.005744537939717583 20.49533864011973 r
2459324.7987847 6377.914778248914 33.2331488052399 25.8036 16.291903220252053 0.005657214138529965 20.252246258747313 i
2459329.7329051 8407.604346065284 87.6917754719646 26.3702 16.55851933496964 0.011323910677893442 19.765377831133616 r
2459329.8123727 5185.039151080822 108.938469404414 26.2968 17.009919900003084 0.022810723851085665 19.456421816404255 g
2459335.6911227 7247.415024842604 33.5231890178657 26.2257 16.575242169997367 0.005021945920295523 20.664911674662303 r
2459335.7119213 4619.762649627261 28.5464673040534 26.2181 17.056550841740147 0.006708764476138487 20.831794061933337 g
2459336.6795833 6509.553005756387 27.8325957210614 25.8165 16.282622080729443 0.004642077443356674 20.457690710769647 i
2459338.6922454 4953.182414952395 27.0078186959091 26.3401 17.102889194000834 0.005919908919492183 21.01395121534301 g
2459338.7371759 8121.908413724918 31.3255464385687 26.3286 16.554454780293405 0.004187457434373617 20.841428350394708 r
2459339.6716088 6316.273941840519 29.4510976181858 25.8012 16.30004760639269 0.005062328989921393 20.38102127610272 i
2459340.6922106 4948.409165901572 26.1451018676722 26.3236 17.0874359933296 0.0057363358901951255 21.03269914344535 g
2459340.7334722 7883.591671699881 31.5520686732634 26.3239 16.58208969491095 0.0043452378541538154 20.82890539289334 r
2459342.7355208 4684.789960816987 23.5525005935187 26.2842 17.107474689049898 0.0054582916434366465 21.106682430634176 g
2459342.7906366 7080.41151885333 42.1396292006084 26.2218 16.596653750135246 0.00646162942666218 20.41264821466023 r
2459343.6865509 5906.772022513584 25.5727246109239 25.7591 16.33072447706877 0.0047004196207771 20.492232484654178 i
2459344.70875 7766.667293358341 26.5235765800897 26.324 16.59841324662615 0.003707722502498442 21.017494773513498 r
2459344.7691435 4408.5150840418255 22.0870183032247 26.2415 17.13076917225076 0.00543944509991917 21.133732261484404 g
2459346.8319907 3457.3350186647854 36.5184990019008 25.9576 17.110746337296828 0.011467831191457898 20.303892692455317 g
2459348.675706 7576.115429126372 36.7157583119908 26.3098 16.611183542690565 0.005261574902367224 20.65024373322511 r
2459349.7548148 6077.622962330802 33.0581148318449 25.7811 16.32176561439892 0.005905465919058845 20.23547977937075 i
2459350.6779977 4599.654914645083 32.3398601173496 26.2979 17.141086874213006 0.007633482680975365 20.776129646461158 g
2459350.7296065 7157.457535605485 40.8202471559067 26.2587 16.621803049798192 0.006191939262887821 20.48408591434153 r
2459353.6927778 7718.633198915155 48.1992412160382 26.3081 16.58924899227017 0.006779686874563179 20.353074485797343 r
2459353.7218287 4651.481679297288 48.8982012441397 26.2564 17.087421713127668 0.011413304566381254 20.28574278021146 g
2459356.7358218 7678.389332515171 92.7070418293917 26.2914 16.578224676927046 0.013108482906427524 19.626193180457392 r
2459358.6933218 6059.115024817322 47.3785034148748 25.7487 16.292677007201785 0.008489497384823193 19.81232164372532 i
2459358.7571181 4424.328529213563 100.828457807567 26.1779 17.06328157975164 0.024742614821402966 19.42151717762333 g
2459361.6945833 8388.084834262692 47.9795960445141 26.3652 16.556042964691194 0.0062101717441807175 20.415133521200527 r
2459361.7555903 4703.886814465064 89.3315531044151 26.2373 17.05615784214094 0.02061853761175014 19.61236277758395 g
2459363.7140046 5147.462179671334 30.6581648030451 26.3248 17.045817089055248 0.00646640390251325 20.861009603060158 g
2459364.6933796 6443.139446188792 32.9675516884667 25.8235 16.300756173242483 0.005555191093891392 20.28085824972716 i
2459365.6816204 8189.305685342184 34.2815660626063 26.3223 16.539182293769542 0.004544890336770532 20.737223355914416 r
2459365.7045949 4817.172762783249 30.0283320536802 26.2505 17.043519444740177 0.006767820403402777 20.80924696502285 g
2459367.7082292 7700.1666540734195 35.8931828300474 26.2697 16.553449688315144 0.005060829245555041 20.634745061337618 r
2459367.7335648 4377.7403834495335 30.3599901666713 26.1679 17.064774993271556 0.007529418932326464 20.714720922761515 g
2459369.7240046 4450.062838221703 26.5807858359222 26.2144 17.093484641030674 0.006485022848260056 20.9055554483994 g
2459371.7256134 7608.041408943069 34.8962282737457 26.2938 16.59061783073045 0.004979840802689461 20.68942876620465 r
2459373.7172454 7566.554380033377 38.3338519128434 26.2824 16.585154605873747 0.005500398322861257 20.576018837160106 r
2459375.7269676 7494.717780621651 54.0834812994247 26.2694 16.582511790503677 0.007834642659742017 20.189313391826516 r
2459377.6944329 6394.445793124485 33.4982902574547 25.8173 16.302792724686473 0.005687606855878549 20.257318385799323 i
2459498.0261921 6481.770356569478 90.6265840055867 26.177 16.647765899258204 0.015180001271587907 19.53643596313995 r
2459498.028588 6665.872482699309 119.902854452875 26.2007 16.641057496486855 0.019529105817333504 19.256201183656863 r
2459498.0309722 6558.33151452902 143.34712995664 26.2312 16.68921658532564 0.0237304226919826 19.09280248394588 r
2459498.0333681 6617.660463730662 142.226519963436 26.2266 16.674838798029185 0.02333382523485526 19.096723529822505 r
2459498.0357523 6825.289886479798 165.801912820057 26.2319 16.646597245910336 0.026374137911024054 18.935501147653213 r
2459499.0272569 6518.119566306833 106.635038286768 26.1743 16.63899419309579 0.017761819170423934 19.357125166122024 r
2459499.0296528 6740.440889451689 108.896566942467 26.1926 16.620879238782738 0.01754024768831612 19.35263951799467 r
2459499.032037 6723.7337930366875 120.094809158896 26.2096 16.64057372384281 0.019392042920980342 19.263364398262325 r
2459499.0344329 6556.905764082081 143.037642075491 26.2118 16.67005264493362 0.023684337336682907 19.075749133356886 r
2459499.0368287 7082.110521915197 159.437169487641 26.2485 16.623093250043553 0.024441998522485724 18.994601049998025 r
2459501.0278241 6843.727223450483 73.1684068748279 26.1877 16.59946827212275 0.01160755488205285 19.77946599149049 r
2459501.0302662 6955.456901280505 80.2628064042145 26.2257 16.619885840244763 0.012528483771786857 19.716989137029838 r
2459501.0326968 6595.724495534602 81.381817423994 26.2232 16.6750437329963 0.013395986936241607 19.69945652836511 r
2459501.0351389 6393.209743278354 98.6518464446052 26.2286 16.714302618371704 0.016753135590071407 19.495911943516884 r
2459501.0375694 7027.046521020527 118.637008592962 26.2535 16.636567928254706 0.01832977764471564 19.32052452037238 r
2459502.0280324 6929.242981218273 53.2661516638559 26.2489 16.647185523513027 0.008345942120690467 20.18534668588402 r
2459502.0303935 7089.578778677684 54.1094412895998 26.2316 16.60504891822367 0.008286334384886497 20.150992365107307 r
2459502.0327662 6972.221440069312 66.3659200172322 26.2469 16.63847207001492 0.010334364733256766 19.94461219089134 r
2459502.0351273 7040.851861330325 68.7828150611812 26.2477 16.628636982722185 0.010606316363800699 19.90657512381662 r
2459502.0375 7034.632459904225 110.365354862981 26.2578 16.639696470805948 0.01703339392039394 19.403293079073375 r
2459503.0280556 6780.374494916329 93.7142169780079 26.2146 16.636465796090427 0.015005885803108392 19.53766128710774 r
2459503.0304282 6766.301334635378 97.3059960911597 26.2215 16.645621662447823 0.015613422271839315 19.5037259822951 r
2459503.0328009 6743.857576198674 110.556798944111 26.2284 16.65612902542305 0.017798643470356288 19.372011349979964 r
2459503.035162 7059.228900595283 140.007233134939 26.2555 16.633606838909436 0.021532925926482583 19.142698806581407 r
2459503.0375347 7201.056588001847 168.629224115666 26.2444 16.60090944063262 0.025424150801345104 18.92964288472621 r
2459504.0308333 6724.39242419913 68.2382439375687 26.2069 16.63776737449902 0.011017539841429162 19.874405384046927 r
2459504.0331944 6802.332623005535 82.8430511811674 26.2067 16.62505533897503 0.013222332051685715 19.663634774267283 r
2459504.0355671 6766.129126605196 90.2712649890414 26.2243 16.648449295694295 0.014485019508898444 19.588001168268402 r
2459504.0379398 6792.320713443096 121.451843559961 26.2391 16.659054540423856 0.01941313906042113 19.280664710412857 r
2459504.0403009 6718.9745899242935 149.494945344872 26.2312 16.662942503346706 0.024156463160959263 19.047208717307182 r
2459505.0335301 7080.3620575303485 44.7666826430049 26.2609 16.63576133474195 0.006864505932125081 20.386087706809604 r
2459505.0359259 6363.799551774371 54.0770735565618 26.1615 16.652208770760254 0.009225852933093887 20.08154203610787 r
2459505.0383218 7345.659271439299 59.2162414431669 26.3062 16.641123050705655 0.008752253672426219 20.127672892886704 r
2459505.040706 7199.840436077111 80.580949776748 26.2984 16.655092820900688 0.012151205009243668 19.78539403429743 r
2459510.0202431 7421.234490923646 78.1179512889693 26.3004 16.62420961416027 0.01142837621128425 19.821097876620755 r
2459510.0227315 7114.688743164526 75.0061659195654 26.2871 16.65671023722154 0.011445925082402303 19.851932573521562 r
2459510.0252315 7340.158050572338 74.9772810781742 26.3031 16.638836471547553 0.011090065568850588 19.868350770583742 r
2459510.0277199 7663.853830611881 79.7324676709551 26.3118 16.600681967406 0.011295301562848909 19.810286975537167 r
2459510.0302199 7692.8042838692945 72.694603503351 26.332 16.616788291262587 0.01025952670979575 19.930819558838543 r
2459513.0224306 7401.8446350632 54.3253485681556 26.2964 16.623050087497994 0.007968423257771194 20.21146868523856 r
2459513.0249769 7383.018757563268 62.7999089588137 26.2952 16.62461507047984 0.009234957054218179 20.052877453810336 r
2459513.0275347 7485.216942293746 53.1870240726016 26.321 16.635489020207558 0.0077145595753338745 20.25906076091463 r
2459513.030081 7504.18943506893 53.4787833290139 26.3158 16.627540528001486 0.007737266704512113 20.247921193484736 r
2459513.0326389 7450.128387825908 54.8728281234287 26.3215 16.641090607510513 0.007996564138539873 20.225681628821604 r
2459522.9996181 7675.932669684313 35.9723441324217 26.3341 16.621272108458147 0.0050880037260900655 20.696753140471017 r
2459524.9763773 7567.897800958999 37.5366904860228 26.3249 16.62746185350669 0.005385060149135561 20.641335040810638 r
2459525.0516898 5055.423524164665 72.0978372433358 26.385 17.125606137520336 0.015483692221023908 19.992769396271672 g
2459526.9761111 4214.84325437587 34.9882474337271 26.2056 17.143646429244242 0.009012610421362529 20.598369516271042 g
2459527.0222454 7887.252052811224 36.0439071451322 26.358 16.615685700522754 0.004961534096469258 20.71849533364221 r
2459530.0227199 4567.63564192064 45.7042584981124 26.3163 17.16707136710169 0.01086363215927081 20.418983320710282 g
2459531.9500231 7298.830820037465 37.6660838728831 26.279 16.620866756915618 0.005602824379559914 20.591698816326822 r
2459531.9835764 4540.945424196057 29.5550900251157 26.3018 17.158934294197664 0.00706636135049984 20.87779427277873 g
2459532.0289005 6290.1603720186 27.386255596696 25.8541 16.35744570443339 0.00472694747714215 20.512843346354337 i
2459536.9474653 4467.5672839813615 100.081959304259 26.2317 17.106522245157763 0.024321734024294404 19.483385491783604 g
2459537.0179282 7490.211495552155 53.1098125851992 26.305 16.618764798189762 0.007698223682734631 20.24463806696955 r
2459538.9838889 7113.966771169275 60.5122147122625 26.2538 16.62352041926002 0.00923508833065649 20.051767368780915 r
2459540.9975116 6479.8550462669755 43.8543546524941 25.8383 16.309386772866148 0.007347799064369868 19.98584317804908 i
2459550.9788773 4721.359228546705 27.8326194106002 26.3532 17.168032386636163 0.0064002490451018045 20.994389786652498 g
2459551.0061806 7878.342121229169 30.1044579633564 26.3882 16.64711290911682 0.004148640603299501 20.944197959018407 r
2459622.9022454 7845.740674306663 70.0573255733502 26.3804 16.64381512682098 0.009694589909665596 20.019341103712115 r
2459622.9208218 6031.533208586652 58.822928235359 25.8483 16.397230691709865 0.01058836136294677 19.677008388885152 i
2459624.7975 4961.294831103134 67.9218263866235 26.3709 17.131912409270782 0.014863605050369601 20.04345160073128 g
2459624.8583449 8197.911109108305 56.4798448877434 26.4117 16.627441987747332 0.007479974688490232 20.284541250835712 r
2459624.872662 6734.121917853531 42.8434244114189 26.2215 16.65079756298991 0.006907375074418607 20.394364549006298 r
2459625.8169444 6530.836208896109 52.928655551126 25.8553 16.31787802014358 0.008798971447726846 19.798647832782898 i
2459629.8363542 8151.557911991879 66.5729510801577 26.4103 16.63219845424741 0.00886680236686997 20.104630466638774 r
2459629.9025579 5024.2981795698515 101.125372319053 26.3916 17.138911485528343 0.02185216975641273 19.632024655184843 g
2459636.8382176 7757.113976338372 35.8878279349162 26.3793 16.655049568401537 0.0050229266848197856 20.744507054139486 r
2459636.8576968 6236.5995086860985 30.2159111806713 25.8383 16.350930359590052 0.005260144526382478 20.39028575111587 i
2459636.9415046 4698.463989604532 34.6235846587864 26.3233 17.14341024338796 0.008000662758555781 20.727444915743472 g
2459639.7706597 7707.10217792807 40.9668622419065 26.3638 16.646572208148 0.005771004627837309 20.585293235440815 r
2459639.7768519 4659.623279896675 33.6004238217332 26.3463 17.175422984066614 0.007828954821443135 20.783013100575282 g
2459641.7245949 4623.3096962846075 25.4793241037554 26.3196 17.157217535016848 0.005983354781895262 21.056705231208767 g
2459641.7961111 7556.508144106674 30.2182399592535 26.3642 16.66839711312441 0.004341680376451187 20.916102075274537 r
2459671.8008333 6240.639355582504 25.9660305156509 25.8404 16.352327286059424 0.004517376782175998 20.55696108128926 i
2459671.8371065 7905.9382427097835 25.1563028243496 26.3899 16.645016456185225 0.003454643476576795 21.140857954159358 r
2459671.9018403 4415.19488037436 24.6753031906813 26.2721 17.15972530631833 0.0060676770561600216 21.044018745052888 g
2459674.8189352 7758.217588147135 31.4370330831306 26.3484 16.62399511069062 0.00439935931553401 20.85737110887969 r
2459674.8413889 5913.703877180542 30.6046638648289 25.7832 16.35355106532044 0.005618726308948446 20.32130595429434 i
2459674.8591204 4541.675067708507 25.6038749840598 26.2995 17.156459851066312 0.006120677207367724 21.031310744157544 g
2459676.8539005 6773.8519119888815 52.2707592255911 26.2402 16.663110755023077 0.008377857093507333 20.19712796863195 r
2459677.7712616 5970.3473312058495 34.6603450138878 25.7729 16.332901006498915 0.006302939258640685 20.175892785592453 i
2459678.7341435 7587.046719201029 36.8847890789582 26.3602 16.66001810411796 0.005278182273700568 20.695656728302563 r
2459678.8180787 4557.637389418276 36.4459154240591 26.3072 17.160350576804856 0.008681983008953568 20.655652831612166 g
2459680.7478125 7578.78818507697 62.2350347274988 26.3519 16.65290057648953 0.00891548563617222 20.11938764860125 r
2459680.7684722 6024.857742716238 45.5977982882695 25.8127 16.362833007684696 0.00821687942116542 19.917915306530663 i
2459684.819375 7554.431397301363 102.528526297461 26.3428 16.64729554581983 0.014735089267064901 19.56826320153516 r
2459685.7776736 6213.255729672048 53.2742811514449 25.8481 16.364801927531747 0.009309110965753969 19.784380993314812 i
2459687.7609028 4757.828591620092 56.718012596455 26.335 17.141478020424515 0.012942615541978357 20.203272477336437 g
2459687.8535301 6884.286105358554 70.8552885338594 26.261 16.666352722605644 0.011174373868821731 19.88764431193357 r
2459689.7571065 7333.59123188235 50.7224195824622 26.3128 16.649508252261604 0.0075091901361052935 20.302375083489547 r
2459689.775 4544.316967961224 62.1954362083143 26.2978 17.154128460058416 0.014859347525148918 20.065978693922567 g
2459693.7088426 7118.60476603936 37.1540533937374 26.2973 16.66631279743455 0.00566658173832342 20.62485948695317 r
2459693.7137153 4524.103098269074 32.1764824227526 26.2938 17.154968766606085 0.007721753065209386 20.777528577437973 g
2459694.6910069 5847.623093111325 32.0851359095414 25.7727 16.355251568689564 0.005957092566042018 20.259515281008333 i
2459695.7115741 7417.14187083011 28.3135586821633 26.3123 16.6367085349333 0.004144457689574211 20.934888842866968 r
2459695.7549884 1917.227129790987 30.6684795613429 25.3616 17.15491608534297 0.017367148493971054 19.897444374968877 g
2459697.6851505 7165.516236321387 28.2425395455611 26.3064 16.66828128898327 0.004279234625020867 20.931715625328472 r
2459697.7133449 4518.769892438451 23.4760128095951 26.3163 17.178749433786756 0.005640452537764306 21.142314144628212 g
2459699.6695833 7362.2946537859625 30.9411409754507 26.3223 16.654767013015096 0.004562816124151208 20.84853417775822 r
2459699.7128125 4559.464005933375 26.3562332180496 26.2972 17.149915521051234 0.006275948744764493 20.997566634589216 g
2459701.7159954 7370.123803619334 35.1617124710549 26.3173 16.64861304196122 0.005179705558145064 20.704699943560996 r
2459701.7454051 5837.336799400461 33.617286867129 25.7804 16.364863120715803 0.006252558248033694 20.216568338812195 i
2459701.7588079 4296.498912237478 24.3563080820459 26.256 17.173213234559082 0.006154695770865735 21.04204634217953 g
2459703.7588542 4422.938516171052 31.9761136057504 26.2723 17.158022744427694 0.007849185878310003 20.76281079358496 g
2459703.7767477 7119.554329224302 42.2177994919581 26.2821 16.650967978835006 0.006438024458956951 20.470936006818825 r
2459708.7065509 7545.622656873514 75.2025997319274 26.3398 16.645562292210464 0.010820506966986838 19.901792853448306 r
2459708.7366898 7600.034391399625 84.7990217535103 26.3349 16.632861106152863 0.01211393175035767 19.76649788356248 r
2459712.6722569 4864.84721677071 75.0872908644086 26.3538 17.13612698610229 0.016757416637968536 19.91745890079539 g
2459714.6718519 7636.155972045039 57.9591329395738 26.343 16.635813023801383 0.008240563820705068 20.187770289500584 r
2459714.743831 4454.090300238768 75.8801931535566 26.2982 17.176302456300597 0.018496060958261253 19.850453919865856 g
2459717.6813542 4756.388961845556 32.4416260194094 26.3606 17.16740659356693 0.007405170950444333 20.835418455339937 g
2459717.7292361 7386.701805511951 37.8194873090461 26.3074 16.636273581753965 0.005558721395899854 20.615685896314254 r
2459719.6804861 7694.647189127682 31.7625073774031 26.3656 16.650128221039253 0.004481629035360093 20.863388041832458 r
2459719.7374537 7515.015523819474 30.710642291274 26.345 16.655175294877587 0.004436789814998277 20.879352740413147 r
2459722.6847106 4584.088924947601 28.3684568896257 26.3014 17.148267415625522 0.006718812429106331 20.92188570699735 g
2459724.6970718 4368.5331690249795 23.6537882363049 26.2445 17.143660906164264 0.005878613460061699 21.062323228127248 g
2459724.7361227 7215.791024199456 33.7516869958027 26.2755 16.629790132107367 0.005078335340983412 20.70733627700843 r
2459725.698669 5949.572012270545 36.0075206791628 25.7769 16.34068568626456 0.006570786120537734 20.138491942217993 i
2459726.6956944 8209.322879803514 34.8719912737218 26.4144 16.628631657046796 0.0046118932682041045 20.81078312082771 r
2459726.7150116 4777.577421487711 23.0124763994464 26.3259 17.127880665992446 0.00522956373548393 21.173566598861086 g
2459731.6928935 4556.39900464535 38.9336328581173 26.2867 17.140145629212704 0.009277116677218677 20.56346266618465 g
2459731.7380787 7143.955549768077 42.3246725413833 26.2704 16.635553140810565 0.006432276440979766 20.456490972326858 r
2459733.7242014 7874.184923265127 32.9967337845139 26.3666 16.62608597532162 0.004549620591713466 20.822997606856582 r
2459735.7383796 7264.506937811774 36.0794076740219 26.2698 16.616784642834844 0.005392164017050943 20.62922649168138 r
2459739.7142477 6149.761029694447 55.7488648318291 25.7737 16.30155439978969 0.009842096669392722 19.660684917585552 i
2459739.7377431 7255.008185979015 66.5576948500719 26.2676 16.616005233005826 0.00996024917495966 19.962179308538538 r
2459742.6873032 6185.965941019975 52.8337931085176 25.7887 16.31018118871272 0.009272868574581816 19.73399551113825 i
2459742.7373032 6943.734217765949 114.820164990089 26.2199 16.615917277026597 0.017952912542474494 19.322429572688257 r
2459863.0254514 7313.49947819344 101.921208778628 26.1832 16.522886913145335 0.015130356773921631 19.415113574847606 r
2459863.0278356 7142.127614474954 126.695541650069 26.1863 16.5517309854116 0.019259435982451573 19.18197165776904 r
2459863.0326157 7268.82278289368 124.169040117365 26.2346 16.58093979826208 0.018546376886871347 19.25214167955659 r
2459864.0253588 7184.971655912201 83.1596878541487 26.1765 16.535437351950765 0.012566016600630073 19.629292862892424 r
2459864.0277431 7435.863793197386 86.8487668541142 26.2488 16.570471435094802 0.012680666133203445 19.654465848214123 r
2459864.0301389 7493.4140722556485 87.7800490792541 26.2291 16.542400671064758 0.012718208064626325 19.623185440834614 r
2459864.0325231 7563.553158735569 104.12049941003 26.2517 16.554885341036194 0.014945836148306727 19.460434382861905 r
2459864.034919 7306.748581520669 111.96485891278 26.2116 16.552289590175604 0.016636708648911296 19.341470646212247 r
2459866.0280324 7281.327853991413 77.2370756844003 26.25 16.594473534177858 0.01151662097244884 19.78301043327175 r
2459866.030463 7515.486724200042 80.6361269778405 26.2421 16.552207220064837 0.011648832107964375 19.728350838992707 r
2459866.0328935 7507.298685622901 93.5082574323255 26.2807 16.591990762339716 0.01352309523646617 19.606150079653855 r
2459866.0353356 7646.539504477656 97.6724514571624 26.2831 16.574437658562644 0.013868100790552987 19.561244768891434 r
2459866.0377778 7321.861224690733 119.603969718022 26.2611 16.599546267003532 0.01773511214402201 19.319311003281047 r
2459867.0278356 7477.958428154949 72.1413655469411 26.248 16.563542383817392 0.010473965765765692 19.855114092364325 r
2459867.0301968 7454.739508061789 76.1317397372528 26.25 16.568918818886917 0.011087742199891538 19.798660603509724 r
2459867.0325694 7514.17803057537 77.6366430304711 26.2689 16.579196298939983 0.01121747488483824 19.796308118043456 r
2459867.0349421 7642.937869354143 94.1645111906172 26.3126 16.604449177122326 0.013376323548249948 19.630456848368734 r
2459867.0373148 7677.772745562074 102.928226851693 26.2839 16.57081186678286 0.014554894967095326 19.50513876107634 r
2459875.0205903 7331.735418649352 55.2694302100346 26.2708 16.60778303968027 0.008184422507446243 20.16716252084435 r
2459875.0230903 7587.682307870481 52.1099222869451 26.2852 16.584927152690895 0.0074562613893641725 20.245473925432076 r
2459875.0255903 7586.728510946645 53.6433784732085 26.2902 16.590063641924765 0.007676644277481259 20.21898468412367 r
2459875.0280903 7560.54284767312 54.3932912220496 26.2809 16.58451755248868 0.007810920124333972 20.194611644552147 r
2459875.0305903 7591.84226920041 51.1999375865423 26.2826 16.581732058856904 0.007322039930047652 20.262001410247564 r
2459877.0227199 7550.205862657422 71.3660562903772 26.2917 16.59680301702064 0.010262253602604606 19.910545743717453 r
2459877.0252083 7759.035318376092 65.3941452886918 26.2921 16.56758067815266 0.009150418915065866 20.00582781952027 r
2459877.0276736 8035.786966138852 59.0879593259299 26.3094 16.546828962990382 0.007983262586537514 20.133227510775 r
2459877.0301505 7738.700667460679 61.6690535206986 26.3102 16.588529878758496 0.008651851813954746 20.087606781540444 r
2459877.0326273 7905.403154364189 59.9725391666279 26.3182 16.573389943282265 0.008236415588402046 20.125893897301026 r
2459878.0243171 7718.892409710281 43.7411399784808 26.2943 16.575412531175033 0.006152405442896837 20.444649745657383 r
2459878.026875 7845.086028210742 43.1438898190945 26.3099 16.57340572408287 0.005970784897469655 20.475176743710264 r
2459878.0294213 7932.150561903221 49.8864412717719 26.3069 16.55842262737234 0.0068281242099579266 20.314518679259752 r
2459878.0319792 8087.955311003918 47.2755409697802 26.3339 16.56430314262709 0.0063461100929994374 20.399883721314048 r
2459878.034537 8071.953121066583 57.626199874156 26.3282 16.5607534224659 0.00775088312146989 20.1792250360811 r
2459879.0220718 7858.2838191618785 44.3663540889643 26.3095 16.571180724357134 0.006129652700623116 20.44444063666665 r
2459879.0246296 7958.688598398658 46.6471707449108 26.3114 16.559296219286253 0.006363464615004506 20.391911719282433 r
2459879.0271759 7968.706430559926 47.1226963709474 26.307 16.553530431034602 0.006420253010417744 20.37649965687278 r
2459879.0297338 7932.974196334237 49.1803134853717 26.2996 16.551009895864 0.00673077524640651 20.322696757426634 r
2459879.0322801 8048.5847220485075 49.6661477618137 26.3176 16.553301200149235 0.006699629622744021 20.33002379848672 r
2459888.9762153 4538.306325330855 54.5004294825474 25.7016 16.55936548393568 0.013038149487383487 19.61317517745158 r
2459894.0208449 7913.388516075651 97.9631475672426 26.3365 16.590593779019493 0.013440334579515864 19.611418162638202 r
2459897.9858333 4798.899920418896 78.1675988096057 26.274 17.071145767627293 0.017684586766748184 19.794008060928764 g
2459898.0296065 6436.577058119528 62.4250665635948 25.8266 16.30496256761547 0.010529648624745213 19.59077745388477 i
2459903.9853472 8066.709422062797 55.9874938548571 26.3299 16.5631589671838 0.007535367756270862 20.21224741969763 r
2459904.0162963 5155.935212071957 35.8050300266027 26.3436 17.062831371244812 0.0075395674113331035 20.7113148834898 g
2459905.9513657 1157.4082398567857 53.5036679834999 24.2128 16.554083575296666 0.05018880143524259 18.144416098107428 r
2459908.9782407 4887.747727155464 74.6177042713717 26.3056 17.08282804390826 0.016574595508957513 19.876070281231097 g
2459914.0065394 8499.93258675197 35.7215356998329 26.3717 16.54816129669007 0.004562726929123618 20.741949685873244 r
2459914.9552431 6519.259633918684 29.914556798302 25.8427 16.307204306360706 0.004981889990534713 20.405568556914076 i
2459923.9575579 8687.506339707947 61.2180077268253 26.3815 16.534262163688265 0.007650571797021401 20.16687700953023 r
2459931.0071412 8968.738409395946 50.4146648934633 26.3783 16.496471607097504 0.006102887516207487 20.374482777217203 r
2459931.0237847 5731.1966563074075 45.5265017350261 26.3824 16.98678672301728 0.008624398340845668 20.489314288358933 g
2459933.9586227 2762.774728832058 35.5523389363606 25.5972 16.993836312874897 0.013971162389893516 19.972604545149455 g
2459934.9467245 6734.705721096416 37.1704076598827 25.8202 16.24940344101662 0.005992230880990101 20.147281678735226 i
2459935.8939815 5257.308227180261 34.3123529792958 26.3222 17.020291400691786 0.007085930673994728 20.73614873679966 g
2459937.8804514 8491.839162196042 53.3149714026797 26.3399 16.51739560021712 0.006816434384388433 20.27535203767372 r
2459938.0451505 6906.297100142893 30.171257013812 25.8516 16.253486856967115 0.004743053081110273 20.405191478158184 i
2459951.9240856 4632.67240839417 126.216765690703 25.7748 16.610221022779854 0.029579804145464367 18.774582371237067 r
2459951.9640972 5383.816731047453 91.321252274557 26.3521 17.024374330564154 0.018415835558205716 19.70324534347558 g
2459957.9573843 4442.642979637484 70.7707683339781 26.1361 17.016996465493 0.017295070419201176 19.764040212616937 g
2459957.963206 7735.270905705557 60.9458094109656 26.283 16.56181117944522 0.008554175553008626 20.073215366130448 r
2459965.9166319 5485.34287342424 35.9246029063161 26.3791 17.03109055177189 0.007110465521554436 20.74319504829592 g
2459967.9409375 6751.224019031125 54.5985770328536 25.8389 16.26544370254502 0.008780285607094422 19.748521678864805 i
2459968.9163889 5676.355671027925 34.3239688246351 26.3892 17.004026000475886 0.006565045446871718 20.802781242049864 g
2459968.9471759 8993.858473663182 49.762713190484 26.387 16.50213487680754 0.006007141191860809 20.397314861222522 r
2459970.8665278 8925.077517160847 65.4638491875628 26.3767 16.500170008031297 0.007963415547515187 20.089271145003323 r
2459970.8953704 5694.990607303318 60.7050908524017 26.3849 16.99616746965566 0.011572893035843117 20.179412205607015 g
2459970.9093519 6899.60421711008 46.902267433402 25.8307 16.233639552597076 0.007380393157359003 19.905290392499573 i
2459972.880463 9074.593235700815 43.3092772109908 26.3799 16.48533208224471 0.005181596689423553 20.54102264954775 r
2459972.9221759 5762.990415299614 34.4042600650201 26.4037 17.00208025678405 0.006481479659141578 20.814744434462128 g
2459979.815 5377.896122707495 96.3508604970857 26.3424 17.015868976725926 0.01945149680373914 19.635335995068218 g
2459979.9192824 9079.181198431621 61.13929907443 26.378 16.482883290877158 0.007311114907209392 20.16477385043094 r
2459985.8654398 6862.205398559661 48.6608541849438 25.853 16.261840717111 0.007698849906136946 19.887625668663933 i
2459985.8914699 9059.305271599587 60.8087394657948 26.4015 16.50876276416317 0.007287539878469773 20.194159987153665 r
2459985.9206944 5697.516132059098 68.5099386751853 26.4053 17.0160860911898 0.013055029366413938 20.068491042228395 g
2459992.8396644 1272.354058692017 55.1665563972677 24.7447 16.98318005123948 0.04707363478848416 18.643085300896054 g
2459992.86 1750.0701965573107 75.9520527291587 24.6649 16.557261327761303 0.04711876347032414 18.216126199459538 r
2459994.8788079 6045.8032592601085 26.3527428568612 25.6973 16.243664974026796 0.004732402245453762 20.397810428371514 i
2459996.8231481 8944.111006350246 34.9495361081077 26.3719 16.49305704836847 0.0042424240179523825 20.765871450044834 r
2459996.8802315 334.61005926888726 29.7375509435183 23.3836 17.072252517823618 0.09648860865068395 17.95291199156599 g
2460016.7531829 6394.188049072426 30.2402217681243 26.0603 16.54583648886838 0.005134632970079025 20.61141255975903 r
2460020.7276273 5076.079063665417 23.8929362460009 26.3437 17.079879055171563 0.00511035398718782 21.150601178506797 g
2460020.8000116 8819.035091901616 31.305465682826 26.4168 16.55324732322108 0.00385397537685899 20.93032456792456 r
2460031.7754167 5062.844482344042 40.2195835248708 26.2363 16.975313532064767 0.008624875203106211 20.477781066284557 g
2460031.7981019 8634.864071885411 35.7525914996876 26.3059 16.46526123652525 0.0044953329048450525 20.675206172193178 r
2460032.6857407 5414.340090771985 39.045453691335 25.5681 16.234236170958113 0.007829513544029729 19.84174880538785 i
