jd flux fluxerr zpdiff mag mag_error limitingmag filter
2458202.7709144 406.21515975257785 34.0984246088992 26.2923 19.77040968242381 0.09113559331569711 20.713039202929938 g
2458204.7135417 404.9897170509538 74.7053340646493 26.3096 19.790990009152978 0.20027071745079691 19.87879595878013 g
2458204.8154745 427.28534846351846 72.784274560467 26.3166 19.739804997014687 0.1849393787417588 19.914081094769323 g
2458208.7804282 297.9454320651945 166.395458986704 25.885 19.69965817137821 0.6063377061016149 18.58472131413988 g
2458208.8189236 404.73593588853464 246.734063232239 24.9754 18.457470583873924 0.6618615959147659 17.247402212186902 g
2458215.7453704 1235.5828129556562 1657.19299907664 26.275 18.545320353488847 1.4561666124131174 16.479142264350294 r
2458215.7566782 283.7914881103805 47.3626052831812 25.6005 19.468001586697152 0.18119493610727835 19.664486029947245 g
2458218.7148727 700.4667510688442 26.058590168706 26.1258 19.01233118617047 0.040389941853761865 20.838497700023417 r
2458218.7425116 821.0251414521022 26.5014316915517 26.275 18.98910885925153 0.03504472997821864 20.969401647813662 r
2458221.7043634 600.3589842839276 43.0842137273718 25.9381 18.99207246457135 0.07791426807679046 20.104879560101242 r
2458221.727037 768.7993529316774 46.9217463132991 26.3109 19.09636747717006 0.06626298497532178 20.385039571337874 r
2458224.6969329 375.75545156029636 30.493846574744 25.4471 19.009836774587967 0.08810828715518172 19.989144461961033 r
2458224.7241782 666.4436311061838 26.0623228234515 26.0658 19.006391445088227 0.04245800029997277 20.778342189378215 r
2458227.7429861 688.1645026549036 26.4524075888373 26.1817 19.087469332988306 0.041733304767105475 20.87811197451152 r
2458230.8094097 311.9657332202569 30.182511135012 25.8132 19.577932767282807 0.10504087099895218 20.366386565346406 g
2458235.671331 513.0052060908417 81.4991602411007 26.2927 19.517395568872253 0.1724809752868172 19.767392154565687 g
2458235.719294 601.5188510246413 75.1504142271016 26.2906 19.34247689434445 0.1356413096403887 19.85334654228681 g
2458235.7215856 442.6289522366697 74.1012092307511 26.2874 19.672300455995973 0.18175874500592923 19.865411751331827 g
2458235.7220486 335.45503639488373 76.1950568679369 26.2983 19.984214208515688 0.24660525038037792 19.846057995345483 g
2458235.7225 438.5740505921098 82.7987632237028 26.2952 19.690092670235213 0.20497021451818517 19.752715364864805 g
2458238.6496181 368.60590893355436 88.7492840590895 26.2955 19.879094267768842 0.2614041049470063 19.677662843446093 g
2458245.7289583 237.59314729908607 25.5685937386244 25.4241 19.484515223759004 0.11683763836454426 20.157407882464295 g
2458248.6600579 740.7091153846768 22.947847865449 26.275 19.10088077689907 0.03363598193952156 21.125720084083113 r
2458248.7050579 400.73919210074826 20.5461664505496 26.2837 19.77654545424553 0.05566456527105438 21.25444798381004 g
2458255.6885995 339.92919486554234 17.7276087624877 26.279 19.95052883593487 0.0566202171633005 21.409949592810495 g
2458259.6708218 75.34326575132577 51.6632123720344 24.8295 20.136888898112552 0.7444693180336526 18.799121472368007 g
2458262.6923032 1539.886165472432 114.193851926213 27.1806 19.211878456893327 0.08051261698182265 20.289068182677752 r
2458262.7427894 1424.2396246761093 124.265247539467 27.0304 19.14644233903809 0.09472758440089091 20.047100765948812 r
2458263.7183102 2010.6614031331906 104.113902307299 27.4362 19.177852646894365 0.056218547567925214 20.645003177578097 r
2458266.7323032 604.5713900865165 64.5390893804173 26.1276 19.17398102158201 0.11590043870632342 19.85561790566633 r
2458269.7114352 317.8795151306408 50.5155335441244 26.2187 19.963043645236446 0.17253302637735562 20.21271262826071 g
2458272.6659144 640.4977831697151 37.7428308212966 26.275 19.258705922639088 0.06397741334855454 20.585488813183154 r
2458272.6911458 343.3563816216732 19.2104949528231 26.2228 19.88343719099392 0.060743983472138045 21.266528602967362 g
2458277.7083102 322.59006583453737 23.272896675964 26.0964 19.824772527114018 0.07832660269846697 20.931848885681603 g
2458277.7346991 620.7782216560101 37.0017541164527 26.275 19.2926588188581 0.06471361758965431 20.607019207030397 r
2458280.7139815 357.2990330930386 30.4816951497828 26.2116 19.829020397661587 0.09262263079089193 20.754077200787826 g
2458284.672963 689.2833513464305 46.731745411473 26.275 19.179005527853086 0.07360783615929269 20.353544984041108 r
2458284.715625 322.40361308852994 26.860363428545 26.1167 19.84570024955246 0.09045275980317109 20.796495277901567 g
2458290.6934144 288.50196430872325 53.491880529914 26.0882 19.93782806384831 0.20130238915524648 20.02005532423131 g
2458293.677419 266.69463680230336 56.5567590374305 26.2011 20.136064294582816 0.23023962545019572 20.07246370308637 g
2458423.9979282 208.3098285661734 47.0993171435451 26.078 20.281225596237768 0.24547919305930746 20.148038462470414 g
2458427.9769213 656.5494842838494 52.7120348519571 26.0959 19.052731338667726 0.08716701118301012 20.043700534947785 r
2458428.0261806 311.63764753590624 27.6898288374457 26.221 19.986875206691 0.09646731518646513 20.867774311170393 g
2458430.9826505 577.0624873975631 32.2125133327947 26.142 19.23894289144959 0.06060543960002848 20.624513460875047 r
2458431.0377778 327.68945070312515 21.5783562432876 26.243 19.954343849055242 0.07149336459586528 21.16052909237743 g
2458434.9845602 613.8252362861487 63.8242103986815 26.1291 19.158988150812483 0.11288872000294488 19.869211362573296 r
2458435.0232407 337.9917619873304 34.9871406349248 26.2363 19.91403471207986 0.11238598942172368 20.629103862390853 g
2458438.0077546 333.36757847178256 29.0259015745773 26.2415 19.934191598968546 0.09453055238299363 20.837110693518184 g
2458440.0001852 264.84973781207526 19.2026719985166 26.0271 19.969601131644684 0.07871761988898951 21.071270829709405 g
2458440.0006481 244.6952399231891 19.9302911227313 26.0124 20.040836197331597 0.08842966082520337 21.01619088289138 g
2458440.9740509 189.840925919109 19.3195075541273 25.8077 20.111725391457156 0.1104882377177907 20.84528485855376 g
2458441.0237384 617.679332794521 22.0908247772447 26.1946 19.217692324175008 0.03882922284633597 21.086645161962203 r
2458442.958669 34.70700593009724 53.4620738224356 24.8415 20.99045712500632 1.6723935699300385 18.773960486003734 r
2458443.9546065 611.1075613648425 44.527088963303 26.1226 19.15730585657054 0.07910728576077358 20.25361423092427 r
2458447.9821991 522.4604319296717 54.4713443290094 26.1722 19.377066487182468 0.11319429170851789 20.084354755150695 r
2458448.9781366 579.2649162876013 51.2683682288689 26.1618 19.254606935372856 0.09609086589053344 20.13975125185287 r
2458448.9790509 641.8446981539973 51.5103978200138 26.2728 19.25422510464817 0.08713141835405638 20.24563772917557 r
2458449.9550926 421.903422685795 80.8250130978882 25.6878 19.12476737848933 0.20799005649624402 19.171510530004785 r
2458449.955544 285.7907889997698 85.4285232082867 25.7466 19.60647943143642 0.3245372181932413 19.170167742070163 r
2458451.0196528 415.038348801403 41.9068134214509 26.3078 19.762579433500598 0.10962415271519951 20.504663392914928 g
2458461.9614352 203.6056263591347 23.0278387121948 25.6479 19.87592556260927 0.12279289593761375 20.494842041710754 g
2458462.0397685 537.2447914504377 22.0767129542057 26.0409 19.215469465674587 0.04461408958413757 20.933638961911075 r
2458465.0190162 332.711381927759 19.5483612635664 26.2954 19.99023085457676 0.06378999029393678 21.320199098132054 g
2458465.0435764 638.5981643428513 22.2959985104781 26.1967 19.183630835447104 0.03790609953872326 21.078707672431275 r
2458467.9979861 34.10147729173163 19.3267230098866 23.6521 19.820167016906566 0.6153112662049249 18.689279433158923 g
2458468.0400694 593.4101410285002 30.2608481458465 25.6218 18.68841259029952 0.055365084888846935 20.172172248687986 r
2458468.9999884 681.7939215742967 21.7143508269429 26.2991 19.214967187433807 0.03457829403696562 21.20980786363996 r
2458473.022963 356.63658733761383 20.7947480355517 26.3162 19.93563526154058 0.06330494050187245 21.273890832905586 g
2458473.0447917 708.4381693052082 31.382744851325 26.2558 19.130045119721068 0.048094876252220406 20.76664767436193 r
2458476.9469444 683.2201900532511 44.5222628428754 26.1834 19.096998270393808 0.07074998876239637 20.31453191608594 r
2458476.9598611 685.957712002036 55.2844255020629 26.3367 19.245956642257365 0.08750145922612142 20.232767986900672 r
2458477.0031829 636.7064599449527 40.1976134787905 26.2253 19.215451859539336 0.0685442220229649 20.467374314393965 r
2458477.0470486 338.6476616729148 60.0017996796217 26.3535 20.029129797014388 0.19236498958934203 20.160664297400537 g
2458481.9725463 691.6566931974286 39.3138918533256 26.1965 19.09677354003629 0.06171138486036745 20.462709892535177 r
2458481.9748264 701.3889937084485 41.3584904282149 26.2987 19.183802633522916 0.06401998528733406 20.5098632922492 r
2458482.0021528 602.5727832918278 36.9122113490189 26.1958 19.24577622054278 0.066507464281242 20.53044982957716 r
2458483.0048611 342.5423027062534 25.4466679719515 26.3007 19.963914467746974 0.08065411833480789 21.039197681233652 g
2458483.0057755 316.93709141595787 33.9952278988358 26.2984 20.045967329961783 0.11645408483075287 20.7224300967499 g
2458486.9817014 655.9842949399185 23.7116449450507 26.2295 19.187266395092017 0.039244434836964215 21.044670780956544 r
2458487.0419907 341.3687480955756 25.3767719161987 26.3055 19.972440601366745 0.08070909075046058 21.046984048402514 g
2458491.9765625 299.6581940120168 24.7395935828781 26.1585 19.96693460556826 0.08963471478391688 20.92759358703908 g
2458492.0279051 535.6696954425337 33.1717390532991 26.0708 19.248557305919448 0.06723276936623057 20.52145438833429 r
2458492.9467361 201.22334933537206 31.1241217182008 24.9896 19.230404066257595 0.16793010881223108 19.509432226516587 r
2458492.9481019 94.84364345416277 33.2498576715106 24.6472 19.704679426969637 0.3806198197289375 19.0953005126268 r
2458493.9423843 646.2030708803217 21.6462848050656 26.2303 19.204377456158017 0.0363683994581515 21.14441656851206 r
2458493.9686806 673.5420647218265 24.0982327728463 26.3424 19.27148819025301 0.038844569169239285 21.140012001513483 r
2458494.0531481 350.65277179754514 17.6475493324393 26.3138 19.951606809483074 0.05464078955375161 21.449663977639897 g
2458494.9813773 333.4320578665512 16.0039670559212 26.3293 20.021781618009456 0.05211108716957207 21.571305867372303 g
2458503.0199653 564.1036998232162 42.3900690490961 26.1874 19.30900262957529 0.08158588213661194 20.371814679184496 r
2458505.9584028 182.00355339762396 115.309015864863 26.3091 20.658900332153863 0.6878491995756613 19.40701682527533 g
2458506.0050926 711.6436771197358 126.01596204423 26.2037 19.073043512382412 0.192252856858308 19.20521109087659 r
2458509.0401736 296.9901839736305 68.7818028739785 26.2756 20.093744761526295 0.2514440119910122 19.93449110130136 g
2458511.9217477 352.67291976729786 34.0783899266696 26.3275 19.959069716631888 0.10490997711930354 20.748877319586512 g
2458511.9653472 293.33143957256925 24.0150151145275 26.3003 20.13190346596213 0.08888614854185144 21.10166782838356 g
2458511.96625 343.02807376008053 22.857956418864 26.2806 19.942275838521635 0.07234650800423402 21.13558148828159 g
2458513.9163426 602.0264584883748 19.5592738186317 26.1964 19.247361053736697 0.035273372599285015 21.22059317264444 r
2458513.9234375 561.2719260515872 15.4297988693644 26.089 19.21606669992827 0.02984673177993446 21.370674326706954 r
2458514.9369444 441.0568025964729 21.4560217312706 25.9251 19.313863688090013 0.05281587917135728 20.848801988226 r
2458514.956331 36.18688658036974 23.1435472470126 23.5503 19.65392195195117 0.6943661536141154 18.391800177411433 g
2458522.9141319 243.2285489745533 27.3681462722953 26.2573 20.29226362762617 0.12216327619887937 20.916761533356347 g
2458522.9145949 270.8366078523994 18.7951877605924 26.2782 20.196431585622975 0.07534408111770474 21.345658317669066 g
2458522.9387384 268.8551993682245 20.6217750947006 26.2611 20.187303900802426 0.08327553743772816 21.227859874054452 g
2458526.9397801 236.01703264440374 29.3616001761535 25.9498 20.01744163540785 0.13506605414906153 20.532925687962656 g
2458538.7456829 85.37367559357978 45.1140483305048 24.1669 19.33859005122951 0.5737169207238918 18.283695487991167 r
2458538.7957523 102.95236376528678 36.3569887471209 25.0591 20.027509194046747 0.38340822142500924 19.41020522472306 g
2458540.7550579 621.1899075049478 38.4020598485486 26.2439 19.260839022211066 0.06711814836952601 20.535588688861857 r
2458540.9148611 244.74123941189464 27.7930897905616 26.0601 20.088332112378623 0.12329331034737827 20.702832912932674 g
2458541.7697801 185.02935692500284 20.1364200711529 25.7551 20.08699840143769 0.11815482491306492 20.747719332744527 g
2458546.7734491 272.1505570622168 22.9011996224557 26.2448 20.157776930982564 0.09136057885935539 21.09772940822647 g
2458558.7074421 610.9676311561434 53.2144023739581 26.2687 19.303654494780886 0.09456290924623623 20.206202016268875 r
2458559.7484259 700.8232962560058 47.2820940750967 26.2722 19.15817867525037 0.07324837774596535 20.33803323227731 r
2458560.7224653 300.04758280211803 77.1904214812415 26.2745 20.081524668953012 0.2793078345092148 19.808166458396087 g
2458567.7338194 630.171793401943 18.5666521152628 26.1541 19.155452599557066 0.03198780778923812 21.234840988957938 r
2458567.7535648 345.5646445459581 17.0423365247546 26.209 19.86267674378186 0.05354385946871742 21.382752147143762 g
2458572.7548495 255.21870382042778 21.5191405125106 25.867 19.84971875328288 0.09154239287599873 20.78751268576889 g
2458572.776169 447.2143223938216 26.5015716730579 25.6835 19.0572107406831 0.06433773455963106 20.3778959129315 r
2458574.718206 108.87856194509517 39.750233185371 24.1869 19.094544059689852 0.3963758098781673 18.44112578744459 r
2458575.7283218 138.25673367934886 29.0450155912107 24.9414 19.589684268890572 0.22808417780585583 19.53629595431173 r
2458575.7741435 338.93127966079635 16.0323172886773 26.2017 19.876420871671634 0.05135638970158559 21.441784241142457 g
2458580.7051736 338.8354107585032 27.1763118206026 26.2001 19.87512802261397 0.08707862521682379 20.86719869671229 g
2458580.7282986 598.1464520282523 25.2237737174275 26.1441 19.202081172467594 0.045783856164572784 20.892149834910377 r
2458580.7321991 347.3120579591311 21.2038585276846 26.2717 19.91990034654451 0.06628341480218951 21.208237744290543 g
2458582.7229861 720.5683030039464 25.4897711086936 26.2082 19.064012114808005 0.03840613634729514 20.94486015006286 r
2458583.7591667 620.751548270608 25.315546926812 26.1268 19.1445054714007 0.04427711759239632 20.87090670293688 r
2458585.7013657 345.969949564102 31.500099793269 26.2273 19.87970405435662 0.09885152854645711 20.734095165035363 g
2458586.6712037 343.98732439057494 35.163617483576 26.214 19.8726439011922 0.11098414620234913 20.601341121481767 g
2458586.7139352 691.6704172766661 28.6531713604171 26.1589 19.059151996715705 0.04497625945676588 20.768543246428848 r
2458591.6896296 316.6754806692069 69.5224942027705 26.2456 19.994063903950227 0.2383530666676196 19.89286162777258 g
2458592.7063889 327.73090296817827 77.5496839182163 26.2328 19.944006513604048 0.25690495179877076 19.76142490908745 g
2458593.7829861 756.8425948730938 64.5772720706307 26.2691 19.0715860848898 0.09263689010373412 19.996475751102764 r
2458594.6573495 664.9691696369564 25.0207524546299 26.1506 19.093596224211907 0.04085156452414566 20.90742407369013 r
2458597.7446412 725.917139231903 21.5331062872865 26.2453 19.093082373966382 0.03220545738986666 21.165108278962705 r
2458597.7536458 398.5183521493778 22.8211571193368 26.2434 19.742279185332883 0.062172620535118434 21.10013083660975 g
2458597.8294907 695.1364755062727 32.4783823405237 26.1167 19.011524806004424 0.05072641265360905 20.59028901394398 r
2458601.7286227 372.5319519434993 16.3852370250911 26.2438 19.815891180056756 0.047752821591097984 21.460243168738764 g
2458601.7566435 681.1588732279024 20.8005311834888 26.1768 19.09367895399532 0.03315399328044563 21.134188924936645 r
2458608.707963 432.726937654262 18.1893791197932 26.2303 19.639765171811018 0.045636652567577866 21.333330301623526 g
2458608.7150347 663.2821990241912 22.6922729782087 26.1165 19.06225414503728 0.037144070515817695 20.979379990913763 r
2458612.6737269 412.530388048172 17.9391986225046 26.2045 19.665860136721207 0.04721249272472729 21.32256739316983 g
2458612.6929861 686.7595248038691 19.9838755466436 26.1265 19.03448827137361 0.03159256318605444 21.127375698190868 r
2458618.7693171 663.4365038056096 66.263704490767 26.1676 19.113101590689247 0.10843917021892613 19.866985710214877 r
2458622.6578356 56.091325646724016 74.99933045166 24.9636 20.591360739686767 1.4516820940230881 18.52853152342895 g
2458634.6850463 747.9424794043526 21.5372714601036 26.0724 18.88772950078617 0.03126312018386264 20.991998284104184 r
2458634.6948264 446.14552744599985 19.1098596097338 26.1447 19.521008641012223 0.04650405148530647 21.19413124783612 g
2458648.6970255 641.9042661637928 76.5570423783835 26.0506 19.031924344847425 0.12948656877909268 19.593212121580947 r
2458669.6751273 742.9922291890317 56.3962276814759 26.0329 18.855439321042613 0.08240918543738959 19.907349851183437 r
2458669.7023148 402.2604758196294 43.1586096277189 25.9329 19.421631592550785 0.11648497749459454 20.097806376005785 g
2458793.0184491 838.4201580780654 30.9418358613987 26.0519 18.743245721306327 0.04006768071002496 20.578109794224318 r
2458793.0373611 581.2081811511048 25.6881590548114 26.1413 19.230470702883707 0.047985618906072974 20.869542535129433 g
2458799.0363542 834.6471430994648 52.0451496971472 26.1038 18.80004272204863 0.06769976928976199 20.06542433407845 r
2458805.005706 612.932763509975 71.8825631656901 26.1356 19.167067908476117 0.12732701443805208 19.74661610253935 g
2458805.0495833 857.8437923216434 52.6951865535504 26.1146 18.78107946775873 0.06669182029790652 20.06274762326831 r
2458813.0525463 860.1843679525748 34.506921601023 26.1086 18.7721211352547 0.04355364521608723 20.516409446286318 r
2458829.04375 667.8747387373894 71.8405651306522 26.366 19.30426245674628 0.11678432651877539 19.977650639082043 g
2458829.0651968 977.9890336582321 37.8522201764683 26.2675 18.79166503749014 0.04202108002363664 20.574846595150227 r
2458829.9355093 269.27950968109013 231.839642263817 24.1909 18.115391730386897 0.9347473185164601 16.530505744167538 r
2458831.9563889 939.4052056316107 77.1310025233617 26.2319 18.79976759385324 0.089142713855104 19.766402548620412 r
2458836.9816319 944.3211638373555 40.418463947786 26.251 18.813200692323882 0.04646970542287805 20.48712547744853 r
2458837.0486574 650.531630654968 33.9014011137233 26.3768 19.343628954962213 0.056579495069458245 20.80383087024634 g
2458838.9999884 351.9140281242577 42.9078867988545 25.6794 19.31330855204013 0.13237634471640772 19.85063217370894 g
2458846.9623843 882.1798536655072 25.483121974039 26.2738 18.90990716106022 0.03136211443987991 21.010743406744172 r
2458849.9526042 912.3097480619925 25.9848551510379 26.2562 18.855844211648705 0.030923441624307654 20.971974238531402 r
2458850.0003472 648.0605130822545 21.5301017037312 26.3783 19.34926109924833 0.03606951966347329 21.298259785796667 g
2458852.9575926 954.3609878484306 22.0502281609094 26.2875 18.838218304915014 0.02508477716411164 21.18154227012522 r
2458853.002338 650.1624152966109 22.9450296499849 26.3951 19.36254534971536 0.038315685596227146 21.245953431074266 g
2458853.9908102 605.431251688552 22.8623454649635 26.3411 19.385937912505497 0.0409982940293933 21.195873031815957 g
2458853.9912616 612.7291354164622 21.5758681063411 26.3399 19.371728670927265 0.03823046538685155 21.257554292651978 g
2458856.0203241 602.2308442779967 25.1465830273922 26.3545 19.40509251280587 0.04533418613849171 21.10587753786364 g
2458856.0377199 897.2427671831537 25.9419229829015 26.2526 18.870325084743996 0.031390774952646486 20.970169575026006 r
2458859.8354745 868.7398478657592 88.8622962469874 26.2077 18.86047564389419 0.11105487479637555 19.588481160558892 r
2458859.8359375 1062.3989105581002 92.3593373379854 26.297 18.73128095831281 0.09438501070673583 19.63587296848563 r
2458859.8363773 954.6325090735251 105.817161136129 26.3061 18.856509450613615 0.12034546357214707 19.49728472392104 r
2458864.8388657 913.9716801708074 35.5306536829538 26.2233 18.820968152175517 0.04220659298368385 20.599366995184152 r
2458864.9149884 611.9353008280843 42.0799375137694 26.3784 19.411636232130803 0.07465852696661866 20.57078727354891 g
2458867.856331 916.8598316550867 30.9503234101086 26.2263 18.820542634084738 0.03664983999320403 20.75221201049564 r
2458867.9152662 633.2653326793046 23.9541323609327 26.3512 19.34723571557902 0.04106809604471904 21.155323876752014 g
2458871.9371875 622.4328442745575 27.1339531531328 26.3683 19.383068746862858 0.047329335540914445 21.03709231202442 g
2458871.9863657 889.5198601572596 34.2920141507518 26.2573 18.884410877633613 0.04185498427982162 20.671892503489257 r
2458871.9872801 945.9112826190302 33.9953273723025 26.2567 18.8170739858343 0.03901922686228701 20.680726919780867 r
2458874.8759722 336.22111634406656 18.1017082350435 25.7951 19.478537535512363 0.058452677941486335 20.903376087615847 g
2458877.8257755 901.8336144830465 32.1335922026681 26.2092 18.821383952645625 0.03868500851394313 20.694376794438227 r
2458880.8382755 908.3118776179512 31.2171271339947 26.2375 18.841912516713876 0.03731365378405157 20.754092656442467 r
2458880.9416435 571.9263410809716 24.5221780043382 26.3701 19.47674975197713 0.046550974744387026 21.148777387629423 g
2458883.9396759 607.03865837442 34.8982456291237 26.3371 19.379059126578397 0.06241616535757718 20.732666001471284 g
2458884.0049653 804.4905100648941 55.8928411658787 26.1912 18.927397686403857 0.07543017213329159 20.07538452316717 r
2458886.7961458 974.3639186987026 47.7457815832734 26.2468 18.774997016519848 0.05320147233509105 20.30203747166609 r
2458886.9208912 614.3255227626806 72.28601145399 26.386 19.415003602777375 0.1277513626369628 19.990939333618137 g
2458891.8198032 865.1404027109531 52.1361940796048 26.2477 18.904983514070715 0.0654278377646624 20.207426677475937 r
2458891.9226968 611.5604419926665 70.2404049351053 26.3722 19.40610153533992 0.12469741729789367 20.00830747264039 g
2458894.7750116 932.7874762605085 23.6475894360825 26.2264 18.801943233616026 0.02752415582773594 21.044507797507563 r
2458898.8386227 963.9117533169374 20.3576111643149 26.251 18.790906810475775 0.022929753024631284 21.231757951734814 r
2458898.8787037 703.3349934146947 19.9295957490334 26.3946 19.27669443588908 0.03076423369705394 21.39842876520661 g
2458899.8193056 961.8684501494079 22.9518979500881 26.2525 18.79471080036496 0.02590673974236288 21.103028478510655 r
2458899.8321412 988.1472626502269 21.4375082602844 26.2589 18.77184582023502 0.023553880679452216 21.18353922733771 r
2458899.8808218 669.5746269484625 24.220552580071 26.3453 19.28080252995431 0.03927307409485683 21.137414871318867 g
2458900.7697338 1016.0147895271451 28.7433911283983 26.2231 18.705849925594617 0.030714808553747218 20.829329977588024 r
2458900.8310069 670.754651702096 25.497267422256 26.3655 19.299090767003285 0.041270505049941855 21.101840891705045 g
2458903.7960995 677.022550944471 20.5014783134796 26.3246 19.24809216289706 0.03287697724971413 21.297712043808524 g
2458903.8961227 1004.6496234587053 23.2596144003394 26.2693 18.764263435483898 0.025136090000721013 21.10536871244725 r
2458904.7479051 928.4934757531968 23.7112271022176 26.2023 18.782852858928273 0.027725859079402383 21.017489913795707 r
2458904.7882986 632.4682005278229 25.5285757333302 26.2896 19.287003263058104 0.043822558431469046 21.024608524849086 g
2458904.8119213 678.6628020762653 22.285213807028 26.323 19.2438648852567 0.03565107230906014 21.20553297637045 g
2458905.7480787 947.2103350753625 30.9450592018092 26.2064 18.76528392994786 0.03546947233502386 20.732496694435305 r
2458905.8105903 627.5874968506915 33.0514780387561 26.3327 19.338514293141532 0.057177668272149484 20.787297775163832 g
2458906.7294676 906.3030119165583 38.0937194910863 26.2057 18.81251644178481 0.045634131970952986 20.506141540469674 r
2458906.8106597 676.1577247763123 29.2092257978933 26.3497 19.27457996499007 0.04690097485651581 20.93847487421313 g
2458909.7773843 634.0209554000801 35.930071865129 26.3204 19.315140969395742 0.06152679764244529 20.684329774523103 g
2458909.8180093 956.2751539231804 25.9320110841081 26.2391 18.787642819945205 0.02944171906852436 20.95708449275694 r
2458911.7485764 895.2584837124284 49.2496089973223 26.1934 18.813528887010378 0.05972610308775175 20.214968021922548 r
2458911.8809144 674.8591250221098 34.4410474132739 26.316 19.24296718870317 0.05540807524143119 20.725884112542136 g
2458912.7909954 688.9896651059928 33.3390244434991 26.3083 19.212768231229127 0.05253515498340404 20.75349277045127 g
2458912.9014005 970.875852913081 30.3074781231477 26.2294 18.761490750775362 0.03389190172932163 20.778100488290953 r
2458913.7333333 972.8790257702649 35.0619602887271 26.1853 18.71515289857573 0.03912795864350362 20.575784505346114 r
2458913.7774074 650.4148727224301 42.7061193177276 26.2972 19.264223841246253 0.07128685964572637 20.473549716380088 g
2458914.7496412 156.0712302867383 84.0717727783395 24.9674 19.484092865329977 0.5848401626471909 18.40834947601335 g
2458915.7112731 744.8268448831595 77.9508195468447 26.2817 19.101561697499243 0.11362534173333311 19.80472327524834 g
2458915.8726273 932.7643232798644 55.1718674262752 26.2337 18.809270183314595 0.06421782541390651 20.131980779256487 r
2458939.7044329 948.17280342387 32.0183994013818 26.3301 18.88788126442288 0.03666249032302194 20.819175944758445 r
2458939.7048843 992.7267839675626 32.4391171504656 26.3715 18.87942565152566 0.035477182704291066 20.846402423855512 r
2458939.7053356 924.1026734987497 24.2574672091591 26.1869 18.772599433268155 0.028499357164796332 20.977361356707217 r
2458939.7221181 732.5773317384051 30.0424208602353 25.976 18.81386630977395 0.04452370407170153 20.534237674664492 r
2458939.7912963 341.3937812807295 34.5214349952457 25.7491 19.415960985294436 0.10978501668581468 20.15645288847238 g
2458939.7917477 372.80757174489395 30.2491593588465 25.7474 19.318688189201577 0.0880923961983598 20.298191714489324 g
2458939.815706 405.5501283594752 27.060137696108 25.9327 19.412588642014473 0.07244281148549672 20.60444998369924 g
2458941.7485532 584.585413273307 55.8256727505946 26.2969 19.37978006367955 0.10368020058171386 20.182390075604648 g
2458941.7490046 604.9134095075447 48.2520270511095 26.2888 19.33456697024682 0.08660285083122496 20.332586082596702 g
2458941.749456 694.2808121075527 37.9832575034351 26.3227 19.218862093019357 0.05939732447206268 20.626294469733235 g
2458954.7331713 879.8389839359062 22.4623022026514 26.2087 18.847691997995064 0.027717936971061945 21.082639324543532 r
2458954.7762269 587.4946788449517 22.7395378944901 26.297 19.374490156507548 0.04202304664373565 21.1576209020353 g
2458962.7536111 920.5438387299267 22.9708351304167 26.2471 18.83698881104182 0.027092067375631263 21.096733027300104 r
2458964.7018519 594.096324070068 24.7475664389905 26.2362 19.301557836955205 0.04522571811039031 21.004943742004222 g
2458964.7023032 601.5378569305564 19.2931368270145 26.2521 19.30394258939436 0.034821679819077106 21.291167878330448 g
2458964.7027546 574.0110898290659 22.6526900418517 26.2292 19.331899292502264 0.042845906663166074 21.093975532784228 g
2458967.7420255 623.0603783054626 27.115977564422 26.2875 19.301174663872484 0.0472503434125605 20.957011824396925 g
2458967.7424769 563.1315582372811 26.8052726926669 26.2783 19.401775334620893 0.051679725877067324 20.96032441489961 g
2458967.7429282 599.7332018949343 28.2751199976403 26.2697 19.324804768681716 0.05118659044462246 20.893763847367595 g
2458968.7083333 1029.6538019178136 26.4401366909094 26.2486 18.716871931417028 0.02787932832555271 20.94551574904404 r
2458968.7325 651.062784286424 24.5491591960029 26.3313 19.29724282214948 0.040937714122782375 21.108783433632595 g
2458968.7468287 652.4759411204824 26.5380907396518 26.3325 19.29608874381041 0.044158570914601174 21.02540080239622 g
2458973.7434838 564.0520037937673 66.8861003754707 26.2985 19.420202134015454 0.12874387235436494 19.987735298530264 g
2458973.7738194 817.1240679695309 80.6422701329295 26.1897 18.908979993479996 0.10714812611123121 19.67586812678804 r
2458976.6749421 540.6935871889843 67.0265622655054 26.3702 19.537821953187596 0.13458775982527835 20.057157625719935 g
2458980.6711806 610.5721565063719 19.1650643242394 26.324 19.359657511030804 0.03407870816757359 21.370299286091235 g
2458980.7335301 886.502575528403 18.7565793096834 26.2473 18.878099995797395 0.02297118893804141 21.316990894775408 r
2458985.6708333 563.121489403602 21.0753363824285 26.329 19.452494747837644 0.04063331473042567 21.272138701396457 g
2458992.6763079 549.3885736291137 24.2167465003317 26.3553 19.505600943565618 0.047857059533894956 21.147585500097026 g
2458992.722037 859.978205798351 22.9805784480878 26.2161 18.87988138706971 0.029012379445042872 21.065272598682807 r
2458995.6710532 582.6169062847466 25.6008094614227 26.2897 19.376242293093206 0.047706818206683266 21.02164074589288 g
2458995.7279745 880.7193049508791 30.0452711110143 26.1911 18.829006210056704 0.03703807860445114 20.749234671191928 r
2459014.6698495 599.5052834423998 58.247721735046 26.3426 19.398117462773264 0.10548622878619798 20.181977630891108 g
2459014.7216782 843.4441622000726 31.9480227127733 26.2177 18.902559158357192 0.04112420218640407 20.709165027877326 r
2459142.0214583 779.0691150093108 35.807769935877 26.1401 18.911160030607817 0.04990121552812042 20.507731802847797 r
2459142.0261806 755.5193179444859 38.2602306528879 26.1441 18.948486066666355 0.05498090046572788 20.43980602952046 r
2459142.0309144 714.2337752852002 40.3786378388145 26.1478 19.01319904094072 0.06137918510517869 20.38499582900696 r
2459142.0356366 766.4202497064149 41.89202863466 26.1509 18.9397325730428 0.05934365057039239 20.348146509866694 r
2459142.0403588 737.2530076829864 73.4773620207021 26.1767 19.00765861758314 0.10820487826368923 19.763891099403843 r
2459144.0244444 766.6936153182678 28.0909757160256 26.1609 18.94934538334758 0.03977908740276727 20.792057928382203 r
2459144.0291204 734.84057072729 28.3514262002007 26.1703 19.004817185499856 0.041888192693407 20.791437712454663 r
2459144.0337847 844.7885334302213 32.0424887549148 26.1779 18.8610299739509 0.041180163632138715 20.666159387721365 r
2459144.0384722 794.0289832694034 39.2252274674239 26.1923 18.942709112180875 0.05363384757824765 20.46096131230088 r
2459144.0431481 759.5444612458095 67.2171075887162 26.1803 18.978916997200315 0.09608076608098866 19.864175438005358 r
2459150.0053819 459.80610621178585 34.9516706604451 26.143 19.48656316402573 0.08252832731753006 20.53690514043842 g
2459151.0174306 501.9064483854228 30.3054706505653 26.259 19.50744306140147 0.06555534321418446 20.807772406444016 g
2459151.0463426 809.0953765560645 87.4994508831507 26.2613 18.991300701313843 0.11741280024142375 19.65886167029462 r
2459152.9921528 862.9480432889038 93.3227735100991 26.1918 18.85183837917142 0.11741209217388977 19.519405895793287 r
2459153.0449421 462.2972382399839 62.8169037749047 26.335 19.672696752564853 0.14752481041863905 20.09238367327516 g
2459155.987581 753.8687614711471 47.6128656330733 26.2098 19.01656063111384 0.06857067285418506 20.26806418727065 r
2459156.9973611 471.4202729383828 67.7372865060073 26.2092 19.52567936256935 0.1560017168994014 19.88470550112061 g
2459157.0471991 842.059976070566 49.6597025007537 26.2734 18.96004243648586 0.06402814590079756 20.28596470547666 r
2459158.9948032 509.65634564371 69.9746223316553 26.1993 19.431106410230605 0.14906406663008215 19.839523581254458 g
2459159.0307639 524.7177935480153 65.9751694163273 25.7777 18.977885520804463 0.13651002942165708 19.481823703885716 r
2459165.9935069 790.1265518588997 28.87325929085 26.2351 18.990858359203262 0.039674274378357945 20.83643546172904 r
2459166.0183333 534.6115847375348 24.7698826930121 26.359 19.538904086390374 0.05030317787259712 21.126765114590615 g
2459169.0400347 871.3070198450249 28.8422241755274 26.2845 18.934071967446442 0.035939114541897944 20.887003118986627 r
2459170.9756134 444.8330677938044 26.2809834572722 26.2942 19.67370733961166 0.06414375595113489 20.997670956986735 g
2459171.0415741 809.0236935857911 34.8590639380257 26.2821 19.012196897938153 0.04678044168245507 20.678885686844087 r
2459173.9855556 381.9203826404701 30.5544477324131 26.0117 19.556767908059463 0.0868583228623047 20.551588893380767 g
2459176.015625 329.7701536464493 31.3563075757066 25.3378 19.042271633502644 0.10323415493642026 19.849562699625547 r
2459181.0193287 475.8488703791015 51.6745570530546 26.3661 19.67242739331487 0.11790101875791978 20.335483082647904 g
2459181.0450926 822.0214171269328 65.5176714325445 26.2768 18.989592167771303 0.08653367709436409 19.988478854808335 r
2459181.9155671 828.3285826548982 98.2542169845446 26.308 19.012493381085577 0.12878295595959569 19.579696991698643 r
2459182.937963 764.8440173170798 66.3656040953552 26.3397 19.130767815141144 0.09420631492820611 20.03741735933677 r
2459182.9457407 870.5981940540759 69.8104401308652 26.3348 18.985255595166755 0.08705875496609701 19.97757404892826 r
2459182.9872454 846.4829182312908 65.4542611474142 26.2709 18.95185450349406 0.08395171337448105 19.983630176970923 r
2459184.8884028 3389.9620799377094 339.040577155589 28.6857 19.860212899452407 0.10858421007015712 20.612645792471017 g
2459184.9942245 881.5370466426735 43.4699972972664 26.2995 18.936398579329378 0.05353759804580571 20.45660095618817 r
2459186.0265394 777.6969731827998 40.5907560282248 26.2786 19.051573978318007 0.05666652351684677 20.510107138162354 r
2459186.0274769 843.4433279660128 44.2836420415881 26.2991 18.983960232238083 0.05700294088578003 20.43606666022862 r
2459187.0420718 323.6899802941318 100.076497189046 26.3944 20.119076859543597 0.33567011527331186 19.646144748997582 g
2459187.9893171 669.5908506362043 65.7003327351707 26.2802 19.215676223055794 0.10652901123544418 19.988856066604388 r
2459187.9902546 876.9219782786818 70.1917512217015 26.2809 18.923497612680617 0.08690303834212151 19.91775979463982 r
2459188.0320949 489.9723144344934 76.7384308216261 26.3864 19.660971147010432 0.1700400448935533 19.926442703348894 g
2459188.0330208 402.18212707129686 75.4851738887009 26.3816 19.870543083271503 0.20377398142417735 19.93952083957767 g
2459188.8839352 683.2760895788454 76.7730941479464 26.1671 19.080609441555115 0.12198955822938554 19.706652378873123 r
2459193.005544 428.6136917469642 61.8562005262441 25.6564 19.076234899642508 0.15668486146025895 19.430516888529198 r
2459195.0189236 736.2583347903917 26.3574779906535 26.2711 19.1035244393984 0.03886721888533785 20.97141535780934 r
2459195.0307292 475.0508941193767 27.3752418851969 26.3958 19.703949650405356 0.06256445463565329 21.05498007602882 g
2459198.9833102 823.1919653175374 39.4045677459004 26.2853 18.99654719278147 0.05197030705373995 20.54900856963043 r
2459201.0179051 577.7891362627645 39.3903594123983 25.7643 18.859876570323916 0.07401681778002804 20.028400130427958 r
2459203.9833449 805.7277319401057 31.1469486918498 26.2832 19.01772922083498 0.04196981294576452 20.802236220516285 r
2459215.8752083 797.2873569489221 150.245080944018 26.1515 18.89746280678295 0.20459509731241185 18.96207433412593 r
2459215.9431019 839.2896516847529 74.0561326655507 26.2617 18.95192032909891 0.09579856378973754 19.840372417346856 r
2459215.983125 577.1602832728026 84.8344272145878 26.386 19.482758905263605 0.1595825982768524 19.817144659369603 g
2459219.9204167 568.7536638782016 56.6367048284489 26.3647 19.477389481564725 0.10811441637660403 20.23453004467192 g
2459219.9769444 845.7459836215501 40.4733092472198 26.2955 18.97740013991008 0.05195634706007593 20.530153200750206 r
2459221.9310301 529.2227946499044 37.7502511821399 26.4028 19.59370364544476 0.07744460012453225 20.713075374965186 g
2459221.9461806 722.9733757174769 34.3827096220094 26.1797 19.03189423944655 0.05163303254365363 20.591424740545598 r
2459223.9628241 800.8472813834863 38.1023244763081 26.2874 19.028525735931687 0.051654909301138974 20.587596311359345 r
2459225.9130556 818.2037631858113 26.7220609974407 26.2106 18.928446318427913 0.0354583331564717 20.89600011164058 r
2459227.9410995 546.4407367420688 25.4163705111066 26.36 19.51614232948934 0.05049871213561011 21.09979115700794 g
2459228.9555208 525.3634286001073 28.720936600184 26.4584 19.657250406101596 0.05935380951412765 21.065478493404623 g
2459228.9559838 509.05831695511137 26.0434813675014 26.3812 19.614281156726598 0.055544535427341994 21.09452739371714 g
2459229.9367014 833.1205492794561 38.0693788988574 26.2717 18.96993038334083 0.049610977314431114 20.572835510743637 r
2459231.9658333 799.4137741321573 18.3627624668592 26.2906 19.033670932477587 0.024938838753325237 21.383329948158863 r
2459250.8695486 542.124972230459 29.4797714369128 26.3863 19.551051467723163 0.059038394260595504 20.965064709109 g
2459250.8778356 785.293808634026 29.0140608165465 26.2776 19.040019566431198 0.04011309586576008 20.873653696557284 r
2459250.9492708 947.0920066001584 35.3818896537295 26.3853 18.944319571980206 0.04056006948570069 20.765922429860215 r
2459250.9497454 886.7904860196502 33.0817195280038 26.3875 19.017947437211788 0.04050203904731321 20.8411048008859 r
2459252.8114005 766.7167463065655 25.6182358078259 26.2784 19.066812627404257 0.03627639379280689 21.0096019419641 r
2459252.8785301 535.3761361994931 22.4422442689377 26.4277 19.606052477287427 0.045511077082648524 21.30260927649652 g
2459254.9442361 97.41873155349491 22.1306869839932 24.7223 19.75069382371272 0.24663929077466457 19.612387750238035 g
2459256.8498148 861.6771609376045 24.2562003324126 26.3772 19.038838545082452 0.03056244019772426 21.167718062127385 r
2459256.8502894 891.573239029304 24.4856193340674 26.4066 19.031207438849634 0.029816997356201743 21.186897255545524 r
2459256.8995833 817.7456572672681 21.0215264240069 26.2969 19.015354383919618 0.02790974312821683 21.242814369128418 r
2459258.8415394 795.9119072570588 25.9337925258072 26.2619 19.009737494943877 0.03537617453457085 20.9798099089034 r
2459262.8478125 782.8118593503119 21.679344723475 26.2919 19.05775650885284 0.030067588124956825 21.204359611292944 r
2459262.911169 426.25590305601867 25.8227271672216 26.2599 19.685723983946392 0.06577207420343463 20.982469722458386 g
2459264.7964468 835.5750185415444 31.9082238715356 26.2804 18.975436381853 0.04145978265098621 20.77321841304309 r
2459264.8318981 536.1222806049965 28.6357496267487 26.4271 19.603940359092434 0.05799019084727687 21.037403597758583 g
2459265.0079514 753.5127738925646 27.7717761080908 26.2441 19.051373452321513 0.040015004874825406 20.887665850706426 r
2459265.0084259 786.1888828083438 27.8341872341744 26.2595 19.020682754155274 0.03843806207510319 20.900628628381696 r
2459265.0088889 812.239484838559 27.5641516759089 26.2802 19.005989755685828 0.03684430519957113 20.931913411609393 r
2459265.0093634 766.6766261214954 26.8548346671309 26.2589 19.04736944248937 0.03802945466800186 20.93891878173917 r
2459265.0098264 786.97726747261 28.2669599125628 26.2595 19.019594531090245 0.03899660084925839 20.88387723166043 r
2459266.8052315 443.6543832171837 51.8242462241225 26.3693 19.751688058451563 0.12682300965340831 20.335542504000387 g
2459266.8320602 793.7527971534154 51.07961596818 26.2906 19.0413868281518 0.06986701559419432 20.272555930540126 r
2459267.750787 472.1977786030779 49.9683087028722 26.351 19.665690150844917 0.1148895552181548 20.356838364274743 g
2459267.8188773 816.3111579273544 38.7601493483144 26.2862 19.00656066802757 0.05155129112079333 20.567811384710563 r
2459267.9005208 814.6632268835735 35.9654178250737 26.3112 19.033754717207877 0.04793103805858044 20.674062214049947 r
2459268.6704282 448.7269112943981 60.2092310074088 26.1747 19.54474470985247 0.1456769372627547 19.978117288081616 g
2459268.7661921 811.0959303569483 42.4566485308276 26.276 19.00331944412428 0.05683074169738947 20.45871071771824 r
2459268.8539352 819.2075358266243 33.8405942234822 26.2929 19.009415153271483 0.044849115201755635 20.721880038104075 r
2459268.8569444 826.9194528926043 34.5325715704345 26.3047 19.011041978440012 0.04533937715804346 20.711702687706758 r
2459268.9313542 500.2509508341989 38.7483167002294 26.3937 19.645730193052948 0.08409588701687898 20.675642887452877 g
2459268.9332292 493.23323759354537 37.7330360967912 26.3774 19.64476916303194 0.08305757635101906 20.688170611524935 g
2459269.7417708 518.6721011323971 59.620519501145 26.2961 19.508867779139365 0.1247994597763608 20.11018559935579 g
2459269.789537 865.2297468490475 54.4290643419301 26.378 19.035171394515807 0.06829820099371052 20.29099781746011 r
2459269.7900116 927.623553235462 48.2394615686897 26.403 18.98457058187057 0.05645995430199284 20.44706885985438 r
2459269.8109144 846.4420943311404 46.612838689195 26.2893 18.970306867285835 0.05978856593237978 20.37061110924142 r
2459269.8778241 822.0108504022222 48.107414100523 26.4857 19.198506124523625 0.06353957428102171 20.53274495649907 r
2459269.9420949 482.11147634176007 50.5733951677239 26.3654 19.65753132575952 0.11388970772949386 20.35816971338825 g
2459270.7417361 624.1856443881086 92.7420353460891 26.2905 19.302215559677848 0.16131423188041394 19.6248834320883 g
2459270.8091319 802.2904321855203 62.9737552114143 26.2753 19.0144709674989 0.08521927133891409 20.02997601003497 r
2459270.8382639 705.9590067088396 63.7260634579909 26.2844 19.162451291552607 0.09800482243139061 20.02618225993327 r
2459270.8569097 870.8762577391414 74.7074925704638 26.2858 18.935908873097578 0.09313599258558257 19.854964588409008 r
2459270.8820023 591.6309428647237 73.3943961593966 26.3749 19.44477280015989 0.1346858153233488 19.963317734804356 g
2459274.7055671 529.2341970970284 151.044933877012 26.2594 19.450280252808568 0.3098618449257287 19.064209580663942 g
2459274.7391435 643.1005351832223 122.075679262238 26.3291 19.30840282250155 0.20609151714863874 19.36510211542159 g
2459274.8594444 883.0980922327823 87.3418860968994 26.2846 18.919577633611777 0.10738001425826603 19.684118574105756 r
2459274.9140509 1027.0777203122839 106.01376537559 26.2669 18.737891728821705 0.11206468876891038 19.45606933924045 r
2459275.7120139 559.6136248427292 58.2471792478681 26.3113 19.441579300845532 0.11300468698771002 20.15068774288682 g
2459275.8393519 835.2002517966009 52.6696590158312 26.3013 18.996823458526176 0.06846675233931085 20.249973722316106 r
2459276.8375579 869.043560769996 42.5426538302047 26.2794 18.931796135035146 0.05314872734633571 20.459913544409552 r
2459276.8384954 755.0845269577935 38.9340676840015 26.27 19.07501107279272 0.05598143754160548 20.546750540330105 r
2459278.9112384 790.4295427622524 40.5783560378478 26.2667 19.022042090272812 0.05573668336880802 20.498538868256546 r
2459280.7860185 821.9005613536992 20.3209355990956 26.3033 19.016251807329027 0.02684319833484537 21.286015740443915 r
2459280.8603009 497.55099107220735 27.6389939356825 26.3552 19.613106010881143 0.06031071438789601 21.003969412677122 g
2459290.7561806 830.0538427245009 23.3579815760363 26.2876 18.9898343388197 0.030551946502486882 21.11908671029607 r
2459290.7961111 572.7351149945567 22.6041647615021 26.4198 19.524915472542965 0.04284937493625841 21.286903828647503 g
2459292.7705787 516.6926725303921 28.5702834535786 26.3112 19.52811924337884 0.06003328166749985 20.923988616264488 g
2459292.7710532 483.8376699525228 27.4890042799294 26.3075 19.59575080492276 0.06168352280145511 20.962177466903412 g
2459292.7952315 522.7342764733689 23.2231899709889 26.3504 19.554697554064113 0.048233717370908175 21.188170302113065 g
2459292.8392593 817.5412502196053 21.784571741445 26.2503 18.969025812905315 0.02893005035933495 21.157502422542425 r
2459294.791169 864.9932360096174 34.534022798033 26.3008 18.958268221439653 0.04334552802376776 20.707757060718496 r
2459294.7916319 832.2826377581608 29.1796624187606 26.3311 19.030422912716176 0.03806442433231901 20.920974331140044 r
2459295.7641782 784.1167820364675 43.3270648079845 26.2245 18.9885481276734 0.0599913116766337 20.38517681728214 r
2459295.774294 473.0126616275797 48.8193919067475 26.3079 19.620718084723165 0.11205453488449565 20.33899407527866 g
2459297.7069213 533.7573692036779 65.3183671916307 26.2847 19.4663402898358 0.13286214926784903 19.999686689557468 g
2459297.7571759 798.5332153714971 51.1936628282581 26.1901 18.934367536157083 0.06960381692674138 20.1696344797407 r
2459301.7685185 628.4202684870559 139.419560251093 26.3451 19.349474540182445 0.24087036041825177 19.236865717718064 g
2459301.769456 521.4354810590189 130.610860933366 26.3471 19.554098551523598 0.27194967904246875 19.309726758770406 g
2459301.7948148 942.657519477778 171.682412742366 26.2563 18.820415159505743 0.19773416289900062 18.92206046908166 r
2459301.7957639 869.7310154218123 145.732627742216 26.2882 18.93973760575399 0.18192051465818732 19.13188299954223 r
2459302.7376157 839.6264596965549 72.9474702196893 26.2684 18.958184709171395 0.09432655141208819 19.86344940070005 r
2459302.8287153 516.3178091897266 75.028014001151 26.3584 19.576107236774575 0.15776700580769054 19.922916362197423 g
2459303.8161921 786.7068753689119 53.7333399477089 26.2721 19.03256763582119 0.07415504936812822 20.199065398636307 r
2459303.8171412 767.673100738624 50.8379013168467 26.2644 19.05145919200721 0.07189871496942428 20.25150595474051 r
2459304.7344907 525.0026685684047 53.3913518803061 26.3127 19.512296222715644 0.11041275446182915 20.246597695597117 g
2459304.7766204 738.3604160474915 64.0384995317681 26.2273 19.056628985375696 0.09416349716283905 19.963772120326134 r
2459307.7468403 809.8651351149472 21.3576825709063 26.2631 18.99206824277856 0.028631972117112815 21.19178967038338 r
2459307.7796296 520.3679629643858 21.7765894488114 26.3698 19.579023622782255 0.04543485542401207 21.277400330402063 g
2459309.6932407 542.5801285686719 22.6289958686216 26.3614 19.525240289664055 0.045280502401320394 21.227311781293903 g
2459309.7334838 848.1617855745787 20.3503342909822 26.2946 18.97340324706864 0.026049697493446693 21.27574611993296 r
2459311.6714005 564.0152781177809 32.1169321441471 25.7782 18.89997282908252 0.0618234196514423 20.2639398537844 r
2459311.7123495 388.0105386996679 22.6687833388063 25.9227 19.450591196085643 0.06342997319975388 20.786704460063568 g
2459313.7058912 814.3578940829418 23.8659125276776 26.2517 18.9746617234471 0.031817977598754064 21.05982987782663 r
2459313.7342361 477.6252459212906 22.494367859529 26.3461 19.64838181423119 0.05113242106367895 21.218490506516883 g
2459317.6931366 861.9603905162819 18.7402120737367 26.3021 18.963381726898334 0.023604620899423577 21.372738735969925 r
2459317.7342361 541.8348563673089 18.825145277686 26.3961 19.561432650337885 0.037720829488549 21.461829148086487 g
2459320.6751273 456.4613538140869 21.6177462709805 26.2767 19.628189965016254 0.05141812539066086 21.192248951182393 g
2459322.7346759 763.6463355516248 31.8650254021271 26.2158 19.00856931979013 0.0453035082714027 20.710089316593866 r
2459324.671875 413.2421416750517 33.8133128753899 26.3225 19.78198849084992 0.08883681039887308 20.752355681513723 g
2459324.7125579 784.0960216624388 34.4195596294901 26.2512 19.015276874141556 0.047659106611084516 20.66176171521145 r
2459329.7357755 818.441090418309 65.107821735317 26.2649 18.982431436711288 0.08636854000317229 19.983392074865694 r
2459335.6915856 717.8992511244666 25.0723497264608 26.1429 19.002741249250764 0.037917646599270535 20.897487396644134 r
2459338.6927199 534.3237021154443 22.5878713135749 26.3273 19.507788901199888 0.04589661994790148 21.19518672707908 g
2459338.7395139 823.6430483960697 23.2132915547236 26.2288 18.939452406736866 0.03059902064376323 21.067033173920688 r
2459340.7154282 491.78838967886975 21.551859016566 26.324 19.594554321150227 0.0475791088715307 21.24286314563098 g
2459340.7562153 801.4987594905132 23.8802540612283 26.2077 18.94794286370766 0.03234788766330267 21.015177631843823 r
2459342.7579282 761.4904301651961 23.1050408313822 26.1689 18.964738875444155 0.032942164256994984 21.01220813830119 r
2459344.723206 753.8313312878284 21.7887663910856 26.1852 18.992014540117868 0.0313811096580294 21.09219338264829 r
2459346.6933218 794.8625717437831 23.6617949483237 26.1887 18.93796988116579 0.03231956276295252 21.006155772983817 r
2459346.8315162 410.7967233664848 30.5957794746065 26.0369 19.502832572798447 0.08086198327815189 20.57532118417383 g
2459350.7454977 772.1482144536585 38.5382946638274 26.1624 18.94314832124242 0.054187817485432464 20.45024375659409 r
2459356.6813657 516.839482517326 78.4450385698981 26.3189 19.535510792561265 0.16478574345852784 19.835061286970607 g
2459356.7362847 798.8821104405896 80.3661241596757 26.201 18.944793259983467 0.10921949541721362 19.690892429191784 r
2459358.757581 469.29441521514656 87.3557024258502 26.2011 19.522486535072197 0.20209506665504534 19.60044683860881 g
2459361.6806019 928.1097211794068 36.1972782405247 26.327 18.908001696074656 0.042343468761212304 20.68288519884641 r
2459361.7892477 479.11242745764343 98.9936542466368 26.1589 19.457806410120966 0.2243260751675561 19.422456598979167 g
2459363.7039236 906.7933015434337 27.2919045767926 26.2705 18.876729241636927 0.03267648839993605 20.932990378793445 r
2459367.7077662 774.8044519693187 28.4149205176638 26.1622 18.93921973130412 0.039816600340403324 20.78090887522975 r
2459367.7542245 421.2999721539221 28.4165369640136 26.1523 19.590821423945272 0.0732300883479713 20.77094711245247 g
2459369.7235301 499.16179738999176 20.8937993221478 26.2301 19.484496650349314 0.045444980049890914 21.182631441313696 g
2459371.7251505 835.4488504404051 27.5857615468468 26.19 18.885200335555993 0.035848827005535495 20.84086254461479 r
2459373.7177083 740.3827068753536 31.3135352250361 26.1963 19.022659334050662 0.04591828641879023 20.709544736114577 r
2459375.7264931 791.0066946824678 36.2663493025108 26.2078 18.962349602092246 0.04977755018058596 20.56161538870982 r
2459385.7036806 461.66547310193556 83.5398233965373 26.1291 19.46828151029752 0.19646083917043156 19.576941107084696 g
2459385.7161111 729.0142109178471 68.3313743779832 26.0999 18.943060014379792 0.10176396022345381 19.76592459925974 r
2459411.6794213 471.3715107302798 83.5321648111662 25.6859 19.00249167346498 0.1923978629828071 19.13384064745061 r
2459411.6804398 448.52688440639014 88.6195068542626 25.6929 19.063428801285404 0.21451155312353032 19.07665166675883 r
2459411.6814699 325.5934025621249 90.5259277384445 25.6777 19.396011009302704 0.3018611525056197 19.03834252841103 r
2459411.6824884 424.1047247004368 88.80342473116 25.6913 19.12261722323708 0.22733507224830293 19.07280070215814 r
2459411.6835069 447.7726285144503 84.8731539642555 25.6223 18.994656143844523 0.20578922736903846 19.05294913601532 r
2459498.0266667 557.5829121300907 73.4289750750399 26.1246 19.258826360595258 0.14297754917634703 19.712506323289777 r
2459498.0290509 638.8855900452502 96.9052503666286 26.1079 19.094342267987102 0.1646774194979057 19.394606719301812 r
2459498.0314468 725.5575386163292 137.606791157337 26.1589 19.007220352921895 0.20591019348297684 19.064875319938515 r
2459498.033831 709.6547536052573 119.316032006515 26.1221 18.994482209437233 0.18254146159292872 19.1829279842554 r
2459498.0362269 805.8144671123086 171.324793895263 26.1594 18.893812349533896 0.2308314585101172 18.82742444408264 r
2459499.0277315 637.5049984316158 90.3505550270706 26.102 19.090791014361454 0.15387110349600325 19.46474792717619 r
2459499.0301273 650.1700156486617 95.9796633562532 26.1198 19.087232657611107 0.1602736484270514 19.416926933326323 r
2459499.0325116 759.2286711209373 105.384801905759 26.1301 18.929168499494253 0.1507006831817304 19.325730030383813 r
2459499.0348958 757.5125023611841 105.734838882033 26.1402 18.94172548738868 0.15154378867200272 19.332229719536617 r
2459499.0372917 457.93365494340094 137.464764507933 26.1374 19.48539359417758 0.3259107366649196 19.04449650812265 r
2459501.0282986 684.3837847730963 46.5218113085259 26.1159 19.027650722063875 0.07380176395385005 20.199333450481532 r
2459501.0307292 619.4579144426671 56.8265696886541 26.1312 19.151170484907386 0.09959773742899201 19.997396387067322 r
2459501.0331713 640.7326543016845 65.6942828800826 26.1578 19.141107855145798 0.11131675971882515 19.866556048581224 r
2459501.0356019 665.893295334871 70.2320531687778 26.1641 19.10558839464177 0.11450924744180857 19.800336577166767 r
2459501.038044 616.5686394914909 93.5719711892609 26.1533 19.17834642138089 0.1647684987740649 19.478010543083585 r
2459502.0285069 697.4619284943321 41.9355490589895 26.1472 19.0383987342796 0.06527872526552522 20.343319155220737 r
2459502.0308681 717.6585235382096 53.4205043309962 26.1576 19.017805381803203 0.08081648813451961 20.090905029706263 r
2459502.0332292 571.0647157617882 56.286520363786 26.157 19.265286681637388 0.10701112058279186 20.03356398571502 r
2459502.0356019 649.3956675339872 65.974918034522 26.1598 19.128526532778118 0.1103009645599949 19.86392784081859 r
2459502.037963 642.3604028956048 106.517908691334 26.1765 19.157053095436297 0.18003365858928258 19.360518411226206 r
2459503.0285301 705.0428036564739 74.727199287454 26.1393 19.018761289693444 0.11507290031984974 19.70817822523629 r
2459503.0309028 659.2068331665447 75.5317681205348 26.1338 19.08624574875997 0.12439925759651009 19.691050861158466 r
2459503.0332755 565.640374230316 92.071736547353 26.1528 19.27144899767587 0.17672409701213934 19.495059153225935 r
2459503.0356366 738.3903207556668 104.946327040344 26.1669 18.996185012315713 0.15430893941174006 19.367056880292306 r
2459503.0379977 628.9172515703169 162.311703971526 26.1376 19.141116230387116 0.280198732920563 18.86430039651082 r
2459510.0207176 664.6176365703075 60.8038525776798 26.1976 19.14117034571303 0.0993274013675734 19.9903472457388 r
2459510.023206 766.1503559420697 64.0682963025548 26.2085 18.99771498078746 0.0907902068519606 19.944467050580215 r
2459510.0256944 822.1304437584079 60.0260165230266 26.2155 18.92814817357701 0.07926995847656626 20.022226180556654 r
2459510.0281829 713.8340765750308 67.4917725093513 26.2195 19.085506809502125 0.10265104989800908 19.898947904177575 r
2459510.0306944 627.3284490179905 60.0481411536983 26.2219 19.228162542469544 0.103923657459859 20.02822606927087 r
2459513.0102778 593.3375637542415 48.0549739520872 26.1879 19.254645389839112 0.08793187623191019 20.23612912370907 r
2459520.9672338 47.06836387564128 44.9185535263126 23.6358 19.45397724441463 1.036111509895842 17.757310582656082 r
2459522.9991551 820.6247233539433 27.8208657681851 26.2373 18.95193850743554 0.036807462784046306 20.87894838705305 r
2459523.0185648 479.05131838529155 25.4838808991132 26.3226 19.621644900713353 0.05775550224018901 21.059511072395146 g
2459524.9759028 756.8137403559709 33.6367397967961 26.1993 19.001827479218463 0.04825415614177994 20.63484025000726 r
2459525.0393519 503.70136206949644 25.4632287463237 26.3601 19.60466718688954 0.0548845596452236 21.09789131040566 g
2459526.975162 482.76074766414155 28.6016414175018 26.2156 19.506270121943547 0.06432337806508091 20.827197595313912 g
2459527.0227083 799.7809812186234 29.2057001516673 26.261 19.00357231899215 0.03964664001680918 20.849905933927587 r
2459529.0239468 528.861830849446 31.6646919637738 26.3462 19.537844439654453 0.06500441903672925 20.847336820314133 g
2459530.9563426 713.5180947426143 73.4346589783294 26.2047 19.0711875218701 0.11173929552765208 19.792522283157872 r
2459530.9953241 485.42469018907263 61.1842173046074 26.2888 19.573495344731217 0.13684451176502518 20.074776467353786 g
2459532.9787731 807.68218155154 36.4455743723159 26.2288 18.960698745189898 0.04899075527457132 20.577262991707023 r
2459533.0222338 541.7660065982512 28.2901456300735 26.3497 19.51517062122663 0.05669350002859693 20.973187031424636 g
2459538.9867245 795.8395849530541 48.1538406832213 26.2779 19.025836157259327 0.06569241568055119 20.323897660248456 r
2459550.9846875 599.5699064160161 21.1935761131261 26.3737 19.429100433411342 0.038377285683940644 21.310764379454767 g
2459622.8536574 578.731032609897 54.513548517987 26.3759 19.469708073381387 0.10226747191881334 20.28721385661772 g
2459622.9444329 911.7481784090911 51.7490673243578 26.2891 18.889412739236633 0.06162223706560142 20.25691867193104 r
2459623.0042477 626.2477135366797 34.5557360940516 26.3272 19.335334616884463 0.05990786371967236 20.733474617683054 g
2459624.7771065 581.6699103739925 64.2569400848015 26.3413 19.429608503889536 0.11993702717957931 20.0740748876434 g
2459624.8823843 934.9434745748956 46.1814319598585 26.3008 18.873836612985244 0.05362803425267596 20.392206501475833 r
2459629.8358681 937.9325317230574 58.1387155384295 26.2902 18.859771001478276 0.06729823449466477 20.13161140753361 r
2459629.8640278 996.7358929793108 75.3328046818919 26.3908 18.894349755716707 0.08205666778855301 19.950914647267908 r
2459629.9030324 538.7626822163257 86.0937707254765 26.3917 19.563206234065305 0.17349384053871544 19.80684566561935 g
2459630.8852431 694.8530294180243 48.6789350581618 26.3858 19.28106761177135 0.07606028549218748 20.420022317494897 g
2459636.8991551 996.4190880981621 31.2004645123545 26.2755 18.779394903520537 0.033996081293181886 20.792672339558507 r
2459636.9419792 621.0341574798472 34.7756790166715 26.3335 19.35071128137396 0.060795294837909866 20.73288594262091 g
2459639.769213 929.2585434977325 36.9313273863328 26.2619 18.84155859339909 0.04314874737919412 20.595987695783947 r
2459639.7802315 647.4163019313036 33.0310818807107 26.3554 19.327440923170524 0.05539224991849659 20.81066799278125 g
2459641.7265162 547.3919035585761 24.6985470604559 26.3109 19.46515407625627 0.04898722902040054 21.081796474653114 g
2459641.7708796 1005.1287612192511 31.2558649874435 26.3912 18.88564574932754 0.033761338771864276 20.90644618354446 r
2459641.7713657 930.907996887446 26.0052684393864 26.2563 18.834033097274123 0.030329441834256277 20.971221636312883 r
2459671.8201968 888.2327693824961 20.6383008968978 26.2819 18.910583021332258 0.02522649924224188 21.247790139218225 r
2459674.8048958 975.5527779464616 24.571373227229 26.274 18.800873075153724 0.027345665468718056 21.050501417420225 r
2459676.8534259 760.585358308355 47.4443182432903 26.1616 18.9587300981364 0.06772454367423818 20.22371446323341 r
2459678.7346296 867.3188737091543 28.250861358648 26.2249 18.879453007082677 0.035364110140844965 20.84989575455849 r
2459680.7473264 907.3165167315317 57.4651292823598 26.2665 18.872102957954844 0.06876309392736289 20.120564018921783 r
2459684.820787 839.8719386392535 92.1051288505823 26.2564 18.945867322292365 0.1190640308272392 19.598265453041112 r
2459687.7613773 572.2575186740225 58.3869084560316 26.3478 19.45382123146453 0.11077297273017221 20.184586288445303 g
2459687.8530556 832.1946343777922 57.5344256511183 26.1859 18.885337721681005 0.07506071698734576 20.038655534109488 r
2459689.7590278 760.9630498893271 40.2072496195894 26.2346 19.031191076926287 0.057365480384805836 20.47641407374218 r
2459689.7768981 457.04511328394267 49.2661429473227 26.3126 19.6627023254091 0.11703057278872664 20.333803582572752 g
2459693.7464005 541.443089423252 30.6367393868159 26.3057 19.471817962316567 0.06143269459343771 20.84266863356545 g
2459695.7125231 803.6706234306561 23.2172155505472 26.1797 18.917004765366503 0.03136475340560218 21.017749655600138 r
2459695.7545023 240.30988168508318 30.7238525432201 25.4373 19.4853709259546 0.1388078029595428 19.971185808958058 g
2459697.6846875 830.0988089933267 24.6496596773408 26.2223 18.924475523136675 0.032239698722304824 20.995347670113976 r
2459697.7138194 582.6245543392422 21.5375829712495 26.3294 19.415928040648637 0.04013451485649241 21.24898258032834 g
2459699.7390046 602.1723246166863 23.8124115350756 26.2985 19.34919802052399 0.04293311755914461 21.109066540196004 g
2459699.7631481 916.943530800113 25.076538278426 26.2131 18.80724352292158 0.029691684050740193 20.96750603020888 r
2459701.7164699 873.4561929961058 29.1420947486257 26.2259 18.872797178955466 0.03622342198989249 20.817173074498143 r
2459701.7606944 525.2623936857177 26.2275340678199 26.2812 19.480259228809942 0.05421144570739965 20.986881339607656 g
2459708.7288194 859.2696606568602 45.6473993366241 26.257 18.9216763053318 0.05767616817971626 20.36103489023043 r
2459708.7680903 844.3813428018442 71.6101527032839 26.2389 18.922553428249074 0.09207586530982921 19.854038489590355 r
2459711.7275926 564.2913368879753 72.4806464264015 26.333 19.454241542633547 0.139453209151014 19.93501984419035 g
2459711.7581366 684.2853691012236 73.0661189851201 26.2335 19.145406864193546 0.11592807469541298 19.826784889748247 r
2459713.6950926 520.2331507212973 76.1319381558607 26.3269 19.53640494197759 0.15888346434904377 19.875557773809703 g
2459713.735787 858.219949360845 57.7405171692803 26.2428 18.908803486228724 0.07304523687357169 20.09167331555111 r
2459715.7363542 622.4336535767281 50.3793141742096 26.3618 19.37656733516342 0.08787574560699235 20.358744361543703 g
2459718.7068519 886.6715781067446 25.8015359212513 26.2322 18.86279303110847 0.03159312674656427 20.95566109031101 r
2459718.7385185 858.1299356674211 27.9278501676419 26.2025 18.868617368749785 0.03533412093755484 20.839981224582065 r
2459723.6781134 772.9442600646535 26.4311120169975 26.1088 18.88842955892725 0.037125909071960596 20.8060864009782 r
2459726.6829051 948.2563485333151 22.6868895223721 26.3014 18.85908560258387 0.02597520806745648 21.164537598706147 r
2459726.737037 530.6847002307511 25.0007867383877 26.3283 19.516208582514725 0.051147798589379186 21.08599080040342 g
2459731.6933681 486.2076309490188 35.2060520391366 26.2868 19.569745573146335 0.07861499545838782 20.672831672703563 g
2459731.7385532 778.3194563334346 40.6487397441817 26.1896 18.961705282439567 0.05670208598942134 20.419557275505216 r
2459733.7237384 812.7684197280355 32.8624839903002 26.2553 18.98038294831814 0.04389786561860707 20.716124020314638 r
2459735.7388426 779.8729542788724 28.4518468580775 26.1862 18.956140351445505 0.03960923374035718 20.80349883304935 r
2459739.738206 821.4110456817897 62.8741044241723 26.229 18.942598653491658 0.08310384372377722 19.985395459066 r
2459741.6940509 408.25770317087546 64.1698106917376 26.256 19.728664030176688 0.1706499667413737 19.990248093972923 g
2459741.7613079 741.830111499389 83.9065960031244 26.0731 18.89733885569116 0.12280088104871598 19.516184732643584 r
2459743.6878241 825.3605494741341 48.4081277093642 26.2503 18.958690733349528 0.06367726721072678 20.290579274977482 r
2459743.7600463 486.67317330031165 91.9680735248795 26.122 19.403906481364444 0.20516795028754822 19.465482265860672 g
2459861.0272454 703.1115670626208 48.585839353569 26.0703 18.95273939329934 0.07502315174040063 20.10660071449857 r
2459861.0296296 723.0159024655674 53.6811305882088 26.065 18.91713037613749 0.08060902019011107 19.993020854126012 r
2459861.0320255 703.8459768172124 64.0388742762383 26.0695 18.95080591868161 0.09878156314271008 19.80596576676615 r
2459861.0344097 752.124120433114 69.0269893700264 26.0973 18.906576208457444 0.09964126973601331 19.75232765932158 r
2459861.036794 757.2880193389001 88.0021767655071 26.1003 18.90214728467214 0.12616595122912333 19.491641452376687 r
2459862.0282639 617.9583894179389 88.9526514973981 26.055 19.07760191848582 0.15628219534601823 19.434677744042464 r
2459862.0306366 588.3305730392931 93.3075007512165 26.057 19.132946456469504 0.1721888309190927 19.384783596730266 r
2459862.0329977 751.5016413188027 103.567994342763 26.0794 18.889575166385562 0.14962545026596527 19.293911074281926 r
2459862.0353704 757.8664338821227 106.865951280207 26.0891 18.8901183188329 0.15309341873157428 19.26957659906956 r
2459863.0283102 629.3366488005546 101.09622355989 26.1002 19.102992442010585 0.17440613084930492 19.34093765700078 r
2459863.0306944 697.7732030123444 95.3304177347188 26.109 18.99971428257422 0.14832933406981688 19.413496248934216 r
2459863.0330903 851.8649879047271 96.9003008016953 26.1626 18.836673077796437 0.12349921416440081 19.44936217614311 r
2459863.0354745 688.9690783872438 123.177635913467 26.1429 19.047400673050756 0.19410734604272656 19.169145327564358 r
2459864.0306019 662.4911602735046 70.4465575403703 26.1359 19.082949780534683 0.11544882725681088 19.76882555011533 r
2459864.0329977 709.5521032388696 76.5218847313913 26.1 18.972539270712517 0.11708768090974547 19.643110843797068 r
2459864.0353819 802.7911662323181 87.5134782159188 26.1481 18.886593537638966 0.11835379771920324 19.54548762620367 r
2459866.0284954 747.0524713101288 60.3089235392044 26.1511 18.967722233078174 0.08764765635763777 19.952721047237908 r
2459866.0309375 651.6715297871456 68.4759348384965 26.1584 19.12332813009665 0.11408250791382374 19.82213006419329 r
2459866.0333681 827.6441308522127 71.4522821128373 26.1745 18.87989090088025 0.09373079539636062 19.792034728484374 r
2459866.0358102 725.1105785837977 81.6147324323619 26.1466 18.995589397342187 0.12220083063037974 19.619753586252994 r
2459866.0382523 951.862964079397 104.172319229317 26.2039 18.757463926906272 0.11881950580633743 19.41209415631495 r
2459867.0283102 691.5230927099143 59.9448502410738 26.1476 19.04808328122568 0.09411417289290007 19.95579529029545 r
2459867.0306713 761.5422405741416 55.1093594631221 26.1763 18.972065006461722 0.07856718692846633 20.075811581050466 r
2459867.033044 715.6771024331323 67.0212131643273 26.1614 19.02460719374738 0.1016728506265279 19.848444277106672 r
2459867.0354167 722.9814930824544 73.0859817757517 26.1862 19.038382049139322 0.10975308659095095 19.77918977594644 r
2459867.0377778 713.6039661020355 90.4086076517588 26.2027 19.06905686220679 0.13755056024097193 19.56475053692899 r
2459874.0203241 697.8614046935993 77.2676234234567 25.9783 18.8688770492923 0.12020933982970326 19.510881102812668 r
2459874.0228241 539.3213937833827 75.6241316007631 26.063 19.233380879477135 0.15223783188531523 19.618923987551184 r
2459874.0253125 854.4345542241288 57.7148940054797 26.3642 19.03500299159691 0.07333629019562397 20.2135552331467 r
2459874.0303125 682.7418070552537 52.3911046315173 26.1691 19.083458756795338 0.08331263987446869 20.123531100774628 r
2459875.0201273 724.8673103555775 42.8050529015488 26.1804 19.029753713415335 0.06411303871934075 20.35423739386219 r
2459875.0226157 755.9312236309078 44.4192129964438 26.1705 18.97429428954171 0.0637967291767616 20.304147840139933 r
2459875.0251157 763.6439728910298 41.9594069011098 26.1955 18.988272678976173 0.05965519232747949 20.391001637198123 r
2459875.0276157 685.2177991711734 42.8520633288302 26.1974 19.10782841088984 0.06789736812497588 20.37004564400482 r
2459875.0301157 729.3129468769819 43.0174832302718 26.197 19.039715191763275 0.06403846489096263 20.365462493974306 r
2459877.0222454 817.9261481605996 50.496304373417 26.1935 18.911714769227157 0.06702785793254061 20.187926001732716 r
2459877.0247338 710.264371739659 51.4966001850401 26.1965 19.067949924621217 0.07871696940669762 20.169628594693656 r
2459877.0272106 756.1203444660773 52.5852965459838 26.2129 19.01642269121369 0.07550630911841044 20.163314170677157 r
2459877.0296875 759.4604580160507 51.1339732280925 26.2179 19.01663708285218 0.07309946705950389 20.198701139849256 r
2459877.0321644 783.5469967675934 49.9679901807451 26.2245 18.989337374106164 0.06923674924801738 20.230345285303628 r
2459888.9757523 342.81648002162916 54.1792788416286 25.4527 19.115045771638574 0.17158580892798653 19.37069193911446 r
2459893.9434144 438.3454913708042 126.616822401105 26.0414 19.436858640122406 0.31360624618491445 19.037746463688467 g
2459893.994919 788.6139218120744 68.6229615101326 26.217 18.9748389009214 0.09447455497660509 19.878401347538258 r
2459903.0255093 768.5924204611362 56.5953095790447 26.2629 19.048659756705373 0.07994552896202524 20.133523889473153 r
2459904.9327894 379.4941436566924 38.0546428111865 25.9884 19.540387304343565 0.10887104950289152 20.289955864365037 g
2459907.0190278 837.2784313114626 29.6705951802918 26.2691 18.96192524069736 0.03847389826677577 20.840859343714673 r
2459909.9575694 845.1119701970562 31.5680297116619 26.2556 18.938314367219927 0.040554874462326855 20.760056297500036 r
2459910.0166319 597.0649606309124 37.9714725509073 26.439 19.4989460377178 0.06904713970311935 20.74293139015213 g
2459913.985544 841.4842969970572 36.688252074075 26.2635 18.95088496003786 0.04733592227326203 20.60475743589892 r
2459923.9566088 875.0838823762821 50.2811231218628 26.3165 18.96137578770969 0.06238283720318014 20.31556256442846 r
2459930.9874306 487.8503078777147 44.1788079406582 26.3232 19.60248354148701 0.09831895359425616 20.462740005917762 g
2459931.0080903 932.6953422474364 40.0661182525033 26.2943 18.869950480096957 0.04663879255784115 20.539931817953388 r
2459933.9412963 315.6772842133556 31.4445388023316 25.9421 19.693991670829583 0.10814631741008579 20.450811915896004 g
2459933.9857176 478.95629212514615 33.5127154888056 25.7088 19.008060292428926 0.07596675480502778 20.148350940310117 r
2459935.8394213 299.8476610686584 33.1520207165117 25.9018 19.709548336207884 0.1200381179017272 20.35309997636648 g
2459935.9638426 842.788757658585 26.9719011002908 26.3272 19.012903165690826 0.034745827775325484 21.002496092784135 r
2459937.9582755 575.5472156123194 26.9621376096035 26.4044 19.504197606937023 0.050860801700870824 21.080089186855833 g
2459937.9618519 888.6577013025562 32.0721397920546 26.3163 18.94446372767114 0.039183503525817606 20.80355514867152 r
2459957.9564352 421.8981652071152 67.9863838438948 26.1832 19.620180908293094 0.1749541074753926 19.854720134364396 g
2459958.0022801 605.7436026227964 83.6791351875338 25.9183 18.962577909588973 0.14998166993383683 19.364332031229786 r
2459966.9141435 542.2402276144055 35.9516438044614 26.4102 19.574720665510714 0.07198414593883734 20.77347810849023 g
2459968.8825347 846.2753423158982 33.750983470976 26.3072 18.988420782138757 0.04329966964907783 20.73905890847975 r
2459968.9130787 610.1057568283021 32.4828021840002 26.4143 19.450787192694538 0.05780404124443273 20.887741270822474 g
2459970.8674653 913.2703742914188 58.463897383688 26.2768 18.87530157566136 0.06950214873521764 20.11215558067026 r
2459970.8948958 576.9152308212003 48.5946109208328 26.3808 19.478019988302833 0.09145047011785253 20.416904716061644 g
2459972.9217014 573.40134586873 32.7678051849695 26.3903 19.49415323006663 0.062043813370235575 20.854256606788752 g
2459979.8367014 495.6883469406055 110.44058709442 26.3401 19.602078226838792 0.24189663958910682 19.484853222528983 g
2459979.9197569 826.5557111025872 53.7678275645545 26.3024 19.009219672505907 0.07062528224379007 20.22866876516941 r
2459984.8418519 1017.043696757442 66.3181293471592 26.3102 18.791850968595412 0.0707949847796782 20.008694320517925 r
2459984.9019329 515.1598763493726 89.0335139475976 26.4122 19.63234492428483 0.18763822753026493 19.790891203368272 g
2459987.8384606 582.1807513097096 37.8497080211159 26.3554 19.442755394435444 0.07058534296449896 20.662818655085395 g
2459987.8676157 333.113180182051 65.4827743359778 24.967 18.66052045844699 0.21342490278444368 18.679257311497658 r
2459993.8265741 840.4491515072625 32.2475638458228 26.1645 18.853221392318652 0.0416577017236804 20.645832710978173 r
2459993.8930556 135.10113179279094 32.3632366147622 24.5095 19.182852531787912 0.2600775102797639 18.986945117992892 g
2459996.880706 47.068511068329855 30.242532218638 23.1536 18.971773849094124 0.6975856360127762 17.704629609178646 g
2460016.7536458 691.2278272326785 23.4296701033884 25.8755 18.776446966216085 0.0368005913955864 20.703659555043416 r
2460016.7742824 772.3210101678308 29.7505890198019 26.0534 18.833905376209007 0.041822265707597235 20.62223606773657 r
2460020.7029861 597.9621009087515 28.0265636213159 26.3443 19.40261585226889 0.050886904165697334 20.977950360330876 g
2460020.799537 947.5263436294181 24.022160994468 26.2972 18.855721766766887 0.027525208525383493 21.098244806039126 r
2460031.7758912 558.1376156615947 30.1297045406146 26.2449 19.378046768095736 0.05860887942657287 20.799987806923944 g
2460032.7242477 779.9304830253641 44.8679782262215 26.1624 18.932260263094093 0.06245834086552108 20.285133738047236 r
