jd flux fluxerr zpdiff mag mag_error limitingmag filter
2458199.804375 849.4750677944032 38.1681723325086 25.2972 17.974323408020922 0.048782108236558666 19.59552157808142 r
2458199.8144329 1038.5980671294715 44.861823392075 25.417 17.875881224946923 0.046896372329474106 19.539882685802766 r
2458204.7999769 1346.3923464001014 69.9183443350907 26.3094 18.48647091445679 0.056380554039520685 19.950497149999958 g
2458204.8179398 1431.2240729508574 78.2152459373277 26.2815 18.39223091904575 0.05933263289728949 19.800846451104427 g
2458210.7851736 778.2620974794345 107.034681866499 25.8857 18.657885299556987 0.14931673337147036 19.064463682733688 g
2458210.8028472 991.965423566603 90.6338161214127 26.0692 18.57795866390874 0.0991981492754227 19.428549323476922 g
2458214.741956 938.712873956036 41.377020965591 25.3597 17.928368064929142 0.04785598760675577 19.570376940613237 r
2458217.7433218 1693.337948677153 30.8269671632874 26.0141 17.942240896814326 0.01976500808673615 20.544347989623823 r
2458217.7602431 1838.9307959127314 31.5130696416884 26.097 17.935586535413158 0.018605235056167253 20.603348216109474 r
2458224.7200116 1267.7475351248238 29.3705586271761 25.709 17.95141806293963 0.02515296982879592 20.291794471985334 r
2458224.7818403 1709.285085385702 30.3634934264027 26.0225 17.940463742138597 0.019286218018807956 20.569195646156675 r
2458229.7613773 1258.437367828082 40.0331604453768 26.2998 18.550220985814537 0.03453807349233396 20.54632529632243 g
2458233.6900116 1970.3785782081686 63.6789460537452 26.1758 17.939425806891826 0.03508779099365898 19.918385322139255 r
2458233.7121065 1246.0588569053698 51.9771489711908 26.3021 18.5632536088279 0.045288061896347064 20.26514385396184 g
2458237.7319792 1144.5647653553217 105.009817764903 26.2712 18.624599069202237 0.09960918123489666 19.470700227156623 g
2458243.6678356 1809.5750434763777 34.5630629433097 26.1578 18.013858504735815 0.020736977763277382 20.563844433546556 r
2458243.7089931 1228.4374327353253 36.0906239057251 26.235 18.511617395700426 0.03189709897328414 20.594089014513294 g
2458249.6888773 1129.987429988405 26.2232698941472 26.2158 18.58311596898401 0.02519550516094481 20.92165787713999 g
2458249.7320718 690.3852291772705 52.9237183268199 25.0976 17.999871272358085 0.08322785389818144 19.04104911578653 r
2458259.6854051 69.2164329101973 66.1722597687799 23.3189 18.718376964906646 1.0379503740704912 17.019785074254383 g
2458259.7486111 249.4808721489809 72.9539009644764 23.5091 17.516506865969173 0.3174834591320214 17.10405369094233 r
2458270.7529745 929.3296679643591 58.3019130705447 26.0869 18.666475495477748 0.06811187590657866 19.925267975231982 g
2458274.7317593 1148.2427286097877 23.4468314108313 26.2047 18.554615740313185 0.022169724421908746 21.032064587285916 g
2458278.6901852 1123.2879608073342 34.2622173079111 26.1863 18.56007223944789 0.03311571977007893 20.60183632599032 g
2458278.751794 1725.3919274050088 35.5606907336336 26.0592 17.966980595569822 0.02237650548624789 20.434349518784867 r
2458281.6902315 1804.6613075561552 27.7302701850875 26.1316 17.99061073240334 0.016682772669803406 20.77678973648099 r
2458284.6715972 1750.3793609083114 41.7957475631516 26.0895 17.98166954043544 0.025924461943933236 20.289244745476253 r
2458294.6757639 1189.2741687659675 66.5347747971529 26.245 18.556795034907765 0.06074024551649378 19.939953261048114 g
2458438.0204282 1154.1130676265575 48.8882329143207 26.1333 18.477679103945423 0.04599025516991435 20.16286413968154 g
2458438.0470949 1914.0998736691442 51.8259783444753 26.1381 17.933188513508988 0.02939630552335681 20.10430621607557 r
2458443.0047454 668.839205065475 20.8817670987391 25.4973 18.433995694916284 0.0338965395081493 20.450456870101814 g
2458449.0184606 1988.661516746426 50.7284376548041 26.1325 17.886097825897856 0.02769494169723179 20.121946271585735 r
2458449.0435764 2092.030148275675 53.3537654478897 26.1575 17.85608015283956 0.027688981057236987 20.092162301102086 r
2458449.9935069 851.8177816613805 88.6205558665011 25.2375 17.911633245720207 0.11295295728225163 18.62123881469199 r
2458462.9976505 216.0045271473379 32.2508592444348 24.127 18.290842866399245 0.16210196306579772 18.60822176458867 g
2458466.0032986 2103.382264840657 36.6610029605782 26.175 17.867704480642338 0.018923260683342807 20.517064133946995 r
2458466.0436111 1522.5228320159479 32.9264615342895 26.3191 18.362690464727557 0.023479621149880836 20.777812335527976 g
2458469.0034838 2096.677154829476 32.7595433739228 26.1784 17.874571092017653 0.016963525433156487 20.642630390105644 r
2458472.0211921 1546.0321828276228 26.2586407719562 26.2987 18.32565367468755 0.018440111792479744 21.003094384368534 g
2458474.9798495 2159.113949573601 71.8852244560478 26.1838 17.84811109174997 0.03614713721216251 19.794775906340455 r
2458476.9859838 2075.1323508166247 58.0536319070333 26.1808 17.888185497504665 0.030373401550345642 20.023801501848457 r
2458482.9776852 2041.5813932635501 44.7197373167615 26.1693 17.894383252626305 0.0237816718770126 20.29562687954767 r
2458483.0218171 967.1934741734705 58.7610630885173 25.8127 18.34891660599893 0.06596083193150348 19.642550878354687 g
2458483.0446528 1557.2136888798725 41.7595163865268 26.2865 18.30562946804411 0.02911501951505749 20.487186337921983 g
2458488.0251157 2104.4018003866786 31.7633123353437 26.1925 17.884678338302876 0.0163872831681412 20.690260526343998 r
2458491.9802431 708.5414359564126 40.7410454769352 25.5391 18.413186867136854 0.06242761655089655 19.76659456550658 g
2458492.0428935 2067.248554933751 42.2980150853246 26.1593 17.870818257456346 0.022214529969575243 20.346075019759976 r
2458493.9922801 2101.8323677738235 25.8408337969746 26.184 17.877504810510047 0.013348064138478593 20.905808682223956 r
2458494.9386227 1977.94053056731 28.5399350962854 26.1473 17.906766925470357 0.015665692196089313 20.761242536323156 r
2458495.0000347 1461.6148804238737 22.3763721643699 26.2952 18.38311761040816 0.016621360102608593 21.173300797609954 g
2458502.9595602 1262.91746360029 68.0507728632045 26.1975 18.444062578232085 0.058501625186936856 19.867992334366715 g
2458506.0023148 2033.3469732530118 116.161255313997 26.159 17.888471266007507 0.062023981422433684 19.248921747535654 r
2458510.0034375 1439.0346034109828 73.6600815136417 26.2571 18.361921906941397 0.05557388982155066 19.8415945013658 g
2458512.9562616 244.93721729013578 49.6831682360393 23.4238 17.451163051115312 0.22022384491276822 17.43585178293565 r
2458524.9205324 1247.1146736686278 46.2608221964094 26.2377 18.497934026985778 0.040273260927075845 20.327241621046298 g
2458524.952037 1995.3479485518783 30.1909824751195 26.1642 17.914153402875613 0.01642738535753932 20.7170818739937 r
2458538.856713 1237.39738402058 71.5649212209801 25.5909 17.859627016140436 0.06279149768133489 19.206724495306574 r
2458538.8976273 678.1817698263359 59.8656179317322 25.5505 18.472134721628674 0.0958387622320273 19.360131315055078 g
2458543.7942593 206.72035386367713 38.8188481280576 24.6461 18.85764190064888 0.20387747323819552 18.926068378108845 g
2458543.8358218 1723.4083134664509 34.7564749875696 26.0514 17.960429541032838 0.021895626590139976 20.451385679836072 r
2458547.7971528 1910.8520156734182 29.5925386984642 26.1516 17.94853236303358 0.01681376632067444 20.72621942862064 r
2458547.8345833 1231.669095991016 25.5541267757949 26.2347 18.508464888481274 0.022525624399268758 20.968622376590513 g
2458556.8351852 1229.4231409565189 52.0790633490078 26.2368 18.5125465414527 0.045990869371489655 20.197717077238078 g
2458559.8131944 1184.5748653185335 57.5983053322188 26.2255 18.54159371648501 0.05279065252019708 20.077050724859436 g
2458567.7735301 1226.6628859170448 36.1138201773766 26.1828 18.460986936503737 0.031963773435001716 20.54119141111412 g
2458567.8567708 1867.1246137834946 43.572919440271 26.1156 17.9376667395776 0.02533688340192799 20.270133341195503 r
2458572.7933912 1092.8931543965173 37.5361887153443 25.4811 17.884655735848934 0.03728913473774356 19.797549554456527 r
2458572.8142593 862.0096662649174 28.4779510213723 25.8217 18.482919660316476 0.035867940504511545 20.438003142278397 g
2458575.7329167 578.1358436442271 39.293298530712 24.8927 17.987625260291964 0.07379015621291692 19.159478769665633 r
2458580.7512963 1201.767697230221 26.9730174401083 26.2074 18.507848684330014 0.02436794157657873 20.882651156186228 g
2458580.7755903 1937.002665454971 29.1756438319744 26.1656 17.947774454150096 0.01635309908101465 20.755623867675897 r
2458583.7512153 1130.774528844912 44.2354212951305 26.1421 18.508659956829412 0.04247212479147565 20.28024956961457 g
2458583.7532292 1791.8805537376545 35.2519756485238 26.0915 17.958227359147852 0.021359163634969487 20.476116335542933 r
2458586.7303819 1837.9797008267801 37.1965588169737 26.1163 17.95544822348956 0.021972116389219226 20.442618080041733 r
2458586.7528935 1263.1181596249917 41.7055828012346 26.2146 18.460990052604476 0.03584759739401067 20.416689502955613 g
2458592.6724653 1132.871547210172 156.419264262319 26.1045 18.469048326622197 0.14990613510226475 18.871349392164795 g
2458592.752338 1820.327718804358 92.9182367810443 26.1614 18.0110260442463 0.055419322922490834 19.49372258910335 r
2458596.7097917 1269.9496931782637 33.5444589898322 26.2291 18.4696337062869 0.028677686463402796 20.667623009408683 g
2458599.7100579 833.475017795655 25.1117434556264 25.7904 18.488168532469643 0.03271102227140528 20.543282824375567 g
2458607.7320718 1828.7262121881622 31.5694040354032 26.0733 17.917928275177665 0.018742500508168263 20.577709030674168 r
2458612.6705324 1235.128590294839 25.3376724022463 26.1857 18.456419563200498 0.0222722647206734 20.928858197330626 g
2458612.7093171 1821.7555783253881 27.1909484418076 26.0772 17.925974729913133 0.016204815330060518 20.743714098192342 r
2458619.6542014 673.4373229803492 224.671713450569 25.21 18.139257044954334 0.36221051457880143 17.58370399553569 r
2458634.6877662 1726.0970071323954 26.160294000025 26.0403 17.947637001160317 0.016454597324754315 20.748768438015706 r
2458634.6893403 1142.0509549094968 39.8852979565258 26.0972 18.45298629683152 0.0379172818911847 20.34774288734868 g
2458637.6818056 1775.037639850463 24.1192486811065 26.0194 17.896381083133434 0.014752514372192908 20.81606555083913 r
2458637.7135764 1145.3689951197152 23.1008274941079 26.0668 18.419436443293037 0.02189736977098066 20.910306146606196 g
2458640.6696991 1227.3001097453744 45.3135949722757 26.1152 18.392823067368198 0.04008552567603578 20.22720369297661 g
2458640.7128356 1820.591550781742 29.0805274235817 26.0231 17.87256869281436 0.017342016450766058 20.616669291887604 r
2458643.6686343 1277.0756216280558 58.2499587608466 26.1808 18.41525846341274 0.04952093607896792 20.020135933581898 g
2458643.738044 1843.2591899952167 46.0754820256384 26.0542 17.890233980359582 0.027138967274247215 20.1481002707789 r
2458647.7366898 1821.9793563056303 66.9726298642145 26.0536 17.902241370127285 0.03990834692606719 19.741431606568955 r
2458650.7493519 1769.8387155101684 71.4616541253425 25.9933 17.87346577216813 0.04383784646812841 19.61069232763012 r
2458654.6730556 1780.0146181228506 41.171749221606 26.0408 17.914741077733353 0.02511224777301946 20.25687669213302 r
2458654.7322569 1036.9760249773444 57.4582498407936 25.9602 18.42077821110167 0.06015801749467885 19.81439400568066 g
2458662.6746412 1806.654496413652 51.9038697622195 26.0566 17.914412234325233 0.03119137140648908 20.021175643010565 r
2458662.6983565 1134.6576480805345 35.5938806171283 26.0726 18.435437887977884 0.034058093427025794 20.446736640481443 g
2458669.6737616 1739.5870887386095 43.0025612323834 26.0204 17.919284560849682 0.026838484277238728 20.189239181840918 r
2458790.0310532 1756.6049087387096 53.4415436723745 25.9348 17.823114769923578 0.033030468989613614 19.867677503276056 r
2458790.0358681 1658.2596099718776 62.85972290419 25.9499 17.900768692980396 0.04115567957313782 19.70654383354603 r
2458790.040706 1680.6443465124848 71.8196344382575 25.9617 17.8980104527026 0.04639564418933826 19.57366701356506 r
2458790.0455324 749.2848520206127 80.3285316045068 25.2684 18.081782618158954 0.11639456813763777 18.75880041869183 r
2458792.0341551 1681.422374750403 55.4976607639733 25.9664 17.902207944268742 0.03583502348741501 19.85828829435815 r
2458792.0389583 1805.637285864545 57.7641201111855 26.002 17.860423714469576 0.03473261529083134 19.850429583255586 r
2458792.0437616 1869.4035666114544 57.1595194697013 25.9692 17.789942332651382 0.033196732581795244 19.82905356642273 r
2458792.0485995 1700.9582349157138 82.4893788812327 26.0293 17.95256587465218 0.052651921024852305 19.490879905367528 r
2458794.0357407 1742.9288183112897 66.9266240541886 25.9685 17.865300873082553 0.04168973223245826 19.657077692511606 r
2458794.0405324 1713.5260957504497 59.5209524841833 25.9582 17.873473192990275 0.03771281818954513 19.774100308180188 r
2458794.0453241 1662.2326655268564 63.0410078168749 25.9926 17.940870468403887 0.04117571721831576 19.746117120492336 r
2458794.0501273 1741.993823109234 80.6204773810974 25.9891 17.88648347319794 0.050246821275421245 19.475561575587275 r
2458796.0359028 1717.8207613464344 52.1431133990293 25.9893 17.901855381848538 0.03295557923805368 19.948882592214844 r
2458796.0409375 1848.87199646268 60.4228506751868 25.9983 17.831032888616754 0.03548168240070723 19.797871961920308 r
2458796.0459722 1746.9053679730644 61.8413908281555 26.0076 17.901926551624324 0.03843436470747835 19.78197686813425 r
2458796.0510185 1705.408067679097 70.8107265662139 26.0269 17.94732921713777 0.045079654124988364 19.654227362744162 r
2458798.0394676 1758.8926671114089 43.5131706699991 25.9943 17.881201654203814 0.026859085991871774 20.150323163810583 r
2458798.0445023 1798.8945325201282 44.7383362075374 25.9957 17.85818574545383 0.02700125590602398 20.121575416899766 r
2458798.0495602 1828.8126153065964 47.3108046567925 26.0106 17.8551769778445 0.02808671603966836 20.07577415280344 r
2458800.041956 1807.8856634093581 67.6120470278185 26.0497 17.90677259798206 0.04060345238850495 19.727214776984656 r
2458800.0469213 1782.5659335802754 73.0798892869027 26.0157 17.888085993717574 0.044510463430337495 19.6087802873042 r
2458800.0518981 1690.9423358123695 77.1613970139465 26.0144 17.94407800593985 0.04954286551575079 19.54847478420196 r
2458801.0414236 1772.9595254667377 63.334810354065 26.0269 17.905152946766307 0.03878407973431113 19.775368803005712 r
2458805.0168866 1142.528466670281 97.6678344905761 26.0408 18.396132426145705 0.09280991327546473 19.318996092741564 g
2458838.9995023 1065.6381772683512 52.5247821787765 25.6334 18.06437557244275 0.05351361956426717 19.58506433902336 g
2458839.0456481 628.9373973089073 85.8570105382938 24.6573 17.660781452191113 0.1482102300487665 18.07543558247382 r
2458850.9831597 2421.1261062157178 42.9107603128035 26.2035 17.743456473517416 0.019242373353459612 20.374659465078928 r
2458854.0019444 2115.6701162196664 31.3016595555108 26.3216 18.007980120744122 0.016063095810107644 20.83525658006265 g
2458854.0452662 2704.675790918835 34.3390265943207 26.2307 17.650411965629726 0.013784232956360566 20.643805038940084 r
2458857.0389236 2120.0630505038052 36.9940766261861 26.3404 18.02452805749097 0.018944940804239613 20.67264450970192 g
2458862.0229514 2645.425320898778 101.162526925775 26.2055 17.64926123471495 0.041517768283097355 19.445525816675016 r
2458873.8984722 1951.261673139907 29.7382138082028 26.2404 18.01461121454504 0.016546616569171342 20.809687790239956 g
2458874.0064352 2814.504322031048 35.0414788458747 26.2137 17.59019520022148 0.013517312190699305 20.604818923427096 r
2458876.8513426 2631.261321419556 34.8211957592752 26.1609 17.610490045488206 0.01436777560939832 20.558865787403526 r
2458876.8957407 2122.411954881084 34.6336238882863 26.2726 17.95552579193547 0.017716506623059996 20.676430148364283 g
2458879.9625 2021.8362127080006 48.8033534225465 26.286 18.02163507289891 0.026206772080657702 20.31745082744875 g
2458883.9593519 1969.0298136593915 49.2439046700639 26.2603 18.024669270079116 0.027152512841299596 20.281993784409934 g
2458884.0017824 2572.531321002826 59.1949708228762 26.1631 17.637198322311892 0.02498238964000007 19.98496296207616 r
2458887.9226157 2076.469976779608 80.8423153773826 26.2888 17.99548585969155 0.04226909263641142 19.772278130403443 g
2458892.832963 2686.11650244029 71.1726987022143 26.1947 17.62188788751739 0.02876725522172759 19.81649140523549 r
2458895.937338 2642.4134525838117 36.0396477450862 26.2058 17.650798070771128 0.014807768072244563 20.566423645428525 r
2458899.8345255 2534.2793867916216 29.3709653873794 26.1789 17.669263772118583 0.012582692061212658 20.76167943545753 r
2458899.8762731 1936.7359887383025 29.3229303432845 26.2802 18.06252394310253 0.016437917020607266 20.86475656738805 g
2458905.8123958 1831.3790908574379 48.1652923934884 26.2455 18.08855437132301 0.028553923222486476 20.29123948648578 g
2458908.8355093 1954.51748408556 32.9883831140627 26.2969 18.06930110061078 0.01832446516266111 20.753572415047202 g
2458908.9523843 2586.333939144325 33.362105450602 26.1983 17.666588502811045 0.01400485735407478 20.642741362308893 r
2458911.7504398 2271.1340227990204 79.6731926607521 26.104 17.7133930917463 0.038087221803481085 19.60329443779976 r
2458911.8758912 1861.4195435634274 53.0280668254663 26.2623 18.087689326550546 0.030929390610240467 20.20361050189984 g
2458914.8560069 1897.138445434208 63.4316229156822 25.773 17.577752437282577 0.03630083674984197 19.5198104314487 r
2458914.9206481 1675.1117194413932 53.3783412789891 26.159 18.09889055736049 0.03459641793081375 20.093162304036973 g
2458941.7699653 1930.8857666109457 52.5806365747832 26.2945 18.08010854703521 0.02956508257318598 20.24501039003829 g
2458941.8595486 2477.651901888414 56.1703508412694 26.1651 17.679999274871992 0.024613687605545137 20.043907147915764 r
2458954.7299421 2504.9838085577685 33.6337690842827 26.1508 17.653787692332898 0.014577412824009322 20.586436143740947 r
2458954.7729861 1842.9577586606197 31.2638492357238 26.2424 18.078611547181342 0.01841776402943371 20.757368869817725 g
2458963.7102083 1919.4696771296508 28.6640657829621 26.2434 18.03544686067588 0.016213111668999768 20.852630509537857 g
2458966.6897917 1063.5218152452385 41.0856914323347 25.1864 17.619533993261946 0.04194247315726182 19.404748488844906 r
2458966.7306597 1185.1684685331543 29.2474326479494 25.7698 18.08534977866217 0.026792762775050466 20.35715561531653 g
2458967.7489352 1858.8268884311124 31.5519711581417 26.2406 18.06750263490298 0.01842881405449605 20.745608748485104 g
2458975.6686806 2748.0891859754984 78.9661983186364 26.201 17.603422942178508 0.03119753243529118 19.70997191362777 r
2458978.6911111 1904.2036417268444 37.3511496461797 26.288 18.088716521510914 0.021296116802970833 20.60981505495222 g
2458981.7335301 2414.166239255498 32.3873839555266 26.1841 17.727182069331604 0.014565269859526785 20.660735314377085 r
2458986.6924769 1826.136580864524 30.7907177992247 26.2859 18.132066859313255 0.018306123794306874 20.817425455712552 g
2458986.7313079 2334.2950269907265 32.9038657261106 26.1593 17.738910637975142 0.015303861168265345 20.61875767856363 r
2458992.6936806 1683.397901063455 27.4852052567025 26.2765 18.2110330466444 0.017726461063276015 20.93132752770834 g
2458992.7347454 2373.608358545157 31.7281662770391 26.1734 17.734877343354633 0.014512617468239342 20.67236255700032 r
2458995.6696528 1629.4565157293034 31.7844627163454 26.2689 18.238793061962717 0.021177853375050713 20.765937802842597 g
2458995.7289583 2305.1502060382727 29.8561324723528 26.1566 17.74985192565527 0.014061904920696198 20.72159111654651 r
2458998.6941204 1778.6045053099324 37.5725645495447 26.2729 18.147701529813673 0.022935134376223985 20.588297891060694 g
2459005.6688426 1591.6160314870708 99.9497974319075 26.2712 18.266604237725744 0.06817944336137047 19.52432019348219 g
2459005.734919 2528.3029319088505 77.2349521049248 26.1791 17.672027229282598 0.03316611567467816 19.71214028524111 r
2459011.7044676 1431.510264033172 33.619253699496 26.0708 18.18131383427014 0.02549784284375693 20.50690481796201 g
2459011.7364236 2170.7783888800946 48.5468813460727 26.1005 17.758961276692204 0.024280391470371546 20.137671649054244 r
2459018.7263657 2479.6827458420116 37.5255637783722 26.1486 17.662609699692315 0.016430127871194404 20.465356924813268 r
2459024.6964005 1696.3308978135456 32.0496111433187 26.2027 18.128923568468686 0.020512662277832182 20.69071807763795 g
2459024.7226042 1714.191813480398 43.3717653393361 25.8959 17.810751458256096 0.027469927961743634 20.055457240709348 r
2459156.0317361 1698.1520622489634 67.2390492190538 26.1472 18.072258557846844 0.042988750748532256 19.83072107977847 r
2459156.0364699 1835.3430185291595 70.8689844659646 26.159 17.99970688965714 0.041922657322313144 19.78543446546089 r
2459156.0411806 1843.0241038004613 80.3504315258405 26.1663 18.0024724621706 0.04733332750652396 19.656404455397603 r
2459156.0459144 1815.3171253042765 81.5663696324887 26.1943 18.046918738223837 0.048782995695669136 19.66809715641717 r
2459158.0332639 1669.4427636960158 81.4773915372148 26.1389 18.08247116499976 0.05298774292573564 19.613882197149387 r
2459158.0379398 1830.686002825605 72.9925872746127 26.1296 17.97306534751212 0.0432887190275832 19.723978094653113 r
2459158.0426157 1742.9014016512376 68.5926983049886 26.173 18.069817952090165 0.042728230340036255 19.834880270396976 r
2459158.0472917 1786.5205763556105 95.7401187604818 26.1705 18.040479943551368 0.05818295535688509 19.47034008449677 r
2459164.0316204 1814.4365854229382 56.4070262668304 26.2114 18.06454551448683 0.03375213491058587 20.085641977479355 r
2459164.0362963 1850.589327997988 48.9861413680806 26.2011 18.032824866640652 0.028739090233953265 20.228491910449172 r
2459164.0409722 1792.291718453986 51.4822238272132 26.2049 18.071378254815414 0.031185911218414394 20.17833174308239 r
2459164.0456597 1921.2018156870447 60.2810911963931 26.2203 18.01136752897597 0.03406574997875447 20.022422226093493 r
2459164.0503356 1943.36905405172 73.8676864978561 26.2291 18.00771179299556 0.0412675847974 19.81053874583616 r
2459166.0339005 1805.292538378488 46.9288859635912 26.178 18.036631032166937 0.02822295578556749 20.251974377419874 r
2459166.0385764 1853.0716430778266 39.4003380968831 26.1996 18.02986947437964 0.023084346054066406 20.46342511778252 r
2459166.0432523 1822.5828211113758 42.1776577372755 26.2055 18.053781818794647 0.025124939440303057 20.395368843445322 r
2459166.0479167 1856.4244686846484 48.2394046780976 26.219 18.04730678994424 0.02821204015702256 20.263070140304244 r
2459166.0526042 1952.211735440467 58.0463457764596 26.2272 18.000882702141396 0.032281804511990156 20.070337777770717 r
2459173.9836806 824.0399972611734 42.7359112274479 25.9781 18.68822927000404 0.05630597904695464 20.15369256779416 g
2459174.0221296 826.9147879214835 43.277275055165 25.3327 18.039048103513387 0.056821014950640875 19.49462521992116 r
2459177.0187616 1046.7831743301792 34.4625372843894 26.2109 18.66125816672895 0.03574376971964943 20.620106866736577 g
2459179.0057523 1017.7164148323144 33.0754411496007 26.247 18.72793305163613 0.03528488479969958 20.700810875714083 g
2459180.9808102 1100.5244991003137 132.867884651503 26.2309 18.626900712613818 0.13107810183604818 19.17492493718161 g
2459181.0622801 1807.3975034786963 84.9587546308708 26.2541 18.11146580484259 0.051034550908254955 19.68365464497963 r
2459185.0024884 1784.085868007462 70.6816830420146 26.2251 18.09656061718622 0.04301312210068708 19.85440778367906 r
2459185.0253125 1092.1004584799398 70.9883860735258 26.3043 18.708643526429814 0.07057234539329943 19.92890673274095 g
2459186.0105208 1103.6659339178539 66.3712561723671 26.3031 18.696005905763606 0.06529083721062134 20.000724895726663 g
2459186.0384722 1879.339426748168 56.5835720439816 26.2482 18.063186937653153 0.03268849857231396 20.11904908814336 r
2459187.9851157 1739.1309257957187 102.602863901008 26.2197 18.118869305185463 0.06405264128481673 19.44437628120082 r
2459188.0297569 915.4288565356342 96.2737092677146 26.3327 18.928638504196456 0.11418076391815055 19.626505727185478 g
2459188.9849421 1729.8632233752176 45.4429077571854 25.5701 17.47507058564868 0.028520962978628876 19.67900970713311 i
2459189.9675463 649.9722760290684 153.175629306913 25.1001 18.067862918486608 0.2558613449707784 17.889700806001073 r
2459190.0069907 672.4748826083318 82.1991301136691 25.8113 18.742109830538105 0.13270918791533293 19.27670693523782 g
2459193.978912 964.6123621777369 46.030217932621 26.2392 18.77831794148223 0.05180838393634267 20.334167411434542 g
2459194.0393981 1813.2675519812915 36.3880395454642 26.2436 18.09744527495683 0.02178746015244313 20.59377834411591 r
2459195.9856019 1544.7507807879172 42.4863575588185 26.013 18.040853941502434 0.02986076393376635 20.194951239802446 r
2459196.0266435 973.6023001250966 42.851698871629 26.1963 18.725346021901693 0.04778551720651215 20.368954878240714 g
2459198.9614815 1780.0556095291208 47.056855294813 26.2101 18.084016074937885 0.02870114142506663 20.28111773697618 r
2459199.0239583 1088.3744354035061 39.2452937478325 26.3385 18.746554169558845 0.03914885726457269 20.60660602893403 g
2459200.0065972 1698.6071171373749 51.4514844804146 26.2444 18.169167651400805 0.032886284377830255 20.218480215254836 r
2459200.9436343 438.4753236869928 38.0289294571471 25.4634 18.858537106589345 0.09416267343039401 19.765689739488323 g
2459201.0198148 940.6289439011255 50.3097342206861 25.5456 18.112054154493812 0.0580688897546198 19.544044931623475 r
2459201.9948727 1044.0923648592825 34.2641959157126 26.3192 18.772352700234897 0.03562964231684893 20.734673627651834 g
2459202.0110995 1825.8627453077065 43.6121541580491 26.2612 18.107529681456516 0.025932790343128575 20.414756142812966 r
2459202.9607176 1600.2903862996163 41.7840908422907 25.5529 17.54240300941535 0.028347972227948826 19.752947596598986 i
2459203.0209722 1103.2058074495324 37.7491788722499 26.3347 18.72805865157869 0.03715017019023135 20.645006216142917 g
2459203.0421181 1777.8223211825539 47.2353699380287 26.2444 18.11967911345647 0.028846212881164388 20.31130668662594 r
2459204.0011574 1775.4058524861607 53.0456788925673 26.2326 18.109355882089158 0.03243860748403681 20.173549959167264 r
2459204.0252431 1109.852977897065 43.2710484461872 26.3372 18.724036370864425 0.04232936995586691 20.49928144374014 g
2459204.965 1048.6713974713066 32.3386015883785 26.3156 18.76400144305719 0.033480478087954346 20.793871899490462 g
2459205.0042593 1786.9755428793032 31.8298053735666 26.2351 18.104803478368297 0.019338608092195567 20.73059003142652 r
2459206.0346644 553.9931418960368 32.1901115300827 25.6268 18.76803902886098 0.06308526486194181 20.110068785655333 g
2459216.9777662 1641.8132227174403 49.6896936568286 25.5656 17.52729062741568 0.03285885364836254 19.57750919097488 i
2459217.0165046 1749.9543453167782 76.39266075083 26.2257 18.118133203763744 0.04739524319542311 19.770645897318953 r
2459217.0371065 846.6143811431259 83.6042251203535 26.1241 18.804885896476257 0.10721422791165967 19.571104424148306 g
2459221.9452199 1765.9172571480572 46.1769627381752 26.2349 18.11747412336537 0.028389964615784646 20.32641157900145 r
2459221.9818056 1036.001242940893 41.9056522807376 26.3126 18.774199308865846 0.04391593831687377 20.509493476566586 g
2459223.899213 1076.7350916111209 46.900108380773 26.2586 18.678327831826913 0.04729059920654614 20.333240373357466 g
2459223.9364931 1603.633448074592 46.259049358471 25.5672 17.554437234878414 0.03131853476166448 19.65678323014719 i
2459223.9811227 1744.0709095532914 39.0465397368529 26.2504 18.146489654297525 0.024306826035622182 20.52401860616032 r
2459225.9153935 1741.8062942426463 49.8514787395019 26.1446 18.042100361006213 0.031073346471635486 20.15297987597703 r
2459225.9809375 979.0325428358885 53.1075662199942 26.2318 18.75480718024916 0.05889373654325283 20.17148399090516 g
2459226.9633218 1593.9422841952394 47.2128214315716 25.5532 17.54701852057017 0.03215860494857081 19.62062510270006 i
2459227.8775694 1733.9722512109752 34.8813806629588 26.1501 18.052494642066446 0.021840438887834646 20.5461908224165 r
2459227.9804514 1050.1624634090713 29.339799637412 26.2813 18.728158772553492 0.030332659541964596 20.86523212989959 g
2459229.9352894 1770.5458645325225 75.7351417552331 26.2245 18.104232046798142 0.04644084349962131 19.778831382582325 r
2459229.9664236 1158.7250885318654 61.0503508795467 26.3398 18.679848974145465 0.057202840092040574 20.128154578301555 g
2459229.9844213 1646.9709001435817 59.3952900555183 25.5621 17.520385185467713 0.03915398044231044 19.380294970309613 i
2459231.9189699 1078.276088260198 25.5244999812837 26.3183 18.736475063883884 0.025700235710867922 21.053481881361147 g
2459231.9630208 1827.618270782685 31.2774316656576 26.2478 18.09308627233253 0.01858041589005446 20.7622972793435 r
2459232.9717014 1716.6171811183756 27.6134258538139 25.5574 17.470716362657814 0.01746452079079965 20.20717426257359 i
2459248.9382407 1801.054333425758 51.8801018944062 26.2641 18.125282963438316 0.03127402965107642 20.229172938202375 r
2459248.9613773 1027.4133235880327 52.8842406604083 26.3568 18.827437016513528 0.05588444179844787 20.301059306893166 g
2459249.8589236 1196.3923291874605 61.8682314261629 25.3178 17.62311595040704 0.05614407349552663 19.09170573567195 i
2459250.9193519 1742.8255087365872 39.0311700599209 26.2397 18.136565230426797 0.024314620781959714 20.513746062727872 r
2459250.9788194 1109.8719965468558 36.5341702684795 26.3687 18.755517765643617 0.0357384894689643 20.71452686795007 g
2459252.8469792 1576.528270176701 21.5745488559407 25.5662 17.57194559278232 0.014857638861286935 20.483920681717212 i
2459252.8706366 1777.490915498691 28.8011751261785 26.238 18.11348152552344 0.017591896285849132 20.842049469379653 r
2459252.877581 961.2203655862006 26.8431865254784 26.3274 18.87034259069612 0.03031942378055904 21.007889816202926 g
2459254.8983333 1652.9993146351655 25.7380407733177 26.1676 18.121918316238087 0.0169049016658295 20.89373627781687 r
2459254.9409491 545.5014201793718 24.1514927907557 25.712 18.87001028603804 0.04806820798798541 20.50721504059728 g
2459255.8530324 1472.3271498367428 23.9150746324383 25.4341 17.514089198531074 0.017635072837797847 20.23999563784755 i
2459256.8976273 1734.9921258239403 30.2011548674863 26.2344 18.13615622973172 0.018898871845921685 20.786916113307885 r
2459258.8769676 846.8815134815859 27.2527886040158 26.0257 18.706143368035946 0.03493800740287775 20.689747620483956 g
2459262.7692361 1543.5946233154239 41.5459171365247 25.5009 17.529566857106534 0.02922166322284971 19.707154112734624 i
2459262.8369907 1672.6148459444241 34.1417929526627 26.2051 18.146610131960806 0.0221615542266552 20.624459178393494 r
2459262.914456 413.1183993437498 42.2625749682523 25.2927 18.752513655287206 0.1110685888498801 19.48038510377038 g
2459264.8748032 1776.2800255765078 32.5416445392855 26.2869 18.16312141962532 0.019890142864628254 20.758376247014816 r
2459266.8528935 1618.803532327443 56.8541103669457 25.569 17.546014641556372 0.038130944486293124 19.434670318572742 i
2459266.8578356 1739.3418045041883 72.9257419874867 26.23 18.12903766198074 0.045520367457840674 19.825372847728946 r
2459268.9355671 1098.3401422622394 43.8530280310288 26.3782 18.77635785865978 0.04334834966081056 20.525776022740395 g
2459269.8991551 1575.9886630525868 36.5432976198009 25.5661 17.57221727738172 0.025174710425244974 19.91165565177028 i
2459270.8564005 1687.032175064494 89.0803175107832 26.2421 18.174291586177286 0.05732818979445962 19.62022059833647 r
2459272.8163079 1668.1549672088631 123.438661545736 26.2489 18.193309017522786 0.08033867205062 19.272846979173966 r
2459272.8562153 1580.4065929360875 93.3648392174837 25.5778 17.580877918132973 0.06413932110350376 18.90491660503005 i
2459272.9086806 960.6602950752347 164.240071300205 26.3528 18.896375396739316 0.18561758649207802 19.066677176911693 g
2459275.7980556 1211.0181458211646 121.403256626128 26.3097 18.60182337341619 0.10884024832642901 19.35169914719268 g
2459275.8065856 1021.3776289434898 76.8138576650899 26.3163 18.793334146631967 0.08165129419689125 19.85527604830711 g
2459275.8790509 1755.2399666510034 81.209997106584 26.2488 18.137958752029412 0.050232273383590945 19.727351251618025 r
2459275.8799884 1722.1038273713086 63.091946989067 26.2552 18.165051670105022 0.039776304864608356 20.00784016479775 r
2459276.8558796 1731.759319271593 50.7072374119198 26.2574 18.161181166442567 0.031790126402367204 20.247300113324734 r
2459278.8349769 1086.3510654848556 46.129205176825 26.3281 18.738174513376304 0.046101559294854946 20.420735060112342 g
2459278.8768056 1534.7954113784128 38.7654654374821 25.5701 17.604973769735928 0.027422329721246058 19.851562482428342 i
2459278.9008449 1726.2756326148176 59.271170871202 26.2488 18.156024649352577 0.037277193166071025 20.069266222695635 r
2459278.9027199 1828.2872898890923 47.1960363569164 26.253 18.09788889977377 0.028026632879897397 20.320811171631973 r
2459281.7868866 1667.7375138410007 35.7963834483209 26.1708 18.11548075544014 0.023303507408868687 20.538777110244215 r
2459291.7930787 977.5228555738051 32.6991334984257 26.3253 18.849982698810948 0.03631776897779179 20.791534378291978 g
2459292.898831 1502.3012485195186 28.5764155556478 25.4937 17.55180742956223 0.020651926102931494 20.106255607346434 i
2459293.7528819 1715.914337384084 33.9440490059306 26.2285 18.14226099245664 0.021477210839045403 20.654165874756053 r
2459293.7934259 1010.3260342783321 31.1555146321858 26.3355 18.824346139704154 0.03347982838067262 20.854237665656235 g
2459295.835706 1420.5991473006839 39.4188604623418 25.4804 17.59922112586116 0.030126061166011717 19.743714825784785 i
2459296.8504514 1692.0849091062441 50.2172681306229 26.1939 18.122844619449523 0.0322211301075991 20.194342281741527 r
2459298.8057986 1638.3798500547323 75.4633591053644 26.0872 18.051163504824398 0.050007065808308826 19.64543465647622 r
2459298.8358102 1291.198330199912 54.0740111573921 25.3543 17.576817610647005 0.04546795991014874 19.27440352338119 i
2459298.8956944 743.3459955249295 72.5257733662372 26.1126 18.934622484538274 0.10592810429834758 19.713944067848292 g
2459303.7815625 1059.0682883879401 98.2208777626246 26.3279 18.765590089547402 0.10069077523716727 19.59996546181615 g
2459304.7555787 1085.668859986056 78.1156515415963 26.2651 18.675856546929314 0.07811789211657079 19.785829840538113 g
2459304.803287 1745.0162843587445 70.6804329930114 26.2054 18.100901289707355 0.043975375352277545 19.834726985760902 r
2459305.7747801 1038.5564315158986 43.5255802463815 26.3114 18.77032475111996 0.04550135268482326 20.467113565469305 g
2459305.7757292 991.8407438763593 47.7560645110756 26.2577 18.76659513818339 0.05227528669273757 20.31270366368215 g
2459305.7954282 461.35545844587864 103.340696199362 24.9385 18.27841084185922 0.24318991313464453 18.15539653157898 r
2459306.7693981 1692.4042308971261 29.4126079335534 26.2015 18.130239744080733 0.018868582251494036 20.78274115443621 r
2459306.8678009 968.7936410196651 43.5740978174369 26.269 18.80342180120858 0.04883227552009805 20.423503979163563 g
2459306.8793519 1506.3398527270688 31.944814255262 25.5175 17.57269258442723 0.023024342597156272 20.009074071039272 i
2459307.7525579 1796.5711160628805 31.1484174932374 26.236 18.099888967158087 0.01882354479043301 20.754985021496452 r
2459307.7558449 1740.9576045202448 35.4495465784714 26.2366 18.134629511533348 0.02210712806579366 20.61514827750802 r
2459307.7958218 1019.307420334123 29.5839424330979 26.3451 18.824337035520145 0.03151089225769187 20.920034867336195 g
2459308.835706 1068.9342734351108 32.5812625684016 26.3041 18.73172249460669 0.0330922842026928 20.774255214653408 g
2459309.7523495 1316.7913616771707 34.2144415473642 25.939 18.14020757787706 0.028209950542704365 20.3560513497143 r
2459309.7711343 1714.995320459935 34.454074657954 26.2348 18.14914265159122 0.021811598206640435 20.64427351304131 r
2459309.8115278 1111.273334670017 30.1466991838253 26.3326 18.7180477663771 0.029452944008233676 20.887075570666646 g
2459309.8124884 1014.3591560494408 33.4394788768893 26.2841 18.76862061577796 0.035791309222301886 20.726026237297443 g
2459310.7519097 1030.7468477359039 29.4552853549715 26.2613 18.728419961745796 0.031025662004339517 20.840966903105347 g
2459310.7950347 1693.9722233777718 28.1562615079316 26.1895 18.11723428804259 0.018045899866177502 20.818137513753555 r
2459311.7287153 650.2595519874014 36.2787532475129 25.7974 18.764683148791583 0.060572493368906154 20.150844104864916 g
2459311.8098843 1730.3563497033456 32.0771597024306 26.2254 18.130061122563877 0.020126589702115144 20.71248522324774 r
2459312.8562847 1588.4735514687015 37.3389679941386 25.5339 17.531450029754694 0.025520675187669335 19.85606921320474 i
2459313.7542361 973.0216235307525 28.8333009884949 26.2368 18.76649377066587 0.03217227050886762 20.839639075261758 g
2459313.7951042 1388.7706861033607 36.4827750905531 25.9756 18.119023647681907 0.02852115854126369 20.3229553245122 r
2459315.7326968 1669.4062853236933 27.2080190102448 26.1628 18.106394889276565 0.0176947616042401 20.828632683244063 r
2459315.7744444 146.76968150623316 40.9335632984713 24.2865 18.86990912049182 0.30279802488542507 18.50887610925304 g
2459316.7549537 1545.738772312562 27.3181087890094 25.5203 17.547459748439216 0.01918776396341189 20.181748413690308 i
2459319.7292708 1811.0093477914081 37.4701851597921 26.2302 18.0853982700131 0.02246337385149266 20.548560391221475 r
2459319.7549421 1123.467272395182 37.1200943602498 26.3038 18.67739893611658 0.03587223894916198 20.63235231031958 g
2459319.777338 1720.732930774973 77.5814445596466 25.5394 17.450116324604117 0.04895017283156966 19.06758033449939 i
2459323.7259491 1875.979906252615 35.6630768828284 26.2183 18.035229544223867 0.020639561459392806 20.590327964580702 r
2459323.7483681 1586.0401933914745 33.8972829371761 25.5358 17.53501452749726 0.023203876067098114 19.962962768186337 i
2459323.7550463 1159.701181308591 36.1825204609651 26.2799 18.619034751128503 0.033873693583844594 20.636227948234477 g
2459325.7265856 1307.9055313670005 44.044462338814 26.3351 18.543659058774914 0.03656156474181334 20.477946707112537 g
2459325.7545255 1988.3284204484705 45.6127754564423 26.2221 17.97587969948412 0.024906242753342373 20.32695874142624 r
2459334.6901042 1240.436691741701 28.1114977320444 26.2986 18.564663489863637 0.024604764830703663 20.92896502745064 g
2459336.6823958 1661.2401054271618 29.6455409165252 25.538 17.486918981896817 0.019374781326264242 20.110676541788 i
2459336.7502662 1226.521011217248 23.346899777717 26.2912 18.56951251901588 0.02066636352483783 21.12320194166059 g
2459336.7956481 1793.9679134113157 36.8188689822884 26.1536 18.019063322339388 0.02228258697116694 20.49099888033525 r
2459338.7115394 1950.004671252778 32.0954438321635 26.178 17.952910870700276 0.017869712766479234 20.66446652489152 r
2459338.8116782 1212.9241734644502 32.9741855668918 26.2092 18.499615871030805 0.029515508102802027 20.66633979500309 g
2459339.6887153 1653.244946757098 29.6322066021686 25.5005 17.454656990173078 0.019459721785982424 20.07366500664076 i
2459340.7116667 1323.028110037674 28.0894108770971 26.2701 18.466177320928534 0.023050661703926997 20.901318412205214 g
2459340.7524537 1929.2935571836665 30.8250781797646 26.1847 17.971204215020443 0.017346653781721216 20.71501452230056 r
2459342.7059722 1665.3461580763783 26.6275778352375 25.5067 17.45293870131439 0.017359490767439274 20.19594583204058 i
2459342.7503125 1236.979148564871 23.9913936388106 26.234 18.50309405274519 0.02105731216559037 21.036436297953834 g
2459342.7532292 1890.3382315588235 31.5306744904669 26.1576 17.966251205231735 0.01810937996321991 20.663341836445376 r
2459344.7293056 1892.8650474252042 26.6074902544621 26.1582 17.965400870330583 0.015261390244679339 20.84826520977528 r
2459344.7539815 1297.581695196736 21.9575087791312 26.2295 18.446663224052863 0.01837207427458993 21.128117326496444 g
2459347.6763194 1275.4249571336084 29.8510861298727 26.2391 18.474962722803138 0.0254106084642091 20.80427464533494 g
2459349.6751968 2073.921751236025 27.9582845799789 26.1827 17.890719083762683 0.014636188443653865 20.818998686309897 r
2459349.6910069 1320.5277734398187 34.7167976568858 26.2633 18.461431150616683 0.028543153710351463 20.664525843642252 g
2459349.7665625 1662.1904430746768 39.1135700295539 25.5117 17.45999804759191 0.025547976862708283 19.78345634589327 i
2459352.7363079 1887.5763888726408 48.7484821822327 26.1138 17.924038659386582 0.02803925044689733 20.146472243696273 r
2459358.7561343 1302.4736928845869 105.663831098766 26.1976 18.41067759934257 0.08807795662257234 19.390359106566528 g
2459358.7941319 1897.6086250554235 105.547131617966 26.0911 17.89558338586459 0.060387858320510523 19.285058900958305 r
2459361.6903588 2153.641334611144 46.5545829879789 26.2546 17.921666555019772 0.023469233218062675 20.33726888712232 r
2459361.7329051 1503.5698219307412 71.187822426407 26.3026 18.359790998930013 0.0514034118542652 19.924160718036 g
2459366.6920602 2062.8561662775724 29.5497187862863 26.1565 17.870327630951337 0.015552286296413627 20.732691608616364 r
2459366.7484375 1385.1611331738193 35.560305932413 26.1716 18.317849257513622 0.02787244258172239 20.546761267568954 g
2459368.7154051 2097.839574323784 34.7581885522885 26.1423 17.837869315439374 0.017988489574272494 20.542232152158306 r
2459370.7209606 1388.88541715727 34.9161625040025 26.2048 18.348133955038556 0.02729417211981783 20.59980872394994 g
2459370.7685069 1940.1698042783169 40.323775163452 26.1011 17.88150064703798 0.022564789225366005 20.33977202779436 r
2459372.6964468 479.5931509582333 33.9806256991052 24.831 18.128817569157558 0.07692512966001765 19.255496560540237 g
2459374.7262963 1371.827546801119 33.0378821598769 26.2167 18.37345120149306 0.026147039213944654 20.671744489675778 g
2459376.7176852 1517.0731935900867 35.7162633850621 26.2509 18.29838366371305 0.02556049854483126 20.62130994677471 g
2459376.7560069 2028.0423512837606 50.8851032037877 26.1357 17.86800744985466 0.027241027049253363 20.12179833996341 r
2459377.6911574 1831.9362183123237 31.1636376967732 25.518 17.36072412759456 0.018469180918622083 20.036454622481337 i
2459380.7482755 140.3239269988195 66.3153341518898 24.0837 18.715870674931306 0.51308825108146 17.782240083398936 g
2459518.0350926 1931.7430233203504 57.9462757648356 26.1523 17.93742661894319 0.03256761941852188 19.9973111669595 r
2459518.0374653 1911.1681750879502 62.8931907043693 26.1419 17.9386527377535 0.035728481688740675 19.89796591925103 r
2459518.039838 2033.779828650553 69.6227724294153 26.1651 17.894340160954137 0.037166974989997346 19.81079670612341 r
2459518.0422106 1942.1096594385058 78.0878758869833 26.1676 17.946915629241417 0.04365356324678854 19.688715965418112 r
2459518.0445718 1922.3753923005545 87.1456112860305 26.1637 17.954104503575934 0.04921722913859005 19.565661187603226 r
2459519.0357176 1972.9498719968738 61.655653024287 26.1424 17.90460987251538 0.0339286585222346 19.920042734328504 r
2459519.0380903 1948.3307336573696 55.0231962648585 26.1341 17.90994329676154 0.030661469920261714 20.035310452421264 r
2459519.040463 2021.0142863674068 55.7938431024531 26.1497 17.885776541213467 0.02997275965090389 20.035809297109857 r
2459519.0428241 2150.781883449304 66.8600612926568 26.1499 17.818409075864754 0.03375050213321573 19.839558063190637 r
2459519.0451968 2020.9628926079126 72.2156723529183 26.1757 17.911804151495723 0.03879564328486396 19.78169634157352 r
2459522.0404051 2112.0276107482955 93.4082675090727 26.1595 17.847751021314735 0.048017059776348896 19.48611169647908 r
2459522.0428472 2134.2180231952116 75.5204031718579 26.1715 17.848403042135885 0.03841805327879872 19.728914239627795 r
2459522.0452894 2166.355558179864 84.0202965590617 26.1774 17.838075655653945 0.04210797051745999 19.61901446392053 r
2459522.0477315 2156.12050830663 115.020672325054 26.1861 17.851917423845435 0.05791788699296197 19.286735234583162 r
2459522.0501852 2100.078463523861 142.789291272591 26.2012 17.89561119692847 0.07381930543419939 19.067035894152227 r
2459523.039294 2063.4288143427016 47.3652177142506 26.1703 17.88382627283196 0.02492182745288597 20.23422614445837 r
2459523.0416782 2051.360538080356 53.4955135728047 26.1922 17.912095008101353 0.028312955235233712 20.123981586082355 r
2459523.0440625 2001.9215150705068 68.3406125476332 26.1905 17.936882382376442 0.03706309287572254 19.85637782133552 r
2459523.0464468 2006.9965421142222 76.6266008662987 26.2078 17.951433439411588 0.04145174085497044 19.749426087141906 r
2459523.048831 2132.887155916901 111.245567473763 26.206 17.88358030260826 0.056627146106256625 19.34286819980362 r
2459528.0311806 2021.8189085435022 45.7405577517532 26.1751 17.910744365361957 0.02456230048162592 20.276921349139457 r
2459528.0337963 1989.3394760473318 46.0132221482606 26.191 17.94422774807897 0.025112131884914117 20.286368372950143 r
2459528.0364005 2077.775264707673 39.8256758487674 26.1985 17.904503570454693 0.02081011214419772 20.450667102685145 r
2459528.0390046 2050.7793300444905 50.1175636186876 26.1987 17.918902671238907 0.026532663960304632 20.201300113316684 r
2459528.0416088 2091.4198606030504 46.6687320230117 26.1988 17.897696930343667 0.02422671951808561 20.278809985709113 r
2459529.0316088 1979.442617177285 54.5379305718794 26.182 17.940642709147312 0.02991338607548343 20.092828352352768 r
2459529.034213 2042.6182142452383 70.2597762116355 26.1817 17.906231999401662 0.03734473652540058 19.81750808375387 r
2459529.0368171 2144.9119686191 71.1140955307732 26.1874 17.8588763185204 0.035996150260407915 19.81008576214174 r
2459529.0457639 1997.5516129504645 60.6303361524601 26.2048 17.95355497630527 0.03295351946551096 20.000650048914206 r
2459530.0310069 1936.8445704343883 70.6544381976806 26.1926 17.974863073797323 0.039605410120244045 19.822326370435132 r
2459530.0334606 2076.767710975041 64.8434017638323 26.1877 17.894230192802134 0.03389906387842469 19.910610513180966 r
2459530.0359144 2024.207001889138 57.0127909798541 26.197 17.931362693042402 0.0305792772720671 20.059644234681514 r
2459530.0383796 2015.322953846465 59.7560058102167 26.2021 17.941238371530766 0.03219191017713921 20.013721087111264 r
2459530.0408449 2056.398819829357 61.4624233796091 26.218 17.935231635118114 0.03244981100931528 19.999050789415882 r
2459531.0318171 1889.7240294760784 86.1764465725827 26.1839 17.992904036163132 0.049510810353505866 19.598003533453248 r
2459531.0342824 1986.0964621388985 95.9067307312423 26.2072 17.9621991555164 0.05242743217153352 19.505152271627896 r
2459531.0367477 1948.356873829225 97.5286659087549 26.2267 18.002528729860707 0.054346754436742 19.50644428026687 r
2459531.0392014 1970.6139223444095 83.9873550618685 26.2048 17.968296133136008 0.04627241813159888 19.64684022758373 r
2459531.0416667 2042.214708622788 86.2954796165607 26.2217 17.946446500544216 0.04587715572907734 19.63430487209096 r
2459532.0113657 1931.4189441581711 38.8029387983696 25.5611 17.34640878292356 0.02181212459410351 19.841513442211628 i
2459532.0320486 2098.5045773593315 41.1112027915708 26.2196 17.914825197868502 0.021269638080549 20.43727453133091 r
2459532.0345139 2111.6649049535554 43.928789348225 26.1988 17.88723749455469 0.022585726780555117 20.344501902839948 r
2459532.0369907 2074.1508040711756 39.9555305082371 26.1952 17.90309917700943 0.020914448162422248 20.443832735731263 r
2459532.039456 2111.541440894479 40.0568604113869 26.2212 17.909700976841837 0.020596201668777053 20.467082721589033 r
2459532.0419213 2100.9758830295145 36.6061463773627 26.2205 17.914447332011434 0.018916587021738967 20.564189959167003 r
2459551.0003472 1277.1206514741893 30.0394719639609 26.2494 18.483820180893293 0.02553701928915326 20.807744253312446 g
2459551.0260532 2106.089884429458 34.5469161236648 26.2336 17.92490774446381 0.01780911019646425 20.640151775242668 r
2459622.9189005 1787.0977019990228 52.0133838403252 25.5608 17.430429259084036 0.03159924092134049 19.523087217567692 i
2459623.8322917 1290.646179452472 60.6582580047077 26.312 18.534981999624637 0.05102612301045154 20.107350154152705 g
2459625.8397917 1285.75881178378 95.0656901366122 26.3195 18.54660122653729 0.08027385761263342 19.627015475809127 g
2459636.8767014 1897.2481399813248 45.0706650259459 25.5588 17.36348966068424 0.025791682167178795 19.67664007362707 i
2459636.9145949 2124.824905128614 44.1126195496798 26.2574 17.93909212976299 0.02253977300882043 20.3985678682805 r
2459636.9559491 1369.2390988760178 36.4752912271227 26.3194 18.478201769994364 0.028922066071437054 20.666978068943802 g
2459639.8371528 1353.7279993597906 48.1663422736724 26.3189 18.490071471039887 0.038629767450519804 20.364615820471382 g
2459639.8573495 1823.219031669511 51.4570738035778 25.5747 17.422602886054076 0.030641927304470594 19.54866227500525 i
2459639.9429861 2012.5369765173348 55.9803754289344 26.2343 17.974940328891027 0.03019964070840046 20.1167854723873 r
2459641.7975579 1347.825509124226 43.8587780609159 25.8311 18.00701582092902 0.035329109753737126 19.978533669825456 r
2459641.8383912 1129.0185086370607 30.9393551285037 26.1754 18.543647345955836 0.029752265003668545 20.7016968456038 g
2459671.7974653 1707.8359142771087 23.0547380036635 25.5347 17.4535846446375 0.014656284506800739 20.380374511115537 i
2459672.7965394 1090.6550507164218 24.9203635637061 26.2661 18.671881462801764 0.024807145672083336 21.027289054248342 g
2459674.8375579 1696.3907259994235 28.8396056658596 25.4995 17.42568527612721 0.01845751653291838 20.102101694595568 i
2459675.651956 929.198063587042 40.8918735990293 26.0625 18.64222925980956 0.04777916453579364 20.28598246497035 g
2459677.7314931 1073.5369838748793 45.4542955426708 26.2353 18.658257473281004 0.0459692860254821 20.343937660676026 g
2459677.7732407 1600.8359232051882 34.328184803398 25.4859 17.475032946432584 0.023281655353177687 19.89934789034725 i
2459677.8812269 1770.1384538709694 52.4886737203594 26.1419 18.021881908388515 0.03219350042002316 20.094310991189232 r
2459679.7540625 1137.712423529457 48.3399013182762 26.2897 18.649618748756957 0.04612996199728465 20.331510590415082 g
2459682.7108681 1239.1313239473157 90.0584473771813 26.2823 18.54950666092961 0.07890725900297144 19.648563850706566 g
2459682.7746875 1843.039764606702 76.6882272341772 26.2011 18.03726323633788 0.04517558975506623 19.741853242900994 r
2459685.7520139 1965.4306809472114 101.888133623065 26.2341 18.000455671918303 0.05628280241420164 19.46636597178648 r
2459685.7734375 1854.629797508392 83.8170892475088 25.5508 17.380156917203948 0.04906651123489703 18.99504355209383 i
2459685.8769097 914.6332526345968 208.452785518778 26.2629 18.859782533374585 0.24744036867873728 18.71795573190076 g
2459688.8351968 1348.3113056366933 100.041032437032 25.8162 17.991724559725544 0.08055598767348182 19.068329576510983 r
2459690.7543519 1046.4615901388033 29.0279398487972 26.29 18.740691768998623 0.030116379416906137 20.88553445297794 g
2459694.7503704 1650.0510260823767 35.2273712876171 26.1219 18.078156563702564 0.02317889350232524 20.507274397235552 r
2459695.8233333 894.4711999408987 33.1007446567964 24.9361 17.557184095561823 0.04017734553807701 19.38908057898804 i
2459696.7101852 1030.4072850485145 27.2138339381986 26.25 18.717477698705842 0.028674156263667247 20.915600663292903 g
2459696.7327315 1741.045995316096 31.0593656675625 26.167 18.064974388622364 0.019368329955665734 20.689093534687817 r
2459700.6682176 1824.7329128484641 40.7170966506725 26.1812 18.028201736189686 0.024226313627799565 20.409332981944885 r
2459700.7154977 1564.047105651193 32.0263441013654 25.5007 17.51507542771679 0.02223142874995154 19.989506575315126 i
2459700.7320139 1055.4205203073764 29.9732474304288 26.2429 18.684336165463506 0.030833164704566447 20.80364049209684 g
2459702.67 1617.7944879505703 36.1016995604211 26.1251 18.102791621546356 0.024227808602811093 20.48385586996795 r
2459702.7747917 997.8815854215212 27.9296132714193 26.1934 18.695702479069134 0.030387554567379793 20.830812683496 g
2459707.6709028 1786.745642850784 49.7032851225911 26.2188 18.088643170734777 0.030201756401934458 20.230412253570908 r
2459707.7296644 1826.9795068963183 46.6405326577243 26.2164 18.062065810178808 0.02771658144787553 20.297066235072577 r
2459708.6695023 1796.2504649338412 70.702578746507 26.2234 18.087482766116914 0.042734457829582205 19.852386853714588 r
2459709.6909722 1827.4341165943847 46.957608560347 26.2248 18.070195678627417 0.027898064915729392 20.298110061123403 r
2459709.734294 1813.4786149087386 42.6193376379151 26.2134 18.06711890346485 0.025515500702947638 20.39195824939081 r
2459713.6921991 1040.996743698678 92.7583200492571 26.2347 18.691076572467434 0.09674161680819705 19.568892802891703 g
2459713.7333449 1793.1209803679935 85.0158853229849 26.1997 18.065676019912523 0.0514754708163763 19.628524784770082 r
2459715.6907407 1701.5877551495346 30.9770755502833 26.2128 18.13566412083649 0.019764958241596558 20.737773951754704 r
2459715.7334259 977.7980118095238 60.9586702997831 26.2727 18.797077125343147 0.06768558285570232 20.062686276392323 g
2459718.6800116 1570.7596002741002 36.9754805065909 26.1265 18.136225693134268 0.02555723942670826 20.45929042295382 r
2459718.7318981 1609.5524189326886 33.6586518624164 26.1562 18.139437187268058 0.022703950425707584 20.59103319642694 r
2459722.7551389 908.0937479951574 30.1319852849766 26.1694 18.77407328581368 0.036025241332322835 20.724405622480194 g
2459724.6792824 1420.1126786927537 30.5115170952993 25.4474 17.566592987998273 0.02332656739665195 19.988815483677612 i
2459724.7531944 1562.3696185391896 39.7116361511432 26.1089 18.124440537058234 0.027595853668486266 20.364180537379443 r
2459726.749838 942.0125382122095 26.1433272169891 26.2413 18.806158291743557 0.030131032452448074 20.950472842446523 g
2459731.732419 1656.4783768956365 37.4481687829187 26.1592 18.111235572193053 0.024544526155427373 20.478198525320774 r
2459732.738287 1604.7514410339045 35.1095616706256 25.4924 17.478880564139914 0.023753492367166455 19.881411470410907 i
2459733.7123611 1678.3746336014622 38.0320427469689 26.2026 18.140377732209828 0.024602009577433217 20.504800857861404 r
2459735.7360069 1623.8079636326918 39.0746659667878 26.1578 18.131463332543206 0.02612585095668231 20.43063680390348 r
2459740.6883681 1651.3982567719593 69.6770940004731 26.1815 18.136870445460715 0.045808708254413466 19.82634991565766 r
2459740.7495139 875.8901988164469 76.6835831858553 26.1113 18.75517583342954 0.09505228666490678 19.65211899437628 g
2459742.6951157 1517.0633123128089 44.8390486729405 25.5066 17.554090735550762 0.03208946834921128 19.630034014615507 i
2459742.7354167 1706.1193921433487 100.592035166951 26.1313 18.051276451774186 0.06401238570036875 19.377466002071493 r
2459748.6956366 1595.7159800306213 48.5844499385969 25.513 17.50561101442144 0.03305609391548641 19.549331763868693 i
2459883.037037 1379.3834426910146 86.3522344845953 26.0139 18.164687478329423 0.06796704823208896 19.425791039098016 r
2459883.0393981 1411.1413461129137 106.937782470747 26.0537 18.179773708061973 0.08227549334324444 19.233447054025923 r
2459883.0417708 1489.5077716811356 101.549100088955 26.0839 18.151293066151837 0.07401898805948659 19.31978479137689 r
2459883.0441435 1459.709693723401 108.552487356141 26.0908 18.180133769700486 0.08073895516987271 19.254275540995 r
2459883.0465046 1275.2413866329625 146.057600245948 26.1264 18.362419002858744 0.12434880035199676 18.967664587101435 r
2459884.0372338 1556.8060057069458 57.2704016341111 26.0977 18.117113754225223 0.03993977080395394 19.955449417142887 r
2459884.0395949 1569.476716785866 72.5122239572244 26.1149 18.12551280670568 0.0501609999742989 19.71644692619207 r
2459884.041956 1483.1504282082683 76.0964091990182 26.1259 18.197936996286742 0.05570431016035322 19.675064579225804 r
2459884.0443287 1356.2603995904649 91.1429417615284 26.145 18.31414229673289 0.07296083547110233 19.498267384376096 r
2459884.0467014 1758.1083409769085 104.769034484724 26.1153 18.002685914113165 0.06469893697043717 19.31729263510711 r
2459885.0396644 1598.3215151214695 55.1852615968612 26.1029 18.09373963608747 0.03748597384748263 20.000917225172795 r
2459885.0421065 1490.5134436779786 57.3366709369769 26.1234 18.19006025624236 0.04176441608112383 19.979893805463952 r
2459885.0445486 1582.8064523177754 59.6175152774728 26.1217 18.123130469997378 0.040893652058323314 19.935840309992624 r
2459885.0469907 1606.3471579013633 69.0755595604601 26.1306 18.116001476927373 0.04668687876459429 19.784863959928508 r
2459885.049456 1536.7951587377636 87.2826395078255 26.1441 18.177560040682128 0.0616625847464791 19.544355311044757 r
2459888.0384144 1563.848343467713 63.9706165541979 26.1435 18.15801341397787 0.044411530493350934 19.881123647898498 r
2459888.0407986 1696.7650550255755 66.4519112853344 26.1447 18.0706457217984 0.04252022981543552 19.841006297643403 r
2459888.0431944 1670.426582785059 77.6179919920304 26.1438 18.086731518400452 0.05044810395991572 19.67146898120913 r
2459888.0455787 1545.8237776220494 94.4634694585952 26.1507 18.177800041840605 0.06634584761593199 19.465115258357308 r
2459894.0297338 1662.3705949032249 109.40681509742 26.1599 18.108080379508472 0.07145397032133131 19.31486405009381 r
2459894.0323495 1741.34688560504 114.346029191253 26.1666 18.064386766207342 0.07129279348026536 19.273622269694812 r
2459894.0349537 1621.614405095221 108.736490979685 26.1809 18.156031015952923 0.07280103573679826 19.342536704573824 r
2459894.0375579 1606.3057753752018 110.837751338581 26.1772 18.16262944789581 0.07491509304957154 19.318055723431385 r
2459894.040162 1756.007857534364 99.3831800264635 26.1796 18.068283862765878 0.06144637570485353 19.438892766592353 r
2459896.0303356 1680.6329750562509 56.9782501362197 26.1673 18.10361779895853 0.03680832584569706 20.030602220524216 r
2459896.0327894 1770.745592727696 56.9250463485272 26.169 18.048609576148404 0.0349025422253868 20.03331650693228 r
2459896.0352546 1738.0877280790469 59.2305493817782 26.1659 18.06572076698665 0.03699848196665478 19.987110586969706 r
2459896.0377199 1656.5548432545186 59.6421516442011 26.1902 18.142185453592496 0.03908924857138593 20.00389173259204 r
2459896.0401736 1904.638467567564 59.3685257952091 26.1833 17.98376862141606 0.03384180754165727 20.001984326881644 r
2459897.0316551 1708.8208879291412 59.5482570917158 26.1523 18.070558639951468 0.03783400775421509 19.967702352384897 r
2459897.0338773 1446.3480771352797 126.635683030405 26.0678 18.167117943627787 0.09505897179220378 19.063984746290423 r
2459897.036331 1652.9961525825156 64.3218581564778 26.1619 18.11622039316474 0.04224706832583019 19.893578534158763 r
2459897.0387963 1814.6764669529812 72.1050440259183 26.163 18.016001981861287 0.04313961619306538 19.77066087326981 r
2459897.0412616 964.7025855271604 50.6234957532337 25.664 18.203016393772593 0.056972926333821276 19.65569466012294 r
2459898.032338 1735.0125503085508 76.7362873846542 26.1711 18.072843448421906 0.048018434909132476 19.711173030260717 r
2459898.0348032 1714.7512706967248 80.4547895417659 26.1684 18.08289716660105 0.05094019552468619 19.657095231352493 r
2459898.0372685 1599.154218274712 75.2369829860557 26.1553 18.145574130008853 0.05107999684738873 19.71679655927067 r
2459898.0397338 1749.5249613808219 76.0577211223999 26.1796 18.07229964208013 0.04719902238914964 19.72931671732805 r
2459898.0421991 1761.9579505944555 70.6587599899549 26.1762 18.061211150767228 0.04353918644608513 19.805859960129467 r
2459905.060787 82.34147836598689 92.9570230182443 24.0127 19.223653349770103 1.225669515457676 17.344569472076035 r
2459907.0062037 1656.1443680304885 54.4867002008752 26.1902 18.142454519864884 0.035719235321519494 20.10204872127825 r
2459910.0194907 1129.5384983745053 40.1549310125236 26.2752 18.642947405779637 0.03859647870615764 20.5184277788819 g
2459914.9975463 1073.5027180044844 57.6226860981659 26.2293 18.652292129087368 0.058277402793233894 20.080391241212315 g
2459915.0321065 1851.0242048199466 52.7194507043897 26.207 18.03846975545295 0.030922074104008556 20.154647797661653 r
2459923.9995718 1886.6134776705835 61.3276192980258 26.2105 18.021292668386494 0.035292547763454786 19.993934724261635 r
2459924.0040509 1111.2948461949704 84.5405923392537 26.2593 18.644726749391737 0.08259349120262587 19.694211773118248 g
2459932.9816088 1150.6764813664954 42.7272377912987 26.2593 18.60691690836026 0.040314513089659575 20.435112944969287 g
2459933.0076505 1779.4642348164198 36.683362681529 26.2318 18.106076840979455 0.02238152702599546 20.57320214010182 r
2459934.9500231 1593.5304827895136 55.1997364820041 25.5156 17.509699061130377 0.037608539369515116 19.413332478020138 i
2459934.9682523 1753.7986038970344 69.6923802649765 26.2087 18.09875069994205 0.043143504097650255 19.853311745126263 r
2459935.0392824 1203.7671878500805 44.9861971423523 26.3016 18.60024374699946 0.04057388731842948 20.42147678385752 g
2459936.9833102 1864.848393862567 45.1615926065215 26.2237 18.047091172889168 0.026292722375861877 20.33935186727495 r
2459938.0460995 1581.2989233761891 42.8279996931348 25.5606 17.56306506188425 0.029405167220097166 19.733855511931107 i
2459951.93375 1858.588750798838 93.6158689675824 26.2352 18.062241739417793 0.05468598090589916 19.559401306927366 r
2459951.9814699 1152.6383199350573 100.729846412627 26.2909 18.636667365539914 0.09488006112476888 19.535579559752854 g
2459965.8820833 1736.2333498699863 73.2973309143516 26.2008 18.1017797650786 0.04583422624595399 19.790654588378207 r
2459965.9431597 1148.3657548110639 70.781313348127 26.3049 18.654699417481538 0.06691881186817947 19.93267844737087 g
2459967.9432986 1579.2341045223723 71.3301378275479 25.5348 17.53868371429827 0.049038410719220674 19.154192331194125 i
2459972.9406829 695.0279562582416 40.5478046973453 25.8327 18.727694315846637 0.063339540753021 20.0653566241507 g
2460016.8195139 436.08388219856727 49.8485359813382 25.3829 18.783974911736404 0.1241058377165509 19.391343969429577 g
2460020.836331 1755.5871089231273 26.6910179836564 26.2181 18.107044041976103 0.016506408641056302 20.904762144401403 r
2460031.791875 1026.9611138448938 39.0753938883831 26.2056 18.676715001917994 0.04131038125268785 20.478416577922033 g
2460031.8153241 1547.864794429261 43.2668872180455 26.0413 18.06696744375453 0.0303481671149145 20.20348586028344 r
2460032.7053588 1196.6917525744627 37.362419180643 25.1771 17.482144255136497 0.03389709874506722 19.49858751761563 i
