jd flux fluxerr zpdiff mag mag_error limitingmag filter
2458199.804375 486.32642937884464 35.3651843998224 25.455 18.737680320211275 0.07895104683479376 19.836135171893897 r
2458199.8144329 632.0878203626917 43.4465367141479 25.6066 18.60465644492192 0.0746255558024901 19.764287081840436 r
2458204.7999769 924.7214780728141 68.9163718158154 26.3217 18.90667263774869 0.08091355792488594 19.978468975586463 g
2458204.8179398 954.3560658012639 88.1884164112781 26.3191 18.869823904534712 0.10032541011549763 19.708146128910894 g
2458210.7851736 665.8700210417708 120.051644025748 25.8607 18.80222634394155 0.19574401279522124 18.91485470965544 g
2458210.8028472 738.7142231922212 104.335349245172 26.1113 18.940108847498195 0.15334331615543756 19.317796303875827 g
2458214.741956 618.8566327507662 50.8651722039717 25.5169 18.53792487509434 0.08923604359928179 19.503423691310857 r
2458217.7433218 1058.8708749544146 30.2740924521781 26.1806 18.618492492823577 0.031041161819419 20.730497157014366 r
2458217.7602431 1122.6491195910892 29.6007109079945 26.2567 18.63108989972193 0.02862647934424543 20.831019635523447 r
2458224.7200116 847.6330666775352 34.8036709413284 25.8875 18.56698027385227 0.044578659123235095 20.28601235447446 r
2458224.7818403 1137.1725182564073 32.5150322434088 26.1539 18.514334110832927 0.03104328493692037 20.626264516633423 r
2458229.7613773 939.9351134081667 38.0111897536487 26.3212 18.88845531510031 0.04390595491841728 20.623996330979743 g
2458233.6900116 1242.9947116009685 67.4141910882479 26.3475 18.611326797718903 0.05888326521537691 20.028196669832525 r
2458233.7121065 993.5250574307704 49.6630250480092 26.3083 18.81535293797655 0.05427054495641719 20.320792065307835 g
2458237.7319792 950.4681652034562 113.487623921691 26.2853 18.8404560618254 0.12963455042747798 19.400503730834387 g
2458243.6678356 1350.3678640926526 30.4587931845591 26.3145 18.48836976472055 0.024488965295909063 20.85779325903264 r
2458243.7089931 971.843202133399 29.2666248135423 26.2671 18.79810949699838 0.03269537152733137 20.853743388864178 g
2458249.6888773 973.7615754828472 27.6380867057449 26.2312 18.76006841665289 0.03081521338685828 20.880005051765803 g
2458249.7320718 494.6248775614393 57.3033832009529 25.3911 18.655410110575964 0.1257807400387917 19.2482243303091 r
2458259.7486111 135.67946490407695 77.4130569808394 23.2636 17.932314694662406 0.619455243455724 16.79413944480142 r
2458270.7529745 796.4232492284237 60.7258054981476 26.1047 18.851840176281854 0.082782624808118 19.898841778611104 g
2458274.7317593 989.5027454652939 23.1867120861266 26.2125 18.723957491166008 0.025440872627463175 21.051977065828062 g
2458278.6901852 930.8525331197462 33.8178418837149 26.196 18.77379778767839 0.039443445257752834 20.62571026603664 g
2458278.751794 1184.5564874512365 45.3357928266089 26.1822 18.49831056106889 0.041552320039845735 20.293671951611678 r
2458281.6902315 1268.234661030641 30.5509522112589 26.2653 18.50730095414484 0.02615381035936094 20.805313111989243 r
2458284.6715972 1240.4625295453282 47.0455912597939 26.2244 18.490440874645245 0.041176091348345566 20.295677661582566 r
2458294.6757639 868.0588259848664 67.0095129869913 26.2544 18.90802710717701 0.08381025118595455 19.94163383522566 g
2458438.0204282 728.6328759360142 46.4755806132414 26.1516 18.995328093181712 0.06925097609269454 20.23611292900752 g
2458438.0470949 1210.905644290451 50.3479451972583 26.296 18.58822424115247 0.04514205079347354 20.293620612149464 r
2458443.0047454 505.6270128026043 20.9635986800922 25.7032 18.943624330496277 0.04501377203092911 20.65211039634431 g
2458449.0184606 1309.4470515397275 53.107847375441 26.2929 18.50018014475596 0.04403323511837849 20.23257824295131 r
2458449.0435764 1190.905757303912 55.3210738569734 26.3086 18.61890651296454 0.050433957110502525 20.203948484751898 r
2458449.9935069 563.5691437915472 95.5166272850021 25.4685 18.591131982873655 0.1840100782410547 18.770877541625442 r
2458462.9976505 151.56899569208463 34.6147797729871 24.1536 18.70207406761942 0.24794824448054784 18.55802105696723 g
2458466.0032986 1312.0961242514336 39.0219649484569 26.3362 18.54128586837885 0.03228890518117341 20.610502152962574 r
2458466.0436111 887.7413138570344 31.4283931798154 26.3386 18.967883920946363 0.03843665484832973 20.847869544966155 g
2458469.0034838 1214.9190829600816 30.7699281784752 26.3267 18.615331615851773 0.02749723129047943 20.858958782805875 r
2458472.0211921 829.8017153881331 25.4787756940628 26.3021 19.00466417930259 0.03333604433211513 21.03922860053614 g
2458474.9798495 1267.419049157612 73.3401105388122 26.3374 18.58009942441825 0.06282480767896874 19.926621088666806 r
2458476.9859838 1248.2359953436508 53.5524303171038 26.3418 18.60105824459429 0.04657923166145566 20.27242702722732 r
2458482.9776852 1306.9454272620608 45.8503187723977 26.3316 18.54095636604054 0.038088576655780026 20.430819090583675 r
2458483.0218171 610.4753862827679 60.1121544231769 25.8296 18.86542960414241 0.10690646588495453 19.634769255691154 g
2458483.0446528 836.9975712246976 43.2226152501165 26.299 18.992189505570142 0.05606562669995332 20.4622973866829 g
2458488.0251157 1339.8649788641283 34.4018165101055 26.3379 18.52024741059682 0.027875982113276132 20.749021551373083 r
2458491.9802431 405.0703304946201 39.1870455955683 25.5444 19.025573914222896 0.10503207023619214 19.814118683610147 g
2458492.0428935 1151.0851455335467 42.9376801105822 26.294 18.641231376269335 0.040498688977913234 20.464478548806323 r
2458493.9922801 1263.0309169544378 25.3281560881159 26.3344 18.580865046219802 0.021772055375473776 21.077966054350497 r
2458494.9386227 1242.383425944063 29.7040546093056 26.3082 18.57256087740079 0.02595792201977999 20.878735652545288 r
2458495.0000347 912.8337952883606 21.9260809301309 26.2963 18.89532072418178 0.026078291786209743 21.196472457221027 g
2458502.9595602 838.8899517689188 59.7877749683078 26.228 18.91873751888834 0.07737795302735058 20.03904401106897 g
2458506.0023148 1377.367694254454 145.613013208063 26.3323 18.484675268694666 0.11477839149230706 19.176874516828835 r
2458510.0034375 791.8942285980839 77.7662055852984 26.2827 19.036032055508066 0.10661874573000615 19.808297716362883 g
2458512.9562616 127.52325122191672 42.0346281298011 23.664 18.400026558530936 0.3578719592171257 17.857556964980386 r
2458512.9983449 226.53880481522316 47.5994080435859 23.8534 17.96554348772994 0.22812284789386542 17.91197110972231 r
2458524.9205324 851.3456164444899 43.3087553412859 26.2721 18.94683523949756 0.05523058410802302 20.43323573257021 g
2458524.952037 1259.5712269006142 30.5220075792212 26.3079 18.55734317189291 0.02630874929582301 20.84894224951254 r
2458538.856713 810.3315192886895 79.1750741979241 25.7411 18.469443170266075 0.10608050657111597 19.247203791565585 r
2458538.8976273 371.6122101358909 57.6059771589391 25.5777 19.152475061860667 0.1683012766953744 19.429106119470482 g
2458543.7942593 487.33723620323246 30.2813313826167 25.7385 19.018926010025297 0.06746137795306208 20.288137574357666 g
2458543.8358218 1102.5953504872386 36.3330974167643 26.2322 18.626159608051978 0.03577635607473711 20.584018930942186 r
2458547.7971528 1280.2509387182695 29.6234929911617 26.303 18.534762242639374 0.02512181430048679 20.876484323873616 r
2458547.8345833 855.7065262508587 26.5315433720773 26.2391 18.90828788936787 0.03366258846390962 20.932268703774348 g
2458556.8351852 936.5644522792139 55.2942804013188 26.2643 18.83545582520387 0.06409916593098972 20.16017446282463 g
2458559.8131944 911.485515251765 51.5905356782762 26.2602 18.860825571214814 0.06145116257874182 20.23134989592989 g
2458567.7735301 829.2633761640578 35.7438366796769 26.1851 18.888368786264078 0.046797054589141525 20.554672071493076 g
2458567.8567708 1296.867172978485 47.5373097211796 26.2693 18.487061256776183 0.03979687221610391 20.329288489006576 r
2458572.7933912 677.4904632666504 36.1660847766475 25.6075 18.53024203445426 0.05795730031782286 19.964321249183733 r
2458572.8142593 643.5599995051019 25.8968340539482 25.8131 18.791627393308197 0.04368853370935567 20.53255830453041 g
2458575.7329167 410.2364218008463 39.6540296348294 25.0428 18.510214461302986 0.10494528931766699 19.299656672116207 r
2458580.7512963 937.3010075898576 25.4093268448892 26.2337 18.804002290277396 0.029432280486321245 20.97379208995616 g
2458580.7755903 1305.9435632374912 28.0362182075249 26.3052 18.515388977070685 0.02330799198737989 20.938476410499963 r
2458583.7512153 816.0069453442321 45.6463638536699 26.1753 18.89606536196388 0.060732641454446554 20.279359519762473 g
2458583.7532292 1227.185451431589 37.7051473041272 26.2429 18.52062450506619 0.03335802130015144 20.55447338465431 r
2458586.7303819 1196.6020776654648 35.2206537885212 26.254 18.559125618564735 0.03195637424665077 20.639581455758147 r
2458586.7528935 853.2621916347422 43.7383711881208 26.2289 18.901193744227857 0.05565317444566971 20.379318474343634 g
2458592.6724653 494.4681000662901 145.843550553628 25.8427 19.107354302695107 0.3202276199715331 18.685556917529652 g
2458592.752338 1250.1796090858386 99.7181129845545 26.2896 18.5471689722171 0.08659872108016226 19.545239860312396 r
2458596.7097917 843.0892172672549 31.4994133256939 26.2447 18.930016162736276 0.04056381263961178 20.751518826256312 g
2458599.7100579 670.2964226778907 24.6394433058824 25.8099 18.74423274599352 0.039909274004960145 20.583397760858627 g
2458607.7320718 1246.9438354508961 32.8076773581536 26.2278 18.488182768675482 0.028565276394239034 20.690436275907622 r
2458612.6705324 915.4750750072358 21.1265575689806 26.1841 18.779983688575502 0.02505486405783462 21.124603145558027 g
2458612.7093171 1265.5964110579068 27.592494905922 26.2186 18.462861913511297 0.02367039876031131 20.869197561549576 r
2458619.6542014 481.83484248721066 221.665322990203 25.2515 18.5442544961451 0.4994699842132137 17.639830594126636 r
2458634.6877662 1310.8253342051682 27.4851698851675 26.1868 18.392937934093883 0.022764778926416256 20.84162892497573 r
2458637.6818056 1261.0368940841206 27.492943371545 26.1862 18.434380517780706 0.023670273850445532 20.840721895317795 r
2458637.7135764 880.9833478534895 25.2975410699423 26.0743 18.71188075111429 0.031176003958027106 20.819179215039963 g
2458640.6696991 888.476686421978 53.6877852876553 26.1271 18.755484908929553 0.0656053550730124 20.054986266790912 g
2458640.7128356 1323.4731749917314 32.9664953720413 26.1792 18.374912142085527 0.027043785020915787 20.636593038460386 r
2458643.6686343 1004.8188166638253 58.3200070758636 26.1977 18.69248060186963 0.06301437695254562 20.035731069154693 g
2458643.738044 1361.780730975185 52.5578914364105 26.1995 18.36423203831524 0.04190256289766132 20.15048015542432 r
2458647.7366898 1409.6736350317658 81.1862351742448 26.1784 18.3056035568563 0.06252787406830612 19.657268983009416 r
2458650.7493519 1226.734025611636 81.3823833148164 26.1039 18.38202397160664 0.07202608855725055 19.580148978693245 r
2458654.6730556 1346.6465341867183 46.3030241178116 26.1868 18.363665955749696 0.03733065211137115 20.275351598289554 r
2458654.7322569 841.333883398566 61.2943436566277 25.937 18.62457905051288 0.07909733605305802 19.721023991773244 g
2458662.6746412 1323.0429869606414 64.7978768625838 26.2066 18.40266511232696 0.053173672815666484 19.93027304863355 r
2458662.6983565 990.6972916184889 37.3651766688893 26.0722 18.58234756071473 0.04094830242559636 20.393607389122522 g
2458669.6737616 1378.3551365643934 60.439053467247 26.176 18.327597177444044 0.047606512000199976 19.975280853515414 r
2458790.0310532 1368.0760064391268 60.3396884143572 26.1026 18.262324434426933 0.04788535096232064 19.90366733113672 r
2458790.0358681 1313.4329252373452 57.6236710732766 26.1221 18.326080252461427 0.047632443562316724 19.973172682306597 r
2458790.040706 1365.2716675768263 65.324577722415 26.1377 18.299652305641768 0.0519478252699 19.852583461662032 r
2458790.0455324 765.766033569075 76.0985511870648 25.6939 18.48365975297773 0.10789221955787309 19.243034017977696 r
2458792.0341551 1483.6559221161488 51.869724156971 26.12 18.19166701390328 0.037956886551499765 20.08529014310234 r
2458792.0389583 1366.9873566320289 58.7742589696219 26.1528 18.313388755589102 0.0466801778770917 19.9824070836268 r
2458792.0437616 1333.9822139936175 63.9211717239766 26.1434 18.330524902090506 0.052024094034175364 19.88186317083749 r
2458792.0485995 1482.250783012181 76.1373698742294 26.1991 18.271795778907524 0.05576812198032185 19.747680313507747 r
2458794.0357407 1380.1923813877665 64.708399834183 26.1194 18.269550935533253 0.050901534197234914 19.844573338305445 r
2458794.0405324 1390.3434117185707 62.6763088070717 26.1334 18.27559479182154 0.048943065359460816 19.89321645999739 r
2458794.0453241 1311.0610808632105 60.083331534554 26.1567 18.362642686366137 0.04975547974020847 19.962389974985296 r
2458794.0501273 1483.5359427360108 80.8709525892225 26.1688 18.240554818105263 0.05918400134221946 19.65189359228343 r
2458796.0359028 1377.4475970309875 58.0619871492545 26.152 18.304312285642666 0.04576428140266123 19.994845250879493 r
2458796.0409375 1350.711713197699 55.4952241852804 26.1687 18.342293334934862 0.044606975944051934 20.06063596375073 r
2458796.0459722 1440.3807571977552 63.8106053110797 26.1774 18.28120672307459 0.0480978198577306 19.917742828198907 r
2458796.0510185 1426.5052058231597 73.8549822822533 26.1779 18.292216597773752 0.05621034815472147 19.759525493435305 r
2458798.0394676 1522.0544357843387 47.3706945950612 26.1404 18.184324537215204 0.0337900944359819 20.20420060710623 r
2458798.0445023 1519.9848900282166 44.3604797851274 26.1654 18.210801823246598 0.031685955050394454 20.30048440251705 r
2458798.0495602 1431.408318889943 49.4908904303923 26.1617 18.272291157833312 0.037538037910766285 20.17796182010352 r
2458800.041956 1446.7605922847133 69.6261829011911 26.182 18.281008323294117 0.05224993490902808 19.82764352263382 r
2458800.0469213 1476.1117786421628 82.001648903776 26.2123 18.28950188573805 0.060313311974737625 19.680318525803976 r
2458800.0518981 1538.8143469269778 82.4933468219993 26.2153 18.24733443315153 0.05820261997394461 19.676827680058103 r
2458801.0414236 1571.1824597544003 59.8202170137838 26.2104 18.219833444683285 0.04133626187630509 20.020855028617046 r
2458805.0168866 1029.0249104128611 90.6650204246081 26.0725 18.541435279508153 0.09565853234350113 19.431475579853377 g
2458838.9995023 794.8246675373287 45.8652323707959 25.6426 18.3919216573495 0.06265014765993591 19.741465993782423 g
2458839.0456481 275.58796220240504 76.862942303319 24.736 18.63534939128737 0.30280748038415295 18.27428247620454 r
2458850.9831597 1787.245590032277 51.6738257814872 26.3572 18.226739414668472 0.03139035450071944 20.32659844753305 r
2458854.0019444 1485.3138636323138 26.9081204769282 26.3519 18.422354413273105 0.01966866876900898 21.029766580407014 g
2458854.0452662 1878.503766328296 34.4022849232625 26.3798 18.19526982463969 0.019883143920542207 20.79090676815194 r
2458857.0389236 1463.59737359981 36.2856939115623 26.3694 18.45584594629668 0.026916813729234684 20.72263640727852 g
2458862.0229514 1872.9157007411097 107.449248052092 26.3585 18.17720442405639 0.062286652070883415 19.533066537729262 r
2458873.8984722 1271.8327538121 29.042362713488 26.2659 18.50482498679765 0.02479201223865661 20.86089512647189 g
2458874.0064352 1807.0546146964239 31.2904988921004 26.3607 18.218271803845518 0.01879970553787637 20.87474377030382 r
2458876.8513426 1855.9438770290544 36.2585811371778 26.325 18.153587902007754 0.021210739197378044 20.67904797572032 r
2458876.8957407 1422.5055062480717 29.7236312028033 26.312 18.429365109645893 0.022685990497147358 20.881820328810075 g
2458879.9625 1441.582345850364 45.8740901806313 26.3018 18.40470136215753 0.03454918815597178 20.400456329167607 g
2458883.9593519 1436.9809157452478 46.0664858642149 26.2877 18.39407249901302 0.034805182974082596 20.381812279669443 g
2458884.0017824 1798.8820422785693 64.2968592774735 26.3188 18.181293284058402 0.03880582410458177 20.050900590744252 r
2458887.9226157 1515.0613292593703 80.0785704118806 26.3487 18.397624466716355 0.05738467626170591 19.842484210716986 g
2458892.832963 1835.007183379262 65.9737568847023 26.3528 18.19370557826288 0.03903402041065317 20.056946949800157 r
2458895.937338 1898.24237107737 37.6325104596617 26.3528 18.156920842125256 0.02152391982635257 20.66646701162955 r
2458899.8345255 1896.4700238058501 30.1700266811901 26.3444 18.14953504375098 0.017271877518018407 20.898035753539478 r
2458899.8762731 1544.4281579586589 28.4064957456018 26.3093 18.33738072233606 0.019969159634957538 20.92833083412177 g
2458905.8123958 1499.5279280930383 52.7238447852385 26.275 18.33511360318103 0.03817353262378308 20.22255730707816 g
2458908.8355093 1574.3657645168482 32.7487088173383 26.3092 18.3164359069793 0.02258387089222283 20.773789534795362 g
2458908.9523843 1928.737722051705 35.9964335975246 26.3456 18.132417063873724 0.02026264510203051 20.707526302911255 r
2458911.7504398 1828.3169911170112 87.5131458581408 26.2683 18.113171261716165 0.05196747769659747 19.665691749609174 r
2458911.8758912 1537.30963461409 57.1361395568168 26.2758 18.308896627507778 0.04035147202626362 20.13609775509014 g
2458914.8560069 1912.133862580948 57.8713606195705 26.1866 17.982804268453616 0.03285906779552565 20.033015756094315 r
2458914.9206481 1552.865469675286 51.3114190860604 26.2293 18.251465417839608 0.03587484478831566 20.20633992461645 g
2458941.7699653 1802.1875613049006 54.1801519060071 26.3033 18.1638000303391 0.03263999385378066 20.221274443311867 g
2458941.8595486 2089.66802363598 60.657997965348 26.319 18.018806757156185 0.031515239572068275 20.11435480866739 r
2458954.7299421 2163.568576761219 35.5514488858216 26.302 17.964073336976657 0.017840066855249203 20.677431726826377 r
2458954.7729861 1709.3265005474427 32.8390608754211 26.271 18.1889374355873 0.020858138208836086 20.73259816725386 g
2458963.7102083 1648.2030013089752 27.4157647466921 26.2626 18.220073248407306 0.018059241344570126 20.920174077213595 g
2458966.6897917 614.0549943728225 46.0645534911146 25.0858 18.11528182995199 0.08144593918071488 19.179957824524923 r
2458966.7306597 1347.5826008921076 28.3853897944957 26.0243 18.20041151245475 0.02286911220097549 20.64413783308258 g
2458967.7489352 1541.5062280435795 32.1627552894629 26.2649 18.295036790708107 0.02265258666005382 20.749091873129878 g
2458975.6686806 1988.523371433931 81.2768668180833 26.3507 18.104373250788363 0.044375789378206416 19.828357605582625 r
2458978.6911111 1439.482439683385 34.6759847694643 26.3283 18.43278407183297 0.02615364774612188 20.73080298034305 g
2458981.7335301 1806.3677956126526 38.7634888731959 26.3458 18.203784545158143 0.023298422376576387 20.627317843097813 r
2458986.6924769 1388.3106451320093 27.376337622812 26.2954 18.43918336573353 0.021409105996058102 20.954536618579354 g
2458986.7313079 1866.1220399716046 42.3700934785918 26.3186 18.141249894569828 0.024650697813100735 20.503526433760275 r
2458992.6936806 1278.8593678976733 28.5974378864258 26.2904 18.523343027200646 0.024278070828329567 20.90215717571069 g
2458992.7347454 1699.759456366305 30.9533080007793 26.322 18.24603133503122 0.019771036643201272 20.84780731621273 r
2458995.6696528 1272.440429397517 33.6291842579953 26.2842 18.52260635114112 0.028693842560624273 20.71998415722097 g
2458995.7289583 1688.7666031096435 39.2964424472588 26.3135 18.24457592045631 0.0252634955513855 20.580191901736587 r
2458998.6941204 1303.3389127819503 34.0274176450469 26.2845 18.496856595383864 0.028345326741125325 20.70750251026858 g
2459005.6688426 1254.2088211657583 104.003762307824 26.2986 18.552675372619298 0.09003037040725873 19.508552363990574 g
2459005.734919 1590.4474270794703 77.7757334486741 26.3338 18.33000170527341 0.05309267842966945 19.859264700839248 r
2459011.7044676 1067.101351814486 32.9987682543979 26.0775 18.506985824814222 0.03357390807619203 20.533830666003254 g
2459011.7364236 1504.1677454710257 44.5825326202327 26.2369 18.293659320813575 0.03217942667067981 20.366563149136446 r
2459018.7263657 1605.61121728033 39.3768329501878 26.2964 18.282299015996973 0.02662626361469593 20.56087303111029 r
2459024.6964005 1130.3648658755915 28.8855590684883 26.1966 18.563553374345773 0.02774418457916699 20.797473045271307 g
2459024.7226042 1201.5106798448526 45.1284448315519 25.9065 18.207180911344807 0.04077862425654228 20.02294907020076 r
2459156.0317361 1526.722335673139 75.5138680349432 26.3108 18.351399851776044 0.05370027319957305 19.86830819757123 r
2459156.0364699 1595.5269823309523 72.2362716287047 26.3178 18.31053961738135 0.049154242438889065 19.923486683163283 r
2459156.0411806 1581.7541333969189 76.1765080810427 26.3314 18.33355255495198 0.052286782804843446 19.87942233718107 r
2459156.0459144 1544.8726598306635 87.4367373836042 26.3788 18.406568281555884 0.06144847290376965 19.777140129235292 r
2459158.0332639 1542.4406777714348 77.1843874535303 26.2912 18.320678824820178 0.05432888970444772 19.82495133445061 r
2459158.0379398 1441.7102327402529 83.4448877460548 26.2997 18.402505047667916 0.06283933662154567 19.748775652250554 r
2459158.0426157 1454.7455101243884 78.548976510681 26.3093 18.40233243630942 0.0586223660455597 19.82402366271741 r
2459158.0472917 1587.578593888907 102.529426323449 26.348 18.34616191383427 0.07011696843725401 19.57345367066071 r
2459164.0316204 1565.980188578689 58.7274932793468 26.357 18.370034341399816 0.040715993675026575 20.18747132955984 r
2459164.0362963 1563.4594024095225 52.875586802265 26.3738 18.388583478470963 0.03671795027280298 20.31823698886076 r
2459164.0409722 1639.2548057206195 58.691518315966 26.3741 18.337483836150888 0.038872163871822386 20.205236627638897 r
2459164.0456597 1671.6359996740218 63.9994889947522 26.3825 18.324645711595274 0.04156661211839915 20.11963372324888 r
2459164.0503356 1781.6605680876658 73.522554054366 26.3804 18.253337579378336 0.04480283077853778 19.966923525843647 r
2459166.0339005 1620.980918871539 53.4580981773938 26.3481 18.323655243380827 0.035805145215158464 20.280641228518085 r
2459166.0385764 1655.3849478878215 39.9405680649749 26.3565 18.30925249519852 0.026195402346428615 20.60553939555174 r
2459166.0432523 1615.4811035949251 43.9910803281237 26.3583 18.337545293980355 0.029564639169075542 20.502463420499808 r
2459166.0479167 1606.4615762268259 47.4749343788933 26.3702 18.355524143896513 0.03208513481923873 20.431614056369504 r
2459166.0526042 1540.8280608320056 58.7707330940969 26.3839 18.41451455245447 0.04141110000671116 20.21357221903827 r
2459173.9836806 833.8129584999524 41.1696209969896 25.9879 18.685228399189775 0.05360657574433003 20.204032816788516 g
2459174.0221296 701.3450513578891 49.3596701019674 25.4406 18.325770657538026 0.07641002631436504 19.459744368149558 r
2459177.0187616 1174.5535100737363 36.090251270698 26.2507 18.576017982336456 0.03336006871422739 20.60980022477748 g
2459179.0057523 1223.0386744991038 33.3066886709748 26.2803 18.561699524097783 0.029566580880925234 20.72654634524409 g
2459180.9808102 1107.2631822283465 135.621611103015 26.2443 18.633672851586443 0.13298047432428559 19.16605274108901 g
2459181.0622801 1733.4103839460429 91.6665996746722 26.418 18.320746515338787 0.05741423276825686 19.765047184863384 r
2459185.0024884 1603.3796304114962 63.8921369097895 26.3884 18.375809095123486 0.043263424161847266 20.127356455141616 r
2459185.0253125 1213.891507396731 69.9460332111178 26.3338 18.62335031742797 0.06255946910788569 19.974467264762676 g
2459186.0105208 1274.364484213422 62.1153876624259 26.3288 18.56556585142335 0.0529194568904838 20.09837698915891 g
2459186.0384722 1779.325312799372 60.2620935347326 26.4084 18.28276160725271 0.036770428926077084 20.210864451152293 r
2459187.9851157 1624.2136004117083 107.341861978698 26.3772 18.350592143124928 0.07175229878676759 19.552852178168184 r
2459188.0297569 1165.28324530271 97.3172994199557 26.3514 18.685321244705342 0.09067099557652947 19.633499867553397 g
2459188.9849421 1132.042045768978 54.589525407792 25.8419 18.207243606221084 0.052354811340050614 19.751701692563074 i
2459189.9675463 790.5251486531694 111.923625296146 25.5797 18.33491077369828 0.153714882051575 18.70997056701297 r
2459190.0069907 912.554480325503 81.4932954443924 25.9641 18.56345299581311 0.09695560404505109 19.43887028851484 g
2459193.978912 1251.7175058089153 46.4665719628662 26.2826 18.53883418482573 0.04030362837138849 20.367323404397382 g
2459194.0393981 1666.8340746828878 36.1524317499097 26.4059 18.35116907486932 0.023548051810942452 20.763131201885248 r
2459195.9856019 1459.1235447899664 46.8561633752689 26.2037 18.293469836494964 0.03486458481063862 20.279358175923512 r
2459196.0266435 1275.667333454989 44.5707272940802 26.2394 18.475056413725994 0.03793343088289585 20.369350687025694 g
2459198.9614815 1768.6644604100043 49.4460647606384 26.3777 18.25858637704499 0.03035261561041398 20.39494565583589 r
2459199.0239583 1584.9806440544205 36.2136445233286 26.3815 18.381440092656085 0.024806078236011504 20.736894403662426 g
2459200.0065972 1836.7830984383347 54.0604984072838 26.3888 18.22865531379864 0.03195449869431522 20.30917487583202 r
2459200.9436343 712.7092786546499 44.567381599293 25.4841 18.351818967879645 0.0678913655981722 19.614132190705938 g
2459201.0198148 1001.4578567187291 45.4361700174387 25.7197 18.21811830484165 0.049258238334224894 19.82877069925965 r
2459201.9948727 1530.1762679816313 33.6157157440051 26.3574 18.39554634484752 0.023851227696405797 20.793619082500317 g
2459202.0110995 1851.1820851820617 44.8709908616446 26.426 18.257377153144034 0.026316392735453865 20.548660839341462 r
2459202.9607176 1179.8127215768825 44.8808904398857 25.8399 18.160367313176852 0.041300777538198975 19.962321327246656 i
2459203.0209722 1523.2745889767575 40.6611277352074 26.3668 18.409854506715067 0.028980846067792092 20.59642644012492 g
2459203.0421181 1877.9113523918702 52.6341455542277 26.4118 18.227612281606767 0.030430026292476667 20.361206046331148 r
2459204.0011574 1913.170136203172 56.2947937660044 26.3952 18.190816017262303 0.03194658772640403 20.271604408037128 r
2459204.0252431 1546.2292314840133 40.2072986628741 26.3638 18.390615301612335 0.02823194858137938 20.60561274940297 g
2459204.965 1596.9687116739512 29.9472046359218 26.335 18.326758981539303 0.020359622474468698 20.896684263569675 g
2459205.0042593 2008.1277509554388 36.5621922469653 26.4006 18.14362165539849 0.01976745359135824 20.745594419466606 r
2459206.0346644 598.9120654034173 34.4195835963214 25.2818 18.338392344333457 0.06239537332639104 19.692360959198076 g
2459216.9777662 1389.992570983914 47.1190600309714 25.8449 17.98736880222324 0.03680391143343577 19.91448344363817 i
2459217.0165046 1872.343066335664 75.1671608904006 26.3908 18.209836433110823 0.04358655635605484 19.953304621690187 r
2459217.0371065 1406.458217831867 88.9844948713666 26.161 18.29068291262998 0.06869060513633536 19.540289140481335 g
2459221.9452199 1877.5218118949665 48.0504927468279 26.385 18.201037522320007 0.02778578637261099 20.433330375114668 r
2459221.9818056 1454.702056863992 40.0025134714931 26.337 18.430064867743184 0.029855411746393536 20.584356788808456 g
2459223.899213 1274.784260198767 52.1313310208702 26.3065 18.542908268531967 0.044398874269544045 20.266327955394118 g
2459223.9364931 1244.5039934053632 53.5028807349767 25.839 18.101509263686822 0.04667568599359537 19.77063207365722 i
2459223.9811227 1811.5026637559529 42.3605726433293 26.4072 18.262102557532536 0.0253882451508548 20.592370433154134 r
2459225.9153935 1644.3645568837558 47.8246159191873 26.3033 18.263304731753813 0.031576444095743325 20.356746261954086 r
2459225.9809375 1286.257762399799 52.0930640851924 26.2672 18.49387997827596 0.043970533224828086 20.227825231297427 g
2459226.9633218 1238.530146322999 49.656741277658 25.8401 18.107833545116858 0.043529278770654475 19.852729450185674 i
2459227.8775694 1662.6826347110696 33.1180147431744 26.2878 18.235776597557148 0.021625431008914515 20.740214251299786 r
2459227.9804514 1443.8252283212046 31.5683012446001 26.3073 18.408513434799282 0.0237381256325004 20.811746958561983 g
2459229.9352894 1736.5386623528289 78.5441600699302 26.3965 18.297288857748043 0.04910653384036032 19.91129023958024 r
2459229.9664236 1342.8291342594175 63.013764093159 26.3673 18.547248111978966 0.050947690909069906 20.1212864323193 g
2459229.9844213 1168.7830280808294 56.3735518505069 25.8481 18.1787652585647 0.052366233743653075 19.722986492473147 i
2459231.9189699 1443.0271469058252 30.0862006613939 26.3496 18.451413746693667 0.02263615631079123 20.906256619840622 g
2459231.9630208 1882.3333686175235 30.8187146021347 26.4242 18.237458647104916 0.01777574525394096 20.95473868652983 r
2459232.9717014 1197.1895184849511 27.8398489909462 25.836 18.140592735268044 0.025247234111873188 20.476907801053642 i
2459248.9382407 1721.275991911072 53.0716714495991 26.4116 18.32197372169111 0.03347511611363172 20.352018075159663 r
2459248.9613773 1450.8782345540835 52.1289675199066 26.3785 18.47442258585993 0.03900838725708577 20.338377181007367 g
2459249.8589236 1011.1022772893924 75.719169863127 25.5544 18.04241227863928 0.08130562512507106 19.108960379187273 i
2459250.9193519 1854.1412928560105 40.0405579637086 26.4054 18.235042934958848 0.023445912104269388 20.65172468734209 r
2459250.9788194 1447.6954406685036 40.9440215416147 26.3911 18.489406983380867 0.030705991701682794 20.613198746570625 g
2459252.8469792 1168.4483092560379 26.5688703699171 25.848 18.1789762387772 0.02468729025675548 20.539642264457246 i
2459252.8706366 1781.1259419140238 29.9757033894566 26.4022 18.27546342713568 0.018271937095565582 20.962851532286905 r
2459252.877581 1425.7702906938136 25.5093384248138 26.3664 18.48127609771125 0.019424930445382658 21.102227000434226 g
2459254.8983333 1664.4736116210581 28.5108254754005 26.3341 18.280907714272498 0.018596992468084564 20.949150510054885 r
2459254.9409491 837.6024973144625 25.0838408743505 25.8548 18.547205091192325 0.032513663849617215 20.608889896520346 g
2459255.8530324 1063.5681012046405 25.4126921360566 25.668 18.101086741529414 0.02594150747927327 20.40794830115994 i
2459256.8976273 1754.1016253424445 31.7298841681539 26.393 18.282863122569026 0.019639190080927814 20.891903772446852 r
2459258.8769676 1038.3512021031613 28.8996905610043 26.0531 18.512239324941937 0.03021751597968978 20.653442007559917 g
2459262.7692361 1078.4428486030183 41.0428975309421 25.7859 18.203907162782833 0.04131908696605096 20.00537995580121 i
2459262.8369907 1741.28581313113 38.5086312736982 26.3684 18.266224845787814 0.024010315054870127 20.657079782634547 r
2459262.914456 744.2377443056594 33.2670349558502 25.6729 18.493620770857436 0.048530217834172155 20.12043975282023 g
2459264.8748032 1783.8164650144824 30.9933413574031 26.4329 18.304524579400656 0.01886375160880655 20.957303990248022 r
2459266.8528935 1179.9872571773747 64.7583740951051 25.862 18.182306706665685 0.0595838356112747 19.5863351484682 i
2459266.8578356 1709.8402826142399 79.1672167706662 26.4014 18.319011138667108 0.05026893337458236 19.907611546647374 r
2459268.9355671 1433.2464589439767 46.2938082168017 26.3857 18.494897806358345 0.03506807030105228 20.47446771880181 g
2459269.8991551 1180.4785493991976 35.4680776975643 25.8434 18.163254750311506 0.03262040803354197 20.221380861225335 i
2459270.8564005 1676.6731231418794 90.9322524002837 26.388 18.326878993235646 0.058881570336136384 19.743780117322668 r
2459272.8163079 1690.099922306945 124.64719714459 26.4154 18.345619045531386 0.08007187039873948 19.428768695985944 r
2459272.8562153 1294.8697315149084 110.403134189799 25.8559 18.07533480237374 0.0925689124338642 19.001021482714727 i
2459272.9086806 1313.1969634336533 183.298813930861 26.3688 18.57297532545211 0.1515443058628351 18.963475852190157 g
2459275.7980556 1139.1004233032484 124.29903206094 26.3547 18.713294966878806 0.11847195940566878 19.371105622347258 g
2459275.8065856 1366.620672730835 85.4037880941689 26.3592 18.52008003508883 0.0678483024470548 19.783082153423724 g
2459275.8790509 1596.383607185795 86.6711026430174 26.41 18.402156851282463 0.058944990236655774 19.817889184760464 r
2459275.8799884 1785.9419325347794 66.8262535627238 26.4265 18.29683166427614 0.04062464863573404 20.116707203575146 r
2459276.8558796 1783.979076391205 55.2532649408624 26.4039 18.275425609010068 0.03362621823325666 20.300580124719303 r
2459278.8349769 1309.174064201211 43.4368117346176 26.3627 18.57020651751081 0.036022212622313504 20.52063013790582 g
2459278.8768056 1163.9557027104202 45.5673508408466 25.8459 18.181058868877052 0.04250374193167675 19.951840537554897 i
2459278.9008449 1632.7622988983583 56.8532536119972 26.4012 18.368892590501886 0.03780438676725464 20.26688668004369 r
2459278.9027199 1689.4280266826718 53.6861521289822 26.4047 18.33535076346697 0.03450105861028441 20.332619294908206 r
2459281.7868866 1572.3458924546067 40.7291621664775 26.3236 18.33222977382649 0.028123361135960256 20.551411298232832 r
2459291.7930787 1298.6921440392935 30.9527591991051 26.3487 18.564934466410126 0.02587634861480431 20.874526566469576 g
2459292.898831 1081.5594428382192 26.0265587347052 25.7732 18.188074016528024 0.02612619676651111 20.487233116843818 i
2459293.7528819 1707.4053834902181 34.5705646667015 26.3901 18.309258383928114 0.021982630734075373 20.795908806023505 r
2459293.7934259 1284.618790326072 33.6288651716451 26.3693 18.597364324450204 0.028421551351889864 20.80509445914337 g
2459295.835706 992.8154826871735 40.3213327889032 25.7658 18.273628646880752 0.044093662691908155 20.00453779184481 i
2459296.8504514 1551.671881272946 57.651667770129 26.3313 18.35430027473412 0.04033869302747182 20.181845301024723 r
2459298.8057986 1610.6002523003685 78.4209802574828 26.2459 18.2284305930285 0.05286330866019919 19.762394322528145 r
2459298.8358102 893.3170243852336 63.8479056999766 25.6189 18.241385973417913 0.07759806353871883 19.358608348233435 i
2459298.8956944 1092.8929271797856 87.9021438214128 26.0904 18.49395596157773 0.08732361164892813 19.48297632142842 g
2459303.7815625 1208.9707219392606 99.284560380031 26.3427 18.636660541177648 0.08916117259787146 19.603070696297582 g
2459304.7555787 1307.6164251922783 83.7346944271503 26.303 18.511799082026418 0.06952402553844422 19.74831138968764 g
2459304.803287 1693.2443429094321 78.529518153368 26.3539 18.282100916717738 0.050352743368753124 19.86889265744101 r
2459305.7747801 1408.603409033093 44.2655887908067 26.3514 18.479428162210368 0.03411829720273648 20.488809375949003 g
2459305.7757292 1337.9201888502957 43.5195192606909 26.3234 18.5073244820702 0.03531536668262278 20.47926476597683 g
2459305.7954282 936.8090333332709 78.9484183287237 25.7846 18.355472325401045 0.09149601971120444 19.29381640497708 r
2459306.7693981 1699.15698495893 28.4754067559161 26.3705 18.294916237124262 0.01819475739355853 20.986900148011856 r
2459306.8678009 1368.9943530146124 40.9042239811333 26.2764 18.43539585822538 0.032439663376640976 20.499554594631995 g
2459306.8793519 1162.4100854019 35.9360735765236 25.7893 18.12590157657681 0.03356457034570728 20.153048429737552 i
2459307.7525579 1754.9535748879084 30.3290998684446 26.3877 18.27703591941517 0.018763062566639968 20.935626186262333 r
2459307.7558449 1780.9323778498824 30.3406457673133 26.387 18.260381426053 0.01849640082872854 20.934512939084907 r
2459307.7958218 1472.3714899371082 31.0946755256043 26.3641 18.444056501363598 0.022928649086780818 20.88495991593514 g
2459308.835706 1422.1403043024718 31.5540889265818 26.3332 18.45084388809704 0.02408923665544574 20.838135876311924 g
2459309.7523495 1405.565029600392 34.3566873500735 26.1258 18.256172641517587 0.026538121446134474 20.53834678220919 r
2459309.7711343 1810.976258895683 35.3876840207953 26.3914 18.246618107646913 0.021215302162384986 20.771844637235663 r
2459309.8115278 1505.7502636017964 32.9154364600835 26.3413 18.396917630320743 0.02373321142858741 20.800375943586133 g
2459309.8124884 1400.580469303052 32.6448809437352 26.3154 18.449629835147586 0.025305612935078273 20.78343726649424 g
2459310.7519097 1339.2243166956366 32.2628898791198 26.2722 18.455066684161732 0.02615530430942816 20.75301682468136 g
2459310.7950347 1809.3658214427014 31.8747218679259 26.3589 18.215084044193638 0.019126251375973093 20.852858979417825 r
2459311.7287153 849.3332407649702 38.6746572817509 25.7406 18.41790469597466 0.04943769229257835 20.024608804518053 g
2459311.8098843 1839.8403393531908 31.662937345836 26.3622 18.200249658164253 0.01868447513682597 20.86339698527663 r
2459312.8562847 1286.1863244836788 39.7175213367622 25.8181 18.044840281030325 0.03352648997619623 20.07321964535158 i
2459313.7542361 1383.7817829181827 27.5208033609689 26.26 18.40733097763632 0.02159252027873428 20.913422221015857 g
2459313.7951042 1466.623609284129 36.5533410486131 26.1233 18.207503320341868 0.02705940510247908 20.468557292925098 r
2459315.7326968 1837.481795083574 33.4437283751255 26.3723 18.211742387526307 0.019760661571736705 20.814088270406117 r
2459315.7744444 188.9531230352662 36.1718384391166 24.2334 18.542514814067413 0.20783866581564367 18.59004853314799 g
2459316.7549537 1150.9395946433272 25.4608585539148 25.8063 18.153668672683747 0.02401764111743131 20.544192378636783 i
2459319.7292708 1821.3216920641862 39.8912335895281 26.3823 18.231333349750045 0.02377938641858791 20.632681322749775 r
2459319.7549421 1371.1642657323027 41.2305779956881 26.3405 18.49777628383643 0.032646736535254794 20.55502643152968 g
2459319.777338 1194.5867338706782 74.0088063792346 25.8026 18.109555781227414 0.06726289419402975 19.381966489347583 i
2459323.7259491 1792.4993543136297 40.1130178430126 26.3645 18.23085248024954 0.024296077634479756 20.608861647390537 r
2459323.7483681 1186.616712769186 28.3362545753424 25.8192 18.133423847959666 0.02592637644606765 20.440918875153912 i
2459323.7550463 1390.8283644569174 39.4985730388178 26.3119 18.453716152317526 0.03083313645604965 20.573021473673645 g
2459325.7265856 1427.3510373351796 44.5665077032989 26.3445 18.458173012502197 0.03389905926982512 20.474553480487575 g
2459325.7545255 1786.1467336360006 50.6009848023484 26.3822 18.25240716570324 0.03075754537146856 20.374377566128455 r
2459334.6901042 1339.9067067080873 27.5160927866286 26.3134 18.495713597693147 0.022295747747869948 20.96700807601412 g
2459336.6823958 1152.0482341366546 29.0135882167512 25.8218 18.168123343556196 0.027342650935559945 20.417871381875116 i
2459336.7502662 1295.2582958534967 26.915591325392 26.305 18.524109043670702 0.022560949885846823 20.982565175303655 g
2459336.7956481 1647.0589701440445 43.9559819175661 26.3153 18.27352712844222 0.028974681801300577 20.460330024025204 r
2459338.7115394 1680.6689588572042 36.1828197825351 26.3499 18.286194552659182 0.023373840059859194 20.706218966468775 r
2459338.8116782 1218.0611499076972 34.5871128824588 26.2163 18.50212727104593 0.030828689068140045 20.621589210862087 g
2459339.6887153 1186.1368082521763 28.8634797581984 25.7846 18.099263042095455 0.02641944820821516 20.386303268880667 i
2459340.7116667 1322.094591830787 25.8531603140817 26.2906 18.487443678236936 0.021230535489998422 21.01189089108069 g
2459340.7524537 1733.8501457730079 30.4531744938843 26.3369 18.23937110174614 0.01906912868370732 20.88039356173632 r
2459342.7059722 1141.86780513063 28.608140529637 25.792 18.147960429423023 0.02720092293824997 20.40335091297624 i
2459342.7503125 1279.5374929285756 25.7790058360858 26.252 18.48436745980067 0.02187373702679041 20.976409577080737 g
2459342.7532292 1679.715641361796 33.1108259203704 26.3148 18.251710584137896 0.021401493691278414 20.767449954209283 r
2459344.7293056 1669.301926329776 29.2003545806124 26.3208 18.26446276363445 0.018991666197782777 20.909904676337845 r
2459344.7539815 1345.865647519691 24.7797423759415 26.2539 18.431395729650617 0.0199896374107922 21.02123302192189 g
2459347.6763194 1410.9526100808403 28.8547999326836 26.2735 18.399718931818978 0.022203195247726768 20.875529820570492 g
2459349.6751968 1820.935774918643 32.7333932622036 26.3605 18.209763429156737 0.019516693314657003 20.825597418705033 r
2459349.6910069 1389.5549429740788 39.2814163239529 26.2941 18.436910691380405 0.030691721776496338 20.561207143550106 g
2459349.7665625 1199.3692271497644 41.1435177490682 25.7923 18.094917745695945 0.03724417486207982 20.009121436921628 i
2459352.7363079 1599.7652850973707 60.7679351467041 26.2812 18.271059329086064 0.04124089190043963 20.074588790246068 r
2459358.7561343 1295.2812575309188 114.5810068939 26.207 18.426089796464485 0.0960413797863803 19.311793403301103 g
2459358.7941319 1540.2433782554363 125.883951769843 26.2138 18.244826624074257 0.08873416264338754 19.216449069411418 r
2459361.6903588 1983.060008957083 50.7108183550445 26.4057 18.16236035875729 0.027763524673681896 20.395523441383627 r
2459361.7329051 1403.8817398531546 72.5286279909331 26.3091 18.44077368687658 0.05609043067829395 19.910401333958735 g
2459366.6920602 1710.992030805989 37.5271882536357 26.3129 18.229780033109616 0.023812658126630516 20.629609924495227 r
2459366.7484375 1229.836034875295 30.9623293050743 26.1551 18.430481965091694 0.027333563152528544 20.68059092580854 g
2459368.7154051 1757.283375435797 36.1331262998403 26.3069 18.194795498844744 0.022324080323133908 20.66471114142375 r
2459370.7209606 1294.405641192631 38.163794336212 26.2193 18.439124007535835 0.032010391636310226 20.51774612220877 g
2459370.7685069 1633.0819242468851 43.124759930617 26.2424 18.209880070375235 0.028670057001740884 20.408158263078278 r
2459372.6964468 161.18787574689162 47.2569892769997 23.6625 18.144169070319997 0.3183050401297195 17.728909865514726 g
2459374.7262963 1281.2733958332626 34.4532519136429 26.171 18.401895478461853 0.029194312255516372 20.580499440132964 g
2459376.7176852 1333.1049964266172 35.1412714342725 26.2599 18.4477391096369 0.028619559973489184 20.64793131290238 g
2459376.7560069 1618.3307754690638 50.1261508384487 26.2917 18.269031767255854 0.033628453954062554 20.29411409755567 r
2459377.6911574 1193.753110135562 28.5894003005209 25.8048 18.11251370980227 0.026001617623220858 20.41686237524086 i
2459378.7476273 1743.0581135942873 48.8783821934238 26.3252 18.221920333153598 0.030444916972947305 20.35498293183968 r
2459380.7482755 111.23456469584319 73.7969302051261 24.0751 18.95950060103609 0.7202916408473125 17.657579247973043 g
2459518.0350926 1578.2714334482973 58.6574084703328 26.314 18.318545760244483 0.04035069445380453 20.145767810154155 r
2459518.0374653 1557.7167375996864 61.7001530652631 26.3218 18.340578783991607 0.043003875201456036 20.098659385587517 r
2459518.039838 1544.7124456079812 69.695904879002 26.3208 18.34868088591945 0.04898571520044307 19.965356836622977 r
2459518.0422106 1547.5313723232134 78.2908589165395 26.3302 18.356101344963875 0.05492643770968023 19.848497344993913 r
2459518.0445718 1685.929923547816 96.0967318415339 26.3254 18.2583012024647 0.06188407970172333 19.621203444216547 r
2459519.0357176 1530.512373107931 61.2987899729047 26.2983 18.336207887723333 0.04348354018101716 20.0822452348899 r
2459519.0380903 1412.1033460283586 61.8762670637 26.2884 18.413733794741315 0.04757375820969832 20.062164726047747 r
2459519.040463 1531.5511720439124 59.1555685612291 26.3135 18.350671220021376 0.04193474038560234 20.136085907046635 r
2459519.0428241 1529.6518036862226 71.0725829482538 26.312 18.350518542151338 0.050445142561834744 19.93531974157718 r
2459519.0451968 1536.7627068412726 78.3552087329915 26.326 18.359482967986885 0.05535678979109657 19.84340530945839 r
2459522.0404051 1455.3874566103184 85.5489446551188 26.3152 18.407753431012708 0.06381839337023457 19.73723834819262 r
2459522.0428472 1578.4841720328939 79.283028923975 26.3359 18.340299421400008 0.05453180084276822 19.84052440527516 r
2459522.0452894 1542.0959677391133 92.0930982614201 26.3486 18.378321496058554 0.06483738941942362 19.690607279012422 r
2459522.0477315 1775.8127024931202 127.623067546569 26.3543 18.230807104506162 0.07802645191172507 19.342052041387582 r
2459522.0501852 1398.624165491067 141.922974023345 26.3591 18.49484743067854 0.110169534245853 19.231543230890466 r
2459523.039294 1465.4235505572253 46.3625964192695 26.3347 18.419792083181864 0.03434902551774929 20.421855615334294 r
2459523.0416782 1649.8846982409364 57.9551257615322 26.3424 18.29876601320374 0.03813713776870661 20.187245357716165 r
2459523.0440625 1590.4558410036493 62.6539601147503 26.3638 18.359995961431906 0.042769753640980415 20.124003673475002 r
2459523.0464468 1586.9056477090753 70.0841156477851 26.3561 18.35472223556633 0.0479488648040591 19.994625995178293 r
2459523.048831 1792.571969909875 97.0779198728129 26.3658 18.232108497090067 0.058796801118792485 19.65057383426231 r
2459528.0311806 1581.657113631811 46.2561967524151 26.3478 18.35001915259823 0.031751732016543584 20.437450185115242 r
2459528.0337963 1564.391258483781 44.9924386949456 26.3522 18.36633654866704 0.031225110998412603 20.471926155220572 r
2459528.0364005 1602.6668152234668 42.264749528861 26.3498 18.33769188867175 0.028631552190145144 20.537429240197344 r
2459528.0390046 1560.3470133993262 41.187285792039 26.3586 18.37554701493901 0.02865839188360897 20.574267056026567 r
2459528.0416088 1701.850347701124 47.0944392057999 26.3677 18.290396580700715 0.030044023973555864 20.437850914798986 r
2459529.0316088 1509.7338464242137 61.4363467706483 26.3466 18.399349021199853 0.0441809275501602 20.128111531518282 r
2459529.034213 1512.0613502181284 71.1297375851499 26.3388 18.389876468646783 0.05107303092236091 19.961246972952075 r
2459529.0368171 1553.7073670510517 69.8487443978913 26.3492 18.370776937522564 0.04880892206666019 19.991378480069827 r
2459529.0457639 1598.8550055124638 66.0957149407815 26.3636 18.354077297734218 0.044882192233689125 20.06574172765828 r
2459530.0310069 1569.4450710402864 77.4190208668321 26.3505 18.361134698892887 0.053556401881211184 19.880955803129275 r
2459530.0334606 1564.512145373206 59.4959658735749 26.3478 18.361852652646196 0.0412874839866018 20.16415619073108 r
2459530.0359144 1532.3839540755628 66.683268280669 26.3513 18.387881010641944 0.04724535530391775 20.04383279585778 r
2459530.0383796 1632.8369484520638 58.0639439860149 26.3609 18.328542952002486 0.038607666273952575 20.203708659422322 r
2459530.0408449 1487.4704891747836 64.448523248368 26.3551 18.423979104361024 0.04704077304388874 20.08464256284302 r
2459531.0318171 1340.2032211954543 87.5231490298892 26.3633 18.545373356416373 0.07090259253144453 19.760567651852778 r
2459531.0342824 1541.245912305395 85.8687750993194 26.3607 18.39102015557782 0.06048854915428848 19.77868681960969 r
2459531.0367477 1538.6060690448296 108.854809725517 26.3695 18.401681397041465 0.07681216738756434 19.529955931644974 r
2459531.0392014 1496.8028096856472 78.2700364052108 26.3627 18.424788525705868 0.05677286144524548 19.881286149609018 r
2459531.0416667 1607.4022713343525 73.6623376667227 26.3789 18.36358855582341 0.04975431566260701 19.963361246589002 r
2459532.0113657 1097.8771370976472 38.0205976250693 25.8406 18.239215647133037 0.03759889102952175 20.143127641606114 i
2459532.0320486 1517.135226425292 40.0799080167121 26.3711 18.418539269073158 0.028682186911100055 20.616358198770975 r
2459532.0345139 1625.0651082250786 36.9078904767164 26.375 18.34782308582595 0.024658025384802617 20.70977693120353 r
2459532.0369907 1620.2830375778128 37.0993634824973 26.376 18.35202278629564 0.024859100539101318 20.70515884304757 r
2459532.039456 1616.157192720535 41.5620985370302 26.3731 18.35189100152265 0.027920533092263698 20.578931320000322 r
2459532.0419213 1620.3571504126346 38.1162900534633 26.3663 18.342273125127875 0.025539342422444763 20.66609843131387 r
2459551.0003472 1271.653661762459 28.2124388083917 26.2929 18.531977884585043 0.02408693949877723 20.919373413859596 g
2459551.0260532 1751.690898679958 37.6486979356428 26.3895 18.280856316254535 0.023334705557658708 20.702700086898083 r
2459622.9189005 1108.867215588353 53.2385891898483 25.8558 18.243601141367186 0.052126292013015864 19.792808643527422 i
2459623.8322917 1407.4329450109853 56.0380980680204 26.3474 18.476330718199407 0.04322803675167266 20.228766521866365 g
2459625.8397917 1600.3621773786685 101.600653757319 26.3686 18.358054302989288 0.06892679128733298 19.603933733013562 g
2459636.8767014 1128.2396735745497 41.0179961503217 25.8448 18.213796581878537 0.03947143453953509 20.064938889188475 i
2459636.9145949 1713.0734286910374 35.9111180162901 26.4049 18.32046005290166 0.02275950357835945 20.769402673730795 r
2459636.9559491 1355.6233109766222 33.2975439507168 26.3359 18.505552429364105 0.02666754339098014 20.78244448707496 g
2459639.8371528 1311.4860620047336 45.39006609751 26.3659 18.57149080143092 0.03757569080584613 20.47607295124076 g
2459639.8573495 1239.4777992807997 46.5077656447156 25.8638 18.130703119066116 0.040737705176943306 19.947561300748813 i
2459639.9429861 1769.1830566500964 53.256349129979 26.3994 18.2799680712306 0.03268198733482092 20.336046511571162 r
2459641.7975579 1318.8137407349307 40.2082005865675 26.0256 18.225141341465772 0.03310099222389767 20.26738839461522 r
2459641.8383912 1296.9936735651602 27.8497718938906 26.2627 18.480355355746703 0.023312756231172137 20.903220883171066 g
2459671.7974653 1082.177257986332 25.6735445685954 25.8293 18.243553992573975 0.02575711800670281 20.55816040704985 i
2459672.7965394 1251.8292642843712 27.0126046935925 26.2903 18.54643725016925 0.023427783446649954 20.96395883140196 g
2459674.8375579 1111.394020859239 32.6234321621622 25.8007 18.18602985996627 0.031869219766969985 20.269450866047585 i
2459675.651956 1105.0218886039995 31.3468149019313 26.1064 18.497972798146762 0.030798699365151776 20.61849144050062 g
2459677.7314931 1338.6746532489312 48.5384610289374 26.2747 18.458012398895256 0.03936595573182779 20.312059983214038 g
2459677.7732407 1085.6175530441824 40.6524829005242 25.7718 18.182607858266245 0.0406555702432557 20.001657299631994 i
2459677.8812269 1594.2839875035697 57.6814295649869 26.2857 18.279285789500946 0.03928078596384075 20.135684950879625 r
2459679.7540625 1242.5767840304966 48.8743330701351 26.3256 18.58979191222018 0.04270389089527957 20.355472878799063 g
2459682.7108681 1244.9548870662802 95.8813325408959 26.3126 18.574715964097624 0.08361617261887867 19.610839836291568 g
2459682.7746875 1705.9263326019748 89.7124149844877 26.377 18.29709931749808 0.05709553049696886 19.747443619950907 r
2459685.7520139 1631.3816151006017 106.084832215334 26.4022 18.37081109073683 0.07060046605287115 19.590641754573397 r
2459685.7734375 1150.5883025264757 83.9219849701799 25.844 18.191700113873875 0.07918914079176269 19.286885620446654 i
2459685.8769097 1079.5761788710313 214.610947786879 26.2513 18.668166767076038 0.2158283135293685 18.674745307827923 g
2459688.8351968 1190.8839461708453 117.801510274887 25.8642 18.17452639812636 0.1073967787681442 18.93889784325625 r
2459690.7543519 1341.7660463802426 32.8302368034461 26.3418 18.52260800554349 0.02656483087618715 20.803689950927904 g
2459694.7503704 1478.5006043599813 35.7584267367857 26.2811 18.356546234033107 0.026258307770482145 20.650228981926524 r
2459695.8233333 326.5918493396677 39.8936236949831 24.6353 18.350286645071378 0.13261968212990072 18.88561627220974 i
2459696.7101852 1216.3842494938358 29.0083897312776 26.2911 18.578423030022083 0.025891825501977363 20.887365935184164 g
2459696.7327315 1582.7856057110996 36.1322171090547 26.3374 18.338844769954665 0.024784625266841716 20.695238461334135 r
2459700.6682176 1616.8179686997796 41.047594679156 26.3511 18.32944718220572 0.027563630789555406 20.570455705994846 r
2459700.7154977 1096.08510990831 28.207106349861 25.8039 18.204289305029587 0.027939851647657086 20.430578649236384 i
2459700.7320139 1235.2290871441974 31.7041882727554 26.293 18.56363122533034 0.02786627805803305 20.79278339326892 g
2459702.67 1590.8159331836366 38.1699425629954 26.3038 18.29975016971948 0.026050221006845006 20.602071223069817 r
2459702.7747917 1105.3425848009379 27.0188930038093 26.2315 18.6227577446989 0.026538751458235567 20.90490611043768 g
2459707.6709028 1748.680933200337 52.4490814267011 26.3883 18.281523563197858 0.0325639552784245 20.341530272841176 r
2459707.7296644 1524.2216147885124 53.7969933114199 26.3887 18.431079709980295 0.03831949046747555 20.31437997958266 r
2459708.6695023 1608.3702488865397 69.7772587737672 26.3863 18.370334922334756 0.04710182242125224 20.029590229102954 r
2459709.6909722 1665.8754205089472 51.9759618669615 26.3838 18.329693699112568 0.0338742628075513 20.346868651335008 r
2459709.734294 1716.778139270976 52.7729596641068 26.3736 18.286814563664368 0.03337391186239775 20.320146360702854 r
2459713.6921991 1205.0957051418272 95.5738024129958 26.2793 18.576746153335876 0.08610476067340855 19.58102782715858 g
2459713.7333449 1544.0050271047223 91.4163483783878 26.3401 18.368478224961382 0.06428135122106954 19.690115315590653 r
2459715.6907407 1636.8483088042951 37.0966015665527 26.3772 18.34217891494255 0.024605688935358593 20.70643967526358 r
2459715.7334259 1318.803868713198 58.003623866275 26.3244 18.523949468808695 0.047751250906672864 20.168337170081845 g
2459718.6800116 1542.6616312149533 39.0231605066394 26.2993 18.328623305080747 0.027463861487688063 20.5735688885967 r
2459718.7318981 1550.486585461119 42.5681679929391 26.3084 18.332229967125834 0.029807584550103766 20.48826258956148 r
2459722.7551389 1079.5479275289867 30.6286875077279 26.2132 18.630095179991073 0.030803232704318537 20.75045402182227 g
2459724.6792824 1086.5428012503962 29.8024769428405 25.7488 18.1586829030394 0.029779359984352147 20.31574408753444 i
2459724.7531944 1512.1051712522556 41.1189360009776 26.2633 18.314345003393168 0.029523626838264334 20.48077031848195 r
2459726.6796065 1695.291660696024 31.7713483505364 26.3939 18.320788935784577 0.020347031548550974 20.891385873340774 r
2459726.749838 1134.9283861236233 31.2628787678079 26.2635 18.62607885387003 0.029906827508420306 20.778502572913524 g
2459731.732419 1490.6793288824758 43.5458111625413 26.3166 18.383139427039904 0.03171553147826499 20.471809026879306 r
2459732.738287 1094.7942018057147 35.6117018451354 25.7805 18.18216877836133 0.03531588368799643 20.154093167562735 i
2459733.7123611 1666.7054697679646 40.5666957064101 26.3744 18.319752848294204 0.02642534168594351 20.60655090315742 r
2459735.7360069 1582.1807861745474 39.7314809401128 26.3176 18.319459734535556 0.027263931678109525 20.572338106339547 r
2459740.6883681 1483.0927004440514 78.7047775576464 26.3316 18.403679256560714 0.057615937944237916 19.84417224962357 r
2459740.7495139 1045.9051769182845 84.5747010814457 26.1043 18.555569218422953 0.08779261733332028 19.538773810400038 g
2459742.6951157 1055.909179521095 51.9113416669003 25.8075 18.248433586439834 0.053375938708398823 19.77191935536576 i
2459742.7354167 1326.1772854793799 115.427686574883 26.2638 18.457296037190783 0.09449704853680291 19.360600010340285 r
2459748.6956366 1086.1161374101737 44.8418965686867 25.813 18.223309333876102 0.04482471572580754 19.936365057636703 i
2459883.037037 1576.1199669188436 91.3483955949681 26.223 18.229026822782444 0.06292474886371617 19.573822679187906 r
2459883.0393981 1295.4640483453652 90.1614013826111 26.2353 18.454236587575117 0.0755622926055948 19.600323355788284 r
2459883.0417708 1607.067331079997 101.775251156505 26.2638 18.248714818197534 0.06875716284168377 19.497269532195823 r
2459883.0441435 1391.5599597921812 110.152465886442 26.2511 18.392345189915112 0.08594134328985029 19.398689429748757 r
2459883.0465046 1237.4973088981435 122.185156876671 26.2788 18.547439342060645 0.10719734408078657 19.313828862243234 r
2459884.0372338 1436.0510947453029 60.5213309340366 26.2723 18.379375269017075 0.045756038371836255 20.070103813925165 r
2459884.0395949 1503.764285384789 70.8954625555904 26.2822 18.339250584858732 0.05118568411598418 19.908228888160266 r
2459884.041956 1542.5233290567367 75.2224356257285 26.2917 18.321120647484786 0.052945065283903726 19.853406510844135 r
2459884.0443287 1445.1184761323873 93.6199217100632 26.2954 18.395641365968757 0.07033551274816315 19.619554305131132 r
2459884.0467014 1780.933277438642 123.459078449883 26.3108 18.18418087762351 0.07526364023351571 19.334567411940405 r
2459885.0396644 1416.1155599870692 59.0284716867418 26.2737 18.39595326312527 0.04525563698408961 20.098621141669692 r
2459885.0421065 1550.0402507900126 56.7741971058629 26.2865 18.31064256026939 0.03976654526643375 20.15369748617794 r
2459885.0445486 1446.7389476831695 62.1518740510749 26.2827 18.38172456682705 0.04664164863005369 20.051639418269694 r
2459885.0469907 1424.9875739950623 76.9621984746034 26.284 18.399472306803425 0.058637605273719 19.820881326390925 r
2459885.049456 1468.082036459171 93.0356091731607 26.3146 18.397724188389674 0.0688032128796569 19.645551975101476 r
2459888.0384144 1469.7513842777328 63.4110848316101 26.2987 18.380590305251694 0.046841537649247526 20.045862031348204 r
2459888.0407986 1440.1925832799666 72.1514966876802 26.3187 18.42264857485997 0.054391947898669656 19.925661628186347 r
2459888.0431944 1448.441519643649 75.2838721591985 26.3149 18.41264758651259 0.0564301001419448 19.875720117796966 r
2459888.0455787 1426.3574875258514 101.20729208986 26.3049 18.419329034382784 0.07703591700041433 19.54444547666791 r
2459888.0479745 1530.8990574910576 129.848027178688 26.3372 18.37483361081131 0.09208706636670266 19.306186600047923 r
2459894.0297338 1370.481158099515 124.499347544528 26.329 18.486817327326275 0.09862882158594335 19.34365730051136 r
2459894.0323495 1434.7386071119474 113.159568924344 26.3273 18.43536803796856 0.08563047190070783 19.445646778246864 r
2459894.0349537 1500.283045108907 99.0205054805882 26.334 18.393566996806427 0.0716575203264199 19.59726214168316 r
2459894.0375579 1458.0323570074468 95.5589398897887 26.3377 18.428282094856744 0.07115640509603156 19.639596681321173 r
2459894.040162 1430.2323647954308 114.536607469323 26.3463 18.45778349628425 0.08694558855632552 19.451514200833156 r
2459896.0303356 1509.4750360935955 58.6935562065987 26.3455 18.398435162508882 0.0422157322577629 20.176598929291806 r
2459896.0327894 1451.5272067323815 60.3587913018555 26.3308 18.426237048869417 0.04514661482918149 20.131523653290998 r
2459896.0352546 1418.2719540427302 67.9057762141965 26.3385 18.459101212699498 0.05198248546451333 20.011308194428647 r
2459896.0377199 1493.9027119864982 58.4504371008324 26.3461 18.410294210824937 0.042479097903228985 20.18170558109239 r
2459896.0401736 1469.955436871153 64.6965748323407 26.336 18.41773957777975 0.047784490286986295 20.06137176703958 r
2459897.0316551 1420.2386671314134 58.8926619837839 26.326 18.44509666878092 0.0450204353645287 20.153422026321387 r
2459897.0338773 1324.5563546545839 123.010905650721 26.2276 18.42242389863609 0.10082843194679744 19.255315949301814 r
2459897.036331 1543.7741636419198 66.9525514744629 26.3326 18.361140579070856 0.04708615213791399 20.02075715900998 r
2459897.0387963 1404.9259467781606 67.7604591512181 26.3387 18.469566416716102 0.05236399161762645 20.01383413877818 r
2459897.0412616 1467.6003543862948 68.4499797382501 26.3408 18.424280480113893 0.05063786117229091 20.00494167937162 r
2459898.032338 1513.1534166974493 78.4143315184613 26.3218 18.37209259295037 0.056262926673624813 19.838386378030116 r
2459898.0348032 1407.0079844849888 74.5105922366554 26.3235 18.452758595062864 0.057495160570071265 19.89552995081465 r
2459898.0372685 1491.0248692190776 74.8801282119162 26.332 18.398287781919926 0.05452447969044059 19.89865854080438 r
2459898.0397338 1461.4701672058536 74.0016261407485 26.3274 18.41542511352742 0.05497448206870853 19.9068718311773 r
2459898.0421991 1389.9345517464046 67.5818740018145 26.3296 18.47211412253846 0.05278927738833355 20.00759941338005 r
2459905.060787 1334.5615938284948 115.446791033765 26.2502 18.436853443708543 0.09391891809638443 19.346820324799097 r
2459907.0062037 1468.01471238964 49.9329008753414 26.3536 18.436773979786896 0.036928887716739175 20.360207995834845 r
2459910.0194907 1150.886917803434 42.1781354887811 26.3285 18.67591836639604 0.039789140871953885 20.518356545247727 g
2459914.9975463 1105.1019378049057 53.2599247501709 26.2629 18.654394148874186 0.05232485648891228 20.199473617915444 g
2459915.0321065 1552.061235628592 47.4248370142718 26.3766 18.39932786979033 0.033174686903085726 20.439160371619508 r
2459924.0040509 1055.8732803688733 72.0102617182363 26.3256 18.766570500288708 0.07404443563547335 19.93468901578843 g
2459932.9816088 1128.030270728983 34.9212713695058 26.3032 18.67239811472441 0.033610821721451446 20.698049872745244 g
2459933.0076505 1507.694186109556 37.4240103539556 26.3914 18.44561684966996 0.026949263594452266 20.711099177610798 r
2459934.9500231 1005.866881020405 60.513160542613 25.8068 18.300448727781877 0.06531593756667506 19.604750398418243 i
2459934.9682523 1522.649167463439 62.0647356625036 26.3736 18.417100376568737 0.044254241192692965 20.144062714051696 r
2459935.0392824 1090.0879460285848 42.7058862921533 26.3587 18.765046156675613 0.0425339816996518 20.535055640706553 g
2459936.9833102 1506.2883301854904 41.1920148152645 26.3839 18.4391297213624 0.029690311999844947 20.599442401612247 r
2459938.0460995 1135.5785384702062 38.4681590041144 25.8531 18.21505705972094 0.03677850436221746 20.1429214829384 i
2459951.93375 1601.8553140050653 97.2807111278559 26.3915 18.37994178424827 0.06593458669337672 19.67400814751226 r
2459951.9814699 1191.2374615669733 106.348333393643 26.3356 18.645604143797858 0.09692642255692421 19.521348268222596 g
2459965.8820833 1660.2824966581368 78.3763529339195 26.3585 18.308045026433547 0.05125224565797351 19.87561236240467 r
2459965.9431597 1218.0248284236552 64.1025966862348 26.364 18.649859647202263 0.05713856367962155 20.09938593316082 g
2459967.9432986 1173.704863545639 68.0766204744626 25.8398 18.16590273950889 0.06297220804372176 19.50988001929921 i
2459968.9145023 1196.1488113970104 46.033060306526 26.3487 18.65423696736514 0.041782504901229374 20.44360036910635 g
2459968.9416898 1558.7822401277094 52.9458889726129 26.3967 18.414736377384525 0.036877089164716347 20.339694377665058 r
2459970.8934838 1240.1404974983452 63.4887854643957 26.364 18.630322775336854 0.055582230011633336 20.10983244132587 g
2459972.9406829 623.3057391113058 42.1401816345304 25.7962 18.80944718576657 0.07340153046856455 19.987033981180016 g
2459972.9632292 1530.2436958674336 38.8249822005403 26.3928 18.43089850246138 0.02754612437807311 20.672596825918212 r
2459979.8269792 1076.4236637305153 99.4533981899128 26.2244 18.644441908554107 0.10031046144097078 19.482925921717616 g
2459979.8793981 979.370547665145 61.0152050809407 25.799 18.321632401342885 0.06763957555626512 19.587979800818193 i
2459979.9531944 1435.370532191141 81.0290436810113 26.3584 18.465989934931383 0.06128956304417084 19.839373205865716 r
2459992.8799653 189.27969337775528 92.3017488239864 24.3201 18.6273399406193 0.5294387734356889 17.659650165159313 r
2459996.9010995 269.6914559457467 43.5812233030352 24.347 18.26983203036752 0.17544543253763226 18.501326447887028 r
2460016.8195139 339.11416006974264 37.9858305787878 25.4637 19.13783518854683 0.1216145508371228 19.767220921895827 g
2460020.836331 1315.2829773693234 31.6662984884506 26.3878 18.590252001416854 0.026138938053979772 20.888881736318343 r
2460031.791875 965.4018668399056 37.0754283951065 26.2683 18.8065296642556 0.04169537473583768 20.59815954449043 g
2460031.8153241 1163.6317589987586 45.2773141110982 26.212 18.547461085162464 0.04224496242068601 20.32487334859713 r
2460032.7053588 674.253960194444 43.9403098545361 25.5113 18.439241235155627 0.07075374743859451 19.656717201369595 i
