-1.454291436802857334e+03 1.339068650567222285e+01 1.403111130837843105e-02
-1.277219477738571868e+03 1.367724774720219827e+01 1.219800292016094516e-02
-1.089618979514375496e+03 1.354823223626160633e+01 1.023665289535600521e-02
-9.162734045337497264e+02 1.351747820310525583e+01 1.608762019185869946e-02
-7.251608164958820453e+02 1.364891814210599286e+01 1.600891518364730773e-02
-5.574521577470582088e+02 1.341763072674202562e+01 1.511201139013759222e-02
-3.610245110100004240e+02 1.342640379016199859e+01 8.976912661795309611e-03
-1.970732083836846869e+02 1.348734934586212830e+01 9.404146145072896784e-03
3.788056427501032886e+00 1.351858401357010742e+01 1.127492897704902679e-02
1.642282311700000719e+02 1.347864198194402441e+01 7.444259533358590745e-03
3.702494721094125794e+02 1.340800094439085299e+01 1.155908546327972554e-02
5.304524089415790513e+02 1.334116934229852980e+01 1.051030638525816442e-02
7.344375380677770409e+02 1.318835137040933425e+01 8.177011169113564820e-03
8.945659176161110508e+02 1.352156748944012499e+01 1.516362516421170155e-02
1.099745058174545647e+03 1.308046748225151923e+01 7.589387188457226777e-03
1.259214221006470325e+03 1.315197791209795852e+01 1.147089876254335505e-02
1.465645243431333711e+03 1.321188716774053340e+01 9.454389535103888825e-03
1.625906572057645917e+03 1.324943545249374566e+01 1.431619324289958722e-02
