-1.334686653803636773e+03 1.408563954611498659e+01 3.853828606896129300e-02
-1.143809384661538843e+03 1.416844073361902190e+01 4.015039022940029845e-02
-9.743799110799998289e+02 1.430934583125057458e+01 4.719208873790148306e-02
-7.803868484035722304e+02 1.422839803807728210e+01 8.233058117548862354e-02
-6.153806714452936149e+02 1.419794650194141283e+01 4.260726367543627574e-02
-4.161833133262502997e+02 1.405642960378727579e+01 5.507411672181640461e-02
-2.548408389172222428e+02 1.416080935782027161e+01 3.896427149845040072e-02
-5.064911262678548098e+01 1.409280715032847553e+01 2.603131529726123924e-02
1.061941288981261096e+02 1.409784996541980462e+01 5.632753014033520939e-02
3.149923136887500732e+02 1.402724340012489002e+01 4.703503673088459125e-02
4.726201690605885233e+02 1.404246490159970762e+01 4.133770637940696602e-02
6.793125054164706853e+02 1.415588141252926668e+01 5.709075513249650680e-02
8.368248797986666432e+02 1.409060648121915094e+01 3.762967204021973322e-02
1.046310035275833798e+03 1.410707905805184836e+01 2.957249607888478779e-02
1.201679830992106190e+03 1.414956098659037664e+01 4.511432867807631947e-02
1.410489839236923672e+03 1.413578001837683829e+01 5.748178934725520911e-02
1.568165715096874919e+03 1.409946376652348121e+01 3.194901759442191069e-02
1.775045311342223158e+03 1.437324286293651454e+01 8.135968371396207210e-02
