-1.448354624651817630e+03 1.254419970071907464e+01 1.407124177720820400e-02
-1.269361838306665959e+03 1.264274615081578190e+01 1.662003066472664964e-02
-1.082776344555789592e+03 1.270545035607435480e+01 1.896893022043374261e-02
-9.100877959622222306e+02 1.278196972804733456e+01 2.406937732278437159e-02
-7.193138544770001772e+02 1.279941370727453887e+01 1.282143400038338564e-02
-5.512413022560001536e+02 1.276935010658459113e+01 1.620568147327175468e-02
-3.551665069118191127e+02 1.270244126454823608e+01 2.132292849390383244e-02
-1.900534312590905017e+02 1.274441460091300193e+01 3.594280687827797194e-02
1.208037518000168831e+01 1.269981605493122601e+01 1.885124156584875102e-02
1.702405963923083618e+02 1.273096129975144919e+01 7.458632657220062856e-02
3.760822644175004825e+02 1.264066789436243887e+01 3.770168993794129758e-02
5.366761695272732595e+02 1.255414310785685217e+01 2.240942554345701221e-02
7.403838034999997717e+02 1.241317802706623041e+01 1.883012621099266690e-02
9.009392225208339369e+02 1.247741311182027601e+01 2.315245179919321605e-02
1.107346977880000622e+03 1.249047181527720340e+01 1.921361821113635321e-02
1.266579233454444648e+03 1.254555896843035079e+01 3.171568633293582462e-02
1.471547258409999813e+03 1.261470528057743579e+01 2.055029520484336070e-02
1.632053256068000337e+03 1.262563611035104572e+01 3.152020155576637506e-02
