-1.428089605333182362e+03 1.341882232225346883e+01 1.416643648256588582e-02
-1.250111932556667171e+03 1.330358016433971180e+01 6.190446642176114858e-03
-1.065729799317059133e+03 1.334759444857851030e+01 7.235786406860502014e-03
-8.897767663895349415e+02 1.320627259450215796e+01 6.729036901039842436e-03
-7.008054344082853504e+02 1.336328833658079596e+01 7.804694707368017501e-03
-5.296608601279998538e+02 1.344843709224630501e+01 8.041273162508183817e-03
-3.347394558112497975e+02 1.344335929722099543e+01 1.765948327491599981e-02
-1.692670925374073363e+02 1.341149748439409173e+01 1.015103640574475941e-02
2.999566696903216823e+01 1.355720552631860443e+01 8.717118743007212442e-03
1.911483879442298246e+02 1.333926936285055831e+01 1.060148305081181318e-02
3.963982419336002181e+02 1.340057967235659042e+01 1.339877964592297091e-02
5.568584265396223145e+02 1.337519623295762727e+01 7.565968932818898686e-03
7.607020683574997975e+02 1.341371504921157687e+01 1.012821484764219251e-02
9.224148157214286812e+02 1.341352137184272308e+01 1.661256083444490744e-02
1.125201884280417062e+03 1.343667763300086726e+01 7.344643858130752746e-03
1.287127224566666655e+03 1.347497013647241815e+01 8.330686615338728229e-03
1.491990110940909517e+03 1.347362328252657449e+01 8.378271645308738372e-03
1.653723765198845740e+03 1.359269011327966403e+01 1.231239970997190063e-02
