-1.476410017494167960e+03 1.301593390527081162e+01 9.404090668230264891e-03
-1.299779126409999208e+03 1.291893890459637895e+01 1.003339424123258702e-02
-1.110222582367693121e+03 1.285037064306245824e+01 9.306396310575140024e-03
-9.404499620299994831e+02 1.295304190278413614e+01 1.101491373402414646e-02
-7.480169076650005309e+02 1.304830026523764808e+01 9.271371707214252911e-03
-5.815983591636355641e+02 1.301203844988399183e+01 1.550977007223075174e-02
-3.838084515163645847e+02 1.294930141524764622e+01 6.938064520726463548e-03
-2.211002184058343119e+02 1.306084629326869795e+01 1.348822789200520428e-02
-1.676619317416710331e+01 1.308292975394042124e+01 1.154467469827054338e-02
1.392983081154545175e+02 1.309059990584945865e+01 8.061092799985545426e-03
3.474949631683332996e+02 1.310324081982948030e+01 1.258717288736021199e-02
5.063496236224994504e+02 1.301303335965429042e+01 8.726423262881772419e-03
7.117236147661544692e+02 1.301119530028933369e+01 1.516881188134624504e-02
8.705604407591659992e+02 1.313459201525852293e+01 1.174583752118483516e-02
1.078756908940768653e+03 1.301768073005452209e+01 5.599190395992817079e-03
1.236387870492083493e+03 1.288100975679306615e+01 8.426969594755048462e-03
1.442932577332727760e+03 1.288104425948985465e+01 8.996618448124176284e-03
1.601791008635453863e+03 1.284989162564792764e+01 1.046111902569331342e-02
1.807025043115555718e+03 1.285490098960398342e+01 7.650457009579138962e-03
