-1.420675388670909342e+03 1.341193178760268978e+01 6.166150539179672714e-03
-1.240140880219285691e+03 1.330839434232957963e+01 8.433671926120602305e-03
-1.058243739300000243e+03 1.341317145307073311e+01 2.170643666333515673e-02
-8.809266582620833788e+02 1.359725373064654974e+01 8.145375981761604142e-03
-6.917507402172003594e+02 1.346861808115824033e+01 1.099808274200551536e-02
-5.221090103703846808e+02 1.348632213914383193e+01 1.399263615750518178e-02
-3.275037146695651131e+02 1.362402694872627507e+01 8.326710060738552396e-03
-1.609250940584612408e+02 1.366331049236194062e+01 9.486473133254824316e-03
3.823369108974386421e+01 1.366870224508762099e+01 8.260111224939548427e-03
1.996139584720583571e+02 1.387447148547719600e+01 1.190984007690444255e-02
4.037896445573929896e+02 1.373984084977648479e+01 8.576547255012171439e-03
5.659643440369561631e+02 1.367155028568464203e+01 1.303954572097962110e-02
7.683630026566667084e+02 1.349231973215785629e+01 6.665619492409746022e-03
9.301366223539131397e+02 1.356254661688713625e+01 1.228179982949817103e-02
1.135021261960434458e+03 1.362160870486636988e+01 9.213333272275987113e-03
1.295799120890697850e+03 1.365703419694453125e+01 7.568681752068684085e-03
1.499171606040500819e+03 1.381777407078510933e+01 8.435757227421876794e-03
1.661341478149523709e+03 1.370672202311934029e+01 1.031272878534094002e-02
