-1.460138274503334060e+03 1.280246004717680997e+01 2.768367685400551295e-02
-1.284421504177691531e+03 1.287662404557532980e+01 1.611379038401682812e-02
-1.095948619442500785e+03 1.294525075061954311e+01 2.446788105940992525e-02
-9.252983657786661524e+02 1.290242250033263360e+01 1.697888427931944916e-02
-7.335879111563626793e+02 1.293288748724698678e+01 3.139480562194741503e-02
-5.659536273976924576e+02 1.302107730387954732e+01 2.141720872729393349e-02
-3.669068445414283701e+02 1.305046863397777201e+01 2.331723600652797074e-02
-2.032778266700001950e+02 1.311001803276565170e+01 1.997386757810054245e-02
-2.569073010908720089e+00 1.310507391262144061e+01 1.880715333250193577e-02
1.571754739691672000e+02 1.328774321552982407e+01 2.918704679924867540e-02
3.629636076259997139e+02 1.331488129440946189e+01 1.998987773804953780e-02
5.220003505306672196e+02 1.336577963533811619e+01 3.408620409798333167e-02
7.285615562061536821e+02 1.324636730792648720e+01 5.069391503668480708e-02
8.883067221714279640e+02 1.322111269043473847e+01 2.889972208388753502e-02
1.092808376407499964e+03 1.316905381046762535e+01 2.727263847004007813e-02
1.252499800398667276e+03 1.309114481822607345e+01 2.992927810437811045e-02
1.459879006474615153e+03 1.311858954786908171e+01 3.610141770164013164e-02
1.617030601606153596e+03 1.326722770153907405e+01 2.520972666540850435e-02
