-1.477700540221904703e+03 1.366642861662150210e+01 9.426521227427327176e-03
-1.300912756179615371e+03 1.385185976260510188e+01 1.457217218172238496e-02
-1.112057640652940336e+03 1.383867545662718612e+01 8.044782618340193606e-03
-9.417591050637498711e+02 1.374044034163317640e+01 1.188291646455970525e-02
-7.491754405790471765e+02 1.373799656364266575e+01 8.070965344335274960e-03
-5.828521323695831597e+02 1.361949191927558012e+01 7.681329388885469595e-03
-3.850087299099999427e+02 1.375879878504090748e+01 1.526319738397726236e-02
-2.224163896178256721e+02 1.367712624196405002e+01 3.785598409997026348e-02
-1.798388932954549091e+01 1.372470067859909015e+01 1.057700910999880180e-02
1.384057225792309396e+02 1.380942985843214466e+01 1.465227359590852430e-02
3.462644064860872959e+02 1.367283361467938008e+01 1.121835842316198407e-02
5.050814420220002603e+02 1.374885187209551596e+01 9.609242217781815629e-03
7.108218091289996892e+02 1.373927448326581136e+01 1.773251251233165515e-02
8.692560718647825979e+02 1.367521928420981148e+01 1.004670608284045571e-02
1.077555985333478702e+03 1.359518065389491071e+01 3.004921854998528208e-02
1.234413830517418774e+03 1.373611305337644950e+01 1.192761503414685280e-02
1.441705299103809011e+03 1.374968030758678417e+01 1.308636681576175360e-02
1.600567573866522480e+03 1.374863347750177667e+01 1.345268626760397039e-02
1.805947116401904623e+03 1.373441572984795478e+01 1.122166253130635685e-02
