-1.314215087784285288e+03 1.245794387904539313e+01 2.597296930667353579e-02
-1.124166772892856216e+03 1.257403328077401916e+01 1.530809169349762848e-02
-9.550434193280005957e+02 1.262905795813892240e+01 1.335663136591388328e-02
-7.609650554377275284e+02 1.275330028190757581e+01 1.335502362069981679e-02
-5.947628138053844395e+02 1.275118479674373795e+01 1.130888226798763309e-02
-3.951063933206659158e+02 1.251825387790730204e+01 1.595563469564449319e-02
-2.330102746653331849e+02 1.241219870759517718e+01 1.002353237452769351e-02
-3.085681178692287219e+01 1.245849666185758764e+01 1.134582889615138590e-01
1.275309139387504729e+02 1.242299424961550969e+01 9.901870080672867808e-03
3.355195362293748076e+02 1.229863716497631820e+01 2.956090094005687022e-02
4.920726650893338956e+02 1.215707048860746653e+01 1.147472882564191596e-02
7.003365993842853641e+02 1.224401957483053671e+01 1.487316959246684847e-02
8.586829869146662304e+02 1.226127247676805965e+01 1.739085935947057293e-02
1.065153168159285997e+03 1.230926059232771586e+01 1.293606629660748637e-02
1.222857406308235113e+03 1.233711343105917635e+01 6.381856513604866610e-02
1.431595694105000121e+03 1.251208487507518008e+01 2.289501701922163485e-02
1.587333736727333871e+03 1.256708160439873190e+01 1.439729093169286704e-02
1.795805188002307659e+03 1.260554207315998099e+01 1.134837459325300883e-02
