-1.338484931799091783e+03 1.242658806007789707e+01 6.591094326265567981e-03
-1.147396440153076128e+03 1.216374232621420681e+01 1.314964118400547242e-02
-9.769253068609085631e+02 1.246988244886803443e+01 8.584489708842997155e-03
-7.829520999557145160e+02 1.247528396785428662e+01 9.406901504659531676e-03
-6.180287095799993722e+02 1.246892067294032280e+01 1.159069032365254298e-02
-4.186858907800005909e+02 1.245354396587887535e+01 9.965565713997334360e-03
-2.574383528255566489e+02 1.207438756091900700e+01 8.151346173758367356e-03
-5.427435931363552868e+01 1.215112515695040507e+01 7.308383667110979198e-03
1.029278311800007941e+02 1.211394397112190369e+01 8.259635242795153320e-03
3.124758928524997827e+02 1.200585534360489426e+01 1.106858942571271529e-02
4.682519992399998046e+02 1.189978301082937939e+01 8.135555043103974426e-03
6.767878817257151240e+02 1.174484861674658731e+01 9.612613191089964051e-03
8.341953202466660287e+02 1.199688541014402077e+01 1.068747969458765969e-02
1.042212434296470519e+03 1.218164312487331102e+01 7.132030991913268676e-03
1.198356225657143796e+03 1.212305308704667439e+01 8.995301656700812470e-03
1.408001766914001109e+03 1.241585592952566408e+01 9.134549797335552238e-03
1.565565083216667290e+03 1.246855466399197532e+01 1.199247449213235867e-02
1.772243352141666719e+03 1.222840138864645887e+01 1.555887861330968076e-02
