-1.340666445618461694e+03 1.386530378945926500e+01 3.143699528271375054e-02
-1.148698712694667165e+03 1.385989379298969659e+01 3.267408890283830109e-02
-9.801947632781480024e+02 1.374866455228521644e+01 2.039571552301890772e-02
-7.846179922892305285e+02 1.383174623944565695e+01 3.865140924023724445e-02
-6.198105220124998596e+02 1.391984998059704459e+01 4.693958812247960716e-02
-4.204300412414283414e+02 1.379058627703322060e+01 4.115076460837053390e-02
-2.592743423092854869e+02 1.384922515357253658e+01 3.830582609092714197e-02
-5.592309243071473190e+01 1.386185784373292051e+01 3.592136360298990583e-02
1.013062337366670107e+02 1.398919057409460187e+01 4.052488811924649659e-02
3.107405735114288063e+02 1.395444960398361367e+01 8.015895828897023900e-02
4.660180814652943582e+02 1.381533845591480514e+01 4.492186006143953497e-02
6.749831709053838722e+02 1.379944422501401036e+01 4.305372868351107357e-02
8.324597283149984150e+02 1.370834214188227484e+01 3.393329693795547192e-02
1.039503103092856918e+03 1.360964614618946378e+01 4.604181737873248165e-02
1.196669653530833557e+03 1.361956896288874042e+01 3.201809938955923335e-02
1.406184959663076597e+03 1.376906790584802209e+01 1.742750028367506809e-02
1.562579853081904957e+03 1.375668385843623298e+01 4.366454475098374699e-02
1.770430401640713853e+03 1.372331940228582425e+01 2.842973221983723792e-02
