-1.458419411150000087e+03 1.030439391466400423e+01 7.870498549501229318e-03
-1.270535859539166950e+03 1.034829193512370082e+01 5.041251818631912324e-03
-1.091830391207498906e+03 1.033427412837513160e+01 4.712494849782047045e-03
-9.072702716651989476e+02 1.036023179071253253e+01 3.587666057854357795e-03
-7.326952017746158390e+02 1.038431146664894733e+01 4.902925319235021916e-03
-5.417368983861535980e+02 1.042472440148250001e+01 4.703269496541153186e-03
-3.734874842625013116e+02 1.044661269835513195e+01 5.502506654097035106e-03
-1.775366473086658630e+02 1.048106825659861308e+01 4.267171793085748274e-03
-1.217841768866734675e+01 1.050245512938736425e+01 7.463290974034262129e-03
1.893316737083340513e+02 1.057930670141699636e+01 5.065288697612342281e-03
3.491613665639997635e+02 1.062279768151953085e+01 5.898625295808288677e-03
5.537256044859992699e+02 1.061532551555698944e+01 5.951012955960613936e-03
7.150347461638459663e+02 1.057645129420507502e+01 3.862756597572699832e-03
9.178326256461542698e+02 1.054170949885615371e+01 5.948689223727137571e-03
1.079128386557334125e+03 1.053685508547841110e+01 4.969731277805683640e-03
1.285123644448331788e+03 1.059791906920360027e+01 7.430717214719387981e-03
1.446197026201538847e+03 1.058329048419164486e+01 8.182734217861880113e-03
1.649333362608571633e+03 1.060872548911697066e+01 5.627917025815110975e-03
