-1.321926253135999332e+03 1.354709519334729606e+01 1.511806865971970955e-02
-1.131452138284166722e+03 1.355850224655484126e+01 1.298877720700963856e-02
-9.630555341792854733e+02 1.355338535055282989e+01 9.599334889496196482e-03
-7.695247986818179697e+02 1.352525823474995725e+01 1.335162781983980154e-02
-6.035073138158337542e+02 1.359719817157275301e+01 1.284108712370251974e-02
-4.029364906146671501e+02 1.360342856336477979e+01 1.559967710966880805e-02
-2.423507968149993133e+02 1.361644175667503731e+01 1.204993679274879263e-02
-3.824920380250053853e+01 1.368646764380739356e+01 1.671673036434072335e-02
1.197755190621423225e+02 1.367815945136572431e+01 1.182562814608857996e-02
3.265434952508337005e+02 1.363983513506879497e+01 1.108873615180935336e-02
4.839437826584605773e+02 1.363509295642096575e+01 1.206559224233932567e-02
6.929846783853846546e+02 1.358089510341576123e+01 1.577524780571823090e-02
8.484707708664287793e+02 1.359207192454881508e+01 1.637556889270620764e-02
1.057147130607857662e+03 1.363334612938020030e+01 1.222230909649014638e-02
1.215167862302307412e+03 1.366289909873337649e+01 1.726011870670898091e-02
1.421477409852857818e+03 1.367418928197865213e+01 1.847463985533293399e-02
1.579338660550769418e+03 1.361879575548139520e+01 1.412732271717512776e-02
1.788555475054999988e+03 1.362541466453181904e+01 1.684383267175476942e-02
