-1.416412455322307096e+03 1.254411231284297834e+01 7.142671172557865308e-03
-1.235277534854666328e+03 1.259646856780560142e+01 1.328685231514382080e-02
-1.052754708124400395e+03 1.262253967122200038e+01 6.327812892303341825e-03
-8.764289396169237989e+02 1.250056756767436994e+01 6.714409534934668786e-03
-6.874407890493326931e+02 1.256646341733898531e+01 9.180881907126032387e-03
-5.175993783666665422e+02 1.257292148039553048e+01 1.004773790646617745e-02
-3.223516722959994922e+02 1.256378765491487037e+01 1.063264017246118645e-02
-1.564035927716674053e+02 1.261561526213731277e+01 7.768733718822126710e-03
4.385388709000047669e+01 1.255742760318775808e+01 1.092768739724243009e-02
2.062904726746666597e+02 1.259933576588722204e+01 1.083746587845454620e-02
4.080805208821428778e+02 1.261335546097073923e+01 7.463126069473990411e-03
5.705287669792861607e+02 1.253220259284183591e+01 7.073025999740341872e-03
7.725319940926661957e+02 1.247143437823553747e+01 8.649555758234920774e-03
9.350252799950000053e+02 1.240310330439185016e+01 8.524980442510703138e-03
1.139261951296153256e+03 1.244781892331171491e+01 7.882269819968933805e-03
1.301713116204666449e+03 1.260347889627044715e+01 1.209659884858979746e-02
1.503503787956666201e+03 1.257702455398184860e+01 1.277808725470630340e-02
1.665834670112667254e+03 1.258123244141396135e+01 8.178816359170643091e-03
