-1.304618982170526124e+03 1.409787212679527890e+01 1.556617729219524245e-02
-1.114547779379473695e+03 1.414476294773573528e+01 2.565367605065201756e-02
-9.439242519753847773e+02 1.419234234168166786e+01 1.953077237695474699e-02
-7.512649295015373809e+02 1.417046146869440726e+01 1.592200493775990447e-02
-5.850538793753332811e+02 1.414945180350403220e+01 1.820882976694228675e-02
-3.870524711592869380e+02 1.415085796363880632e+01 1.454851389523229704e-02
-2.245885719231255280e+02 1.413655184739246806e+01 1.705430635453621113e-02
-2.145053515782574749e+01 1.413268511934781380e+01 1.342416974465584882e-02
1.363845357046151321e+02 1.419456953265390631e+01 2.449160817888415900e-02
3.441346729813337788e+02 1.419406616792254816e+01 2.005655706948431677e-02
5.029214073430770213e+02 1.413857850484905399e+01 2.118617218070452043e-02
7.084243261430775647e+02 1.407461521136310623e+01 2.671970525785996239e-02
8.671307808613336192e+02 1.408532498165715907e+01 1.679779526979433696e-02
1.075481571570000597e+03 1.407476893457538303e+01 2.040712645585322782e-02
1.231702478205333136e+03 1.402480393613245013e+01 1.005251396602048659e-02
1.439569298044615607e+03 1.401002835361126841e+01 1.196463458094062897e-02
1.598445014420000234e+03 1.405476822410918203e+01 1.291571415577304031e-02
1.803489091355000710e+03 1.407414394642620614e+01 1.079930553322763775e-02
