-1.454583146941904261e+03 1.255679857102757246e+01 1.044703219050564964e-02
-1.267165283472666715e+03 1.280257932081057248e+01 9.823177429671830010e-03
-1.088972284132999675e+03 1.300390610619469456e+01 8.611910357173966149e-03
-9.027337519440000051e+02 1.279921054085887633e+01 6.505245746489692754e-03
-7.297603211835713637e+02 1.288710734072580522e+01 9.845545529012020639e-03
-5.386096728299993401e+02 1.292888358321784281e+01 7.018287949403431529e-03
-3.705214538914286777e+02 1.296856930450044842e+01 8.549887899287263518e-03
-1.743174603430782668e+02 1.306577487899956935e+01 1.294619656354688460e-02
-9.115062941333356150e+00 1.303346343074178826e+01 9.792725947430719335e-03
1.927345387274993698e+02 1.317182831589552805e+01 8.232269105758636615e-03
3.537075004758335126e+02 1.285818204259319586e+01 1.119048041202221240e-02
5.568214925620001168e+02 1.283334850364281010e+01 1.439870364535176389e-02
7.178679541415381209e+02 1.276985467905508820e+01 7.461934961709393473e-03
9.220904227686658032e+02 1.293271072381451958e+01 9.336031356067774067e-03
1.082414364134999914e+03 1.306144464638139624e+01 9.710533489021105219e-03
1.288260873282858256e+03 1.293081376273389083e+01 1.169267543773143056e-02
1.449129567464999809e+03 1.305891713214111682e+01 5.323504397863731280e-03
1.652361789516922272e+03 1.313345531158851109e+01 1.355576489719822163e-02
