-1.412395887565454132e+03 1.351984313769996504e+01 9.619122460213489628e-03
-1.231402872389090817e+03 1.342417745808287854e+01 1.162368966949318093e-02
-1.047865045947058206e+03 1.372362659470471691e+01 1.049893135209131745e-02
-8.725091831445457728e+02 1.379928762894249594e+01 1.540860941737800215e-02
-6.836705624584999441e+02 1.376011127427500291e+01 1.101872837490794170e-02
-5.129910249119039918e+02 1.363665854137031275e+01 9.221283531637302147e-03
-3.191613323919044092e+02 1.374242462767026929e+01 2.113634452616473119e-02
-1.514073020385290249e+02 1.382131041318678832e+01 1.409148834443861402e-02
4.762304540846162126e+01 1.407335142708822673e+01 1.569240377334549935e-02
2.103780792385008738e+02 1.403608608020502757e+01 2.118176987411581058e-02
4.118123165872223126e+02 1.389206112320359665e+01 1.168223534991993766e-02
5.744533597012500650e+02 1.366362006378523120e+01 1.646468759193445153e-02
7.781265114778569796e+02 1.366875316760509840e+01 1.099135585019683434e-02
9.401588688639475322e+02 1.361094660691712654e+01 8.538930000747249616e-03
1.143046210611500555e+03 1.367384907172137609e+01 8.207435653113617779e-03
1.305725971403888707e+03 1.364054091727000007e+01 9.630671239962243155e-03
1.508048292339047975e+03 1.356975964753127606e+01 1.129557918211800994e-02
1.670229628879091024e+03 1.359988875239396400e+01 1.093696937105026294e-02
