-1.340530100118570999e+03 1.378024326700547597e+01 2.911289423457782619e-02
-1.149065334293571823e+03 1.361002628550285110e+01 4.030966871109996352e-02
-9.801388429344444830e+02 1.366086689843289470e+01 2.965807404798110822e-02
-7.845953016116667413e+02 1.335073015131629859e+01 3.310635827366532197e-02
-6.197367878462496265e+02 1.334592059246148033e+01 2.831991814324937365e-02
-4.203645468566664931e+02 1.367424459642080414e+01 2.665684934226386291e-02
-2.591433750608333071e+02 1.369182879582336909e+01 3.761328922008997516e-02
-5.579109963307732301e+01 1.363874316203061099e+01 3.784148527365375353e-02
1.014086259523078581e+02 1.373857148055778055e+01 3.098925239374535415e-02
3.108480861183331285e+02 1.365408650359377773e+01 4.787590880074223815e-02
4.663110220211116825e+02 1.358734028752595080e+01 4.591617370908782775e-02
6.750525974693330227e+02 1.369187969405557581e+01 4.010621281468224747e-02
8.325125556023066338e+02 1.358190315709741469e+01 4.987462890696266887e-02
1.039577823176428637e+03 1.353226718894612546e+01 2.789745579340544013e-02
1.196782837373076973e+03 1.377542003226273337e+01 5.558658504383269527e-02
1.406353306815832184e+03 1.371159770699484959e+01 4.058401304877776866e-02
1.562479895789444527e+03 1.387857287856801491e+01 5.215808228557978349e-02
1.770486246970833236e+03 1.357733158949875474e+01 3.112480952562632353e-02
