-1.325619370290000234e+03 1.479852929855479715e+01 4.730332766745621448e-02
-1.135035042548572392e+03 1.478959345822908134e+01 2.608981040554124442e-02
-9.667084851693332439e+02 1.484867200535882681e+01 1.396626623663575935e-02
-7.731193117508331625e+02 1.489590279294946562e+01 3.928525192128105858e-02
-6.078370548228579082e+02 1.486820110790544014e+01 3.815793098155360191e-02
-4.086291579925012343e+02 1.495911878826125552e+01 3.865011020059991309e-02
-2.469837239933340811e+02 1.495511704288938049e+01 1.751895481408001845e-02
-4.187726930785720469e+01 1.494611033623643870e+01 2.499677092848823223e-02
1.146066593440009456e+02 1.499425795658310356e+01 2.627488356839609643e-02
3.223864315976915123e+02 1.484296284180705250e+01 2.974158158221219123e-02
4.801731254078565030e+02 1.479276172269431200e+01 2.278956847961105883e-02
6.883872853736367006e+02 1.487312235892399137e+01 3.504807795864189890e-02
8.449374254542864264e+02 1.477902515257442673e+01 3.959028687462134294e-02
1.053529238267142773e+03 1.481967130459106130e+01 4.354025314941185887e-02
1.211507710146666795e+03 1.478776517109134048e+01 3.380077627587647904e-02
1.417773503678572297e+03 1.486486318537095030e+01 2.358773064618637644e-02
1.575575549164615722e+03 1.486902089957796491e+01 1.903512313088893612e-02
1.784968958504168086e+03 1.481804960483149358e+01 3.365974729499557339e-02
