-1.334804407970868851e+03 1.244704136657140303e+01 8.393872446242487545e-03
-1.143495183577407033e+03 1.241724274644086634e+01 9.565575020200939652e-03
-9.740390104236357729e+02 1.228892270427233058e+01 1.383263713328980460e-02
-7.802359598073337565e+02 1.227112159197704067e+01 9.550035095767912818e-03
-6.150995393009103509e+02 1.230221241111233610e+01 1.376611746817061818e-02
-4.159683026292856880e+02 1.234786328770064046e+01 1.033730775359931534e-02
-2.545034919908333393e+02 1.237793114022773189e+01 1.335057119937635775e-02
-5.041128004840022214e+01 1.244047168054590102e+01 1.067832979949395397e-02
1.064906050135713116e+02 1.246694276367527010e+01 3.050857588222126784e-02
3.151927411399995549e+02 1.236965403156435706e+01 2.544640332035982486e-02
4.729325247274998105e+02 1.247128763255114414e+01 2.140033997676863212e-02
6.795391080885716519e+02 1.221996131726171519e+01 9.242062912160748517e-03
8.370724968692858283e+02 1.223312816007705095e+01 1.457406909945153928e-02
1.046635886342307913e+03 1.210362443171874425e+01 2.392586766535760232e-02
1.201366904609999665e+03 1.205458816866248384e+01 1.829925999009327994e-02
1.410772284581538088e+03 1.196965144815310467e+01 2.474526518860538024e-02
1.568360597930000722e+03 1.207797214923770568e+01 9.953700287612275363e-03
1.775288816920555973e+03 1.231554449965746301e+01 9.549515104663978612e-03
