-1.167308311785833894e+03 1.352732337390050255e+01 1.256529243886013274e-02
-9.997229952049996200e+02 1.350540990792020679e+01 1.350411459930316027e-02
-8.053596322224990445e+02 1.365272117834570054e+01 1.466246388647641542e-02
-6.408356725054545677e+02 1.366844453596356068e+01 1.951519856948966125e-02
-4.407049610308331467e+02 1.357584176750488858e+01 2.271179892005888157e-02
-2.802596608233331494e+02 1.359108186388552930e+01 1.685743255681030131e-02
-7.419737378416660079e+01 1.347563828797555630e+01 1.413566870118389274e-02
8.029958385333277704e+01 1.343771229053932714e+01 1.123638579529649337e-02
2.900523243299996352e+02 1.354791590762641285e+01 1.932660487250216150e-02
4.473595665954536003e+02 1.354382313789863623e+01 1.125738759023933201e-02
6.546681153974992640e+02 1.369884822391304624e+01 1.129486936950022634e-02
8.116208348308331324e+02 1.357430427637915571e+01 1.617582787394225910e-02
1.021387227650907789e+03 1.350341339437059851e+01 1.457615561617521364e-02
1.177203968899999381e+03 1.350138591833835200e+01 3.726186987604078460e-02
1.385418817732498837e+03 1.346584519180914086e+01 1.264222330862675193e-02
1.542804417635000164e+03 1.350630964861736238e+01 1.417761015226573149e-02
1.751252029117619259e+03 1.362271092690638419e+01 1.183678588131081844e-02
