-1.311448363973999221e+03 1.268279733177882740e+01 2.460382405213161483e-02
-1.121630050978570807e+03 1.269954097648673752e+01 1.646285262339481151e-02
-9.510849367432002737e+02 1.273839885256754911e+01 1.106767849808216499e-02
-7.574441395153320400e+02 1.268000912109268796e+01 1.514791400021686836e-02
-5.908669342271429059e+02 1.265000518624502845e+01 1.027246045502746771e-02
-3.925449960592860634e+02 1.250848094121670684e+01 1.697739879654775949e-02
-2.303516109423077296e+02 1.257597202075952580e+01 1.739734288426117437e-02
-2.753084241687429312e+01 1.272516380850609607e+01 1.902108497741540616e-02
1.300663405907149013e+02 1.283006750018854625e+01 1.482799737657941944e-02
3.386532857285720866e+02 1.277638966994521574e+01 2.146750484337885817e-02
4.944958498059995122e+02 1.282393388198467221e+01 1.509064497937733819e-02
7.028950333746162187e+02 1.281378161304486873e+01 1.813883145781831560e-02
8.612840757153331879e+02 1.278728212731758340e+01 2.246177004747294467e-02
1.067513395522857309e+03 1.280838115395836141e+01 1.918927537566382166e-02
1.225527933226428559e+03 1.272952731062166087e+01 1.571520760443732498e-02
1.434114391625000280e+03 1.274203446327890354e+01 1.395609959528771107e-02
1.590984264570833375e+03 1.274224215319343045e+01 1.478602995332553849e-01
1.798291160773571164e+03 1.288954411820860102e+01 2.373137677114921587e-02
