-1.432148848625554820e+03 1.375507074860404622e+01 5.018724769148610182e-02
-1.254715941029999840e+03 1.377830106440546842e+01 3.082633812318996691e-02
-1.069451977638888366e+03 1.405400630371512349e+01 8.921293699471039007e-02
-8.955041359057146337e+02 1.388495277778059744e+01 3.718582385801960655e-02
-7.054916043572725357e+02 1.383723603567874072e+01 4.933154466470552474e-02
-5.351606315730431334e+02 1.388543105011863332e+01 3.256377135728781569e-02
-3.388512134533335143e+02 1.399344404929999541e+01 3.778174990603869188e-02
-1.736190261030765498e+02 1.383547078421745624e+01 6.864290496673157438e-02
2.531972787222265708e+01 1.407933721194745225e+01 3.785327228217832962e-02
1.868842437492863269e+02 1.407873997607192251e+01 7.372982676998700302e-02
3.907360833341170974e+02 1.400082241076217215e+01 5.146733552734517742e-02
5.512574252933321759e+02 1.377344820111719415e+01 4.707587810547538693e-02
7.565400371464285172e+02 1.387965024498901201e+01 6.747961363541554736e-02
9.180812193652942597e+02 1.395224315148620420e+01 5.567338079413174101e-02
1.120872360885455464e+03 1.386570600766338401e+01 8.197683683295418910e-02
1.282274105003845307e+03 1.387785984419767615e+01 6.302484128929307372e-02
1.486860622768147778e+03 1.387059581208517756e+01 3.959392633438753306e-02
1.646647688778666861e+03 1.383959067366517637e+01 5.439732483050199047e-02
