-1.161510234294614747e+03 1.202307557844542352e+01 1.114769656818858680e-02
-9.939590163554537412e+02 1.206305812645303632e+01 9.207955656640084627e-03
-7.995871395875001326e+02 1.205957986217980960e+01 1.161713344515109304e-02
-6.342450299438468164e+02 1.199610421698908880e+01 9.713183839157009739e-03
-4.336472271964705669e+02 1.211921876626417927e+01 5.305407196100404843e-02
-2.742214194100009763e+02 1.226111729425867303e+01 2.994805447210807312e-02
-6.830473386416572623e+01 1.223630409165647492e+01 1.520750308321188946e-02
8.901313761090899845e+01 1.208865104532785750e+01 1.601439614949722728e-02
2.959168026641673350e+02 1.199456804295390455e+01 1.098946504025534281e-02
4.531459679836361261e+02 1.196969678599482378e+01 1.662558664738116032e-02
6.629660940575000723e+02 1.180486052114156337e+01 1.533636618123782741e-02
8.179420616624998956e+02 1.172174671732568285e+01 1.032863710513353891e-02
1.027142514931816550e+03 1.167257148976534431e+01 7.960672827875447249e-03
1.184449347907271203e+03 1.171851504936150690e+01 9.114733276639200993e-03
1.392259519644166403e+03 1.183326152734146852e+01 2.234146403290441368e-02
1.548647320138462419e+03 1.183592956991658873e+01 9.389041826407325264e-03
1.758389658533636066e+03 1.188072214389872272e+01 9.729609412262630458e-03
