-1.160684584377857846e+03 1.153265109246891562e+01 9.102314587346119895e-03
-9.931148439824992238e+02 1.156789354656411284e+01 9.566884744471291363e-03
-7.987342876453851659e+02 1.158393792936317190e+01 9.520029897753735232e-03
-6.336085727966657259e+02 1.160842898688157021e+01 1.466059096093588233e-02
-4.320155190035714554e+02 1.160400706593397580e+01 8.865589090782291515e-03
-2.728022267442100315e+02 1.161744889792858260e+01 7.359383093323262903e-03
-6.747680103400101359e+01 1.154667115064131799e+01 6.448678140186292485e-03
8.978387683800004027e+01 1.156227620249888410e+01 6.432458481842791634e-03
2.972639788676925150e+02 1.160706595501739180e+01 9.177610670741759985e-03
4.540048239053845123e+02 1.167335874268024831e+01 1.610129796401821300e-02
6.638086003628569642e+02 1.167950539665127607e+01 1.151777980809627622e-02
8.188945842831253685e+02 1.166249724469265558e+01 6.762931058020910796e-03
1.027905009504999043e+03 1.165766342389923338e+01 1.104038527701573132e-02
1.185278279809230298e+03 1.165519916011784929e+01 1.004260367040449645e-02
1.392474914055334239e+03 1.146912051385481135e+01 8.592666078775000951e-03
1.549446640537692929e+03 1.141301607725175415e+01 1.149893584245248977e-02
1.759318421718462332e+03 1.153294203265344819e+01 5.695092786195536314e-03
