-1.423444683940000687e+03 1.265453076789609987e+01 6.634446308497560230e-02
-1.243369758360000560e+03 1.273626157998587516e+01 4.591984672389826105e-02
-1.061654875365002226e+03 1.267834868314589514e+01 5.390095885939580507e-03
-8.838245898149980349e+02 1.266884549211320277e+01 6.877559000332514327e-02
-6.944744829400005983e+02 1.260920070846648855e+01 1.606056991422634417e-02
-5.247513137433319343e+02 1.270342425494591332e+01 1.405028878422693098e-02
-3.297499251800036291e+02 1.265337237565137940e+01 0.000000000000000000e+00
-1.641740827899993747e+02 1.265896075530296372e+01 0.000000000000000000e+00
3.383703094500015141e+01 1.256816854532127792e+01 2.473003368966288432e-02
1.963467731600030675e+02 1.255720202396673102e+01 0.000000000000000000e+00
4.011322000633323910e+02 1.262241261055966390e+01 3.730113286158871777e-02
5.628396777124999062e+02 1.253624272821856067e+01 3.713114005859094457e-02
7.650605427900009090e+02 1.245845110373947762e+01 2.053635564381004266e-02
9.270019407759973546e+02 1.236855350890770566e+01 3.058686548572581154e-02
1.129370974487501371e+03 1.243477889668196212e+01 2.951277980840190732e-02
1.291411199865000526e+03 1.232897647949608455e+01 2.290944873905520485e-02
1.496235437845001798e+03 1.220875427062890850e+01 9.462467799584461589e-03
1.658291568313998823e+03 1.230045819383317607e+01 1.168765083274432050e-02
