-1.330137864055000364e+03 1.272646649581868417e+01 3.213183958385262134e-02
-1.138892161764166303e+03 1.293588131101816430e+01 1.330935900058054407e-02
-9.702816864807693946e+02 1.320011431998431561e+01 2.483049587121211738e-02
-7.764769776727281396e+02 1.310529663542809331e+01 2.646810658422793158e-02
-6.113716526750001776e+02 1.295038282668608609e+01 2.972501211458428508e-02
-4.118042476791663944e+02 1.299805407605140495e+01 2.737317099079436891e-02
-2.502810711046661538e+02 1.323860843661687170e+01 1.873898718577568512e-02
-4.530369958250048512e+01 1.330156020658402660e+01 2.420546996596079081e-02
1.099107481175002903e+02 1.329391076009150296e+01 2.542921590293328524e-02
3.189809523938462235e+02 1.334568630249527033e+01 2.284914005556532360e-02
4.766176367115386938e+02 1.312736888255536627e+01 2.080724581391852832e-02
6.835371298057143576e+02 1.311851920645960057e+01 3.222098310939774252e-02
8.408580447873333696e+02 1.304162561816275101e+01 1.475121381788600805e-02
1.050126961414546031e+03 1.280961697771941488e+01 2.125842404656123202e-02
1.206613003072799529e+03 1.283400854629608823e+01 2.519382067182681165e-02
1.414347853545833232e+03 1.270767856072413338e+01 2.353983558911161220e-02
1.572084470470000042e+03 1.266469662790041539e+01 1.908817307857660350e-02
1.780157318159615670e+03 1.284681462386467032e+01 2.177346054382282153e-02
