-1.346968804854546534e+03 1.443790711194272802e+01 3.021821463733038310e-02
-1.155749072894666369e+03 1.457906922525261173e+01 2.613380951947114061e-02
-9.874997738969233296e+02 1.457456629166031270e+01 2.070445739962816292e-02
-7.934196043158335669e+02 1.451705474688244024e+01 2.856331295949788088e-02
-6.288698436192856889e+02 1.450637652166505198e+01 2.260753376842283835e-02
-4.266734533799994438e+02 1.443536219156319156e+01 2.593235484419289735e-02
-2.656388550925003074e+02 1.441279098989336660e+01 2.980782390146484093e-02
-6.250320412749957910e+01 1.450719773039293514e+01 4.072646872280521330e-02
9.497205081833332940e+01 1.440279648432405857e+01 2.421301828830168396e-02
3.033609909073684889e+02 1.432677408464216207e+01 1.514735898852211625e-02
4.591379044545452075e+02 1.422079356755984314e+01 1.658803892302511407e-02
6.687251646008340913e+02 1.412062406070647747e+01 2.109924739749602374e-02
8.259552262692856175e+02 1.421879962410651466e+01 1.454004473427217455e-02
1.032974553160832556e+03 1.431050854579686593e+01 2.535099667483333222e-02
1.190305085723333150e+03 1.441309359355743069e+01 3.286507032127303218e-02
1.400087774272499928e+03 1.455456428257491375e+01 2.541129269235028326e-02
1.555087848907499620e+03 1.451369291337810274e+01 2.120582281582811604e-02
1.764232112439999355e+03 1.468747875719413365e+01 2.730082543522169974e-02
