-1.411973488064001231e+03 1.112171245792372787e+01 6.098043644211751692e-03
-1.230886866824499975e+03 1.111157420951847463e+01 3.732223720745563283e-03
-1.047392434159411550e+03 1.116037264598380396e+01 6.380861426847244874e-03
-8.720926340788239486e+02 1.113846961529855406e+01 4.249984986424762239e-03
-6.833273577013344493e+02 1.132445294404096003e+01 9.513884235634309169e-03
-5.129033731616667637e+02 1.136401578101201260e+01 8.753981779409716543e-03
-3.183465586840912351e+02 1.119056532253139480e+01 5.940520130168686942e-03
-1.507057303705882703e+02 1.109737376890803695e+01 6.812152461790953704e-03
4.807237058333218016e+01 1.107469323160869124e+01 7.003529270019145589e-03
2.107124753458826092e+02 1.126317143224237149e+01 1.181037410520857991e-02
4.122392770364710941e+02 1.124814230301735130e+01 7.358011825203986112e-03
5.748977682412491959e+02 1.122599920853079425e+01 7.486164441783411082e-03
7.790049792881250141e+02 1.115057788607063927e+01 4.388265186024360547e-03
9.403399645215627061e+02 1.130348736745389004e+01 5.483600932739187035e-03
1.143426652178500490e+03 1.134677824974342819e+01 7.857674302495952154e-03
1.306093498347142031e+03 1.134207505555704998e+01 7.884925385736247724e-03
1.508094632271111323e+03 1.130761335480717555e+01 8.063270059554299846e-03
1.671153736241053139e+03 1.123127032743100884e+01 7.895953318244572014e-03
