-1.316458212963846108e+03 1.302562854196966668e+01 3.873432832637426632e-02
-1.137577807360000406e+03 1.299855637661402774e+01 5.364251505245891394e-02
-9.541808508400005167e+02 1.296596231749617445e+01 2.287463560178691277e-02
-7.784899990333344704e+02 1.289735067750438091e+01 2.821540034970833680e-02
-5.900411769091655287e+02 1.289399312616057358e+01 3.444329286707440568e-02
-4.177891534672219223e+02 1.292076638198858518e+01 4.634825257889083061e-02
-2.228468683590915305e+02 1.290765135167224997e+01 1.947007132967822768e-02
-5.579345175900016329e+01 1.289187209008107260e+01 3.015570520866265800e-02
1.412178348053846832e+02 1.292151444471032917e+01 2.019397124123988724e-02
3.046901813359996822e+02 1.280588561942095183e+01 1.310705533023024706e-02
5.054197278358339531e+02 1.273389629148452329e+01 1.691269825176347844e-02
6.694270126239993033e+02 1.261852170659459205e+01 3.470730472823632673e-02
8.726365233507699486e+02 1.260416925849244763e+01 1.315015181069101834e-02
1.036018272717999935e+03 1.256323676163450642e+01 3.270235708180879719e-02
1.236795707341666684e+03 1.256624622410773817e+01 1.929107128295741089e-02
1.400238850095000771e+03 1.256018986267627113e+01 1.041227262099730759e-02
1.602621598979998907e+03 1.257169723869272815e+01 1.930852482423148220e-02
1.765391114392222335e+03 1.255351689224625034e+01 3.824081611901541250e-02
