-1.448345540230833649e+03 1.454232021290673238e+01 1.789920014248515615e-02
-1.268824677074544979e+03 1.457894218146234522e+01 2.574614557600874223e-02
-1.082680687718573154e+03 1.453406902692004010e+01 1.889104867699558168e-02
-9.099169953112495932e+02 1.462909480605492440e+01 2.504168399888475130e-02
-7.192159206033333021e+02 1.453555037053083332e+01 2.156078562696292847e-02
-5.512081052920002548e+02 1.451391703552438095e+01 3.163984829293590290e-02
-3.551040647544440390e+02 1.452256489995136413e+01 1.790785743813854206e-02
-1.907089267750001511e+02 1.447509324088767713e+01 2.500049999500016801e-02
1.214544499714351566e+01 1.438666408804103547e+01 1.144233864656277189e-02
1.698506119681255768e+02 1.433366332102977836e+01 3.849842732177509441e-02
3.762143776799995862e+02 1.442748809577413560e+01 2.983246553672687373e-02
5.367396068510009854e+02 1.417154284887946325e+01 2.241374578244345259e-02
7.412395925387490934e+02 1.414514039211674934e+01 1.988673985033749189e-02
9.009916027009101072e+02 1.405759122322339039e+01 1.519193506632228290e-02
1.107473125398571710e+03 1.413684902375854513e+01 2.218554147928025397e-02
1.266748458303749885e+03 1.437980984858766398e+01 3.296236238476205754e-02
1.471742737768888219e+03 1.427484031009716858e+01 1.916529785772476749e-02
1.632225182974546442e+03 1.436505296363347561e+01 2.703074466278709495e-02
