-1.399831750682727716e+03 1.244536210650215224e+01 5.104845520054597692e-03
-1.220708863741600453e+03 1.261663920745087353e+01 5.532993403213100868e-03
-1.037927606223912790e+03 1.263619248876129753e+01 5.120011198311106085e-03
-8.602512029507698799e+02 1.253067321803797896e+01 4.741782266656768656e-03
-6.733158530108324840e+02 1.250836796699705822e+01 8.922469393023714848e-03
-5.001642509031827899e+02 1.226788787466019137e+01 1.158685312279638356e-02
-3.065693771523808664e+02 1.222666295730790331e+01 5.133841934593817366e-03
-1.396575960957142399e+02 1.227331194027189554e+01 6.089374729645631069e-03
5.763889037160057427e+01 1.226485368899386685e+01 5.573514510611761105e-03
2.207214741745006847e+02 1.220725019426567570e+01 8.275113292275789248e-03
4.240323180921736821e+02 1.205033324258389271e+01 3.573552891212625204e-03
5.861438089855878388e+02 1.207042238277435509e+01 4.900132300269722900e-03
7.889348408131812675e+02 1.207522206439105439e+01 4.143475404748085504e-03
9.518938204468749973e+02 1.210523291832128656e+01 8.376034800809679937e-03
1.154034397546087348e+03 1.210436715783459327e+01 6.996752760419177458e-03
1.316689592351053534e+03 1.208244462615577852e+01 7.134657572659511802e-03
1.520065533907619511e+03 1.212759548048396852e+01 6.586729082025451036e-03
1.683247953880000750e+03 1.210355723354034829e+01 9.962971955983886824e-03
