-1.308152449269090539e+03 1.260570550667781475e+01 1.545789260119232768e-02
-1.118089292111579198e+03 1.243556093882916791e+01 4.381327132404352204e-02
-9.468634246005563000e+02 1.255368639798695085e+01 1.309201724171751499e-02
-7.540230582174999654e+02 1.255121876079508425e+01 1.215676866747973824e-02
-5.880387818033321992e+02 1.250774542551657120e+01 1.279333281709670554e-02
-3.898109625292859732e+02 1.230706696196141436e+01 1.640822452608424464e-02
-2.274654465233339522e+02 1.232329749971242627e+01 1.477106048055787553e-02
-2.542276919062533125e+01 1.239072882595808345e+01 1.238917118628518263e-02
1.329719708622222925e+02 1.250619515306813234e+01 1.164269432720103394e-02
3.413503984769228623e+02 1.243896700169447556e+01 1.993376131162107739e-02
4.982447716819995662e+02 1.262012400053478878e+01 1.485047259363500745e-02
7.056238682049997806e+02 1.249229479882685112e+01 8.865746776943518939e-03
8.641651598627779549e+02 1.235939725866341377e+01 1.630644546794384961e-02
1.071333443530714476e+03 1.245494051279891323e+01 1.130824516561974684e-02
1.229211731389999841e+03 1.243713199799585567e+01 1.646968614801821301e-02
1.436754016464665938e+03 1.241071176415804800e+01 1.156569992154765809e-02
1.595481994762500108e+03 1.241567969362156632e+01 1.151962022494086926e-02
1.801054031021334140e+03 1.247467398531887284e+01 1.392673224339495419e-02
