-1.463669211451537421e+03 1.179522066206012987e+01 1.000103519601657290e-02
-1.287877407807692862e+03 1.180391958614795911e+01 1.275622445684801605e-02
-1.099186617835385050e+03 1.168702518530470691e+01 6.453443921886517325e-03
-9.285899819862502227e+02 1.174120222727042773e+01 1.214948146632583229e-02
-7.363170764231253997e+02 1.176559723308795213e+01 1.024062301388940430e-02
-5.700233016580003778e+02 1.171165969498967740e+01 1.254101372827939355e-02
-3.701356552628572558e+02 1.178413981827785761e+01 8.994084798711386372e-03
-2.067810176130772675e+02 1.176682334742568870e+01 8.247003567789942813e-03
-5.982110570714992193e+00 1.181503925658843634e+01 7.334833738132655497e-03
1.537207202661543022e+02 1.178992727444836852e+01 6.646306096242074468e-03
3.584995502281249173e+02 1.183024247835921727e+01 1.561989218505040883e-02
5.179044620657150517e+02 1.182648686153935458e+01 8.459247524262766479e-03
7.252967575221430252e+02 1.185107953024173710e+01 1.331889963564524167e-02
8.845380858942860414e+02 1.179325191784044691e+01 1.666498947629441521e-02
1.089505737140714018e+03 1.185673849036897565e+01 1.121767861520433715e-02
1.249023015071538339e+03 1.185543816137436224e+01 1.364857290839435744e-02
1.455801398705293877e+03 1.182434438770854612e+01 8.145741494667348495e-03
1.613767694529375149e+03 1.191066949930180385e+01 1.427886864593329135e-02
