-1.469022259350000240e+03 1.254159886267279234e+01 3.499719990581055817e-02
-1.293035214849166323e+03 1.250772503643714195e+01 1.650399534658983022e-02
-1.104000008918999129e+03 1.239377089568866097e+01 3.287199745216887875e-02
-9.342557925324987309e+02 1.247642852230648458e+01 1.249487358647284260e-02
-7.420831530118190358e+02 1.246150840014476735e+01 2.733377168199140061e-02
-5.746553866485711524e+02 1.245321612664096023e+01 1.618995934380178942e-02
-3.764104285823815985e+02 1.253393828609714333e+01 3.572095594334500496e-02
-2.144363000230777629e+02 1.256624235345995544e+01 4.996806848620745367e-02
-1.082411637818123218e+01 1.255751824029117003e+01 2.217537314413874083e-02
1.484838079733338816e+02 1.263032105312683129e+01 1.513823020478577072e-02
3.534537582488895282e+02 1.258578624824435011e+01 2.267406657935872732e-02
5.126024571040004503e+02 1.272590169275523486e+01 2.361897350740449486e-02
7.204003866022200100e+02 1.258264074618337602e+01 2.512692597908798911e-02
8.768588652779995982e+02 1.256585805485321039e+01 3.880850246572323248e-02
1.084627188192999256e+03 1.255273689488005573e+01 1.837189097522146097e-02
1.243911029133333841e+03 1.256250745458077489e+01 1.485559015387357545e-02
1.449652292268001474e+03 1.260678422804156895e+01 3.905221126605788046e-02
1.608066440233636740e+03 1.271777505660668695e+01 2.848086361464974986e-02
