-1.165215725572500332e+03 1.289059432666731198e+01 2.671656862178311762e-02
-9.977653720357151315e+02 1.296689889212136748e+01 2.730564415892374613e-02
-8.033027937842869051e+02 1.278937487619236357e+01 1.664583992222370620e-02
-6.387988922971422880e+02 1.244312663503120753e+01 1.631377345853815206e-02
-4.388854080499996826e+02 1.245217383058727023e+01 1.190255007642434908e-02
-2.773123680024996247e+02 1.225824565757740459e+01 1.027417624950077886e-02
-7.214128680071424071e+01 1.223743119522121958e+01 1.055661058505316489e-02
8.368531103178558794e+01 1.206924717416145398e+01 3.642069564858742281e-02
2.920748813835712667e+02 1.191799807649752374e+01 8.709482549812868138e-03
4.494085653566665428e+02 1.199271206560075953e+01 1.166718987010285057e-02
6.576793777996001609e+02 1.209935859149805104e+01 8.458334499389796521e-03
8.142483289906672326e+02 1.199253983458719297e+01 1.020841880933707861e-02
1.023335628693571493e+03 1.216953542960730950e+01 1.733986660531558824e-02
1.180804230130001088e+03 1.231062809451666951e+01 1.921236547868248462e-02
1.387547443097500491e+03 1.227008329635639328e+01 1.055150905350104099e-02
1.544939662303999739e+03 1.232496278354509300e+01 1.274768260717133381e-02
1.754711839345714679e+03 1.214945800460686165e+01 8.390828482323689150e-03
