-1.413248324067618796e+03 1.210241658093612749e+01 1.033936248565675044e-02
-1.232523547909001081e+03 1.195611856788061722e+01 8.699557223461494224e-03
-1.049004819501177280e+03 1.195033308189058374e+01 1.060656065908353006e-02
-8.736979415052379636e+02 1.196669142627100157e+01 1.224181565528423103e-02
-6.848094195757148555e+02 1.190882379927823642e+01 9.880595914814027311e-03
-5.144170980420834667e+02 1.219823945317948244e+01 1.125135071291822123e-02
-3.202247905876193954e+02 1.215371118992304922e+01 1.252265607919568653e-02
-1.529215800972721127e+02 1.211782920751521786e+01 7.840728866580432346e-03
4.649126034068994784e+01 1.240655595273581824e+01 1.142668699143058186e-02
2.090741783084216081e+02 1.235122991329616227e+01 1.760067585724692588e-02
4.107254962609530367e+02 1.185821507121671914e+01 9.283801283571879032e-03
5.733674835766665865e+02 1.174632449854826888e+01 1.168238335078534279e-02
7.762301650250004741e+02 1.185122819737436650e+01 8.701859601796800917e-03
9.387246443273919567e+02 1.184805561357567427e+01 1.137527144659910248e-02
1.141963000930000362e+03 1.185736351224284135e+01 1.197205103962557457e-02
1.304537128604761392e+03 1.199503528939210639e+01 7.277258585281868100e-03
1.506564669636191411e+03 1.203449992936913304e+01 9.465796930837414372e-03
1.668686508521904670e+03 1.198998461924949588e+01 8.455410987492667507e-03
