-1.161582052929230713e+03 1.429984965352626247e+01 2.861070776822258882e-02
-9.940241580050003449e+02 1.417225750960554720e+01 2.374150914663529510e-02
-7.996175832600006288e+02 1.430486541036452941e+01 2.150866493470842550e-02
-6.344516329406237674e+02 1.449932123772204484e+01 2.883504744122157570e-02
-4.338580088191305322e+02 1.458690462372510410e+01 3.123415255278753216e-02
-2.743271881706672843e+02 1.464359392374544555e+01 2.054922905645896469e-02
-6.840430768214302759e+01 1.470131216588247547e+01 3.817002491156214899e-02
8.886617846714268865e+01 1.476112181691535241e+01 2.354321131098771266e-02
2.962608781633331319e+02 1.472079939466891396e+01 2.341859976204418298e-02
4.530893712000000164e+02 1.476885336664928516e+01 1.856430960905391947e-02
6.628222507835713486e+02 1.469672149561735530e+01 2.629026829450551578e-02
8.177277534164287545e+02 1.447023610940369487e+01 2.236224431593304002e-02
1.027003221385713687e+03 1.444690320661345062e+01 1.904349976716272416e-02
1.184381121692499846e+03 1.460373093806853895e+01 1.926296761395541665e-02
1.391616266050666582e+03 1.469346503662838721e+01 2.361359307216458550e-02
1.548522783510000181e+03 1.470367262067863479e+01 2.016606070980799317e-02
1.758350320872307293e+03 1.466257505761683788e+01 2.421046392565984542e-02
