-1.474403063265833453e+03 1.162952734459407012e+01 9.228977426845454135e-03
-1.286925167348461855e+03 1.160994343089243230e+01 1.365416425780694235e-02
-1.109523142205833210e+03 1.162147715444556972e+01 1.173515773041172196e-02
-9.246903089445457908e+02 1.164251195446248133e+01 6.888142687005127142e-03
-7.498843351392301884e+02 1.162904204268448538e+01 8.443338472125822697e-03
-5.604866217074995802e+02 1.164593076069475330e+01 1.047429884015902389e-02
-3.903010114429412170e+02 1.164153101195384998e+01 6.382603831336347566e-02
-1.933667496318177541e+02 1.165951274790335823e+01 1.494553341572634440e-02
-2.780948438363504138e+01 1.162424463933473184e+01 1.036469862837763323e-02
1.706821389508331777e+02 1.163224480866851884e+01 1.034581130582346020e-02
3.329164020666660804e+02 1.163000897807125611e+01 8.800924928871573308e-03
5.348890343433340604e+02 1.162881866747713566e+01 8.098997695438023281e-03
6.977151922118183620e+02 1.157826676980799618e+01 1.168189933546716179e-02
9.020736860130771220e+02 1.156252728922738449e+01 9.495047351621578591e-03
1.064157280969998965e+03 1.155687619491723872e+01 2.119164294572870033e-02
1.266294658215000482e+03 1.156102481749108435e+01 1.665877367902424480e-02
1.428462915204546107e+03 1.151498362257637176e+01 9.866969904311510831e-03
1.631811957240416632e+03 1.152001939442856582e+01 1.170107010392551494e-02
1.792914239640908590e+03 1.149612055287717638e+01 1.130154498478884093e-02
