-1.296318871011666488e+03 1.359211907766080074e+01 1.988625060092929706e-02
-1.116535565359999282e+03 1.357303665159143691e+01 1.184533331300970972e-02
-9.320637606499992671e+02 1.346413719657737396e+01 1.078128007242177590e-02
-7.572861076819993968e+02 1.346035296226359890e+01 9.466572769487428124e-03
-5.679082418081809465e+02 1.346927895790276608e+01 1.800108519977741336e-02
-3.972984896681809914e+02 1.341133610094029649e+01 1.409002929804745348e-02
-2.036900130739995802e+02 1.330278208567708020e+01 1.267079318748439917e-02
-3.722057605181841922e+01 1.329493699803656348e+01 1.240314326946857261e-02
1.634698069083321172e+02 1.335544970471042880e+01 1.932942668862980273e-02
3.259659160180002573e+02 1.331113151448552756e+01 1.228022801091251288e-02
5.275647957875007705e+02 1.327977090158947959e+01 7.972282713669034265e-03
6.902399720475004870e+02 1.317900509361686900e+01 1.398094406236576222e-02
8.932509009285000730e+02 1.306409417020330110e+01 9.071080420765827157e-03
1.054571329459286062e+03 1.285283809465222404e+01 5.454456278536037005e-03
1.258964978893845455e+03 1.261821319394529084e+01 5.913193937275139193e-03
1.421486126600908847e+03 1.245568379506744527e+01 6.105754697065348714e-03
1.623125537869165782e+03 1.235603799003567538e+01 8.249964926973749751e-03
1.785733538029166766e+03 1.236654770857209229e+01 9.073771725877565961e-03
