-1.314511064159000625e+03 1.421005457440457320e+01 2.248501723370478420e-02
-1.124452419666363767e+03 1.419316597176475092e+01 1.535813388676656767e-02
-9.552900004353846271e+02 1.424582110358489295e+01 2.326522778419985726e-02
-7.615744971250003346e+02 1.430568506112127913e+01 2.040576006258473449e-02
-5.952113952763641009e+02 1.427278564796216109e+01 1.612066224802199618e-02
-3.953725386533333221e+02 1.418509849712772741e+01 3.220337391744328842e-02
-2.333160428171431704e+02 1.418020893236775670e+01 1.849731089115609281e-02
-3.114199014363640927e+01 1.429104178367143518e+01 1.886139088497196942e-02
1.272072766033331135e+02 1.406880387849528269e+01 1.782333572304285046e-02
3.350073983439986591e+02 1.404069009599462348e+01 1.542327245863642400e-02
4.918827492049992429e+02 1.387506291874886521e+01 2.248698183064697445e-02
7.000974449499984757e+02 1.404667594568562983e+01 1.211365926302786396e-02
8.583863046369235690e+02 1.422523521000302082e+01 2.126848977383907074e-02
1.064353520560909828e+03 1.415983848987929683e+01 1.527710484292321529e-02
1.222553473940000003e+03 1.420005046917674107e+01 1.551049096564799910e-02
1.431343831962727336e+03 1.428388085042962530e+01 2.427555931105942338e-02
1.587109979771538747e+03 1.432251036894734852e+01 2.853714569766684431e-02
1.795524092723077047e+03 1.423845740428470386e+01 1.951477854607432810e-02
