-1.330663530184999445e+03 1.192914826771816550e+01 8.415224298852670703e-03
-1.139842054386363316e+03 1.192060088118055639e+01 9.115668762066484951e-03
-9.712479992425014643e+02 1.202182638925186708e+01 8.921824832024655844e-03
-7.774217653166674609e+02 1.206243343194551976e+01 1.005360290706243907e-02
-6.123979132581814611e+02 1.208509905778791449e+01 7.309308824513540380e-03
-4.127427833625000062e+02 1.208894649848598490e+01 8.677343850297511776e-03
-2.518495745758330884e+02 1.203682244649931299e+01 8.810373725625130978e-03
-4.630710631090848750e+01 1.215070594739079191e+01 1.123881863576297289e-02
1.089311209128572955e+02 1.213658470476933537e+01 7.265177137126032150e-03
3.179352067179999608e+02 1.205676071542833938e+01 7.255067194726752544e-03
4.756330728590000945e+02 1.204974928366762299e+01 8.554589411538063640e-03
6.821766693589997885e+02 1.203165724838411599e+01 1.526682678227529039e-02
8.397902354861530512e+02 1.197235792865634174e+01 8.847723040652717350e-03
1.049176948892222754e+03 1.200392866778291534e+01 8.427045102717571623e-03
1.204878210797500742e+03 1.189729941703341254e+01 4.882906249100013411e-03
1.413390940591000344e+03 1.191897611877487684e+01 5.605621306591090924e-03
1.571111272294544506e+03 1.192414224000998146e+01 6.116573536359666032e-03
1.778057437852858129e+03 1.190706030417600125e+01 6.200979611976574143e-03
