-1.470384709818333477e+03 1.251879670681462819e+01 1.076312721319445422e-02
-1.293865734614999383e+03 1.255380362722155674e+01 1.193754581143035946e-02
-1.104814464271000134e+03 1.236930590904909266e+01 9.375713306196995639e-03
-9.350118326749994822e+02 1.255416069362548015e+01 9.264178322981446792e-03
-7.427920694445446088e+02 1.270136082403599609e+01 7.058306060789923744e-03
-5.754342187075004631e+02 1.273524077789524078e+01 8.199198244453644382e-03
-3.781496360550008831e+02 1.257846018319375503e+01 8.150068166040851103e-03
-2.157494900850003035e+02 1.232683888990604970e+01 8.778788619714499378e-03
-1.156426058555532776e+01 1.254288835825163595e+01 9.374395270848259396e-03
1.476723649454546603e+02 1.254245742787854567e+01 1.197988547098104324e-02
3.527045988630001148e+02 1.254662212665121501e+01 1.355451954146651844e-02
5.118214434758331777e+02 1.231297132164979402e+01 2.809148208515777068e-02
7.184964595093329081e+02 1.221373427407949919e+01 9.691905748460242359e-03
8.765422973233331732e+02 1.215183382037045412e+01 1.332386816817715189e-02
1.083947610639999084e+03 1.229313074989984500e+01 1.232298665097058578e-02
1.243122347750908602e+03 1.234538529040104216e+01 7.518671973788810213e-03
1.448868666716000689e+03 1.246656005288314795e+01 1.307837910446099129e-02
1.607258727981667789e+03 1.215577422543754516e+01 1.116508591630707703e-02
