-1.451902084209999884e+03 1.156477467200976328e+01 1.083767427794475602e-02
-1.273818421916250827e+03 1.151729419768141582e+01 9.903151177073264699e-03
-1.087248468279999997e+03 1.139657225933112095e+01 8.322952898870429259e-03
-9.137380117735707472e+02 1.140753715234455257e+01 4.878725488173312960e-03
-7.227832247907683723e+02 1.151972931751162221e+01 1.045523653995051282e-02
-5.549365912893758832e+02 1.152361269742866767e+01 8.343132574209618721e-03
-3.586002802999998949e+02 1.152202908188795405e+01 1.027155525410675986e-02
-1.944451629279996325e+02 1.163368526044444806e+01 1.030397672324063346e-02
7.175260159332538024e+00 1.158623377616296501e+01 1.164250624097858643e-02
1.662950248464294418e+02 1.185367798666875672e+01 1.608340591941753023e-02
3.726132748257140292e+02 1.154164484010591529e+01 8.706473866588168575e-03
5.330274523257149895e+02 1.148533756132730232e+01 7.887625380975234538e-03
7.368984068885703209e+02 1.142948275618961596e+01 8.178528334527418800e-03
8.971825835461534098e+02 1.171483089690016755e+01 1.691196435037580631e-02
1.102817799504210598e+03 1.168776888731381014e+01 6.213123113915526401e-03
1.261980654857999752e+03 1.145338909569502484e+01 9.697585559133733990e-03
1.468071812070909573e+03 1.153077009356870164e+01 6.178050909299365873e-03
1.628402804536154008e+03 1.165089345363035456e+01 1.078075005910814066e-02
