-1.424495106491665865e+03 1.363147111871471040e+01 1.869281402829166272e-02
-1.244990859284799853e+03 1.360821644738320657e+01 9.322331038962305277e-03
-1.061618555477271912e+03 1.344979202199726487e+01 1.522582329354275031e-02
-8.847137467449992982e+02 1.339456919810984914e+01 1.576314853865977764e-02
-6.954066225290906686e+02 1.336012065895596024e+01 1.386491661884350912e-02
-5.259357313000000431e+02 1.344293349836648233e+01 1.106701562186902972e-02
-3.311708862333325669e+02 1.344622849511507745e+01 9.620188792711327139e-03
-1.654729912642859233e+02 1.346348571840933062e+01 1.434031656904037957e-02
3.325665451789475213e+01 1.350909890786937773e+01 1.077518816459855679e-02
1.953917984969246788e+02 1.351729388407312449e+01 1.154264224063594746e-02
4.000343412999985162e+02 1.356025552402685364e+01 5.237197794693338772e-03
5.620457690058332219e+02 1.359515613744991036e+01 1.445242834907639086e-02
7.643118480966671768e+02 1.354946574343654042e+01 1.108302004569756277e-02
9.262156360353849323e+02 1.342908489820075069e+01 1.159873802248147581e-02
1.130141194029999951e+03 1.342048315774526479e+01 1.168024189545138931e-02
1.290764074273075494e+03 1.341176820721177521e+01 9.807245609968940833e-03
1.495471398895833772e+03 1.334566338917115225e+01 1.176651223537306980e-02
1.657468947650000018e+03 1.333613852035028913e+01 1.864859361270386484e-02
