-1.321680879627499280e+03 1.234489442062008280e+01 7.708220719898128959e-03
-1.131240396202500051e+03 1.246831110223889283e+01 9.458975749108467640e-03
-9.627536524435714682e+02 1.237423178387151879e+01 4.727910120844881943e-03
-7.693273422431257131e+02 1.240931172344564892e+01 1.102189537848980230e-02
-6.032954062061538707e+02 1.226306880993296211e+01 4.429080052764024222e-03
-4.025007466607140714e+02 1.236391437296411588e+01 7.255966681162058160e-03
-2.420191072129627798e+02 1.228421408438433637e+01 5.064146767456977581e-03
-3.801761627133334542e+01 1.226621246810329424e+01 7.734406055867284850e-03
1.199830790928556610e+02 1.229992284882360565e+01 5.778371505837554163e-03
3.267301091292855517e+02 1.257312052723411533e+01 9.499827372990383989e-03
4.841818612628568417e+02 1.262547522210269868e+01 1.130500804940381271e-02
6.932293140176927864e+02 1.249732133554399205e+01 1.105359970571832828e-02
8.487460902115383305e+02 1.241577423247788126e+01 4.588977710939268553e-03
1.057452483775384735e+03 1.257504684551897434e+01 5.571482757609770922e-03
1.215431197054614813e+03 1.268054402776603240e+01 9.488416146278148833e-03
1.421755552253571523e+03 1.258361946028022516e+01 9.034211781184259965e-03
1.579657260295001151e+03 1.261888761969868433e+01 1.145712114800227603e-02
1.788710223311538130e+03 1.288190922743748246e+01 1.001982559081132304e-02
