-1.420263050286154112e+03 1.250222343697070393e+01 6.220423875485860989e-03
-1.240132196112667316e+03 1.262102150460045280e+01 7.887805872451567057e-03
-1.058006999263999660e+03 1.284281059939562120e+01 7.633066467921206973e-03
-8.804003109930775963e+02 1.286668152351814776e+01 9.604325000562541695e-03
-6.912742912999985947e+02 1.290847697094644175e+01 1.078948102897611325e-02
-5.215417102171429633e+02 1.284142757479948038e+01 1.078238561961807063e-02
-3.271079867523087614e+02 1.284068338823809086e+01 8.832740022957467907e-03
-1.606191011059990501e+02 1.286453105685145459e+01 6.042088706523605392e-03
3.869696873380910773e+01 1.293542480135511141e+01 4.219314293666164353e-03
2.007285847863994377e+02 1.293641899260444283e+01 7.071945701149049031e-03
4.042390364871420729e+02 1.304985851427895227e+01 1.027105318493178737e-02
5.665160011926670904e+02 1.302979566701659131e+01 1.778060533069459118e-02
7.689808302107142026e+02 1.286893194311909916e+01 7.671579635954225464e-03
9.307047105878575621e+02 1.271842504804913787e+01 2.643889070462230109e-02
1.135437370444166618e+03 1.254080513517282292e+01 7.176793555672422893e-03
1.296595640362271752e+03 1.257970300190081403e+01 6.529336214727988162e-03
1.499642921706923062e+03 1.272249246611544571e+01 6.366159966364491607e-03
1.661794415427143804e+03 1.279007553488180271e+01 7.464029387259788102e-03
