-1.355217974979997962e+03 1.417600000000000016e+01 0.000000000000000000e+00
-1.164079266236666854e+03 1.407699943648533392e+01 1.960340283669587472e-02
-9.965132026166660353e+02 1.414958347430749619e+01 2.007363470289287924e-02
-8.020736253190909792e+02 1.415104353000164927e+01 2.155962500841289778e-02
-6.375208605558327690e+02 1.418160651243479187e+01 2.020227572439416489e-02
-4.372954046435295368e+02 1.416779403780457436e+01 2.522088860575515470e-02
-2.770104810945472877e+02 1.426858124560897778e+01 1.949798194107804639e-02
-7.095271502769286087e+01 1.429186706607055157e+01 2.853599727793534532e-02
8.517434377421044189e+01 1.436304793085001918e+01 2.123894015936674332e-02
2.933383371058334887e+02 1.429186356397342372e+01 2.577219467795709151e-02
4.504934027689996583e+02 1.431946607518594661e+01 2.196442578352546249e-02
6.589660440013639118e+02 1.426647864855190839e+01 2.283752596136591831e-02
8.155546127200002502e+02 1.413739041136772911e+01 1.425010050447643971e-02
1.024497986280908890e+03 1.418227497196961373e+01 2.114338726277433314e-02
1.181911015670000552e+03 1.415159368064982104e+01 1.854679139566680832e-02
1.388729927164546098e+03 1.425267012709693226e+01 2.739378093032976760e-02
1.546050759080000034e+03 1.416993544181617537e+01 2.734134232257071431e-02
1.755975566843076876e+03 1.428532991859265699e+01 2.920532994546524638e-02
