-1.452041891581176515e+03 1.341411631536235305e+01 1.563508660795799934e-02
-1.274349306053265309e+03 1.343257333661811614e+01 7.791447961713403314e-03
-1.087671810487500579e+03 1.341245939781850183e+01 7.354411941141159731e-03
-9.139965128419236180e+02 1.346311845276393626e+01 1.551968994723353958e-02
-7.230169492204539665e+02 1.337257417372881463e+01 1.317939561665992625e-02
-5.551758748384000910e+02 1.343327824535839099e+01 9.052204151476020422e-03
-3.588387754413042217e+02 1.334433073794431479e+01 9.018824545715771121e-03
-1.947118636591664256e+02 1.337881883270789807e+01 9.887898865860332218e-03
6.241990387500209181e+00 1.344325561221412890e+01 8.743899589387838303e-03
1.661818110585189459e+02 1.348586999671462827e+01 1.079999736565270645e-02
3.724358989061906300e+02 1.344883642142354496e+01 1.102384258233977607e-02
5.327204877511109089e+02 1.347851022316621261e+01 1.083854997329200369e-02
7.367295711175001998e+02 1.336242731631872260e+01 1.206099467675004165e-02
8.969433069117388868e+02 1.337803432049699026e+01 8.956237263087347619e-03
1.102418222379024201e+03 1.330204698145075071e+01 6.270786301742701553e-03
1.261457372896333709e+03 1.347483072943220961e+01 8.801559205302459526e-03
1.467854040848499380e+03 1.351981047270548153e+01 1.011298052010383731e-02
1.628155445660384203e+03 1.357121708549696493e+01 2.439191274528693457e-02
