-1.465810935320555473e+03 1.224392136873188619e+01 9.986032873793883324e-03
-1.289638029956666969e+03 1.223598233613670594e+01 1.617585411040879315e-02
-1.100824712149999868e+03 1.226447392321831842e+01 1.548624232131593989e-02
-9.308068970957143620e+02 1.225280789579632845e+01 1.587507848643112188e-02
-7.388394514091663723e+02 1.250792684706817681e+01 1.288715521882061524e-02
-5.715438768507704026e+02 1.262413236039403763e+01 4.617372463395291726e-02
-3.718273437174987635e+02 1.268522570755428802e+01 2.028434595131527879e-02
-2.085330032983341368e+02 1.275561804230882856e+01 2.209788315503315170e-02
-7.578385193637090289e+00 1.286165621430168038e+01 2.458802453466198135e-02
1.519444550221440693e+02 1.268827810433778680e+01 1.556498462919572376e-02
3.570829870328577158e+02 1.275966639133369540e+01 2.239530548005784494e-02
5.161269173492863729e+02 1.267564560249508787e+01 1.472549456451143629e-02
7.236212861728573671e+02 1.263207500792261229e+01 1.251741719854659700e-02
8.815763703681478773e+02 1.244143009403113531e+01 1.223755214712046561e-02
1.087903650824666556e+03 1.249198215712624105e+01 1.768532669654601999e-02
1.247282572791333450e+03 1.266947041462521639e+01 1.339269082937369348e-02
1.452482320358667266e+03 1.286323989447019578e+01 1.855847565682601855e-02
1.612073400210625095e+03 1.296999964846305886e+01 1.920270050741099133e-02
