-1.457820497203333389e+03 1.176283428731309932e+01 1.314161469655872327e-02
-1.281874085783333385e+03 1.181221095251845199e+01 9.729169672700769406e-03
-1.093582183994166144e+03 1.180265836009204250e+01 1.358911680624118670e-02
-9.217246634476928193e+02 1.178322290708337050e+01 4.054379584497154118e-03
-7.299918045735998930e+02 1.174746343367039536e+01 6.866838984097519728e-03
-5.612346680024990064e+02 1.183708935219229730e+01 1.568894031402289641e-02
-3.644895365130768710e+02 1.192367209832011987e+01 1.426265891105249310e-02
-2.007416071858333453e+02 1.190152411334390337e+01 2.229182625303736953e-02
3.242295984611980875e-01 1.185221840546983607e+01 8.582475478248316816e-03
1.596642556784611884e+02 1.194384189257013595e+01 1.198633359991686104e-02
3.667295368183331448e+02 1.194785169313507289e+01 1.379455460644395115e-02
5.242018542060017126e+02 1.186936747221019317e+01 1.072882700907650151e-02
7.309825751615392164e+02 1.174786832575243878e+01 8.313093138080736647e-03
8.909195011546665910e+02 1.169248459279853947e+01 8.400533578776021859e-03
1.095601047815333459e+03 1.160242063638312082e+01 8.033498245686755690e-03
1.255175258473846270e+03 1.153535214306587342e+01 1.044695248239946306e-02
1.462214393673570612e+03 1.134677711205674910e+01 8.292549414526549992e-03
1.620452526662726541e+03 1.145332275203591266e+01 9.310809367194606070e-03
