-1.433190403730000526e+03 1.364976523960721977e+01 4.109236254553329942e-02
-1.243324129516362746e+03 1.368789169442632314e+01 3.223663328304665621e-02
-1.072038315568888947e+03 1.355585426542873151e+01 2.595848040576879262e-02
-8.808792443963631058e+02 1.364306987221096534e+01 5.603068789743421985e-02
-7.092464338222239348e+02 1.367218666288976792e+01 3.064327594357120141e-02
-5.144823886536363489e+02 1.370720332344368941e+01 3.487812218827302663e-02
-3.478849320636363700e+02 1.362172210670108186e+01 3.621477274794501072e-02
-1.502656247736350394e+02 1.362923688930037613e+01 2.439743347770452833e-02
1.220143525299936371e+01 1.362875388756013528e+01 2.319578068727182890e-02
2.149731686063153688e+02 1.355112251559619096e+01 3.598346213377234815e-02
3.741503800759994078e+02 1.356004649227218550e+01 3.975564317170631606e-02
5.809953398429992149e+02 1.349786712324857163e+01 6.622784419453600635e-02
7.406382879472723744e+02 1.350483657887726352e+01 3.692340473183503696e-02
9.452075262816670147e+02 1.346765269464893144e+01 4.434495989338364114e-02
1.104732034443333532e+03 1.344719403908913335e+01 5.150477673739704831e-02
1.312340944801999967e+03 1.340258700230615574e+01 4.403130627620024939e-02
1.469984271170000056e+03 1.346569473218865021e+01 3.823568325600792961e-02
1.676530453993749688e+03 1.351959858707743400e+01 3.448250550626492938e-02
