-1.478069932672999812e+03 1.320833997758897382e+01 2.771486903676610714e-02
-1.301171366766667006e+03 1.322211676528473667e+01 5.009887494885095771e-02
-1.112820775419999336e+03 1.310384378482342527e+01 6.438233409530143281e-02
-9.420145339616659612e+02 1.294084971265657735e+01 2.841015121797960813e-02
-7.494506166125011077e+02 1.290371027842429008e+01 2.109048379072947163e-02
-5.832256876139996393e+02 1.293953523471711620e+01 1.564279538439031225e-02
-3.853172651062495788e+02 1.299750182365988493e+01 2.599984017817322593e-02
-2.226568338236360205e+02 1.309567256295724036e+01 2.564286640237846762e-02
-1.826673853300017214e+01 1.301234053699694471e+01 2.902308151340868975e-02
1.376557526445467374e+02 1.315577866302846743e+01 1.522338201902286373e-02
3.458707035988894063e+02 1.315812547031409707e+01 2.056363797635575585e-02
5.047190722241666663e+02 1.326027597355912313e+01 2.280604193301487975e-02
7.102283995171445667e+02 1.314105983977248471e+01 3.860452446041400670e-02
8.689140793711121660e+02 1.321989610126226822e+01 4.330035218864333735e-02
1.077000409008888255e+03 1.306759431994642284e+01 3.476050084806967672e-02
1.233407395538461969e+03 1.301553204432993560e+01 4.929180309406447358e-02
1.441318593922222362e+03 1.318339118125429188e+01 5.011877231590571719e-02
1.600184641037500114e+03 1.319609380765866469e+01 1.913933403476575021e-02
1.805626827041250181e+03 1.308870750642460301e+01 1.869656058257245304e-02
