-1.413215606115000355e+03 1.204903539698457138e+01 1.227534113578925869e-02
-1.232464098058000218e+03 1.187077046670814973e+01 6.350409727230498479e-03
-1.048879234153077277e+03 1.193549492883451002e+01 1.161591362093294076e-02
-8.735599227573334247e+02 1.194287307465660142e+01 6.249954073905343056e-03
-6.847862403133341331e+02 1.199331828705983582e+01 1.192601886322193668e-02
-5.142676302111768791e+02 1.196006113440672713e+01 7.609623568405961443e-03
-3.200539084572228603e+02 1.209810696621601345e+01 8.988180014472582982e-03
-1.530634476407406908e+02 1.213040052880084474e+01 9.942388253517035410e-03
4.660513522285743448e+01 1.194243637060444030e+01 7.843773412147255625e-03
2.091836580652944804e+02 1.210322213346462128e+01 1.046173958359702602e-02
4.108489536778574234e+02 1.224167490852496343e+01 1.850294476602507010e-02
5.733939125733335231e+02 1.210183279271434209e+01 1.258036664807510134e-02
7.764707017235996318e+02 1.206311581295794433e+01 9.426958504975430433e-03
9.383549251823811801e+02 1.201189539800451378e+01 1.004648519679473238e-02
1.141990044060000173e+03 1.228412930570389960e+01 1.135850662301467716e-02
1.304584974246428601e+03 1.231963312507565433e+01 1.401144887970026676e-02
1.506799901478125321e+03 1.208841921502362915e+01 1.055462678091341651e-02
1.668767759689333616e+03 1.213426370166041579e+01 1.043433080073943343e-02
