-1.423956146327857141e+03 1.225774585396407623e+01 1.077361606062275309e-02
-1.244342061214864543e+03 1.226604095591014243e+01 7.579540720480788807e-03
-1.061236948964782869e+03 1.227710864349219833e+01 8.765910101371484145e-03
-8.842586204287499640e+02 1.228292236773156176e+01 1.047833178303123926e-02
-6.949203069770834418e+02 1.228104164668230247e+01 1.800122711798292710e-02
-5.254079379725922081e+02 1.230209675963595117e+01 8.694603552058548582e-03
-3.307386227427272161e+02 1.228788351091438358e+01 2.092196791347442075e-02
-1.649488691365384909e+02 1.227905756139832860e+01 2.431705529844625444e-02
3.390576844599927142e+01 1.228419080306316147e+01 1.248628156803589968e-02
1.958541130926927281e+02 1.230516785266110347e+01 8.304307207606996186e-03
4.005182262073921606e+02 1.225579062682317932e+01 1.465219896534168502e-02
5.625458111273907207e+02 1.223261380658395936e+01 1.432925278098711244e-02
7.647519547056512010e+02 1.213669058601722028e+01 1.005357306163086502e-02
9.267531286880764583e+02 1.219084898294200592e+01 1.337432326475184244e-02
1.130364898124047841e+03 1.219987824907034479e+01 7.530311586703174360e-03
1.291022307560434228e+03 1.223816428115097033e+01 1.592450179332908361e-02
1.495987141350500224e+03 1.223229338680638634e+01 1.095852455671597787e-02
1.658014417475499386e+03 1.226740578330468878e+01 1.318322726810382088e-02
