-1.462023740785999735e+03 1.362235598791576052e+01 1.200170821175059951e-02
-1.286427897378571060e+03 1.360862976319552509e+01 1.389654874619571448e-02
-1.097848654849999775e+03 1.352580352149030318e+01 1.218691921693092553e-02
-9.270119513933332200e+02 1.352144830966143019e+01 3.002555817163973101e-02
-7.353228736654550630e+02 1.349799933288938014e+01 1.158744884341337059e-02
-5.676696821988242618e+02 1.359191297505435791e+01 2.202717452755605793e-02
-3.687713823499996693e+02 1.356488481413653702e+01 1.370242949277637040e-02
-2.052764064646152633e+02 1.362971845516692504e+01 1.205929063706046717e-02
-4.496057363749969227e+00 1.365278423297929855e+01 1.896604696556453487e-02
1.552185152680002034e+02 1.370106421283986009e+01 1.718476069079817592e-02
3.604688653341654572e+02 1.370149968390519568e+01 2.301836022412127869e-02
5.199237584592315216e+02 1.373157925423776682e+01 1.763574699704643228e-02
7.267308912099998679e+02 1.362368356645817791e+01 1.233772199078346163e-02
8.863866900788884777e+02 1.361506814025381118e+01 2.005267412015164161e-02
1.090935891790000142e+03 1.361089379960707468e+01 1.740969252140837573e-02
1.250515033026923220e+03 1.368842628940904049e+01 1.113507909020022835e-02
1.456402500025999643e+03 1.369112423837915671e+01 1.254218382100979502e-02
1.614711465169999656e+03 1.361711907748839856e+01 1.576973588453538938e-02
