-1.304025093578636870e+03 1.348637316520649243e+01 1.193202085620862635e-02
-1.114521613627059196e+03 1.349620058758449836e+01 1.335101277174676089e-02
-9.438508701366681635e+02 1.347816543963778635e+01 2.654150313921359652e-02
-7.511646724783331592e+02 1.355831780221169502e+01 1.143540635563595337e-02
-5.849543988658327862e+02 1.355581549839570243e+01 1.695833333333334955e-02
-3.869720994950002932e+02 1.356717702427394912e+01 1.591999310789907543e-02
-2.244950262890911574e+02 1.347120245755480994e+01 8.478726638444412586e-03
-2.152949579904851163e+01 1.353045864356528938e+01 1.049932510518646750e-02
1.370612741683338243e+02 1.351550075119628325e+01 9.335906143407715976e-03
3.442080559609094053e+02 1.344272241677348134e+01 1.783600896017241769e-02
5.030019632754549548e+02 1.326843894644844468e+01 9.547461418313593975e-03
7.084970965541664327e+02 1.324836591916625217e+01 1.129927480465498651e-02
8.671494479084610703e+02 1.329997217647840735e+01 1.062515629486904777e-02
1.075499609200908935e+03 1.328867250494528207e+01 8.220569389153910972e-03
1.231681045628749416e+03 1.332278944546653854e+01 6.999930245188169808e-03
1.439665662619999011e+03 1.340884878408248504e+01 9.067324779815671976e-03
1.598427690686363121e+03 1.341644786115481125e+01 1.532394991579490336e-02
1.803557408249998844e+03 1.343631264718515439e+01 2.233655915757835203e-02
