-1.161355077997692888e+03 1.305189038108492205e+01 6.839269193059314446e-03
-9.938687509393748769e+02 1.297203244976837055e+01 6.535061686778420587e-03
-7.994376810778568370e+02 1.305034951354773298e+01 1.083478161807485164e-02
-6.343199251824999010e+02 1.302080481792131295e+01 7.916048152921666831e-03
-4.335146785086362797e+02 1.300859100571987703e+01 5.219647433371699639e-03
-2.740535381207698151e+02 1.290080654245610425e+01 1.050578010271876681e-02
-6.816179238428647125e+01 1.288063850271213795e+01 8.118922934785850060e-03
8.910211410333249660e+01 1.299494675833455659e+01 6.178432843966786409e-03
2.968407215782353887e+02 1.303207006388734612e+01 1.125168644211055856e-02
4.532400310243751846e+02 1.314176650635205057e+01 9.286036223814736826e-03
6.630260717346150159e+02 1.323554086678558761e+01 1.114243448057228650e-02
8.179280481119993738e+02 1.317348453074245640e+01 1.139390350305979210e-02
1.027173099098334887e+03 1.316427430494181472e+01 1.386648888107188879e-02
1.184619260732666135e+03 1.313536937773946534e+01 8.889844393088808944e-03
1.391823923474375533e+03 1.321790905050003850e+01 8.098514524281657384e-03
1.548809764321538523e+03 1.330771954060236340e+01 9.604230216518605187e-03
1.758560310818460948e+03 1.331655289105406403e+01 9.953510507130971380e-03
