-1.472841317667777730e+03 1.333685431709350055e+01 6.426127777655650519e-02
-1.295802314897498945e+03 1.335865118020026010e+01 3.292282707530833769e-02
-1.106585427688333994e+03 1.337154595860232575e+01 4.545184357879158282e-02
-9.369161332330768346e+02 1.352408035757058613e+01 2.624865230102268673e-02
-7.447170776900002238e+02 1.358265576383805850e+01 2.805964233162704449e-02
-5.780895409300011352e+02 1.354121598153534478e+01 4.370966308496075647e-02
-3.801713098875006835e+02 1.342933837310114953e+01 3.695876261827980153e-02
-2.173143303006664269e+02 1.341808206169693563e+01 3.303342478154445983e-02
-1.342832328333315672e+01 1.339370060741553381e+01 3.730062520628216194e-02
1.446711159100000259e+02 1.333729117642461404e+01 2.380757642493037257e-02
3.508839259076921735e+02 1.326384045619779428e+01 4.171902152562924349e-02
5.099098055108333938e+02 1.320171448469959152e+01 3.352455183621220330e-02
7.167851705653849876e+02 1.322564675284470681e+01 1.958053430923354515e-02
8.740991754600003105e+02 1.312491629764780221e+01 3.785240726807567735e-02
1.081995443178461755e+03 1.310928720555914317e+01 2.973286934730839937e-02
1.241193398775454853e+03 1.310005258133805484e+01 2.395868878114143161e-02
1.446216752057272060e+03 1.312333932565591255e+01 3.754425491248177676e-02
1.605314299703333063e+03 1.307411275286230179e+01 4.523448582684045510e-02
