-1.332676072917499823e+03 1.307639030460359741e+01 3.318770841572375035e-02
-1.142261722744285635e+03 1.295604111252048085e+01 1.618952155750161964e-02
-9.729696363779992225e+02 1.289244962004932304e+01 1.825197154362871374e-02
-7.790872793325003158e+02 1.286983964123483659e+01 3.472550335094169022e-02
-6.141109372526668722e+02 1.303918592017292788e+01 2.870315661230070370e-02
-4.149332156278578623e+02 1.311035349614253320e+01 3.638180715808764232e-02
-2.535290910092304557e+02 1.302960880139360000e+01 2.322125606193776656e-02
-4.816186754428625960e+01 1.304836946440454781e+01 2.511027489545270691e-02
1.072922846656247202e+02 1.319694308816411699e+01 1.973295036216382581e-02
3.162948245399996381e+02 1.327774840383096233e+01 2.614058994303827127e-02
4.740054007558325679e+02 1.320141066983489608e+01 2.433623006259565472e-02
6.810760154053848510e+02 1.292259493224056399e+01 1.772829917528459878e-02
8.382442476859999942e+02 1.307012081955241811e+01 2.014441020046474351e-02
1.047554412697499401e+03 1.304084008106934434e+01 3.073102203045276551e-02
1.202712693248124651e+03 1.324779426552188966e+01 2.803267649186199847e-02
1.411718229542307881e+03 1.307642642249683718e+01 4.305019433965193848e-02
1.569525249716428107e+03 1.283995568682214916e+01 1.823296193823812153e-02
1.776361513458666650e+03 1.300139991187707977e+01 2.659782563087593338e-02
