-1.423956146327857141e+03 1.341016151578492099e+01 8.582390949049813200e-03
-1.244342061214864543e+03 1.338900837331435767e+01 6.943459946842331018e-03
-1.061236948964782869e+03 1.341985910830811868e+01 1.245360585698490792e-02
-8.842586204287499640e+02 1.341031125049269690e+01 7.704949520047607407e-03
-6.949203069770834418e+02 1.342258270066617420e+01 1.124559777551661054e-02
-5.254079379725922081e+02 1.340702305711543829e+01 3.090860015895266488e-02
-3.307574768504761664e+02 1.341734250638386250e+01 9.423183840345898676e-03
-1.649488691365384909e+02 1.342673097559585216e+01 8.486622314371120371e-03
3.387896185714219399e+01 1.342969113707216167e+01 9.067359042190829485e-03
1.958541130926927281e+02 1.343168630506653827e+01 6.951932795626142303e-03
4.005182262073921606e+02 1.334934198895893509e+01 1.042692678452305545e-02
5.625458111273907207e+02 1.331111605824292532e+01 1.084003550217899937e-02
7.647519547056512010e+02 1.312230271169918083e+01 6.052997358318261412e-03
9.267531286880764583e+02 1.321222490361713930e+01 8.612560954226073165e-03
1.130364898124047841e+03 1.326492527358622020e+01 6.298581835538065096e-03
1.291022307560434228e+03 1.333689855791303636e+01 1.048600377505859611e-02
1.495987141350500224e+03 1.334012441633107926e+01 9.012900476539187355e-03
1.658014417475499386e+03 1.336594643790132864e+01 1.197255194183760758e-02
