-1.459343546514499849e+03 1.329734095857585530e+01 1.154991341958893671e-02
-1.283578117889230725e+03 1.349375032740772085e+01 1.340691580651106468e-02
-1.095001541097826248e+03 1.347750125495828577e+01 8.779257815905773879e-03
-9.244286828576662174e+02 1.349017322434797883e+01 1.118075231020801592e-02
-7.327312229922231381e+02 1.333184739891125048e+01 8.109228662053578202e-03
-5.630587225776466767e+02 1.329957906315532234e+01 7.835215145543814388e-03
-3.661414958216667515e+02 1.334919695937876050e+01 8.141822861858960883e-03
-2.023718057576919023e+02 1.335565298104848608e+01 9.764538429537804320e-03
-1.771769577082826119e+00 1.352896102067130357e+01 1.830691752225555025e-02
1.580959315903567415e+02 1.362666309560092692e+01 1.408070210064930883e-02
3.642755495983869878e+02 1.348713459165796102e+01 8.343917506192104899e-03
5.226581499416669203e+02 1.354914177450760171e+01 7.340541911572687900e-03
7.294284572182606325e+02 1.365791929173603414e+01 1.227863411611314869e-02
8.892531812938466373e+02 1.366769181314849568e+01 9.350980077102454685e-03
1.094306433995833459e+03 1.351164983971536948e+01 8.850281010133681861e-03
1.253432719285555095e+03 1.361459643553123833e+01 1.011013878560966528e-02
1.460724847354546455e+03 1.353631526661781059e+01 8.971661076932101880e-03
1.618722425948536738e+03 1.347333865635199324e+01 1.527597387718477098e-02
