-1.164538669613331876e+03 1.321733796558684659e+01 2.281464320824337991e-02
-9.970009927766665214e+02 1.314644702144489941e+01 2.291290368666734287e-02
-8.025860271150000926e+02 1.317541503492352817e+01 3.872538134699706619e-02
-6.380296094516664880e+02 1.315193214709490732e+01 2.131364262169779117e-02
-4.382437907106665307e+02 1.324361383753609900e+01 2.236848080913163631e-02
-2.770067437428562016e+02 1.323690434710733221e+01 2.140026528903904782e-02
-7.140549962692323049e+01 1.318780799154524885e+01 2.256849471706435378e-02
8.444972400239959143e+01 1.321750564341447642e+01 2.500813433094780172e-02
2.928032979818182753e+02 1.309796758581812881e+01 3.419766436583440705e-02
4.500269604015389291e+02 1.312898372574838923e+01 1.718878141397881323e-02
6.589690235511760648e+02 1.308984566344468981e+01 2.536075733771746971e-02
8.150518824158340294e+02 1.292881610107463430e+01 2.131025416958889571e-02
1.024020809116667124e+03 1.279100587174890435e+01 1.640859827995664461e-02
1.181409575696153752e+03 1.270947222075045602e+01 1.537732453967114929e-02
1.388899028539231040e+03 1.284067257908794701e+01 2.434835478942503836e-02
1.545558141034285654e+03 1.290013793072973769e+01 2.425690797471556984e-02
1.755389342323077017e+03 1.306410686267928867e+01 1.578395522879794469e-02
