-1.420253026703157047e+03 1.152315416346235111e+01 9.322356806049533068e-03
-1.239486360158260595e+03 1.166967078944648861e+01 6.332974784694952140e-03
-1.057817964971304718e+03 1.192726776052185755e+01 1.112722279244091408e-02
-8.803665419608329330e+02 1.213498547402185679e+01 1.153391892565086910e-02
-6.911492084700013265e+02 1.183779484020292649e+01 8.025891226070345011e-03
-5.214757128389280751e+02 1.207341431253198216e+01 1.032021025087166873e-02
-3.270481739449995189e+02 1.211647922106692654e+01 1.536476274548591488e-02
-1.601069684815388712e+02 1.220687412948548101e+01 9.881756188236145641e-03
3.860932541386368655e+01 1.194528400280412583e+01 5.944717191549696647e-03
2.005911615769231844e+02 1.202046677050277879e+01 6.570234008151840631e-03
4.043727988090907957e+02 1.204482236309814169e+01 1.273802509515194366e-02
5.665604222866661530e+02 1.213714722122260703e+01 1.897716580753767979e-02
7.691658949203996372e+02 1.210281264185519134e+01 9.002663958759409696e-03
9.312079378842103097e+02 1.194037740327083164e+01 1.559595500739419799e-02
1.135555865844782602e+03 1.185301007802404527e+01 1.059572869894630578e-02
1.296404075405881713e+03 1.208572993688776620e+01 8.988973606153291551e-03
1.499709147743333006e+03 1.163698035311687384e+01 6.791176739086061780e-03
1.661878337660909210e+03 1.174825034039672644e+01 1.201831289355833297e-02
