-1.315838575000908349e+03 1.280590374416817312e+01 1.089654926457368951e-02
-1.125692820726364062e+03 1.274051594463610115e+01 9.535886586087330072e-03
-9.564917298321425960e+02 1.266467509739861086e+01 9.744943369912379208e-03
-7.632918760836354295e+02 1.263393589345642809e+01 8.515244649157845472e-03
-5.966296034239130677e+02 1.261030158580764748e+01 5.899573225882946866e-03
-3.965818017479999753e+02 1.261608781750555153e+01 8.385761742382110903e-03
-2.345953053360011893e+02 1.265277555202781556e+01 9.551963149007634477e-03
-3.234356271083319001e+01 1.258735377697852087e+01 8.304394196024375216e-03
1.259501860858326836e+02 1.257681069719763478e+01 6.789962294664330343e-03
3.331766252313043424e+02 1.256033907154886542e+01 1.934347352328648004e-02
4.907437849807695329e+02 1.253926902003739663e+01 1.194193965073334952e-02
6.988756182130003936e+02 1.247453780037281490e+01 1.184183262844045598e-02
8.571234689427272997e+02 1.245962274136866377e+01 1.086388706097545821e-02
1.063095797025555839e+03 1.255132934011014001e+01 9.581503672181426734e-03
1.221284798327500539e+03 1.261494104127072013e+01 7.959496715431380737e-03
1.430208858503999409e+03 1.278123559947343324e+01 1.032007751908874116e-02
1.585907566658462429e+03 1.281844544293901755e+01 1.120411037131296625e-02
1.794255408779999016e+03 1.275209287098321198e+01 7.546898199044892348e-03
