-1.470504602956999634e+03 1.503796215585886387e+01 8.784646264932934046e-02
-1.293687901946667580e+03 1.493980649860383814e+01 3.199035348428301562e-02
-1.104674274137273414e+03 1.488395456024514196e+01 3.115789507081921650e-02
-9.348678808036361261e+02 1.499711820762804848e+01 5.327695805838503218e-02
-7.426879575089994887e+02 1.498014604961645979e+01 3.219937887599694931e-02
-5.759472302992301138e+02 1.486458221546050318e+01 5.071145179089334154e-02
-3.776434936517646861e+02 1.490690834236193396e+01 5.028466492847758623e-02
-2.156129095341669597e+02 1.495745468720695293e+01 5.357333153586634616e-02
-1.146990308999940922e+01 1.504514059092253575e+01 4.000925818783375443e-02
1.477855915609093529e+02 1.507314495707592883e+01 4.339371238994443880e-02
3.528287211276916651e+02 1.514278641358900046e+01 3.601722897289226510e-02
5.120069237230003409e+02 1.496578634455261181e+01 5.803261152145402363e-02
7.191420002146143133e+02 1.493297290897064933e+01 4.498400059480012203e-02
8.761774539174997471e+02 1.484325408945895219e+01 5.253594448530424232e-02
1.083946647105555030e+03 1.480686948089583588e+01 4.242362620470640361e-02
1.243246325627499800e+03 1.482500692521206531e+01 3.171256724543590477e-02
1.448980704424545593e+03 1.491073953849644695e+01 3.952345735689784256e-02
1.607358946187692027e+03 1.498253226600998822e+01 4.533354864425381131e-02
