-1.438011006884999915e+03 1.088933364858124619e+01 8.745887678525132714e-03
-1.259821979306667345e+03 1.099982457482505893e+01 5.662495890723734382e-03
-1.073957007563077923e+03 1.110922673972824981e+01 6.561417744057374685e-03
-9.002872039546671203e+02 1.125488787039228811e+01 5.467257551588939127e-03
-7.107705022300006021e+02 1.113726171726455405e+01 1.571598660849852017e-02
-5.417216078830757624e+02 1.121410744797383430e+01 7.178219205513121717e-03
-3.450276043368002661e+02 1.127059288636760037e+01 5.854015710077723790e-03
-1.785615894016664242e+02 1.132613675569326617e+01 1.271765393167630272e-02
2.078432500999915788e+01 1.125573514903776662e+01 8.225366226065709135e-03
1.816634108218754591e+02 1.103080060788408190e+01 8.319234948167854998e-03
3.851650669188238680e+02 1.085657799220767927e+01 4.589344590391880759e-03
5.458777706146667015e+02 1.100134237279684157e+01 6.235593719274544651e-03
7.518018438176470681e+02 1.104429829203457558e+01 7.413876955649701533e-03
9.110464640156528731e+02 1.127535832515655478e+01 9.150145302390126981e-03
1.116055894091538903e+03 1.116380736136313523e+01 8.048222557083881470e-03
1.277110123463998889e+03 1.113766834773849368e+01 8.803099349191510770e-03
1.480606869979999601e+03 1.113491322805059980e+01 8.073575408464614064e-03
1.642244343515262926e+03 1.106189332028280958e+01 4.960678633648791039e-03
