-1.461230585224544711e+03 1.162519124972119577e+01 7.201827265710717373e-03
-1.273049299472727398e+03 1.139546689678642188e+01 1.402169579059032133e-02
-1.094618982968334194e+03 1.136492586278756001e+01 1.337907632962139458e-02
-9.110012872285717549e+02 1.129838132207330226e+01 7.812437628599178986e-03
-7.350950423700011243e+02 1.137039040775529486e+01 1.222183379557965389e-02
-5.441661850577781934e+02 1.153701987561801801e+01 7.079047136276495067e-03
-3.759199536746147032e+02 1.183610473414336539e+01 1.052990657143747927e-02
-1.800950549399998124e+02 1.163813428531950045e+01 8.530713774964695378e-03
-1.519970168999983251e+01 1.140574851255994027e+01 7.443373685647916571e-03
1.859448284633334652e+02 1.127455061177170315e+01 1.621181179382598717e-02
3.459409736238460482e+02 1.122727321886307195e+01 8.974766850802274459e-03
5.512619439609102301e+02 1.109727065672230140e+01 7.290648702072907890e-03
7.126231012776910347e+02 1.110927123138296224e+01 6.993930235676782542e-03
9.153340643723075800e+02 1.115260496849317740e+01 5.120660214978177589e-03
1.076758916614615146e+03 1.128397309302496865e+01 8.000051974474765848e-03
1.282569669574666932e+03 1.141115802516876876e+01 9.905937887256665783e-03
1.442073700676316093e+03 1.152742070822085196e+01 8.575934855030749662e-03
1.646709905871333603e+03 1.164384121920012838e+01 1.009477369230535847e-02
1.807505525250002393e+03 1.174304914926586818e+01 6.290463439200179308e-03
