-1.455531646825998905e+03 1.303541447019583188e+01 3.617540413703636965e-02
-1.279190102161999675e+03 1.299663576665201603e+01 4.468530339841256943e-02
-1.091425877601874618e+03 1.306986880653775884e+01 1.569893006856780057e-02
-9.177782259600007819e+02 1.309243786815904897e+01 1.520097689642878509e-02
-7.266608407233361504e+02 1.311879899090869728e+01 1.805709095788384302e-02
-5.588698538910000480e+02 1.307104152006763620e+01 2.481679327966136717e-02
-3.622321181820007041e+02 1.313291157511971541e+01 2.893925435686045891e-02
-1.986534324000007530e+02 1.302981335219342185e+01 3.278797629656266671e-02
1.952457086665769337e+00 1.308063009856169323e+01 2.404227541458653708e-02
1.617279516700000386e+02 1.320110581903031743e+01 0.000000000000000000e+00
3.690854187200020533e+02 1.320411717568102361e+01 3.419872422094335368e-02
5.274198003746665790e+02 1.305683465950600564e+01 2.821883451802166543e-02
7.332154500500000722e+02 1.303092513409508513e+01 2.313154642482013676e-02
8.931708754329999920e+02 1.323412191397580173e+01 6.791431217512675089e-02
1.097320886075000089e+03 1.316798552711423653e+01 3.676532962446037167e-02
1.259003938210000342e+03 1.302694863924141799e+01 4.779857820817718511e-02
1.464473247757499848e+03 1.302770450313576589e+01 3.595435910153822745e-02
1.624449814476250140e+03 1.305863587481123744e+01 3.069700157383400616e-02
