-1.476475914936668005e+03 1.249825628608934203e+01 1.579879273955341751e-02
-1.299835342511817089e+03 1.248402081821971699e+01 1.926364941290036395e-02
-1.110363226131819147e+03 1.244881426543720515e+01 2.290350026078297532e-02
-9.405265074374996175e+02 1.242998696783461199e+01 1.514648215131890290e-02
-7.480442323733337844e+02 1.243842557463892540e+01 1.763196851005798677e-02
-5.816281331209082737e+02 1.246869550547508432e+01 2.276737781362371191e-02
-3.832055757750003977e+02 1.250840986501355090e+01 2.540157236154858347e-02
-2.205693056738477651e+02 1.246922745610186922e+01 2.362855800073366749e-02
-1.685348339250049321e+01 1.230405524161196595e+01 1.682462702905088842e-02
1.395367349458332171e+02 1.224742815290609066e+01 3.728801124902857839e-02
3.473789611054552893e+02 1.226435730862203144e+01 1.540192071167787585e-02
5.062842152176918376e+02 1.217895741563890510e+01 2.087690437755432282e-02
7.120657916346160619e+02 1.219847400860832209e+01 8.534218652890410151e-02
8.704663544545454670e+02 1.216712328214791761e+01 2.232023480835848214e-02
1.078646193022307443e+03 1.214066637973098750e+01 1.986452703145058507e-02
1.236146814977600343e+03 1.221088536194867658e+01 1.418662736735486554e-02
1.442859457692308297e+03 1.217765990006473054e+01 1.675625958829368364e-02
1.601690157046363083e+03 1.221297541250277163e+01 1.250519299857918640e-02
1.807056161705000022e+03 1.218174367563869964e+01 2.434509267942972302e-02
