-1.458854802319090822e+03 1.434075739611172473e+01 2.762181544005311989e-02
-1.282996439810000766e+03 1.443309691376100368e+01 3.370703712656823725e-02
-1.094723754383333471e+03 1.445560910096801344e+01 1.989962962618292697e-02
-9.239689427900001419e+02 1.447142767164044486e+01 2.229375597685495300e-02
-7.323613528590914257e+02 1.452048227109964174e+01 3.116307896547710482e-02
-5.623523757420000493e+02 1.449196340390781756e+01 2.226533179631505835e-02
-3.655197185862498372e+02 1.448036492519341500e+01 3.199923705145175240e-02
-2.018912574084612288e+02 1.434605041671926706e+01 2.288897825250800835e-02
-1.299266549000458237e+00 1.428641043702729796e+01 3.182238206043034451e-02
1.585654249709094188e+02 1.441742026902569229e+01 2.720501235471388043e-02
3.656894685899989668e+02 1.453402420983735688e+01 2.967846727823009179e-02
5.225814486446156479e+02 1.443763148900704074e+01 2.291052434201043195e-02
7.299141515777769200e+02 1.421559269509952550e+01 1.633051961990921938e-02
8.896485546890908154e+02 1.417009645366617043e+01 6.075577101391364809e-02
1.094146877334000692e+03 1.423264004897899504e+01 3.170961999141575643e-02
1.253919587014616354e+03 1.420152195891260760e+01 1.980747113106828133e-02
1.461120564822500455e+03 1.435573429563392267e+01 2.612346735934952674e-02
1.619531214064444384e+03 1.443370242890289212e+01 2.915338321852915457e-02
