-1.165735614498333234e+03 1.312889180110257392e+01 3.678273138869518621e-02
-9.981270673064282164e+02 1.303030117581722891e+01 2.567158254179406282e-02
-8.038081442849995710e+02 1.302267233973741156e+01 1.974584539391250476e-02
-6.391891059199994061e+02 1.289923826101475512e+01 2.023970213977268826e-02
-4.393784364206258033e+02 1.284215356880082481e+01 1.916485459022009702e-02
-2.781642321118756627e+02 1.266410722450666881e+01 4.480847249802807908e-01
-7.258130955230724624e+01 1.278433247824895425e+01 2.453894160379811035e-02
8.325213201999925161e+01 1.282499234310869163e+01 2.723577555583388266e-02
2.916582493506663241e+02 1.300172494812915147e+01 2.580847524009524316e-02
4.489021837407686348e+02 1.326249582506381053e+01 3.153733695820314098e-02
6.572521704356254304e+02 1.320997176037268517e+01 4.278216287460178541e-02
8.131686720535706172e+02 1.308729381039020723e+01 2.190963109335678644e-02
1.022878576924284857e+03 1.315880953689952371e+01 1.451627469213125250e-02
1.179459092427999622e+03 1.316065552220276835e+01 3.270840397816038303e-02
1.387106945967999764e+03 1.327667837770503745e+01 3.561377967564372665e-02
1.544431861404166511e+03 1.316331844110908023e+01 2.527043677978501116e-02
1.754239882938125447e+03 1.310686781912145094e+01 1.989635968700580876e-02
