-1.461513053094615088e+03 1.279097276958894014e+01 1.740356076376690930e-02
-1.285953685984167123e+03 1.279223850069347890e+01 3.081332429068976003e-02
-1.097392911217499886e+03 1.267626708077794362e+01 2.429241592043105899e-02
-9.262996449093752744e+02 1.304273191883790872e+01 1.994009317780897489e-02
-7.346033645607141125e+02 1.319034660292369665e+01 3.119476140156873800e-02
-5.668040751237500672e+02 1.323068622532263916e+01 1.481176754992928266e-02
-3.683409791499989865e+02 1.288356993978090870e+01 3.351561517945636504e-02
-2.048293338400004018e+02 1.280280905456521445e+01 1.488000012863237471e-02
-4.058460148333931095e+00 1.269116005945455683e+01 2.128600073013180161e-02
1.556088567407147991e+02 1.275131211619362226e+01 1.815185481999356115e-02
3.615762557531580796e+02 1.274446604660712978e+01 1.623968241796102524e-02
5.197947436241660171e+02 1.271130321466822899e+01 2.058612175622629575e-02
7.271086389207697493e+02 1.248817040651561072e+01 1.767438258807870616e-02
8.868894927661542624e+02 1.246971164660722309e+01 1.366378850521739012e-02
1.091301130482856706e+03 1.242876715823950740e+01 1.810076807733609211e-02
1.250936580101538993e+03 1.256901452469007552e+01 2.123217964669529140e-02
1.457212177224762172e+03 1.260951793943525878e+01 1.598172948583144459e-02
1.615182458830769065e+03 1.255390415777335633e+01 1.625308157268810783e-02
