-1.447517237198000657e+03 1.398328345982915977e+01 1.123997557293990590e-01
-1.258610289938334290e+03 1.405916639793108658e+01 4.024222068315929518e-02
-1.084090033731666381e+03 1.420220826679482329e+01 5.856899820237508603e-02
-8.968089550783333834e+02 1.395282815997964931e+01 3.188342684166730473e-02
-7.241035585176913401e+02 1.392379156690658526e+01 4.297834532257466256e-02
-5.326324284431252636e+02 1.379244696399931058e+01 4.181175968119180131e-02
-3.649193737214284852e+02 1.375894481973138816e+01 3.107897333226926004e-02
-1.662384522270577349e+02 1.379482143866912125e+01 4.206616361277922683e-02
-1.350301372500325670e+00 1.368533167007916340e+01 3.517389550979565377e-02
1.986638220761535365e+02 1.368163100884661176e+01 4.784816978653135683e-02
3.592907651200002874e+02 1.397644225194857270e+01 1.145351579084329802e-01
5.628516269945459953e+02 1.380787822337688908e+01 3.998215635298695003e-02
7.234260960718185061e+02 1.372526022939042178e+01 4.846848672600356789e-02
9.300237392461544914e+02 1.361305087314083728e+01 2.462486832405821544e-02
1.090000731727500124e+03 1.372953384289013101e+01 7.647599650500572221e-02
1.294150272923000784e+03 1.389825699953770055e+01 7.193186544806924598e-02
1.454786854071001244e+03 1.393222745537275387e+01 4.010137635982896631e-02
1.658560759689165934e+03 1.397103971094060704e+01 8.166662168988997328e-02
