-1.467731449382777100e+03 1.347752504373435656e+01 2.987857002777612528e-02
-1.291497921664166597e+03 1.344618194569684100e+01 3.436096110389529057e-02
-1.102633482242727951e+03 1.358112433155782739e+01 3.125038231412365780e-02
-9.326608493530774240e+02 1.346155315349095183e+01 3.735782885297648376e-02
-7.406139768033341397e+02 1.359993076880867591e+01 5.328975501224774564e-02
-5.732532285608327811e+02 1.345067399283691856e+01 4.659674748756234552e-02
-3.748614097873677906e+02 1.349868691711554369e+01 3.825056432740927409e-02
-2.118228983646155257e+02 1.342939104987299714e+01 2.689385251853805905e-02
-9.288478205832992884e+00 1.337070662224034123e+01 2.379836301322506981e-02
1.500631297846160237e+02 1.347497829501396538e+01 2.539268034908719746e-02
3.555627349609084717e+02 1.340115895439172178e+01 3.173192383825983176e-02
5.142333810325004606e+02 1.339289434485198349e+01 2.255674408607306891e-02
7.218418185007697048e+02 1.320130778267531291e+01 2.971699742470954378e-02
8.786243919913337095e+02 1.324405922639445521e+01 2.313217245031215161e-02
1.086026103874545470e+03 1.316312150464900554e+01 3.484786849608363657e-02
1.245449914716153444e+03 1.320065279627623767e+01 1.978804927499922678e-02
1.450829700533077357e+03 1.320234073855117174e+01 2.702882739461329523e-02
1.609604863298462533e+03 1.326250698912417292e+01 2.820066765965764319e-02
