-1.442942079897500662e+03 1.336843211805744502e+01 1.108761404384123704e-02
-1.263703340445384356e+03 1.333518870612087071e+01 8.864426715375451488e-03
-1.077261350334545796e+03 1.333177794328360477e+01 1.208391645181415737e-02
-9.049324748785709289e+02 1.340191403698401373e+01 1.030534195872693549e-02
-7.143410180600001240e+02 1.366704073687486520e+01 1.860127099577251961e-02
-5.448401290753337207e+02 1.352728702556841611e+01 1.301650234638067685e-02
-3.496533386966664807e+02 1.343381977206772149e+01 1.233574751146713361e-02
-1.854146537280001326e+02 1.356999091783417555e+01 1.577127252434115320e-02
1.710069136615381424e+01 1.335274844126266736e+01 1.230055266288763646e-02
1.777846312974998000e+02 1.331262690168462370e+01 1.183805931888749947e-02
3.811188317428568553e+02 1.345786533580269584e+01 9.741352597936188407e-03
5.420315542757141429e+02 1.335626063459029744e+01 1.704286313016302457e-02
7.468491914916000951e+02 1.339247096714426633e+01 9.817352800016904829e-03
9.063570014564701296e+02 1.327366890106496022e+01 9.716707814223792330e-03
1.112305651761538911e+03 1.351505532164428480e+01 1.493066969655480920e-02
1.273158847071539412e+03 1.365165953041042357e+01 1.077447040752286221e-02
1.476534901442856381e+03 1.361944266605413922e+01 1.527256014211304629e-02
1.637401330346923260e+03 1.345257250341063404e+01 1.025620808479246054e-02
