-1.324435906463333595e+03 1.159320613417926182e+01 7.608155935746022461e-03
-1.142951846892727190e+03 1.155088892472282502e+01 8.141179217403714946e-03
-9.597637006724993398e+02 1.162028432508099485e+01 1.843771160785139668e-02
-7.837825076245452465e+02 1.153147120543248505e+01 1.065741179873632566e-02
-5.955786074549998830e+02 1.159481197231015415e+01 1.321376272872651358e-02
-4.242050406208333584e+02 1.165220458420547445e+01 6.709680171415959536e-03
-2.309914356733333989e+02 1.176518368020576411e+01 1.242691627358987090e-02
-6.255421982549997040e+01 1.178617679932455786e+01 1.301041817586739112e-02
1.357420423799994751e+02 1.179608743711460761e+01 9.254058449062865788e-03
2.993713528680003719e+02 1.173549356856239534e+01 2.166440356311539334e-02
4.998063371554546279e+02 1.168933615261349601e+01 1.232095942424660771e-02
6.635631489808329206e+02 1.167540037412586074e+01 9.633370382804406704e-03
8.655812343840002541e+02 1.171295090114294091e+01 1.910095521230311538e-02
1.029155782228572662e+03 1.166724263228174863e+01 7.217804534781432219e-03
1.231179034760000604e+03 1.164011333483398580e+01 8.824086632319497192e-03
1.394879864563076808e+03 1.158385992586905822e+01 8.481874095742176697e-03
1.595387758847271698e+03 1.158430689288741000e+01 2.189043643777509665e-02
1.758985482881666712e+03 1.156433695303969955e+01 7.656486577940509360e-03
