-1.449447938583846053e+03 1.258718485533931819e+01 1.873384968851767723e-02
-1.270363874635001139e+03 1.245203578195428129e+01 1.046763228660181448e-02
-1.084047369490400342e+03 1.225195924544314430e+01 7.977644632882644610e-03
-9.111580367149999802e+02 1.223119008286115772e+01 1.985295974720640774e-02
-7.204288724441661316e+02 1.222801732589120505e+01 1.589594471818055882e-02
-5.524175400061116079e+02 1.228154020773305177e+01 1.234181313490514444e-02
-3.561691409446663101e+02 1.241251827942065944e+01 1.455293812700480388e-02
-1.913565580735294702e+02 1.253871611151088139e+01 1.592470044375527555e-02
1.030369998105168960e+01 1.261925692358361673e+01 2.094787287970685183e-02
1.686659935211770573e+02 1.263379579602744762e+01 1.669842213544818835e-02
3.751509772600005022e+02 1.268358010879636311e+01 1.541751045674195214e-02
5.355669110088235811e+02 1.266809854783895517e+01 1.550349383255192684e-02
7.398966719342851093e+02 1.240965397762790801e+01 1.394286835640451590e-02
8.998498317141176130e+02 1.210801966482836178e+01 1.165678664094754909e-02
1.106354680399230801e+03 1.195734158174967554e+01 1.111653175984595419e-02
1.265328132470333685e+03 1.199939999387838263e+01 2.531251172929195256e-02
1.470495814192856642e+03 1.186900098048971763e+01 7.322098520945343261e-03
1.631041340515625507e+03 1.184004733044243096e+01 7.838398292930941549e-03
