-1.315674659911428762e+03 1.298285723075663967e+01 1.794923583741434014e-02
-1.125474144801427883e+03 1.311919792764694215e+01 3.358671230387220985e-02
-9.561124492547379532e+02 1.305844480934874596e+01 1.958340345559987650e-02
-7.632958278064710385e+02 1.313191074952093018e+01 2.632411570866158637e-02
-5.964617038330769674e+02 1.325575384830412240e+01 1.165669898162487693e-02
-3.964157333288235350e+02 1.333761082963932054e+01 2.172843515370600012e-02
-2.344114462900001286e+02 1.324650123199388396e+01 1.884130293439797987e-02
-3.217387812266727565e+01 1.326023813527531381e+01 2.255436350114456770e-02
1.261167078463155349e+02 1.324907880053635445e+01 1.572726053106431043e-02
3.334090225243749046e+02 1.337574716713237066e+01 2.599949326788968812e-02
4.910074093729996321e+02 1.330781180876998171e+01 3.122250044346834910e-02
6.989105755874993520e+02 1.336117921486189530e+01 3.791072763102362048e-02
8.572882276542100044e+02 1.335222872042249875e+01 2.351034612445357386e-02
1.063619497196999873e+03 1.330159998468072224e+01 4.230640800673963337e-02
1.221417137508500218e+03 1.339704412779208198e+01 2.742579808267643637e-02
1.430373326083157735e+03 1.327864647023565858e+01 1.909346019534732125e-02
1.585975613501176213e+03 1.326855363482404648e+01 9.688776011301064583e-02
1.794487273012352944e+03 1.335972879104464539e+01 2.269862479701889243e-02
