-1.459362755390000530e+03 1.297464066783543757e+01 3.852694942374954024e-02
-1.283583839084286183e+03 1.324849347788020282e+01 4.488037272061542321e-02
-1.095155372213999271e+03 1.327600666752418057e+01 4.275804903062883910e-02
-9.247872473563634230e+02 1.321172893382000701e+01 2.356764093981440419e-02
-7.328859166650005363e+02 1.314452890234084315e+01 1.996427610748909010e-02
-5.628913272490899544e+02 1.314246304455956249e+01 2.694686442145810198e-02
-3.661321491119997518e+02 1.293540387129168323e+01 3.557127032749640011e-02
-2.024009465928569966e+02 1.296932686261977175e+01 2.353189621569712689e-02
-1.868799012999807108e+00 1.315039563774729814e+01 2.873560997773935352e-02
1.580122114081816846e+02 1.332560135256217038e+01 3.812572768772101717e-02
3.643600937353857034e+02 1.311759017682425110e+01 1.382274932745772844e-01
5.221076628972718936e+02 1.295987298797567178e+01 2.720126902279330558e-02
7.293254113322213925e+02 1.285779295724367977e+01 2.121403644795223295e-02
8.891467520250001826e+02 1.307367737125138163e+01 3.875219300882446621e-02
1.094379293624545198e+03 1.297217386160213515e+01 3.362934965934563647e-02
1.253399221946000807e+03 1.306308437481676954e+01 3.492529604277636729e-02
1.460694205137000154e+03 1.299601567397856883e+01 1.389915225275407083e-02
1.618523089203570862e+03 1.299767573215198446e+01 1.158780166563664199e-01
