-1.453240609930624942e+03 1.360382742624899421e+01 1.002826815105058167e-02
-1.275422587732927241e+03 1.366915355861438996e+01 6.822242923374638966e-03
-1.088339854635000393e+03 1.364665179732437750e+01 8.136813009251352841e-03
-9.152473092209999095e+02 1.360176702614378108e+01 1.474236666888999875e-02
-7.242277665718752360e+02 1.360490578485168278e+01 1.034737238309202910e-02
-5.564248640457896045e+02 1.362626480446116162e+01 1.491635814116046288e-02
-3.600539667253329412e+02 1.366449959522657132e+01 1.455557930447598167e-02
-1.959575106988886546e+02 1.368606551287314055e+01 1.158683000779893099e-02
4.278617547368508411e+00 1.365215963283921496e+01 7.182964895615618142e-03
1.650619173341665373e+02 1.366565750641380284e+01 1.306260521843144624e-02
3.712069063894446685e+02 1.356973582765889930e+01 1.266533997817222493e-02
5.315257481723809860e+02 1.350886140093002474e+01 1.449010996859800490e-02
7.354985489631577593e+02 1.340565442761001869e+01 1.059824455173418063e-02
8.955751611800000092e+02 1.348106255330095671e+01 1.201094215627905755e-02
1.100933894410833318e+03 1.349315017674178208e+01 1.217898760971253269e-02
1.260773685489000400e+03 1.348813708110751541e+01 1.470174734512874962e-02
1.466595170003332896e+03 1.349588307329671188e+01 1.297196051997305186e-02
1.626960296596000717e+03 1.351996244530484503e+01 1.239372825262845083e-02
