-1.304867113918182213e+03 1.285880888140567713e+01 1.007204047096140788e-02
-1.115506650222857843e+03 1.288855815984875264e+01 7.954705045538492530e-03
-9.442431955050002443e+02 1.295336455882422655e+01 1.192712730462536924e-02
-7.515157764458332394e+02 1.301015588455168093e+01 9.996150879583986029e-03
-5.853335376453838990e+02 1.303878282706712355e+01 7.291386354800084672e-03
-3.873650054245445062e+02 1.299520171737503382e+01 1.306896691856543335e-02
-2.249060275699999352e+02 1.301294937602454382e+01 1.178221964268424786e-02
-2.173193141000016837e+01 1.299732932825480169e+01 1.200157927493680950e-02
1.360806877876921703e+02 1.298203191305016624e+01 1.104033239820714947e-02
3.438570264428568066e+02 1.300493647494546146e+01 8.573809193213547536e-03
5.026177162023075198e+02 1.305249020640811608e+01 1.129373610429447276e-02
7.081032401574999540e+02 1.302227761821511542e+01 1.234168260933772750e-02
8.667257363083341488e+02 1.298382170917792244e+01 6.539941386077821259e-03
1.075105880199090279e+03 1.298724330169487651e+01 1.212432466924234092e-02
1.230983910601666821e+03 1.300149778673671008e+01 1.233408406123567835e-02
1.439254472737499555e+03 1.305171128622149723e+01 7.498263687903607144e-03
1.598111225379285770e+03 1.309407866554527367e+01 9.403976114593624175e-03
1.803404015426665410e+03 1.307791052943630206e+01 8.326663997864540770e-03
