-1.415729310598333541e+03 1.366675201624867242e+01 2.615043729471689532e-02
-1.234592960543333447e+03 1.348080893156730298e+01 3.564885859495255799e-02
-1.051334080088260862e+03 1.344673031750802750e+01 2.130209740471439642e-02
-8.757317167566666285e+02 1.339323743754413343e+01 1.759749074767152227e-02
-6.868725241688888445e+02 1.354797673366418209e+01 4.859884035057164542e-02
-5.164352885161913491e+02 1.352704538279236246e+01 3.962927355391266532e-02
-3.218389743447832529e+02 1.346428337593409807e+01 2.731780528761291668e-02
-1.560478960622729687e+02 1.349238995663055718e+01 2.832575246168311453e-02
4.445987044353002204e+01 1.365910346934349562e+01 4.443664116844723427e-02
2.070020235880950850e+02 1.358080967622492352e+01 3.101301192066487078e-02
4.087306191054991586e+02 1.324755175206353286e+01 3.407267052284619624e-02
5.711345403713334008e+02 1.313905218524124408e+01 3.651891833749495303e-02
7.732946660881822254e+02 1.315812162202831637e+01 1.627378791651295717e-02
9.356089242726317252e+02 1.310157955598227630e+01 1.798921507835671632e-02
1.139857677834117794e+03 1.318623515183142558e+01 1.768062762250599204e-02
1.302283742097222557e+03 1.323096127333159444e+01 3.995730800025153184e-02
1.504207173376190212e+03 1.329424146807357410e+01 1.754726212692074572e-02
1.666543296181332380e+03 1.331612013578369513e+01 2.182023763022448645e-02
