-1.474852644705556486e+03 1.080554474201589343e+01 7.812199206778443900e-03
-1.297759975798888945e+03 1.073945945713511563e+01 1.726542968924618324e-02
-1.108515571398182374e+03 1.076957811579213953e+01 3.850242753702311314e-03
-9.389721035536363161e+02 1.069214855387379970e+01 5.832905536932746736e-03
-7.466219934519998560e+02 1.075825050879387312e+01 8.904690562739007997e-03
-5.801584226409090661e+02 1.087710870102089089e+01 9.709266213831878670e-03
-3.819129385476917378e+02 1.094061520345200300e+01 7.509064421660947668e-03
-2.196777371858346157e+02 1.107416031770404174e+01 7.039070603266599571e-03
-1.542969087000065720e+01 1.096949640623254751e+01 1.016979236314869209e-02
1.421551728065219891e+02 1.097882984889067615e+01 1.791872193691269183e-02
3.489092522809091292e+02 1.098807840367014421e+01 7.508910500512722130e-03
5.078635404808325688e+02 1.100096850391420311e+01 5.403585565539920262e-03
7.130887285388889723e+02 1.097138312816757733e+01 7.071415762932335529e-03
8.720341725027260509e+02 1.110982867091670379e+01 1.055732545956992834e-02
1.080030883773999903e+03 1.114954295524318439e+01 1.276849275500127785e-02
1.237982169821250409e+03 1.116146314881251556e+01 2.165808825173382024e-02
1.444196902633000718e+03 1.103279522969830140e+01 4.738144969400308847e-03
1.603272967333333554e+03 1.103335805945311066e+01 7.271692072558481532e-03
