-1.338173307574999853e+03 1.399990114180721967e+01 3.155524990071065933e-02
-1.146800625259230856e+03 1.399002211019960917e+01 1.108431705884046006e-02
-9.766268947400014895e+02 1.399522426376378625e+01 1.250814910927059050e-02
-7.826105973636360886e+02 1.403921290513283537e+01 1.589139511710169553e-02
-6.176652747536354582e+02 1.403948830526758229e+01 2.464470292820010802e-02
-4.183643839091667473e+02 1.404669164330466380e+01 2.508734740860412912e-02
-2.571586193530769719e+02 1.400303223552117693e+01 1.796200409923144267e-02
-5.429821661777855724e+01 1.403080821722372207e+01 3.019583997365653597e-02
1.034199230916680534e+02 1.407680316474319504e+01 3.270776715716637584e-02
3.127706850000009240e+02 1.414384157049944157e+01 1.570564463990090434e-02
4.689011715464000076e+02 1.415823786086022906e+01 1.545160185870708691e-02
6.770566158059998543e+02 1.404870655850546513e+01 2.372138275902152885e-02
8.345502521291667790e+02 1.401943262181265837e+01 1.292094463207646947e-02
1.042737825327142900e+03 1.410086948771266613e+01 2.142151559320442863e-02
1.199488968092499590e+03 1.410621902305985387e+01 1.799974279651627221e-02
1.408318872573636554e+03 1.410734800522422638e+01 1.344186357871629371e-02
1.565913808970000900e+03 1.416220305732180940e+01 3.027033866308358190e-02
1.773198620354166678e+03 1.412053070012023070e+01 1.939661279612923256e-02
