-1.344428405644614941e+03 1.406750945733981162e+01 1.631910396747688133e-02
-1.153263380910834485e+03 1.400030140119175748e+01 2.593540542635932450e-02
-9.851550421884609250e+02 1.421306779000969911e+01 1.331345430547318728e-02
-7.898058523282610395e+02 1.415779765584126615e+01 1.161445380156004951e-02
-6.256695847104763288e+02 1.422263821161157082e+01 1.332889462884224129e-02
-4.242662731092864874e+02 1.399871078318152939e+01 1.684370140343058667e-02
-2.630529236779994449e+02 1.402506658508903215e+01 1.344402937834953370e-02
-5.995518882461608712e+01 1.384879309914827594e+01 1.676999075418085169e-02
9.739590895461543596e+01 1.382403514717377391e+01 1.619116568236659073e-02
3.070382763827279291e+02 1.373501115745626322e+01 1.315954230659281514e-02
4.621612153084609531e+02 1.373875028064484027e+01 1.530889650640989211e-02
6.712050261746155684e+02 1.362145309649930169e+01 1.521372544665890343e-02
8.286737863607693271e+02 1.361508318674549756e+01 1.279579471202334923e-02
1.035971081200666504e+03 1.360988287401861285e+01 8.838535155991816480e-03
1.192774920563846990e+03 1.357369060941302052e+01 1.213893175231622878e-02
1.402563752850832998e+03 1.364262394107370291e+01 1.668795515400920554e-02
1.557411125407692452e+03 1.355549863497965468e+01 1.196006859440550303e-02
1.766706977835000771e+03 1.350417524337114195e+01 1.086818645643568282e-02
