-1.476784407354375162e+03 1.246778578599513665e+01 1.967929071142943825e-02
-1.299909456544000250e+03 1.258709198378891259e+01 1.814652825291239446e-02
-1.110660426410625405e+03 1.243511938948151041e+01 1.136176123481093779e-02
-9.407764774261906950e+02 1.245046087355860998e+01 1.484277479399223262e-02
-7.484039550940001391e+02 1.249955168812011053e+01 1.410925918127342929e-02
-5.819002659080000512e+02 1.259336325511049637e+01 1.082954489994216417e-02
-3.841620389006663459e+02 1.250247774177417526e+01 1.283188557220990914e-02
-2.210294089450002275e+02 1.259425186456727985e+01 9.436357796278918922e-03
-1.720169144066700539e+01 1.257648221040434677e+01 1.223146583273635769e-02
1.391573867060000396e+02 1.263419003731181789e+01 1.111747109490193557e-02
3.471234036435288317e+02 1.264365393567039142e+01 1.696000681098211796e-02
5.060200525642105163e+02 1.260707389537332190e+01 1.521639496521082040e-02
7.117348210538888225e+02 1.279640396778500566e+01 1.094113812536397570e-02
8.702794749904160199e+02 1.282602882051803306e+01 1.658685477464674762e-02
1.078470498034444745e+03 1.289550091186241687e+01 2.577884364186438376e-02
1.235862587318718397e+03 1.272190824717391067e+01 1.542030648146060050e-02
1.442541796087059311e+03 1.252469376239239551e+01 1.214480089379317562e-02
1.601517064434545318e+03 1.252288622589627920e+01 1.701886312348525540e-02
1.806812301444614604e+03 1.252064317013196515e+01 1.249539304949804676e-02
