-1.414880078221000531e+03 1.356975399807827642e+01 1.566650947590200738e-02
-1.233663510634000204e+03 1.358625039211023378e+01 1.096694021948587706e-02
-1.050002974574999826e+03 1.359117082792296394e+01 1.427756144910409877e-02
-8.747688911057147152e+02 1.351340047570726099e+01 1.058093891020897917e-02
-6.859049384350007585e+02 1.348030619293021282e+01 1.318195736603629091e-02
-5.147515522793338505e+02 1.340074301219788389e+01 1.123955976467513884e-02
-3.213136981357150148e+02 1.334915169880194874e+01 1.149464319400277795e-02
-1.545769934128565239e+02 1.341158586254915619e+01 8.528628339290371743e-03
4.542448522749933915e+01 1.335430850098350497e+01 1.205569156349293493e-02
2.079719097100012561e+02 1.344531930039872236e+01 2.519767999088567620e-02
4.096477530284610111e+02 1.331418007518377244e+01 1.163795369975786399e-02
5.721445620769233074e+02 1.331451989919616530e+01 1.232155284623488029e-02
7.760633980199994539e+02 1.337635140238968035e+01 1.829352511749690949e-02
9.364919675111767674e+02 1.327254832199212942e+01 1.038956247130775473e-02
1.140798090702500076e+03 1.336575117869442053e+01 1.163049949565872661e-02
1.303300022700555701e+03 1.347292170267353129e+01 8.094351025160586785e-03
1.505117856499285836e+03 1.346665414515663883e+01 1.152170280681262017e-02
1.667524324663076413e+03 1.355003239300117457e+01 8.304239913815151738e-03
