-1.430667417669998713e+03 1.439478534047152003e+01 2.819353066694142707e-02
-1.253094366524285306e+03 1.440655367442867707e+01 2.462488253068726568e-02
-1.068137051156249072e+03 1.447163916275795259e+01 2.692045574465632210e-02
-8.941668172800002594e+02 1.448723142921430096e+01 4.459523173925147160e-02
-7.048490854366682470e+02 1.442975672295184353e+01 3.911332064465844471e-02
-5.323683466485714462e+02 1.455115548078868315e+01 2.615328218591717394e-02
-3.373420243550002056e+02 1.431519499917257932e+01 3.573157385800918712e-02
-1.720245605816671741e+02 1.443319789234648809e+01 3.534512381896227906e-02
2.694603523428668268e+01 1.444635971932330065e+01 2.810019557322764039e-02
1.885153416080021884e+02 1.450206731715136677e+01 4.394305405863357938e-02
3.927648779537494192e+02 1.436403056054924754e+01 2.897813696349368570e-02
5.528757184200003394e+02 1.418107922441434710e+01 3.151326605574215206e-02
7.580369145369986654e+02 1.410815455013940500e+01 3.113685918650122009e-02
9.195659162385719583e+02 1.409664439074980535e+01 2.288989999685205404e-02
1.122359409545714470e+03 1.426086894216584788e+01 3.099045277606164370e-02
1.283767561028750606e+03 1.420924943935241203e+01 2.712554002918653520e-02
1.489354502388333231e+03 1.428281040336386631e+01 5.895085837970207021e-02
1.649388026852857138e+03 1.444685194800294070e+01 1.970578972505412224e-02
