-1.304887048011600200e+03 1.273447716155668985e+01 1.958596395381145133e-02
-1.115778850077777861e+03 1.269212853274949282e+01 4.485917608485843165e-03
-9.442500386014289688e+02 1.277697275445311043e+01 7.126537479249527712e-03
-7.516408774092861904e+02 1.275685334678265370e+01 7.994531658774539293e-03
-5.854711397352936046e+02 1.277888979747172904e+01 8.114462040028530207e-03
-3.874711865035715164e+02 1.292836346113818635e+01 8.752758832048981169e-03
-2.249145821976472917e+02 1.296989734288093388e+01 9.663565083768567432e-03
-2.182768328400003810e+01 1.293341792839647653e+01 6.216811139220840624e-03
1.358603430023534031e+02 1.294262625513509590e+01 5.360331792957629543e-03
3.437669998307688957e+02 1.286981152033501097e+01 1.080113616977556625e-02
5.024878522031249304e+02 1.284262203078066022e+01 8.731621323528629408e-03
7.080053808819992582e+02 1.274612609678865738e+01 6.346769373585366136e-03
8.667421231256257670e+02 1.268894536448880750e+01 1.112621789330840022e-02
1.074745452065556037e+03 1.260153202507984815e+01 7.860854814126681453e-03
1.230876895905332731e+03 1.264564008263826445e+01 5.824087911424457968e-03
1.439250419099999135e+03 1.275551106404732593e+01 7.687524443536492523e-03
1.597972391164666533e+03 1.284886860825003296e+01 9.365500125064990175e-03
1.803307602801666917e+03 1.288792179709157004e+01 1.174231427123488200e-02
