-1.464592606030000070e+03 1.090334268460662059e+01 1.166779677066246378e-02
-1.288684873725334228e+03 1.097393194492723012e+01 1.240167252758600687e-02
-1.099885753873076965e+03 1.109181516781264776e+01 1.208052183218185499e-02
-9.293515597405554445e+02 1.106847915005093519e+01 1.367933895072942496e-02
-7.373644710106673301e+02 1.098034824557315225e+01 1.598829201264107339e-02
-5.706782261293751617e+02 1.090516578349735255e+01 1.326705123369542952e-02
-3.708680495513331721e+02 1.101451555865668119e+01 1.184897557691050492e-02
-2.074451211293749111e+02 1.098931688909758542e+01 9.152022808340005283e-03
-6.586875343571072072e+00 1.110665602156505116e+01 8.825149248554377615e-03
1.529663492731265251e+02 1.118451111515728869e+01 1.534288280390533506e-02
3.579002040923072627e+02 1.107331270662790246e+01 1.449040302060605398e-02
5.171286770543747480e+02 1.110725994910883685e+01 1.020832801870605148e-02
7.245615882074989713e+02 1.108049848392933434e+01 1.599169706441438271e-02
8.826402187973079663e+02 1.101348036481638815e+01 1.191391373412908558e-02
1.088854921408570817e+03 1.113760868827508510e+01 1.182778514590649907e-02
1.248316234925624485e+03 1.119995952012505747e+01 1.490670858833372144e-02
1.453992270794736442e+03 1.125437676939301035e+01 1.830813034369515799e-02
1.612926502066666899e+03 1.123145268520121576e+01 1.406405588862645259e-02
