-1.393462594343999854e+03 1.301254114333442757e+01 1.752418569142587604e-02
-1.211905459227999700e+03 1.304416821821750894e+01 2.201200078093580245e-02
-1.030959662013912975e+03 1.306385588333432679e+01 1.417492035295030151e-02
-8.525571606616665576e+02 1.323662368477830498e+01 1.851416516088509601e-02
-6.644787349988229153e+02 1.322273538976185847e+01 1.322635115396620861e-02
-4.936668195169568776e+02 1.329280269135637482e+01 2.243708662564824000e-02
-3.000162177983333436e+02 1.322377606534411143e+01 2.192529091485905315e-02
-1.331533479447370212e+02 1.298989820004404550e+01 1.848495446835123068e-02
6.407340336277775350e+01 1.289888658926247800e+01 1.329711403355446526e-02
2.276311157999997477e+02 1.300684367896024440e+01 1.347655194084604845e-02
4.309563499973676244e+02 1.305231026918614390e+01 2.039472912936365206e-02
5.944869007289487399e+02 1.299747978100653434e+01 1.952296357429082058e-02
7.953005417678949698e+02 1.293141736641471695e+01 1.592703317715101624e-02
9.585719703076474616e+02 1.315988127665072582e+01 2.371891183660365318e-02
1.160876688301281320e+03 1.334292314112429878e+01 1.340081731748991867e-02
1.324393715621000183e+03 1.354846498164939028e+01 2.382983981602183887e-02
1.526431126774001314e+03 1.360925567215522847e+01 2.704221273037673429e-02
1.689858787645713164e+03 1.367092968372423201e+01 2.783045532790574816e-02
