-1.319079323671428710e+03 1.078002274210566114e+01 7.349962009452514107e-03
-1.128793221629230857e+03 1.080182569058331588e+01 1.193746178014051286e-02
-9.595591450342851658e+02 1.074300139878167926e+01 5.311499889420524118e-03
-7.662395386645453073e+02 1.069609304312413833e+01 4.219219597319711669e-03
-6.010346372676929150e+02 1.075494589559979985e+01 7.474062787367953022e-03
-3.998377740299995935e+02 1.070275738879739613e+01 6.201753595213316088e-03
-2.379822979100003693e+02 1.069052491195029120e+01 1.510272953735361350e-02
-3.557574155666649318e+01 1.062470384572608317e+01 6.097759450659639285e-03
1.225460832481806932e+02 1.072456819678620832e+01 4.654321316247957835e-03
3.286432873125007177e+02 1.078922227538339307e+01 6.479512031273583321e-03
4.867151851874993440e+02 1.078688824207259067e+01 1.704160264354140017e-02
6.956599034158329005e+02 1.081048834519723201e+01 6.804459842016039907e-03
8.523268510480954774e+02 1.089629903364850172e+01 5.384650120884966473e-03
1.059906821051818270e+03 1.080411429127006606e+01 4.407155971242544996e-03
1.217926453714999980e+03 1.069426377500746739e+01 8.922857930639618504e-03
1.425372490627647949e+03 1.069125218594255955e+01 6.284633735104040546e-03
1.582817612537692185e+03 1.066901698880207761e+01 1.808580326959229045e-02
1.791131055612726868e+03 1.069979380236100397e+01 9.068234158846957826e-03
