-1.297265047776250867e+03 1.458317661459991754e+01 9.071551200924610203e-02
-1.117039072335001038e+03 1.440268884693985108e+01 8.185729170048924863e-02
-9.325442142811103849e+02 1.472048195442703289e+01 1.286696260897407518e-01
-7.578791777633346101e+02 1.467005961052747409e+01 7.396418637843082955e-02
-5.683869025766673531e+02 1.442883415516198120e+01 8.346688899263353389e-02
-3.986493413590922614e+02 1.437645656773874947e+01 8.588524912992781535e-02
-2.042092538354541205e+02 1.415692548205051082e+01 1.299310291152067920e-01
-3.802253602399942167e+01 1.425488307978015534e+01 7.238753791623232792e-02
1.629023253541666634e+02 1.430616519303690204e+01 7.801234266114816240e-02
3.254307800050002584e+02 1.423996054222862995e+01 6.111094788811988199e-02
5.269801620969999476e+02 1.424444356939411271e+01 9.387258976219317597e-02
6.896314401349998207e+02 1.414204655415399259e+01 3.944943354243323624e-02
8.923952460805880946e+02 1.397668586912611488e+01 1.385172607636648567e-01
1.053783428496999932e+03 1.395770066471004256e+01 2.581000738619438836e-02
1.258399448460833810e+03 1.391407313722985606e+01 3.295900849822241269e-02
1.420881904655714152e+03 1.412071972686527310e+01 3.770715053710035208e-02
1.622548866966666537e+03 1.425458504209229282e+01 7.396388279031525237e-02
1.785188388610000629e+03 1.424430035190203725e+01 4.861290054348562512e-02
