-1.158646727164616323e+03 1.297008629345046415e+01 1.977425073726403471e-02
-9.910811861350011895e+02 1.294750503454673662e+01 1.908592264616170917e-02
-7.957624484657145558e+02 1.293342805575806587e+01 1.824031990780732720e-02
-6.316396124716666236e+02 1.295533222370447923e+01 1.365371796493915907e-02
-4.297333283253846048e+02 1.297528859953371949e+01 2.765296977988427815e-02
-2.703286067361539153e+02 1.292336314756497728e+01 1.772008413786941433e-02
-6.547767104750043643e+01 1.290875650120864826e+01 1.672806987528273337e-02
9.190291718692326128e+01 1.292736864376591477e+01 2.700757584601918421e-02
2.990839240328579081e+02 1.282357454880397718e+01 1.778072795747268064e-02
4.561019437076919303e+02 1.287847275541325587e+01 2.448842828508208599e-02
6.657078615572728495e+02 1.288913431378859187e+01 2.481090962589747179e-02
8.209042403037497024e+02 1.278854153010553851e+01 2.009407939353075045e-02
1.029965174306667222e+03 1.281529780257469397e+01 2.746980899213229826e-02
1.187337240905000044e+03 1.290179487302476424e+01 1.542758503883643467e-02
1.395922552733333760e+03 1.296206286805295704e+01 2.230461382222248198e-02
1.551501468482000064e+03 1.290053320644175194e+01 2.080195000104531622e-02
1.761276016064166470e+03 1.284403230495921910e+01 2.189535564716998950e-02
