-1.327002136271818699e+03 1.260732718832318966e+01 1.423525385129329086e-02
-1.136460307421816879e+03 1.260605761598031371e+01 1.990607814351538080e-02
-9.682764274123081805e+02 1.263772558618252440e+01 2.304418066716023422e-02
-7.744955877366670620e+02 1.253513852971888021e+01 1.982590331879274803e-02
-6.093137038784619790e+02 1.257028305975829241e+01 1.357785904281130426e-02
-4.100038121199995658e+02 1.243375085405926228e+01 1.275329878421854399e-02
-2.482970529092305583e+02 1.219861286500377417e+01 1.493404054346183889e-02
-4.334284586538538520e+01 1.231158459088740109e+01 1.718434855407057621e-02
1.131243192999995131e+02 1.201582906089610248e+01 8.069811484561591891e-03
3.209141539866678841e+02 1.206344940651123210e+01 2.056139728113666812e-02
4.787424373435720213e+02 1.196780026246901407e+01 8.127449071369008057e-03
6.863720410436355905e+02 1.183791066192169339e+01 9.501968667416384184e-02
8.429419916307144831e+02 1.170000859980371644e+01 7.694167636614605670e-03
1.052150919868461870e+03 1.180787203739490110e+01 1.475440434439087220e-02
1.209149175126427735e+03 1.220709314073169693e+01 1.156021777470554908e-02
1.416304141697856267e+03 1.240799778935290654e+01 2.075586250436732214e-02
1.574103435255000250e+03 1.236788900240586031e+01 2.029827908770030775e-02
1.782857499372000120e+03 1.211121731642530364e+01 1.033190829057697123e-02
