-1.342240399135332837e+03 1.271090373551641051e+01 1.729175322857989805e-02
-1.151108399297000233e+03 1.264219822702729523e+01 1.721856880451978419e-02
-9.827994673621054744e+02 1.260158607323900881e+01 1.246260540539885671e-02
-7.866254303818745939e+02 1.259928547969488299e+01 1.393736468856734273e-02
-6.214475607814280238e+02 1.257174619578248276e+01 1.076012105786397846e-02
-4.220079911814277125e+02 1.259553618807254871e+01 1.327192432601141669e-02
-2.608773842821428843e+02 1.263708314988883963e+01 1.688512154590096626e-02
-5.735665715599946424e+01 1.265272383818958701e+01 1.290715362033147823e-02
9.969317456866750149e+01 1.264364148967066370e+01 1.140916153177520299e-02
3.091829302835711815e+02 1.272033504212230248e+01 2.379602700927620912e-02
4.641414625947059562e+02 1.268292924173251990e+01 1.090970651154915712e-02
6.734193123164285453e+02 1.261092270522362213e+01 1.522717422162959272e-02
8.309022618479997391e+02 1.256792638018571751e+01 7.811976755968455359e-03
1.037974548323570616e+03 1.250960440073257907e+01 1.131029231058400947e-02
1.195084365033076210e+03 1.246649816367000696e+01 1.174045522568198038e-02
1.404755886382142762e+03 1.251455423942118195e+01 1.749129644820007420e-02
1.560747681617857097e+03 1.252232844363386732e+01 1.314483217232471218e-02
1.768902327993571362e+03 1.248602712291967798e+01 1.368387851537654180e-02
