-1.354295797819999279e+03 1.291436115863949574e+01 0.000000000000000000e+00
-1.163106090917273150e+03 1.322959262517217027e+01 4.590599215852612935e-02
-9.955496775408342955e+02 1.299723873841637456e+01 1.852161844281079509e-02
-8.011610393849992988e+02 1.300870482269582062e+01 2.348662752610298707e-02
-6.365828573981820000e+02 1.282923475214198383e+01 1.171203871889691002e-02
-4.357637884133339981e+02 1.279845774732060093e+01 4.529999632880366001e-02
-2.757478283264286461e+02 1.273287644918134376e+01 7.264615554126117869e-02
-6.990481693111117067e+01 1.280476765199979994e+01 2.298270636062127101e-02
8.714439422571480520e+01 1.297644452098296952e+01 6.174765179672650484e-02
2.940602156062504946e+02 1.303121424982493970e+01 1.961475743032918204e-02
4.515459776572732267e+02 1.288990785877485656e+01 2.221690844700556153e-02
6.613909158300003810e+02 1.309431458938870207e+01 4.051793957100274790e-02
8.162920452885716713e+02 1.314403663230583952e+01 2.983263154334487785e-02
1.025430681101428945e+03 1.317178790666178578e+01 9.278106231675309346e-02
1.182892212530907500e+03 1.326522240427098254e+01 6.310387477586383576e-02
1.390524653882999019e+03 1.340129310621080450e+01 5.952003280053670686e-02
1.546988342620000140e+03 1.344150368097739445e+01 4.575631308828002897e-02
1.756902478879090722e+03 1.335856897161902523e+01 2.975777821982503180e-02
