-1.342864729386112003e+03 1.438493157241804532e+01 2.450787225503543720e-02
-1.151665900509230823e+03 1.448777332237603765e+01 2.250969547844978991e-02
-9.837135464964001130e+02 1.450510674250634402e+01 1.601653945145453672e-02
-7.880411795483329342e+02 1.444955223438886271e+01 1.673962978801544002e-02
-6.219797977052944589e+02 1.449369037006909089e+01 2.825176855023698100e-02
-4.225617219900013879e+02 1.449271488591571710e+01 2.592009475201341104e-02
-2.615228421294129362e+02 1.452807814235316819e+01 1.866290682575056162e-02
-5.796517557999959536e+01 1.463743013678418770e+01 2.513326985922056597e-02
9.906084857499990903e+01 1.467964802673704838e+01 2.933692678924465502e-02
3.086163403343743994e+02 1.467343894549526340e+01 1.823051185512897937e-02
4.634977839615787047e+02 1.461003235660598776e+01 1.300614992419769043e-02
6.727999559579999413e+02 1.460768516870153810e+01 2.068708668603573900e-02
8.303024870494118659e+02 1.455682320745233049e+01 1.909337293104548805e-02
1.037463184168668022e+03 1.459909759149126174e+01 2.262868713561350803e-02
1.194494092887058969e+03 1.456289614788000542e+01 2.234657530916174875e-02
1.404083084730666769e+03 1.463836526251217585e+01 1.934872950178729775e-02
1.559858050618519201e+03 1.467143207182888709e+01 1.818145371968008656e-02
1.768165753819375823e+03 1.473777598212724449e+01 2.203476811449064238e-02
