-1.466763369816470686e+03 1.386342523750576916e+01 1.955924551177075019e-02
-1.290322804904666327e+03 1.396593410392415890e+01 4.900085550422229874e-02
-1.101299886807333678e+03 1.401418475780624107e+01 2.550056883486838746e-02
-9.313336939477418355e+02 1.412317077468201987e+01 3.003009366935776095e-02
-7.393255587650011194e+02 1.418987238331024514e+01 7.587377954622451237e-02
-5.720361942774283079e+02 1.417224265897892366e+01 4.209268561123920283e-02
-3.726669692890326360e+02 1.404676209081168992e+01 4.020180608871295330e-02
-2.101015254097915204e+02 1.415937764675381771e+01 3.493350135109762888e-02
-7.997879928888222523e+00 1.410791249642564082e+01 4.041608408986611251e-02
1.514353148353122833e+02 1.415026344697823824e+01 3.054672398607055986e-02
3.563735241574188990e+02 1.418869661671169524e+01 3.045272854065239967e-02
5.156872451716130854e+02 1.425097210303450979e+01 5.585378680932701762e-02
7.231669846934378256e+02 1.402389383083383123e+01 3.429508588178504375e-02
8.811007377310526181e+02 1.398492400521250545e+01 3.839714180093624363e-02
1.087368177477000017e+03 1.395308999380214843e+01 3.883792710917868124e-02
1.246823978360000638e+03 1.396420705955262243e+01 2.668453028755973094e-02
1.451845362458124328e+03 1.389672610674803011e+01 2.916750254100944351e-02
1.611425902939210346e+03 1.397306003841955580e+01 2.961618071959010168e-02
