-1.472016853516250194e+03 1.267514977855592306e+01 1.602317526720033539e-02
-1.295418213646665436e+03 1.275270281331294342e+01 2.056462500281362044e-02
-1.106249325710769654e+03 1.281925651430608148e+01 2.222306534917501547e-02
-9.365907696780001288e+02 1.283811939489291376e+01 1.845479848963005320e-02
-7.443615559507693433e+02 1.297917240161818953e+01 2.667622173282914108e-02
-5.777423658357147360e+02 1.289758207295058057e+01 1.910882208328557735e-02
-3.797191057694114420e+02 1.296143672150984827e+01 1.394522333208320260e-02
-2.167065717738886406e+02 1.294390287198450018e+01 2.359206856857710283e-02
-1.310134681333341433e+01 1.294797575119050848e+01 2.395667933929643972e-02
1.457174776800003428e+02 1.303835365721205974e+01 2.401214080480045324e-02
3.512366033599990942e+02 1.318904693376428838e+01 2.729687197392844517e-02
5.103146676400002093e+02 1.301586720379269835e+01 9.034239302724601794e-02
7.168951578112506695e+02 1.319422613196109317e+01 1.456108909137084420e-02
8.749014469894117383e+02 1.325006495057871980e+01 1.831483636552742877e-02
1.082386807020666311e+03 1.293874297611021262e+01 1.672990336383256907e-02
1.241550407797647267e+03 1.289773664864469715e+01 1.785852270511495421e-02
1.446601133457142851e+03 1.293150352458825303e+01 2.304549131260188663e-02
1.605659661421175315e+03 1.302565732411036592e+01 1.520653718133178726e-02
