-1.348173503190002521e+03 1.083596774193548384e+01 1.025304832720490798e-02
-1.157357795077499759e+03 1.085224506053824278e+01 5.656189251771138495e-03
-9.884072825192852179e+02 1.090144915512032675e+01 1.258214988095518981e-02
-7.949641609549993291e+02 1.088522572591717896e+01 1.178383623003551907e-02
-6.304026174735710129e+02 1.089958433696954287e+01 9.765490050087949347e-03
-4.283790524883334001e+02 1.098506784633540079e+01 9.605499726718981848e-03
-2.672879130836365675e+02 1.099457948775969207e+01 8.332045981204591265e-03
-6.413766154583390744e+01 1.104314605012041284e+01 1.221250402782453164e-02
9.322622303909089680e+01 1.095234439664545079e+01 7.064051701840915257e-03
3.003242029500011654e+02 1.097792684364416083e+01 1.040801658748625666e-02
4.574169700841666781e+02 1.090915431740714503e+01 1.188337911008793650e-02
6.671129148576935677e+02 1.089452521485562109e+01 1.239749045919917060e-02
8.231819313491306502e+02 1.083248567458593037e+01 6.290036555940772302e-03
1.031284441417692051e+03 1.064952740674855569e+01 9.819305110077277549e-03
1.188629477259286205e+03 1.069945727707500360e+01 1.443403866917385668e-02
1.397129965166666807e+03 1.083277086660654476e+01 1.259063208118254944e-02
1.554318560053636020e+03 1.091488888552215286e+01 1.279157310886929952e-02
1.762637372789090932e+03 1.091698726508367834e+01 6.951263202122674560e-03
