-1.467234620569473691e+03 1.342951428120215951e+01 2.684298152772122970e-02
-1.290759449856666834e+03 1.316558928818013463e+01 2.719090680461684617e-02
-1.101926905567272343e+03 1.300503156479644673e+01 2.058138951209494485e-02
-9.319027060754538070e+02 1.341846525521830813e+01 2.963608223998803054e-02
-7.399436814927274781e+02 1.346512810322261622e+01 3.890134693751251538e-02
-5.731747028669225301e+02 1.362714137609967757e+01 2.835439653210536023e-02
-3.729229564163642294e+02 1.371277021049123057e+01 5.333931040974313614e-02
-2.110129337557148119e+02 1.375969263167010581e+01 4.125181928670482168e-02
-8.594008384999446193e+00 1.392072747947884359e+01 5.089130016538614271e-02
1.507145530174990711e+02 1.394264645416935089e+01 4.889430382677500964e-02
3.555762944669225476e+02 1.329081642076084435e+01 2.561934765279143961e-02
5.150220582883333691e+02 1.311104182804703200e+01 3.354177213292992149e-02
7.226188419160004059e+02 1.320801442106968260e+01 3.774673909569927627e-02
8.799980224233323725e+02 1.349379568676396879e+01 7.720716884036649130e-02
1.086803030109166457e+03 1.347595633807690518e+01 2.214172467150049214e-02
1.246171775107500025e+03 1.376356281783596636e+01 5.621085746471835010e-02
1.450991251262000105e+03 1.407969334100916647e+01 5.540876176459329228e-02
1.611043048969332176e+03 1.397694296596626629e+01 9.146737151499198526e-02
