-1.331147332380556009e+03 1.369540139051493277e+01 1.229426717974553031e-02
-1.140433389937499669e+03 1.374063994236803232e+01 1.075031794587953671e-02
-9.720523504807149493e+02 1.368041554200392973e+01 1.284422537035341712e-02
-7.782730656906671811e+02 1.366831943949314443e+01 1.295272315140863148e-02
-6.131819406293752763e+02 1.367906137667670485e+01 1.189308843890057345e-02
-4.140291006112497598e+02 1.365174539079957761e+01 1.578282015703705993e-02
-2.525935473343743070e+02 1.357005933911348805e+01 1.605635065898773292e-02
-4.706675878599926222e+01 1.347276116677727309e+01 1.524317455028213926e-02
1.082362996952947185e+02 1.340658904095030479e+01 1.099347548116128871e-02
3.172314922650008953e+02 1.350629688898181513e+01 5.279842432413225754e-03
4.748696484984617427e+02 1.345674961946256509e+01 7.840873034351967391e-03
6.815091572858340214e+02 1.347959371167268117e+01 1.011290429764529972e-02
8.389909273041666893e+02 1.342509036845480708e+01 1.126107993472629139e-02
1.048554350146363731e+03 1.344843704456692635e+01 1.199999999999995341e-02
1.203553755477857067e+03 1.353499947460118058e+01 1.116500937761962832e-02
1.412661666440769068e+03 1.363486087999720908e+01 1.574006539457184842e-02
1.570299064333076558e+03 1.349093191140770998e+01 1.429422920695083525e-02
1.777299773838333522e+03 1.342161311590206019e+01 1.316394134945352012e-02
