-1.400039097172499169e+03 1.162057638745123178e+01 8.687423906270887869e-03
-1.220471778488260952e+03 1.171343495669620083e+01 6.658640882747285383e-03
-1.038116665114705938e+03 1.174861143461715329e+01 8.028100523459003393e-03
-8.606876104347063574e+02 1.183369438142002217e+01 7.390558238264019822e-03
-6.738570104650009398e+02 1.187181753200748346e+01 1.328962568995958188e-02
-5.004009214988881240e+02 1.200820280712179766e+01 1.225526426887306453e-02
-3.068053549506248601e+02 1.205309936635608459e+01 1.241492719064781793e-02
-1.399408295287503279e+02 1.207510495995150812e+01 9.783793475742284806e-03
5.741633773388861783e+01 1.194443193169653128e+01 7.041611141359886174e-03
2.205080536500000221e+02 1.200793533494200460e+01 9.116582721217040761e-03
4.235045897582610337e+02 1.205741470027423468e+01 9.162651196130636860e-03
5.861962421644119559e+02 1.207535234558286952e+01 1.081004679678362543e-02
7.886198023972223154e+02 1.164279329733796509e+01 9.992376555392536511e-03
9.518247317938888727e+02 1.164324213461861746e+01 1.173118125429742191e-02
1.153327573356315952e+03 1.168997485245738233e+01 6.787789680586775107e-03
1.316040963020000163e+03 1.178443727396268592e+01 1.146157735386046754e-02
1.519861638451052613e+03 1.147017139473919478e+01 1.007020795349609574e-02
1.683070004855625484e+03 1.155760251241959047e+01 9.159033545946009339e-03
