-1.454521742022222725e+03 1.202927714318372310e+01 1.436393208665652163e-02
-1.278196286946000100e+03 1.214024831250978309e+01 3.104046791468309877e-02
-1.090252372898888098e+03 1.233533447320533583e+01 1.492484260807806079e-02
-9.165412355725007956e+02 1.248168496453721943e+01 1.404078434747021466e-02
-7.254647163272728676e+02 1.262514411381267543e+01 1.534180167115821274e-02
-5.577142773989987745e+02 1.267428913675589541e+01 1.759168539316170385e-02
-3.611741771409096486e+02 1.260023645751408594e+01 3.856105797559087472e-02
-1.973153151609985798e+02 1.252147428741844237e+01 1.791724890795321282e-02
3.661859776923777510e+00 1.235259476454754513e+01 1.437471989464102901e-02
1.631033389983325321e+02 1.230414717520523915e+01 1.633680746665159764e-02
3.699437551144445706e+02 1.225864617025764858e+01 1.442094344847267944e-02
5.298914595583337359e+02 1.226553492425242808e+01 2.648832710645156532e-02
7.342086071287494633e+02 1.217559561615332520e+01 1.998803089575878350e-02
8.943070894274993634e+02 1.219711395358409689e+01 1.145135935175195345e-02
1.099155769872000292e+03 1.224117169180936493e+01 4.691894219545413025e-02
1.259123098911665920e+03 1.224762600881930652e+01 7.036777121210947838e-02
1.465392032474286680e+03 1.215021716030513055e+01 2.411748134009866762e-02
1.625646297156999253e+03 1.209141623023019285e+01 1.589530948891361081e-02
