-1.459343546514499849e+03 1.237272716997937394e+01 1.417322241867021576e-02
-1.283578117889230725e+03 1.253531771996069821e+01 1.379511735632843808e-02
-1.095001541097826248e+03 1.255167176745891133e+01 9.812776361522931867e-03
-9.244286828576662174e+02 1.258918974609152741e+01 8.533655706988709996e-03
-7.327312229922231381e+02 1.247973000785903253e+01 1.360780536729082509e-02
-5.630587225776466767e+02 1.244673760161813902e+01 1.098836515962138202e-02
-3.661414958216667515e+02 1.247137887972485437e+01 1.255118871142005613e-02
-2.023718057576919023e+02 1.247169111172763500e+01 9.781975952433727417e-03
-1.771769577082826119e+00 1.259641476901570023e+01 1.165807315491363023e-02
1.580959315903567415e+02 1.268518037891722905e+01 1.524518769228450435e-02
3.642755495983869878e+02 1.259558446405766219e+01 1.334724206566408923e-02
5.226581499416669203e+02 1.267873714818964892e+01 1.523211644443609077e-02
7.294284572182606325e+02 1.276334134006021515e+01 1.184873004165461208e-02
8.892531812938466373e+02 1.275627220379594462e+01 1.356465173946745824e-02
1.094306433995833459e+03 1.264804497778197501e+01 1.402390475846567418e-02
1.253432719285555095e+03 1.270127222458149774e+01 1.588931305032866698e-02
1.460724847354546455e+03 1.264254919851731174e+01 1.370664062852565597e-02
1.618722425948536738e+03 1.261575756834207951e+01 3.784592345356367626e-02
