-1.346968804854546534e+03 1.352651031285942196e+01 2.529848590513827586e-02
-1.155749072894666369e+03 1.374331167807064524e+01 2.690561542401569139e-02
-9.874997738969233296e+02 1.373249580190356589e+01 4.904447653878063473e-02
-7.934196043158335669e+02 1.368647438827079199e+01 4.833413294729765192e-02
-6.288698436192856889e+02 1.372152875756434121e+01 3.050716885850095206e-02
-4.266734533799994438e+02 1.366140363684526626e+01 4.247928482950166784e-02
-2.656388550925003074e+02 1.373369357292969895e+01 8.145065876695722906e-02
-6.250320412749957910e+01 1.372761364091738123e+01 4.442668341740175358e-02
9.497205081833332940e+01 1.360277275640327943e+01 3.434531019577091726e-02
3.033609909073684889e+02 1.354924474036991811e+01 3.611571082866680410e-02
4.591379044545452075e+02 1.346387393653365194e+01 1.669584488305822165e-02
6.687251646008340913e+02 1.338814500455502099e+01 4.882859949727244575e-02
8.259552262692856175e+02 1.336954772347492515e+01 4.183433814378286625e-02
1.032974553160832556e+03 1.350571416206715547e+01 3.147982944047179876e-02
1.190305085723333150e+03 1.352917297589581125e+01 6.846613881794733070e-02
1.400087774272499928e+03 1.375530233908657074e+01 4.287584613995721466e-02
1.555087848907499620e+03 1.362955015684283921e+01 4.711469030081887055e-02
1.764232112439999355e+03 1.384438336090902411e+01 5.804597770147906094e-02
