-1.429636959909285224e+03 1.333094784851909687e+01 2.565382460673362383e-02
-1.252023312738182540e+03 1.342735272488232567e+01 3.837998086204043313e-02
-1.067206962374167006e+03 1.336316159063817111e+01 5.036642459859851095e-02
-8.918275580880774669e+02 1.329199769668449882e+01 2.960036501281967589e-02
-7.032120255499997938e+02 1.335273446434118227e+01 2.989485887692642022e-02
-5.313616693366657273e+02 1.344381595373323535e+01 5.841771046013918139e-02
-3.363780630772724294e+02 1.373134549209973088e+01 3.341919478546161865e-02
-1.709622130315379138e+02 1.360211310294321052e+01 3.458715504534029539e-02
2.791795462299923969e+01 1.324630049315503655e+01 2.630104141719003669e-02
1.894965932138455571e+02 1.351741851936894712e+01 4.137985772772162507e-02
3.940852306187503018e+02 1.337819991398257713e+01 3.383647886730609122e-02
5.548371081627278727e+02 1.360727485459905317e+01 3.290014577787298000e-02
7.590502070289992389e+02 1.338648562666201869e+01 2.724262349010754883e-02
9.206789476908325014e+02 1.340758157943845674e+01 4.740097323161145126e-02
1.123970822268332313e+03 1.349996343007411781e+01 4.183826316831749936e-02
1.284945726282143141e+03 1.364170506873700717e+01 6.862647514641251334e-02
1.490344562736666376e+03 1.342391588017624038e+01 2.520210274911594689e-02
1.649962896735293953e+03 1.371023378122098002e+01 3.935835476761127827e-02
