-1.343062485533332392e+03 1.299077795052465945e+01 2.603164239054657145e-02
-1.151921292221537897e+03 1.323217145806454020e+01 3.436182630258765441e-02
-9.842431589563632315e+02 1.328870828689291628e+01 1.514264194575998257e-02
-7.883890922678945117e+02 1.329989282891284574e+01 2.965209759392000918e-02
-6.222945142033319144e+02 1.342618808676367337e+01 3.721189463868324748e-02
-4.228458757881810470e+02 1.343865448515403216e+01 3.545235519707393146e-02
-2.616855010549995200e+02 1.345046656421443032e+01 3.557823648134792599e-02
-5.758752740857120500e+01 1.338917988442082851e+01 5.897347514331100632e-02
9.886662502230767302e+01 1.337831691822132285e+01 2.949772012166897509e-02
3.083663252099998999e+02 1.311575320039056614e+01 2.261249468932858761e-02
4.630698007199983408e+02 1.315503420274986901e+01 1.677574509511315509e-02
6.725655269916666157e+02 1.306882025038174255e+01 3.418746672854647978e-02
8.300797681700000794e+02 1.314645524278042465e+01 2.287052539685477739e-02
1.037688508672307307e+03 1.337981932511329397e+01 1.357994284016000516e-02
1.194231387258181940e+03 1.327489235722422478e+01 4.443815300629729015e-02
1.403895844138182383e+03 1.332816162265956095e+01 2.412478084855438840e-02
1.558672242293846239e+03 1.325041579041229589e+01 1.226877478520282116e-01
1.768052542208333762e+03 1.335899670318288912e+01 2.168526754768589429e-02
