-1.453300194049999845e+03 1.310389173353572190e+01 2.396085547418452810e-02
-1.275814296376296397e+03 1.306667267371969032e+01 2.545412629234454147e-02
-1.088544006541537556e+03 1.303544745419158524e+01 2.348961726739140152e-02
-9.152301921407145073e+02 1.291295210488148015e+01 2.238063754044198814e-02
-7.241299434608341699e+02 1.303724429232290483e+01 2.130191772668851499e-02
-5.563880668033337997e+02 1.282607544129344390e+01 2.624700916546945581e-02
-3.599712386524988688e+02 1.272525706050608107e+01 1.928187701475866933e-02
-1.959461967376913663e+02 1.257715610290640562e+01 1.642863117879712898e-02
4.470704494285330455e+00 1.252889698714642641e+01 1.379545617886045183e-02
1.649656445657139159e+02 1.239701047972651260e+01 1.116019196488137431e-02
3.712964532600004190e+02 1.238784116448777617e+01 1.353695232674051278e-02
5.315256663814283229e+02 1.235946511141859361e+01 1.656242435652981876e-02
7.355399046254547102e+02 1.229244740404563530e+01 3.610697005270376708e-02
8.956792211518172735e+02 1.233389389331599695e+01 2.073602865969708178e-02
1.101434980965500017e+03 1.230918359915494520e+01 1.184569107806737742e-02
1.259855726249999861e+03 1.234700632493544603e+01 2.776152430627455356e-02
1.466744767413333420e+03 1.241381681436686790e+01 2.087727072655311614e-02
1.626965952571665866e+03 1.258678026662367699e+01 1.562921710030244424e-02
