-1.337947363129499308e+03 1.242536659549596578e+01 6.421643091919738630e-03
-1.146813932239999531e+03 1.232577435375612396e+01 7.127536585509632386e-03
-9.762431071863155694e+02 1.228190684376051323e+01 4.849115724793203082e-03
-7.822026800938093629e+02 1.233285492573815567e+01 6.108580917444337254e-03
-6.173161719177777513e+02 1.239173731068200190e+01 3.385424509329314907e-02
-4.179997722461100693e+02 1.237734820670274338e+01 6.201588915386601654e-03
-2.567563156594450220e+02 1.236687992054912932e+01 5.866601196791436379e-03
-5.293278385833279032e+01 1.237201109519348918e+01 5.952351066393218870e-03
1.037733669085002504e+02 1.238889053535190499e+01 7.324479503691623192e-03
3.131359866088241688e+02 1.230974300619415907e+01 6.057429207653978673e-03
4.695471138258824908e+02 1.233613268278316788e+01 8.863881203273898252e-03
6.774784990875000403e+02 1.234919615436793450e+01 6.333504657770399129e-03
8.349106584649998695e+02 1.238179308767693065e+01 5.650542017710710220e-03
1.043122837642973082e+03 1.231355052756467039e+01 3.934015405113190297e-03
1.199568903218420928e+03 1.223157360434834651e+01 5.710006103677867616e-03
1.408610765597777799e+03 1.220430738295813988e+01 6.629939988597254898e-03
1.566306636142777279e+03 1.227096928570626311e+01 4.015317038425113803e-03
1.774190968951176956e+03 1.236243623286439330e+01 9.747920181956762353e-03
