-1.455860457117272972e+03 1.353708061267802876e+01 2.213111186339946149e-02
-1.279371859578333897e+03 1.343078218994480721e+01 4.097415342810463434e-02
-1.091607676966000099e+03 1.348999838870525281e+01 3.907668447771770609e-02
-9.186815950822225432e+02 1.352919387152957853e+01 4.698144851613629547e-02
-7.271916690321429542e+02 1.358955748060205337e+01 7.156236560824218162e-02
-5.590908612863627241e+02 1.361936581189059225e+01 2.500503065568292910e-02
-3.625420063966651014e+02 1.349978059998893087e+01 3.313955797305621204e-02
-1.986498924391665639e+02 1.359700294708957102e+01 4.199547307829906012e-02
1.639162870000291150e+00 1.355951223434492370e+01 4.033816426628882706e-02
1.617138597391670771e+02 1.356528273160641440e+01 3.551441084739472009e-02
3.686832213638459166e+02 1.373343897119050538e+01 4.091938237996281535e-02
5.273725320834786316e+02 1.379298959462171226e+01 5.154806720283974103e-02
7.329369724744457244e+02 1.378074677512509361e+01 5.495816054692547609e-02
8.929832481215388498e+02 1.360585733716692403e+01 3.120599128576947295e-02
1.097558727520000048e+03 1.359751742000761965e+01 1.403526044688699626e-01
1.257119756535833631e+03 1.368484479812459043e+01 4.149930429981806695e-02
1.464054702198182440e+03 1.364668279886847024e+01 4.988449737541063300e-02
1.624306975524999871e+03 1.360721147339428683e+01 3.964985890779510608e-02
