-1.416451213241817413e+03 1.255272048273279140e+01 9.175146909527996664e-03
-1.235241270859999759e+03 1.249923682838966066e+01 1.248544341928203329e-02
-1.052918890729091572e+03 1.239241036227934778e+01 5.338789297180982114e-03
-8.764329325728571121e+02 1.245241832214706079e+01 4.297432958075584480e-03
-6.874532087949997958e+02 1.254802781609749829e+01 9.434077705713196996e-03
-5.176253455464284343e+02 1.263202261636872059e+01 4.956700268426640806e-03
-3.223512902820002637e+02 1.249846953973997365e+01 6.101997244375851649e-03
-1.566091633535290839e+02 1.240986967461112123e+01 7.931777085019488943e-03
4.385426910749993112e+01 1.234018048877350537e+01 7.058617008598343061e-03
2.062620413278584977e+02 1.233886463566964053e+01 9.712278454084760648e-03
4.080809028992854337e+02 1.222344697092153432e+01 6.852278248959643540e-03
5.705283849599998121e+02 1.225318828904759805e+01 8.119753295883217620e-03
7.725270958071424729e+02 1.217189103726704857e+01 5.850170065555187170e-03
9.350248979857149152e+02 1.227187900721258984e+01 7.576456743953794044e-03
1.139262333300768887e+03 1.232264624645108597e+01 9.646175551819161434e-03
1.301654076580001401e+03 1.236601084654828320e+01 8.942592411322693863e-03
1.503536833840000781e+03 1.252866610892211519e+01 1.094992117699620550e-02
1.665787073081428844e+03 1.257659540714176494e+01 8.418707476122104516e-03
