-1.452041341962727302e+03 1.377987406430152362e+01 4.951242049111456017e-02
-1.274005859399999281e+03 1.388287249889687658e+01 4.626210167466853623e-02
-1.087240431804705622e+03 1.407488688385276276e+01 3.880566594049979223e-02
-9.138754098607689684e+02 1.431387250848867154e+01 6.613988846641342956e-02
-7.228683056249998344e+02 1.410645166355651270e+01 7.101415984202835707e-02
-5.550266929054553202e+02 1.400763716371285561e+01 7.161149170375323558e-02
-3.587163394841663830e+02 1.387467728479566276e+01 5.987865652125802518e-02
-1.945356263423074381e+02 1.380169040968294425e+01 5.993382194668529783e-02
6.934232806429333706e+00 1.390331818765089089e+01 4.227632009856775730e-02
1.662873824684608621e+02 1.398298312005210420e+01 5.678580417620820997e-02
3.725565226299995061e+02 1.406809285832085266e+01 7.772217739563538896e-02
5.328437220392863765e+02 1.388130004448405330e+01 3.763749229682045866e-02
7.368476659727272136e+02 1.382969488570417482e+01 5.097005820800776243e-02
8.970164672328563711e+02 1.371493554131899373e+01 3.723215350653088368e-02
1.102566584227618705e+03 1.367830230883517828e+01 3.793615795246132322e-02
1.261595088108571190e+03 1.376224794914134364e+01 4.081333003058363468e-02
1.467969336400714383e+03 1.367366560575208467e+01 3.357825451377305370e-02
1.628305949386923430e+03 1.368616017156932152e+01 5.137176710729052242e-02
