-1.453213918937856533e+03 1.413033884990469957e+01 1.043381193461337744e-02
-1.275610284957941303e+03 1.416601583070556636e+01 1.511032768835879857e-02
-1.088428180799000302e+03 1.418885550551508956e+01 1.862764075238728181e-02
-9.151241867061103221e+02 1.426319832001395582e+01 1.616195149939703146e-02
-7.241535244953847723e+02 1.443702375241424640e+01 2.208363298233967723e-02
-5.563015005378949809e+02 1.449190137585667770e+01 1.922429969569535574e-02
-3.599549290666661250e+02 1.444897227703235743e+01 2.802019567634629268e-02
-1.958710200427772747e+02 1.456116039721351818e+01 2.129576488870002504e-02
4.486926704705076929e+00 1.461809803791323148e+01 2.312494051900969641e-02
1.649529815255555150e+02 1.462470964332316825e+01 2.836825794765878914e-02
3.712479669330775778e+02 1.448900731844759981e+01 4.308706558534211584e-02
5.315950311272221143e+02 1.458529434206279873e+01 2.389161985538293745e-02
7.356310207125002307e+02 1.451311327513419336e+01 1.775132037342574270e-02
8.957942748278943554e+02 1.444408336135717619e+01 2.108666916017304729e-02
1.101110281170370627e+03 1.443196655642432624e+01 1.715641956548822830e-02
1.260242983699091383e+03 1.448976811836624634e+01 1.689885497353162819e-02
1.466820947445624824e+03 1.440269358076053763e+01 2.546196228568215272e-02
1.627050455587647775e+03 1.440466617917818049e+01 1.440552792102716556e-02
