-1.463544282199999316e+03 1.167165973311771943e+01 4.635551552126247407e-03
-1.287394706291333250e+03 1.164770106954282625e+01 6.234575039722160469e-03
-1.098772589685832600e+03 1.160714595189663179e+01 6.208706178215159244e-03
-9.280423493400007828e+02 1.163687945397367685e+01 5.008851424487706198e-03
-7.362581884676916388e+02 1.161762760754158919e+01 6.836739754358097353e-03
-5.695091453178569054e+02 1.165024747933278171e+01 8.250916549493473792e-03
-3.697387175030772255e+02 1.163836534865381367e+01 8.860420705310900757e-03
-2.063072459666667271e+02 1.165370593473680216e+01 7.918274690491234821e-03
-5.454743075833296651e+00 1.172118072312074766e+01 6.236234841633271110e-03
1.541877663664288036e+02 1.169256795120838355e+01 4.804183065528741352e-03
3.590163616953840915e+02 1.149613340699422359e+01 5.858442394678032607e-03
5.190020284769242380e+02 1.133362362472809970e+01 4.760346755116532172e-03
7.257614685750007766e+02 1.142508845763551584e+01 5.843937328423570027e-03
8.854563820419992908e+02 1.142879437957800270e+01 5.793636355711591704e-03
1.090058984624999994e+03 1.152414554513403289e+01 7.210900397877135007e-03
1.249562654879999855e+03 1.156278001513718579e+01 9.429900975482520889e-03
1.455983583126500207e+03 1.158296601342745014e+01 7.431781414977146547e-03
1.614601558632499746e+03 1.160336529616804846e+01 7.398730359831975044e-03
