-1.479176818659998389e+03 1.348100656458223057e+01 8.581092044522857509e-02
-1.302993298140625484e+03 1.343902403647994959e+01 4.679048406263518894e-02
-1.114210356847501089e+03 1.354613431445155136e+01 3.852432906131330465e-02
-9.433480995323081970e+02 1.347839976380036831e+01 3.698117254278394939e-02
-7.507864859227272518e+02 1.337625525468203236e+01 4.507172630717681122e-02
-5.845078469675003134e+02 1.329910828814922574e+01 2.523932637814038649e-02
-3.865705075718188368e+02 1.328031706501877984e+01 3.554662075593641168e-02
-2.239898079561540953e+02 1.317519509990234461e+01 1.880083578991908339e-02
-2.091412317545473343e+01 1.326961017297153766e+01 3.912184073082713986e-02
1.364182125045461476e+02 1.333579459692977665e+01 1.311913595271375355e-01
3.447088994799996726e+02 1.315073666866091884e+01 1.479232231227584765e-02
5.034269958783327752e+02 1.306774348386166906e+01 2.424901241601172888e-02
7.096375675949990409e+02 1.302170187685328884e+01 2.587378577922747405e-02
8.676387484824996363e+02 1.310622165946011641e+01 2.234742842426749171e-02
1.075982243144545464e+03 1.313402772322788259e+01 2.820254823547917178e-02
1.231831131868332932e+03 1.314036772478072379e+01 4.190634620935183158e-02
1.440136142037273885e+03 1.312620431214819305e+01 1.765002228381657920e-02
1.598981754812940608e+03 1.317484623681900935e+01 3.088341331511106069e-02
