-1.471311222286666407e+03 1.125849945958338338e+01 1.560752886235212446e-02
-1.294682442237272426e+03 1.126620619945456880e+01 7.072109718018233446e-03
-1.105641030049999927e+03 1.128428706368143963e+01 4.429533450981485050e-03
-9.359035005166660994e+02 1.125300731755674377e+01 7.784297729342259248e-03
-7.436862247512499380e+02 1.131550648590911834e+01 1.253028899081184110e-02
-5.770709134450007696e+02 1.135110762579263621e+01 6.593357784386665206e-03
-3.795369019728573790e+02 1.146066947339201825e+01 5.308252385716081753e-03
-2.162370231181822362e+02 1.143139864905696967e+01 1.140203326123724430e-02
-1.234103675333204109e+01 1.140909733159014827e+01 1.240999459792006994e-02
1.467726181772721361e+02 1.141857019246956639e+01 1.235854126912236395e-02
3.519470358874996236e+02 1.158287484525428468e+01 7.152208328751219132e-03
5.109477717288892791e+02 1.166426422991837875e+01 5.879625663492231945e-03
7.173095256394997250e+02 1.175042079610284773e+01 8.673992636074540422e-03
8.751457802716662400e+02 1.173736946726498154e+01 1.422517822788505262e-02
1.082917585888751091e+03 1.160532898494584231e+01 1.450400020152157327e-02
1.242266466848000618e+03 1.157175630900749397e+01 1.287913395263536390e-02
1.447208344711664950e+03 1.147614755544036491e+01 1.063947295796713842e-02
1.606381932473334018e+03 1.143131185213250767e+01 8.617182317413313655e-03
