-1.472981623103570428e+03 1.293508998245475894e+01 8.303201110899726539e-03
-1.295925760541538239e+03 1.283341612634599826e+01 6.683766568969612583e-03
-1.106828633116667334e+03 1.287933006762708565e+01 1.655649349505661574e-02
-9.371522089299999152e+02 1.276659425279353677e+01 6.203573925251748902e-03
-7.448281830069239504e+02 1.293720694255887160e+01 7.740499925636057030e-03
-5.782261273615390564e+02 1.306048204797049905e+01 8.817938021516062361e-03
-3.802898665830765026e+02 1.308942282150592895e+01 7.498444687770151537e-03
-2.174692108564283615e+02 1.305514803337832674e+01 8.516148269088988365e-03
-1.359842162692299183e+01 1.304005885334672676e+01 1.168650587914020489e-02
1.443404020847620473e+02 1.298385131950600169e+01 9.465615859408398752e-03
3.506325728666676582e+02 1.283902723506362342e+01 9.229582069908962363e-03
5.097539619846149890e+02 1.297864125543623892e+01 7.973670829089238646e-03
7.161771117166665590e+02 1.297249859086148582e+01 6.701861830045876579e-03
8.744805651635708728e+02 1.289542945957897935e+01 1.134396295951380085e-02
1.081824696769166621e+03 1.297191315089597374e+01 1.842169363267931112e-02
1.240992256649999945e+03 1.301116488844218111e+01 1.323321155385690472e-02
1.446080862220833296e+03 1.283885991427179896e+01 1.166604025454893480e-02
1.605119542892307663e+03 1.280854932407133084e+01 6.506115606274032528e-03
