-1.412156558385263224e+03 1.316810331081528851e+01 9.535608635293678012e-03
-1.231160449324999945e+03 1.320783433054701739e+01 1.383277553538499703e-02
-1.047677631838749221e+03 1.316738447121084477e+01 7.888876662744809948e-03
-8.723242199271428490e+02 1.313098344957249175e+01 1.018126398196123744e-02
-6.835674306682357155e+02 1.309226325478435804e+01 1.806349476909016247e-02
-5.127862113763154639e+02 1.307305921306135232e+01 1.007969410598142865e-02
-3.187423690094994413e+02 1.305670731353473002e+01 8.705343186802019101e-03
-1.514030132971425360e+02 1.308998991426595815e+01 8.666529614425539166e-03
4.784125045190462799e+01 1.308286105067299054e+01 1.299188653145718318e-02
2.105229148081252788e+02 1.311078815932967956e+01 1.180567759332348809e-02
4.120020964849995835e+02 1.312998961052247182e+01 2.453285723238075866e-02
5.746979568291662872e+02 1.314011279951307287e+01 1.587470836710835539e-02
7.785131743545445033e+02 1.313757814090667253e+01 7.847389225462067172e-03
9.401929408859999739e+02 1.317026332329631977e+01 9.742879542985766889e-03
1.143200620752500527e+03 1.319163507418626935e+01 9.909812056744578268e-03
1.305845871254615304e+03 1.319550447460241926e+01 1.199977241477400217e-02
1.508377195651666852e+03 1.319141302452434950e+01 1.163699931625072209e-02
1.670792160851818153e+03 1.320786094085697826e+01 1.652287079183292415e-02
