-1.415864868342727050e+03 1.346620964609877014e+01 1.366547856031729950e-02
-1.234691080458570923e+03 1.342122533831368436e+01 9.289951937286034661e-03
-1.051631400333124930e+03 1.338039610835816262e+01 9.764899973086034121e-03
-8.758081973300000982e+02 1.349442896730105446e+01 1.590584494784160960e-02
-6.869292473635713350e+02 1.338834104958409554e+01 1.056930825399326340e-02
-5.169791514485712014e+02 1.324518297900318942e+01 1.241190531650989727e-02
-3.218540077233332681e+02 1.339377740859243993e+01 1.189479811607675394e-02
-1.563058459942855905e+02 1.349394058559966858e+01 1.433664390994568959e-02
4.450314125263148668e+01 1.325729578367900174e+01 1.142292260372168057e-02
2.069147128007680294e+02 1.322552501052222951e+01 1.767820379435159489e-02
4.086517231861546975e+02 1.311684862987675970e+01 1.197402742298704116e-02
5.710978560684615104e+02 1.299569022209280611e+01 1.712451388729603965e-02
7.730186598892323673e+02 1.291898201121809642e+01 6.342665349233103309e-03
9.355836886113335140e+02 1.307929701589695703e+01 9.213741750072971734e-03
1.139817630054999199e+03 1.323978747646025766e+01 7.560277695549229120e-03
1.302290490965832532e+03 1.315848077169180463e+01 1.431968018989039464e-02
1.504100486672726902e+03 1.314233434596930827e+01 1.384653463551338559e-02
1.666467729689285306e+03 1.322779714294025233e+01 1.874247176370850976e-02
