-1.327617680891764849e+03 1.027262343646239451e+01 4.475580158335044564e-03
-1.137028130997857488e+03 1.083361908721366262e+01 7.062367317536654907e-03
-9.687547143035305908e+02 1.075492600038328206e+01 5.516332513371672956e-03
-7.750139728035717326e+02 1.037811009662459938e+01 3.516044385227256631e-03
-6.098015359706672598e+02 1.031201962870052213e+01 4.373556845658997487e-03
-4.101641333713332074e+02 1.039005963803246502e+01 4.799657295278461980e-03
-2.488829690015788287e+02 1.030972321269632630e+01 2.984336559333748348e-03
-4.384338716928583324e+01 1.064243273526741262e+01 3.734091258673253536e-03
1.124243850824137070e+02 1.066219471347417347e+01 3.530739685132512108e-03
3.204477564037506454e+02 1.053359124228548005e+01 4.234235380396721322e-03
4.782730546647054553e+02 1.037098963869341262e+01 4.394451478554429330e-03
6.851007652237499315e+02 1.072338910398575607e+01 6.480090456807537092e-03
8.424667360429409655e+02 1.112331870523405186e+01 7.140226566408819538e-03
1.051686434002727992e+03 1.132278296947809615e+01 6.626791118762887477e-03
1.208201975125554554e+03 1.052293736808999824e+01 5.227290716771659275e-03
1.415966545801999700e+03 1.003169566773069299e+01 3.571487542831906521e-03
1.573641896261175816e+03 9.937084637508066365e+00 3.949786395739548171e-03
1.781842636347307689e+03 1.034492948617062957e+01 3.940489039105128134e-03
