-1.411429160070000762e+03 1.377651910547322345e+01 5.217677368125940573e-02
-1.230388427094666440e+03 1.386833691802746671e+01 3.795774125047561565e-02
-1.046961355379230781e+03 1.381178974111621471e+01 3.187874664134081326e-02
-8.715271620049994681e+02 1.380189865182081377e+01 4.974531542839621956e-02
-6.828338989392303802e+02 1.379019969655311506e+01 4.934752336968878383e-02
-5.122426765130765034e+02 1.383928064534060454e+01 5.847055518421578890e-02
-3.169187198529411376e+02 1.389147369942735466e+01 5.336105621004085670e-02
-1.491134498566674154e+02 1.397619384630931449e+01 3.459198558064212337e-02
4.850150274499901570e+01 1.379841964887225281e+01 5.478834039518031690e-02
2.112328641123072259e+02 1.377674823953537953e+01 5.011719560748666841e-02
4.127446648328565857e+02 1.365298121439447065e+01 3.631307062455180201e-02
5.754383683393340334e+02 1.350574118045221184e+01 3.176942196187024919e-02
7.797036116383333137e+02 1.350602403192520207e+01 2.124041958168521038e-02
9.406993515695834276e+02 1.351210388910306293e+01 2.530660229848147660e-02
1.143909029715000088e+03 1.362525504601525128e+01 6.397172671867594473e-02
1.306600798019999957e+03 1.360913195320043556e+01 3.623827337591980363e-02
1.508697055435384527e+03 1.362270963619553932e+01 3.880882702791771388e-02
1.671339150712000219e+03 1.361089331510958544e+01 4.661383466437486051e-02
