-1.468256191387499257e+03 1.303451972717334684e+01 1.977456426998734987e-02
-1.291932980446666306e+03 1.306050711700217448e+01 2.745839607809366298e-02
-1.102996950890832522e+03 1.306247930728364715e+01 2.529472771590827312e-02
-9.331663780620001489e+02 1.303542151377481773e+01 1.466379417173166444e-02
-7.410078210928576254e+02 1.314317657877338519e+01 1.909048439255725538e-02
-5.733042511956246017e+02 1.323133710880005864e+01 2.825796200934596950e-02
-3.753548645114286728e+02 1.309970183648852426e+01 1.847337988052341964e-02
-2.125267477614288509e+02 1.307678901034634045e+01 1.856870191840286413e-02
-9.736982504285801809e+00 1.305205516115036346e+01 3.045463663190745712e-02
1.495757456233332050e+02 1.321975689315962654e+01 5.167228565261097750e-02
3.549821629333319493e+02 1.305959065734760216e+01 1.889298086937268861e-02
5.137789897900001961e+02 1.309066143917512370e+01 2.518148459871731235e-02
7.214470733553326909e+02 1.303192216754031918e+01 3.493321288653674500e-02
8.781832765466664341e+02 1.310505455778072914e+01 4.147419083894119535e-02
1.085683250255385246e+03 1.309495575404008960e+01 6.495371714887955561e-02
1.244973349739285595e+03 1.303847502844667261e+01 2.388140751683477669e-02
1.450405447381428530e+03 1.313134550374327425e+01 3.311138362047051642e-02
1.609123156461876079e+03 1.306676693400788736e+01 5.037773199793584011e-02
