-1.474562832091499558e+03 1.204793073295774342e+01 1.122524606316465702e-02
-1.297494819174000440e+03 1.192481699832507047e+01 8.339767299074485329e-03
-1.108587074322352009e+03 1.196705121478607836e+01 8.628371950512711205e-03
-9.387330162009516243e+02 1.196838498223103109e+01 1.334833036095817681e-02
-7.463835763188887995e+02 1.185341004167759849e+01 1.469968935435251971e-02
-5.798954073965003317e+02 1.194208005573964471e+01 1.667088846262934979e-02
-3.815048731588892110e+02 1.205745510202977044e+01 1.043370405136820160e-02
-2.187936090326082876e+02 1.198958103128655850e+01 8.810140509912932349e-03
-1.516313285235253971e+01 1.184814090149631838e+01 8.911861746353106142e-03
1.424773265369046840e+02 1.200333367216062896e+01 1.427124982806530877e-02
3.491676327395458088e+02 1.190637218966495858e+01 6.755572048860471711e-03
5.080997934772726126e+02 1.181806628030495254e+01 1.480019130218415864e-02
7.136100291122222643e+02 1.146132389226746007e+01 6.113155340891861939e-03
8.727420496022728003e+02 1.133737980749801366e+01 9.959309472527860113e-03
1.080348601667367802e+03 1.117053789304007161e+01 7.198170249269763947e-03
1.238435738158846107e+03 1.128600052319388070e+01 8.111549032683839158e-03
1.444523248385263969e+03 1.119891180458933277e+01 7.218040807065626355e-03
1.603502897044285419e+03 1.121406195335585920e+01 1.045068629327900941e-02
