-1.407343986913265780e+03 1.295779468858362904e+01 1.922631517756041505e-02
-1.227505466539091003e+03 1.296530023401960463e+01 1.591976439892722403e-02
-1.043996995338928400e+03 1.283234837860895361e+01 1.536855212593019396e-02
-8.681934895802949086e+02 1.303234410919100483e+01 1.536468464830002302e-02
-6.795705609656662318e+02 1.307213854737196357e+01 2.260291817671955875e-02
-5.082790366274504095e+02 1.324359336879294879e+01 1.448790181756533062e-02
-3.136912306441025748e+02 1.313303471674361056e+01 1.328760291935715543e-02
-1.461673847142424734e+02 1.306881656544431181e+01 1.311413500864242257e-02
5.129562890266679176e+01 1.313990081322710068e+01 1.306298028639474827e-02
2.144873762032251250e+02 1.304206095922942765e+01 1.548967153103619938e-02
4.160147170524236913e+02 1.296385352384776368e+01 2.014007748118329735e-02
5.791422470267740437e+02 1.290375781246197562e+01 2.123921681276342080e-02
7.826786274958064951e+02 1.282395605415566742e+01 1.585773937690472188e-02
9.455666706362961804e+02 1.288811339223748575e+01 1.028026716871747494e-02
1.146921121233548774e+03 1.278917893835835251e+01 1.197712113182180550e-02
1.309645331108965138e+03 1.277702675412434630e+01 1.773701266249481934e-02
1.512042777192105177e+03 1.288940325188504055e+01 1.290803073890481670e-02
1.674289474936786064e+03 1.270562809876773791e+01 1.661430801717634839e-02
