-1.455821743352105386e+03 1.106104884553999668e+01 4.357938992240896654e-03
-1.279243554452758644e+03 1.095855775617201466e+01 4.786611277678552538e-03
-1.091447496636818869e+03 1.096170665717172277e+01 8.413912913333813914e-03
-9.188947229965000361e+02 1.108387421721056043e+01 2.223380097967242799e-02
-7.273616374083874234e+02 1.121426658078805616e+01 1.866483971296262548e-02
-5.590403720648149601e+02 1.130597957761226091e+01 7.578455802141424030e-03
-3.624812662717395710e+02 1.136711682379538146e+01 1.073555486843445761e-02
-1.986179347736666330e+02 1.131737829417265750e+01 7.012687580557321922e-03
2.192710758147802252e+00 1.125878295941109108e+01 6.785936441612105616e-03
1.618330643488460225e+02 1.128268909330687109e+01 6.726599414424074691e-03
3.687469180965215401e+02 1.109379938843108704e+01 8.444177896694078991e-03
5.274853343003923101e+02 1.111420620759684752e+01 5.421971806015426533e-03
7.330513237499997103e+02 1.115022661064993770e+01 6.062503425360475477e-03
8.931051146407143051e+02 1.119642666815111909e+01 5.255979296807924625e-03
1.097573001711071129e+03 1.117632012247989692e+01 4.420184122130232755e-03
1.257823942332143361e+03 1.126224375376513009e+01 6.966890133232856060e-03
1.464208079947143688e+03 1.133267276987588978e+01 1.171720445525903376e-02
1.624318560454482849e+03 1.141883000528827630e+01 6.052456485997184665e-02
