-1.304618982170526124e+03 1.319523600659684703e+01 2.240618634436042367e-02
-1.114547779379473695e+03 1.329192761704553050e+01 2.043506968884662225e-02
-9.439242519753847773e+02 1.335320801321282502e+01 1.405746809738591362e-02
-7.512649295015373809e+02 1.334391118407491206e+01 3.455315959206477217e-02
-5.850538793753332811e+02 1.331991094024107980e+01 2.313995988040151025e-02
-3.870524711592869380e+02 1.326458028412747581e+01 2.211621071534497496e-02
-2.245885719231255280e+02 1.332704650755464293e+01 2.887042196663217736e-02
-2.149097606708285824e+01 1.329077180123046809e+01 2.755491146595217059e-02
1.363845357046151321e+02 1.333373510059881539e+01 3.493299903041496152e-02
3.441346729813337788e+02 1.333090019000329285e+01 2.348226462390099606e-02
5.029214073430770213e+02 1.325283261876444385e+01 2.554250612741189308e-02
7.084243261430775647e+02 1.323129460507635180e+01 6.373018285293595431e-02
8.671307808613336192e+02 1.324871686791770564e+01 4.013793782980414754e-02
1.075481571570000597e+03 1.329605149935793840e+01 3.323744312332249651e-02
1.231702478205333136e+03 1.316515601567445870e+01 1.426954259787744685e-02
1.439569298044615607e+03 1.317720635768663051e+01 2.536365733590542626e-02
1.598445014420000234e+03 1.316837698656426170e+01 1.787358559053802559e-02
1.803489091355000710e+03 1.328430386875765912e+01 8.280620555488628354e-02
