-1.344672642168999346e+03 1.116316790962651595e+01 8.140084476377696526e-03
-1.153369679122728712e+03 1.130952478376780590e+01 6.420705290187866433e-03
-9.852038925690907263e+02 1.128893655858057699e+01 6.457800588653364419e-03
-7.898918721354169747e+02 1.145146397062103105e+01 2.319133497744774175e-02
-6.253695477991302596e+02 1.132252274197470499e+01 5.431613115949852216e-03
-4.243049533236361981e+02 1.119131794964535587e+01 1.022778640866905432e-02
-2.632187158475001638e+02 1.134885353384707507e+01 6.948521694046302238e-03
-6.008183146461669821e+01 1.145201759374696415e+01 7.158448623416147245e-03
9.729846687699973984e+01 1.140109325780136196e+01 9.193924882751140434e-03
3.068892561257135867e+02 1.115081526056204808e+01 1.152888115509297096e-02
4.614625604215376029e+02 1.125333269128311997e+01 3.398590479349728258e-03
6.710608471519997238e+02 1.145953926634327047e+01 1.033074788575249342e-02
8.285420699258338573e+02 1.154287550827360853e+01 8.783710986959743228e-03
1.035987616670908665e+03 1.155750258527438490e+01 1.386336273714085417e-02
1.192692420674546156e+03 1.178058238911960665e+01 6.994658077776240261e-03
1.402437327544000482e+03 1.200815359727012854e+01 1.351645564477804706e-02
1.557256223586922488e+03 1.191671319993301381e+01 1.181274032630415596e-02
1.766559202275833059e+03 1.202651277140737207e+01 1.526654615923614920e-02
