-1.423234982704615049e+03 1.254985225647579661e+01 2.422710381027270640e-02
-1.242591035080526353e+03 1.219683353842344076e+01 9.103153545066638638e-03
-1.060259583911250047e+03 1.218944804107417390e+01 1.853686741718356401e-02
-8.833538434627784000e+02 1.249776739511727897e+01 1.396230605271532761e-02
-6.941396177411751296e+02 1.259111808516287923e+01 1.383687073576692940e-02
-5.245868923666663477e+02 1.252217003504133785e+01 9.040747684380548779e-03
-3.299339378139993642e+02 1.245122915249892337e+01 1.810799077316951194e-02
-1.641866127639999320e+02 1.215536369165787001e+01 6.962441592152106631e-03
3.450322668249918934e+01 1.240178290918215609e+01 1.305676267605379928e-02
1.965762917137499244e+02 1.254003495403789259e+01 1.821585056063935310e-02
4.013176293605887395e+02 1.245089348668551388e+01 1.283064460589302888e-02
5.633363468725001439e+02 1.251697444971151540e+01 2.111467693553618907e-02
7.656502420199999506e+02 1.228953292392127317e+01 1.537970045793701952e-02
9.275656505631250184e+02 1.223657576799515745e+01 1.073724318515747143e-02
1.131127362560689107e+03 1.211892859011277324e+01 1.100816816758985912e-02
1.292266054563571515e+03 1.208487585324867375e+01 1.581584291551269006e-02
1.496754130317333875e+03 1.227948411078428137e+01 1.287321870630495774e-02
1.658768363526665780e+03 1.240024051900198643e+01 1.163018192279585868e-02
