-1.468185919273331820e+03 1.315787378640776772e+01 2.054263858417408259e-02
-1.292477186425714308e+03 1.313071372526043845e+01 1.579507294842483547e-02
-1.103563510479166098e+03 1.299476908491218019e+01 5.757191557489605739e-03
-9.336343755061534466e+02 1.298826279434758213e+01 9.671198954243620527e-03
-7.415598469591677713e+02 1.286430034063729444e+01 9.423669962151446158e-03
-5.741261931800012235e+02 1.278852179066202943e+01 7.812768513904116627e-03
-3.757272704942105861e+02 1.284682903567650847e+01 1.081897864298598036e-02
-2.130734098048001783e+02 1.292510461772561747e+01 5.794872216019941909e-03
-1.031918249307580915e+01 1.281750172125598297e+01 1.109802395201545458e-02
1.490720986592305621e+02 1.281382233420823269e+01 8.897484212249963040e-03
3.538781759091671120e+02 1.291062041761376378e+01 1.032078090642949905e-02
5.132527207008333789e+02 1.280761283042470389e+01 8.592632503100187599e-03
7.209082173433343996e+02 1.265022626726416988e+01 7.002479719515217194e-03
8.777303036657145867e+02 1.248343092582045522e+01 8.190960672271284382e-03
1.085145758300909165e+03 1.238602202974658084e+01 4.280369462416326598e-03
1.244447503453334093e+03 1.222170972798250332e+01 6.320299087508052596e-03
1.449825972856666567e+03 1.189659101741451508e+01 5.508135397351448560e-03
1.608656823159230726e+03 1.208171563622932076e+01 5.726031558999378386e-03
