-1.296318871011666488e+03 1.253668535351581248e+01 1.699994523713500502e-02
-1.116535565359999282e+03 1.255359673711216395e+01 1.571032714427669438e-02
-9.320637606499992671e+02 1.252000467335857614e+01 2.210322331892235204e-02
-7.572861076819993968e+02 1.249298202239206823e+01 1.821430873528916833e-02
-5.679082418081809465e+02 1.251864262298367336e+01 3.231665823030096391e-02
-3.972984896681809914e+02 1.242955784360092508e+01 1.545383381743708866e-02
-2.036900130739995802e+02 1.238016042804320094e+01 1.708851587377390249e-02
-3.724934577250011358e+01 1.232952155231397739e+01 9.942588901161194745e-03
1.634698069083321172e+02 1.232472762256258569e+01 1.694388028645783806e-02
3.259659160180002573e+02 1.229038759239235645e+01 3.025284083141259808e-02
5.275647957875007705e+02 1.230521447716361116e+01 1.038767989558482541e-02
6.902399720475004870e+02 1.225208267253719541e+01 1.445504921273420285e-02
8.932509009285000730e+02 1.217509851418892453e+01 1.826339593081451051e-02
1.054571329459286062e+03 1.198076395076096290e+01 9.099513671957819294e-03
1.258964978893845455e+03 1.180701068834365941e+01 1.093722041186236810e-02
1.421486126600908847e+03 1.161252105649676736e+01 1.174985662679016094e-02
1.623125537869165782e+03 1.152801857538289099e+01 8.646584041082054986e-03
1.785733538029166766e+03 1.150124754668287608e+01 8.980351750208448447e-03
