-1.354291850289999275e+03 1.185999999999999943e+01 0.000000000000000000e+00
-1.162993455747500093e+03 1.195747359706442303e+01 5.058626204225192408e-03
-9.953980390591659670e+02 1.204196946616971964e+01 5.085837270375548509e-03
-8.010462984971424021e+02 1.205665749621026883e+01 5.948515751861580513e-03
-6.365387105024996117e+02 1.202145594692085240e+01 8.459462157844346158e-03
-4.352556789740003182e+02 1.210300463216570144e+01 6.635689489420061940e-03
-2.755568112300009602e+02 1.217777126252823372e+01 5.180594256580202568e-03
-6.982821001857207932e+01 1.217774911620992206e+01 7.008454910551712054e-03
8.747939197833390779e+01 1.210760869006836771e+01 8.490954814236578718e-02
2.943861902433339424e+02 1.193683793604160392e+01 9.386628590516268855e-03
4.516427625776917694e+02 1.184823772675240150e+01 4.395243011348970441e-03
6.608373812500004760e+02 1.167136378520564932e+01 5.209495982962409136e-03
8.158981126818187022e+02 1.156473120221595785e+01 5.725632718096676337e-03
1.025590205237498594e+03 1.145272388462057123e+01 5.836705374578159480e-03
1.182991223618181721e+03 1.136862891199803371e+01 3.499919501059903845e-03
1.390268021361999899e+03 1.128090813907858880e+01 4.091689861893971908e-03
1.547133794517500064e+03 1.123951560771059199e+01 3.364094176688516014e-03
1.756981486207272383e+03 1.128690043776183316e+01 5.986712057733325869e-03
