-1.449879808145517472e+03 1.275253832854196467e+01 1.139946628037200385e-02
-1.271026617231935688e+03 1.278079210718426140e+01 1.600228232888196642e-02
-1.084717906937754378e+03 1.275258264436459399e+01 1.114223494837103361e-02
-9.118083223183328982e+02 1.271376413939258221e+01 1.548311113486765256e-02
-7.209389393609994841e+02 1.265389645395206131e+01 1.326251978101068187e-02
-5.528210338016668857e+02 1.269239637258469244e+01 1.066342076252515050e-02
-3.566811867875759390e+02 1.268579973412643014e+01 1.328047912941113587e-02
-1.922706377429419717e+02 1.274029376593382246e+01 1.380919027154721250e-02
8.867457709183568682e+00 1.271051420398761067e+01 1.275906911468482896e-02
1.682986633018423959e+02 1.274188294613706418e+01 1.097164836949464720e-02
3.743007478394441137e+02 1.262843573861784918e+01 1.797495593403285186e-02
5.350507089066678645e+02 1.261446817118311792e+01 1.338226455321297678e-02
7.390773927181262479e+02 1.240635737011330875e+01 1.747233774295292585e-02
8.992349151934370184e+02 1.248722811651970943e+01 1.294279504704775804e-02
1.105528332406000118e+03 1.245735865321606184e+01 1.355783379336124306e-02
1.264766957196730573e+03 1.246338250719734475e+01 1.788283024086758516e-02
1.469641604841176104e+03 1.245398487128048615e+01 1.562125167217484276e-02
1.630430503669999780e+03 1.247828857406329739e+01 1.307745587141199463e-02
