-1.329262162660832473e+03 1.236213879316432518e+01 1.869368456132915537e-02
-1.138978051253334343e+03 1.217411233363580436e+01 1.131947715070995980e-02
-9.703743125708333537e+02 1.231328724723292467e+01 1.065703130350725142e-02
-7.765914489839990438e+02 1.216833773419042330e+01 1.507372932927103677e-02
-6.115089828969229302e+02 1.233997308443262675e+01 2.456806119687147266e-02
-4.118312810299989337e+02 1.236535285211453328e+01 1.515218240811655112e-02
-2.501193341645458474e+02 1.236768784912017516e+01 1.260021717686194385e-02
-4.539470216999940533e+01 1.200260038100983273e+01 2.133275557329858407e-02
1.098186492799988088e+02 1.189430615213914244e+01 1.160468858684125457e-02
3.188618913661540546e+02 1.226779097858454115e+01 1.334849812968625683e-02
4.765747736183336087e+02 1.213066055831821366e+01 1.529762284692488296e-02
6.835439819809093933e+02 1.226868368288475608e+01 1.653122216082157994e-02
8.407953054158327859e+02 1.219395282670885550e+01 1.958593952130462459e-02
1.050119316330000629e+03 1.215353855298461028e+01 9.870689059711515445e-03
1.206425612575999594e+03 1.237417937218710406e+01 1.752906410938926199e-02
1.414333273277499757e+03 1.241104803873372298e+01 1.510786213653912517e-02
1.572029321592727683e+03 1.236837605897108183e+01 1.366122531056275166e-02
1.779767070795651762e+03 1.237060376201686474e+01 5.134568637337990488e-02
