-1.415017137172941830e+03 1.382406887633440107e+01 1.135881125471733741e-02
-1.233802623066667138e+03 1.365118924018548974e+01 1.236005336020907890e-02
-1.050151513958235228e+03 1.372260914736128967e+01 1.488032181114839515e-02
-8.749341777072218065e+02 1.369640385214372635e+01 1.328094775941096942e-02
-6.860698859905887730e+02 1.382632081691689763e+01 1.529254716450955190e-02
-5.152566493780947212e+02 1.382165848464661195e+01 1.419534531204639030e-02
-3.212999396414285798e+02 1.389175404721027718e+01 1.278665309494231989e-02
-1.547805299733339268e+02 1.387442534846525355e+01 9.028936891400256987e-03
4.530755810470702016e+01 1.374504909572533684e+01 1.286400393311220094e-02
2.078136751022215662e+02 1.370831884702890058e+01 1.606024323895427486e-02
4.094997737818748647e+02 1.372000599798155385e+01 1.439237231520136898e-02
5.720944140704999654e+02 1.370584535923216407e+01 1.666296417207933922e-02
7.748410287292591647e+02 1.359694998007051048e+01 9.845852521143621736e-03
9.363378942855561036e+02 1.365442924169595429e+01 1.285033078841714763e-02
1.140685113182353462e+03 1.378603468855063419e+01 7.852341773062640473e-03
1.303277350559090564e+03 1.388948080948435582e+01 1.542523959389040418e-02
1.504933519358889043e+03 1.391803170223875696e+01 3.594473543492800183e-02
1.667459436236111060e+03 1.390188406434723589e+01 1.345431226479147820e-02
