-1.317631058839376237e+03 1.187628851181690237e+01 6.867894054948682145e-03
-1.127376040310000462e+03 1.181404283619506934e+01 6.660761273363675732e-03
-9.574216254227774243e+02 1.186085736850093042e+01 8.167034089324386528e-03
-7.650728948752936276e+02 1.205056239291789488e+01 7.863039914856465376e-03
-5.996776320423527977e+02 1.199253064197238849e+01 6.493792931052425228e-03
-3.984332835678568472e+02 1.190783683262415771e+01 9.130831536508888374e-03
-2.364491290724995451e+02 1.184468177332207972e+01 5.658903900878197411e-03
-3.411909407933271865e+01 1.196048141335950810e+01 9.741944440484193168e-03
1.240771828141167816e+02 1.185202699767888213e+01 4.395471644199793956e-03
3.307495021942112885e+02 1.186674085959404579e+01 6.600728487233900078e-03
4.887265366414991377e+02 1.187988111566481919e+01 6.478531855289418329e-03
6.970860693239999364e+02 1.184524854759660784e+01 9.186882758303475949e-03
8.544002134295824362e+02 1.179599772595016383e+01 4.766168571003537302e-03
1.061358966580625292e+03 1.185538943994382244e+01 1.498911551708021102e-02
1.219468168410000999e+03 1.179379389196659567e+01 5.659565456140934481e-02
1.427162215157585706e+03 1.181712791360046566e+01 7.274224813110928556e-03
1.584066255437647214e+03 1.177108654544315591e+01 6.466780886782477408e-03
1.792526445139230873e+03 1.173675016679386829e+01 8.158645455951794509e-03
