-1.459727556741539502e+03 1.258655086056994854e+01 1.594890807852411899e-02
-1.284013073159999749e+03 1.259519501105902961e+01 1.104460077755761542e-02
-1.095523849012307892e+03 1.258308408081218666e+01 1.400223468676968334e-02
-9.246672390864998761e+02 1.245870960007987804e+01 2.167504648262879446e-02
-7.333272690050002893e+02 1.244231221531051190e+01 9.393369390109353179e-03
-5.648786313399990604e+02 1.243584309543051525e+01 1.851433961725505728e-02
-3.664355199924993940e+02 1.244377899790881337e+01 1.733835315296410398e-02
-2.028123563105897063e+02 1.242055798102270003e+01 1.404017365408405729e-02
-2.201560995384240549e+00 1.241124052700778080e+01 2.059602662141768806e-02
1.576250786668747423e+02 1.244099353675874653e+01 1.336924715778776279e-02
3.635905751473085274e+02 1.235947875962538411e+01 1.221550420258368970e-02
5.220473960352931044e+02 1.236361589947374640e+01 1.146006057036843759e-02
7.290422454673340553e+02 1.231628010183682065e+01 8.422009895115052658e-03
8.887722831516675797e+02 1.235721890484734509e+01 2.913805752312391417e-02
1.093793323351333129e+03 1.233802125222236867e+01 1.655698429568990340e-02
1.252944679822499438e+03 1.238009628497838222e+01 1.579669117288770921e-02
1.460251450752858091e+03 1.242816390711083585e+01 2.148313030958014930e-02
1.617590665055789714e+03 1.247523166832495889e+01 1.208671002760949680e-02
