-1.434916979129523952e+03 1.290332823884426183e+01 6.178481314797753393e-03
-1.257410281325237975e+03 1.290364106028001245e+01 9.571896740617504701e-03
-1.071837853939412526e+03 1.280668343732839176e+01 1.026246245102619900e-02
-8.982436963021746124e+02 1.276719848052801787e+01 7.914445543541970968e-03
-7.081596712750001643e+02 1.278188845455465383e+01 6.453537645985165175e-03
-5.390311049663641825e+02 1.286386618680463378e+01 5.738405242597620186e-03
-3.413712905258820456e+02 1.291425415512060759e+01 9.176293139975344113e-03
-1.762451118718186365e+02 1.283975621955310231e+01 6.461787346973363322e-03
2.292423233250083214e+01 1.293445184439962681e+01 6.815056859630794391e-03
1.841593977868178627e+02 1.301097688243623551e+01 8.503374722303974620e-03
3.874103859243471675e+02 1.299283808151074915e+01 6.820540050592583878e-03
5.486365113695230775e+02 1.307480991081816057e+01 6.946383273241634598e-03
7.540537275423531582e+02 1.299876740869856739e+01 9.419157995802384178e-03
9.154129040395234824e+02 1.279812583177415419e+01 8.417219509918682022e-03
1.118310572546110961e+03 1.271446745693944891e+01 5.640036676957067840e-03
1.279507526722221201e+03 1.266801406783674189e+01 9.312301774250276998e-03
1.483111714527692129e+03 1.269743997013944181e+01 5.341293393131993535e-03
1.644006679587272629e+03 1.280555006339450053e+01 8.773942235912464763e-03
