-1.461292841822727723e+03 1.474686242661665503e+01 3.138309373694503357e-02
-1.285708285107499250e+03 1.490186134012429697e+01 3.739254134767389104e-02
-1.097119745249000061e+03 1.481387113640649389e+01 3.213130871906707403e-02
-9.265208732805266436e+02 1.477687289563404072e+01 2.351682308627476778e-02
-7.340845504006256306e+02 1.497426151443107045e+01 4.416418895369302045e-02
-5.666846589856000946e+02 1.495526725514767641e+01 2.410311177226875587e-02
-3.680405135742860807e+02 1.492627755253044874e+01 4.971240548655087022e-02
-2.044961597799992887e+02 1.496734038898261687e+01 5.736738173275444941e-02
-3.775428372667132049e+00 1.482494143373278916e+01 2.348405921124021439e-02
1.559253587064723661e+02 1.488336826820810188e+01 2.490286441793791369e-02
3.621864596773689300e+02 1.483554612345261958e+01 2.809700875808261722e-02
5.204843143341165614e+02 1.492640492907185568e+01 3.027336609107118479e-02
7.273597957880003833e+02 1.473448935622801592e+01 2.250899408713800953e-02
8.870985227187502460e+02 1.483807437991970879e+01 2.726646220061381895e-02
1.091602254759231528e+03 1.489773993842351629e+01 4.131036430924773378e-02
1.251273552895882176e+03 1.491628766829000341e+01 2.874875549302472605e-02
1.457690612375000228e+03 1.465706343536270317e+01 2.175572469322269858e-02
1.615814794373332688e+03 1.462758507692087662e+01 2.501690786273046835e-02
