-1.325370357880000029e+03 1.399332951052844898e+01 5.138530229562661422e-02
-1.134851366530999712e+03 1.359794499027858450e+01 4.075158307438804528e-02
-9.665275758736369198e+02 1.353097011366481439e+01 2.609724870130679039e-02
-7.729024480409080979e+02 1.361120977465255066e+01 4.518694573519422414e-02
-6.076488431174997231e+02 1.346859561928374305e+01 2.866218508470913529e-02
-4.087658279059986057e+02 1.338455829884044768e+01 1.938449830788929046e-02
-2.466965258533340091e+02 1.336426056263263717e+01 8.003650923046742860e-02
-4.168173054769263786e+01 1.320762501448431792e+01 2.438304600469903827e-02
1.152260081933329445e+02 1.327352611315861708e+01 1.003083081532129273e-01
3.226362271074995078e+02 1.311901175854295332e+01 3.278924416829602506e-02
4.804084396361537870e+02 1.290515478452381615e+01 1.744935310356126104e-02
6.882318885444994976e+02 1.273442931469921469e+01 1.816116635504895147e-02
8.456720233360005068e+02 1.276089022543133389e+01 1.147795401757005229e-01
1.053766532343332756e+03 1.281934726717635087e+01 1.960083761447458869e-02
1.211750849082999821e+03 1.286829727992103756e+01 1.757219867668801186e-02
1.418021457956665472e+03 1.298923481887498177e+01 2.454152324943645325e-02
1.575828920309999376e+03 1.299700375186201740e+01 2.851444079510749574e-02
1.785153339654000547e+03 1.299578466435703561e+01 1.704124257934891418e-02
