-1.446977438110999401e+03 1.371170425532884707e+01 1.799822213442209967e-02
-1.267397655194165736e+03 1.367929239923802420e+01 1.984855858186630045e-02
-1.080839373523998802e+03 1.351567687779199467e+01 1.250455916855927607e-02
-9.086461949809090584e+02 1.346138883352713655e+01 7.044454741110160560e-03
-7.178964680814294752e+02 1.345970196333809099e+01 1.505650194198048138e-02
-5.497176038933337168e+02 1.347558893984389883e+01 1.397656891865803330e-02
-3.531366948316656931e+02 1.346340343125661931e+01 1.549930927373741399e-02
-1.889083026007143076e+02 1.349526820086754419e+01 1.848161169501939469e-02
1.351890111800094019e+01 1.355336180464885310e+01 1.392278707730607717e-02
1.725902292051992788e+02 1.358452425710856382e+01 1.747528540539463118e-02
3.776444421209082520e+02 1.352924645837110340e+01 1.406029732728402912e-02
5.382412222469228027e+02 1.346265342601924964e+01 1.097649244686345858e-02
7.418025436122229621e+02 1.343069492384358021e+01 1.641497192062813665e-02
9.029993240476923120e+02 1.348859501792749427e+01 1.053118134920878572e-02
1.108804912540000714e+03 1.348046253468121769e+01 1.348332303254660101e-02
1.269532539804999715e+03 1.342999038843182191e+01 1.544831586170360149e-02
1.472930198031666805e+03 1.325768215835604202e+01 9.305856131132283354e-03
1.633581687299167925e+03 1.320386348514562336e+01 1.172594069510772032e-02
