-1.459182608176153281e+03 1.244466459796210600e+01 9.667267428139302010e-03
-1.283403283439375627e+03 1.239230006802960204e+01 1.415306602665489764e-02
-1.095028258614166361e+03 1.243952823244796058e+01 2.023420125010619297e-02
-9.242963728242860952e+02 1.250289238307829187e+01 1.404032198027491476e-02
-7.327450789092856667e+02 1.252243784647343716e+01 1.892586817251527137e-02
-5.626487602536362829e+02 1.246667924051146947e+01 1.751799602054241595e-02
-3.659661998838458317e+02 1.247645279125946161e+01 2.603919732257709008e-02
-2.022709728520004546e+02 1.246656755478104017e+01 2.137218228095357289e-02
-1.723779453636697490e+00 1.271017834009985670e+01 1.240622476926979065e-02
1.582100785323082732e+02 1.278199622962998738e+01 1.687939951229740568e-02
3.646678779581247909e+02 1.263270596160231030e+01 2.531847080089638657e-02
5.226224865207140056e+02 1.279950457417830201e+01 2.206950275365283931e-02
7.295354553458333839e+02 1.262954329281929233e+01 1.511203071805824506e-02
8.893854104207140381e+02 1.273487120568242403e+01 2.817588255977394179e-02
1.094326554948572038e+03 1.266058496751956142e+01 3.344662098155942037e-02
1.253551903963077166e+03 1.264051719951759445e+01 1.379533387179231012e-02
1.460837433246427963e+03 1.274983586140739611e+01 1.962793716809532740e-02
1.619154985250952222e+03 1.256751682835584560e+01 1.525247259669773245e-02
