-1.347536292379999850e+03 1.303520234716002690e+01 1.798317102933943284e-02
-1.156164353550000442e+03 1.297383901157428099e+01 2.090919870615396206e-02
-9.873332540323065132e+02 1.299854590569098889e+01 1.961191522862852296e-02
-7.938442494763644390e+02 1.305429856340247596e+01 2.273811311717012160e-02
-6.293464615136366547e+02 1.305252588302131045e+01 1.451603429626896480e-02
-4.271845810227274569e+02 1.305869801155227172e+01 5.623285280007157654e-03
-2.661717922436364461e+02 1.307740626460138422e+01 1.192356070033635113e-02
-6.297268853583409509e+01 1.310061051154454681e+01 1.071624761579171962e-02
9.436154968416728650e+01 1.303193778712130424e+01 1.071697662416800680e-02
3.023224361573681449e+02 1.300850959698617615e+01 1.189311880741112000e-02
4.586243167619999213e+02 1.303392144918588080e+01 1.139074185468185590e-02
6.681822477327276601e+02 1.299038923338985541e+01 1.110607282047147357e-02
8.240303941685722293e+02 1.297902577207459096e+01 8.034750509097368654e-03
1.032482791759999145e+03 1.303996197968553616e+01 8.512773802125891270e-03
1.189798885400997733e+03 1.299438477221025678e+01 1.404919926543856008e-02
1.398647155248462013e+03 1.302977629405015314e+01 1.296625640610626559e-02
1.554521433628462546e+03 1.305228205970170841e+01 1.162041898815070577e-02
1.763856996309999886e+03 1.302615267939459720e+01 1.604224385685995222e-02
