-1.308903615033570986e+03 1.314448222044178394e+01 1.566347308653705944e-02
-1.118974179045833125e+03 1.314838277598189897e+01 2.606281829028486013e-02
-9.476320421461540491e+02 1.312090755496897643e+01 2.573302117741043879e-02
-7.545435639654547231e+02 1.301079994912975835e+01 1.512412739751044233e-02
-5.884946032276924370e+02 1.296075181584139457e+01 2.579724313652588530e-02
-3.903512314541658270e+02 1.287384254422031127e+01 1.670980467802629654e-02
-2.280122907721431318e+02 1.287000274209095707e+01 1.310217353395688386e-02
-2.577314251750067342e+01 1.283241272572030667e+01 2.110724724495531210e-02
1.324428606233335302e+02 1.282583705520300654e+01 1.892528205282432291e-02
3.408174204369234417e+02 1.291049747572986917e+01 1.309605727113945413e-02
4.980979000340000766e+02 1.294326928082371531e+01 2.346384532955192795e-02
7.051477616218173807e+02 1.293414573817813640e+01 3.040762745927699795e-02
8.636383366161535378e+02 1.296023545665254062e+01 2.376901081744375172e-02
1.070310284193750704e+03 1.293218814149017604e+01 1.999674772014181992e-02
1.228570078700833619e+03 1.292535914747742787e+01 2.479900557197762742e-02
1.436255329115834002e+03 1.283567831311754759e+01 2.001726366601391457e-02
1.595004737841818724e+03 1.277774650199299700e+01 2.080534575507457171e-02
1.800511248452500467e+03 1.283106850797725507e+01 1.342621261485036147e-02
