-1.404408628219999628e+03 1.093676247622765452e+01 5.769509183906322385e-03
-1.225426586353333278e+03 1.096275771331992210e+01 4.578946687934233421e-03
-1.042269831786470604e+03 1.097237919157593744e+01 8.082618765929623292e-03
-8.657892748576182385e+02 1.104913029257772195e+01 6.989248161498837729e-03
-6.776623907788897441e+02 1.099706457448694508e+01 7.676178524733325015e-03
-5.061745650699996872e+02 1.092406543609989278e+01 5.174768193228200530e-03
-3.109763741621052304e+02 1.094603220579841185e+01 4.793933483786036627e-03
-1.442275840170593426e+02 1.093064269081017414e+01 6.181558071907274597e-03
5.328172981933360575e+01 1.089280057458030626e+01 5.600834291080169364e-03
2.162477930342107584e+02 1.091442419844461398e+01 6.288329590304088217e-03
4.177923298739991651e+02 1.087487855133855241e+01 5.513197373650806539e-03
5.806451482938888375e+02 1.096329607761822267e+01 5.384170971340876410e-03
7.845097688785720038e+02 1.104299542516867305e+01 6.513655788798770364e-03
9.474002497864707948e+02 1.109361810736736587e+01 6.003679348934501565e-03
1.148773444656000720e+03 1.109456803350761689e+01 5.757511875238412007e-03
1.311676892272940677e+03 1.107541267526795359e+01 5.976694363002786094e-03
1.514371760959729045e+03 1.106730626417590102e+01 5.026609574562575927e-03
1.676244637666470908e+03 1.102943313122109359e+01 5.264400313672341382e-03
