-1.305108711042083314e+03 1.260899150251530187e+01 1.550269492158087500e-02
-1.117098074203001261e+03 1.264780867638440043e+01 1.772846916249049345e-02
-9.448803631129994756e+02 1.281374300220384121e+01 2.241843966664881782e-02
-7.520812392112502494e+02 1.270351639142640110e+01 2.916599096111454834e-02
-5.861188242824991903e+02 1.276171090786862194e+01 2.747023695401224971e-02
-3.879564450209996949e+02 1.277773690675331508e+01 3.669499742747991261e-02
-2.256243861983336103e+02 1.296136400195031158e+01 2.053345099295978207e-02
-2.230964224684200659e+01 1.286045484697319274e+01 3.496304076664386723e-02
1.348950697074988057e+02 1.290844274047231188e+01 2.387573077721334008e-02
3.432590767712499655e+02 1.287856065875747547e+01 2.150397983644210601e-02
5.017882143128569510e+02 1.309452759060367555e+01 2.796449520019694129e-02
7.074773810600001980e+02 1.270366751251648019e+01 1.513178670717439493e-02
8.659563188200004333e+02 1.266974996421958366e+01 2.785154916877427209e-02
1.073303134745294983e+03 1.264818512079163604e+01 8.696583941090052505e-02
1.230182700807142510e+03 1.284723444995823982e+01 3.327315104653742750e-02
1.438661939634445162e+03 1.282994494240590200e+01 2.064087031988112719e-02
1.597269346814999153e+03 1.283632631366517884e+01 1.906634095565751946e-02
1.802888746965714063e+03 1.284767987550692148e+01 4.221732743385466641e-02
