-1.459690394404167819e+03 1.350953844732311104e+01 1.408786395403637849e-02
-1.284013073159999749e+03 1.346537997447416934e+01 4.010628054382053137e-02
-1.095523849012307892e+03 1.349221611566460943e+01 1.061517022337310490e-02
-9.246672390864998761e+02 1.332733016898322553e+01 7.334260358072912031e-03
-7.333272690050002893e+02 1.334739560729161845e+01 1.207438493192817403e-02
-5.648786313399990604e+02 1.336582304267307819e+01 9.314465054916424777e-03
-3.664355199924993940e+02 1.337401786889065036e+01 1.119813347658333083e-02
-2.028123563105897063e+02 1.333320211234553021e+01 1.056024751605021475e-02
-2.201560995384240549e+00 1.334074579788254411e+01 9.966534809695955233e-03
1.576250786668747423e+02 1.335261345085640805e+01 9.144123262203675967e-03
3.635905751473085274e+02 1.327775897084229406e+01 9.152018613252183021e-03
5.220473960352931044e+02 1.327639675567957767e+01 9.829070397183389124e-03
7.290422454673340553e+02 1.320027963976487051e+01 1.061900462657678831e-02
8.887722831516675797e+02 1.321179821881119310e+01 6.295344767424622574e-03
1.093793323351333129e+03 1.329873214597276920e+01 1.197993384016850411e-02
1.252944679822499438e+03 1.336410115650838293e+01 1.286225096940659535e-02
1.460251450752858091e+03 1.337647186112020314e+01 3.532075018436051095e-02
1.617590665055789714e+03 1.345673246530642331e+01 9.318692131164567002e-03
