-1.324154906236000443e+03 1.290524220654676490e+01 1.165456991913485160e-02
-1.133607007375833518e+03 1.292569553239907520e+01 8.056333774670000614e-03
-9.652848703500003467e+02 1.286730827462351812e+01 7.119840562093335962e-03
-7.716759311816664422e+02 1.283245248212988265e+01 9.202298173101407588e-03
-6.063597150346148510e+02 1.284161325059172221e+01 1.378513840935056967e-02
-4.060029941670836706e+02 1.287272674213511436e+01 6.012952599042601341e-03
-2.456183543587508211e+02 1.283436998349115399e+01 6.345443123809421139e-03
-4.041309126357165127e+01 1.277795517367666100e+01 8.603024249591962463e-03
1.175321325076914150e+02 1.280533363294295768e+01 7.312580115609037049e-03
3.238179924799993046e+02 1.277721356351501925e+01 9.110213567949118976e-03
4.817368096884613351e+02 1.271048716947588098e+01 9.984968219803155159e-03
6.904253834993326109e+02 1.268254541709764638e+01 9.792907486392225108e-03
8.459504896771437643e+02 1.266211885028705098e+01 9.276074273951266658e-03
1.055001258856429786e+03 1.261703359708448069e+01 3.965963057538572298e-03
1.212987836916923243e+03 1.262187361469212554e+01 9.132464711005998728e-03
1.419759323593333420e+03 1.262677590487496992e+01 6.423475464033279354e-03
1.577091302095383980e+03 1.262110009190495674e+01 6.704776522770901186e-03
1.786386803068332711e+03 1.267150910304479972e+01 1.254399664588015141e-02
