-1.434899964279285314e+03 1.169048901024939191e+01 5.992073936399862702e-03
-1.257468618964665893e+03 1.176729994056224804e+01 8.841245599274360351e-03
-1.071908606103077318e+03 1.187315086587283375e+01 6.099342347441307280e-03
-8.981693622375000814e+02 1.221313060731927536e+01 2.027285215012440689e-02
-7.086924232091660087e+02 1.184339382130501050e+01 1.404897123922000009e-02
-5.392441270660004875e+02 1.157695389726342405e+01 6.902628162716023877e-03
-3.414381045625002002e+02 1.156198091831953967e+01 1.069719165750768197e-02
-1.763046220731248468e+02 1.163701522176640779e+01 6.435041074890549342e-03
2.287129828692391342e+01 1.159582366559585687e+01 8.213180916920434158e-03
1.841274753061532863e+02 1.198216255217925763e+01 1.252726424048530678e-02
3.873671336538452579e+02 1.174371866585480717e+01 9.368738466802063736e-03
5.487778622862497286e+02 1.166161004079937058e+01 6.886841993407731392e-03
7.539859283769238800e+02 1.194290517673455732e+01 1.002313460608391001e-02
9.153601740528574737e+02 1.209116789740721387e+01 1.231128008234462154e-02
1.118309948624666731e+03 1.218696606824295969e+01 1.780437755931824767e-02
1.279584707572500747e+03 1.224383492660830086e+01 2.106284592507057241e-02
1.482921983925294398e+03 1.215324624887976768e+01 1.096208675951948139e-02
1.644040265135294248e+03 1.207188596314838591e+01 9.848665711313544027e-03
