-1.296491201243333080e+03 1.241409524038418510e+01 9.409996408469427018e-03
-1.116635448275554381e+03 1.245019735255226756e+01 8.381015846053333634e-03
-9.321590601930001867e+02 1.245395737401920577e+01 7.606313167362997556e-03
-7.576105659000000969e+02 1.240561194031073811e+01 9.715400146159685821e-03
-5.680867812633338190e+02 1.239522154593120362e+01 8.589769701133910182e-03
-3.984806422022229526e+02 1.232715083223681951e+01 1.057613328849794053e-02
-2.038571057370005235e+02 1.236948854931369546e+01 7.124675431203853458e-03
-3.727131437999923946e+01 1.233017128366837056e+01 1.659985607280575759e-02
1.632424160581821582e+02 1.244800584795321363e+01 7.412803916760553682e-03
3.258093639322218564e+02 1.246724937922767218e+01 1.169760741367184380e-02
5.273652341109099098e+02 1.246494290949444483e+01 4.564094014127875396e-03
6.899815485655554994e+02 1.237569145976354257e+01 7.758883576161109547e-03
8.927512736143744405e+02 1.238031488596381635e+01 1.187153526757909680e-02
1.054228462915000819e+03 1.242544956403942535e+01 1.177921898938960078e-02
1.258774767207272134e+03 1.247498276071815759e+01 1.175303084461887596e-02
1.421263787596999464e+03 1.242122381536211506e+01 1.368342062497530064e-02
1.622890421840909312e+03 1.246178117942796604e+01 1.899938707540776636e-02
1.785557634082727418e+03 1.235965042551099735e+01 1.705861200174257908e-02
