-1.463699788175454387e+03 1.267636525217182175e+01 4.564360519767977215e-02
-1.287822121303333233e+03 1.268450924774893807e+01 1.485122000080283181e-02
-1.099113399993333587e+03 1.264568950498171773e+01 1.585914238896404815e-02
-9.284914144450012827e+02 1.260176633288127235e+01 1.788504887421579759e-02
-7.364058425870003930e+02 1.276503949574870589e+01 3.178963525815377278e-02
-5.698931114616661944e+02 1.272881768790271551e+01 4.861495918732227500e-02
-3.700937991229992008e+02 1.264355491312143975e+01 2.322519353836586045e-02
-2.067268796469232655e+02 1.271052956712978954e+01 1.526271266667061748e-02
-5.926254573000187875e+00 1.266985974452704156e+01 9.846904045026706395e-03
1.536806941930000789e+02 1.271923521724520079e+01 3.299805575123808399e-02
3.587403535000008219e+02 1.266739614835484851e+01 2.327445396370542499e-02
5.178406091884625084e+02 1.256042148580760909e+01 1.697022130239409649e-02
7.253071183488880251e+02 1.261602864452769346e+01 2.821406936803641519e-02
8.846600143127275260e+02 1.269442054947462850e+01 9.557589722632739426e-02
1.089650950168749659e+03 1.261467901133070058e+01 2.503041831976334994e-02
1.249082089989230553e+03 1.265924919881337907e+01 1.745761117423835773e-02
1.455193138723889433e+03 1.268201438169782413e+01 4.136890988034241934e-02
1.614468238571667143e+03 1.267884221070333695e+01 9.019742283425701002e-02
