-1.464292905259166218e+03 1.491857529441604235e+01 2.478634396643085436e-02
-1.288597078692001105e+03 1.483575057836670652e+01 3.783553493349472996e-02
-1.099921898302308136e+03 1.475629806940071553e+01 2.963488945036824723e-02
-9.291121907215391502e+02 1.482751646560644865e+01 2.826896308692654347e-02
-7.372613192307690042e+02 1.479346054224988549e+01 3.645738123255581192e-02
-5.706072677100007695e+02 1.486383350310640949e+01 2.858675478137306936e-02
-3.708516535846143825e+02 1.486735700626097767e+01 2.868330363026734900e-02
-2.075423538878577858e+02 1.476928176999151887e+01 3.268142900408849139e-02
-6.566987832498853095e+00 1.498059343444061575e+01 4.434875332290972444e-02
1.529906734133340649e+02 1.498636896201808000e+01 5.745124744801755057e-02
3.579951003650003258e+02 1.488885880275674367e+01 4.583765131175217972e-02
5.171448011649996488e+02 1.470839726232927624e+01 3.053810409552746089e-02
7.245784799453842879e+02 1.471425667085620503e+01 2.268816530238502646e-02
8.830522019986958639e+02 1.473447713289192684e+01 2.542548583588837008e-02
1.088836731931817667e+03 1.483388174955364036e+01 4.164015284645197768e-02
1.248303792993333218e+03 1.489244725891407306e+01 2.953790526124399837e-02
1.453643665204614990e+03 1.491780584238344076e+01 3.020352748225631212e-02
1.613002158693530191e+03 1.488612251374190087e+01 2.989194073179772884e-02
