-1.174046802806841015e+03 9.545900988976733004e+00 3.714517214884115789e-03
-1.005389906852306808e+03 9.629128259766615017e+00 8.704526156149668473e-03
-8.108925060430763097e+02 9.845599642061264589e+00 6.294183832220935464e-03
-6.463944010153846875e+02 9.916312136767263752e+00 8.564781652321022329e-03
-4.467082906416659966e+02 9.945646515252727582e+00 5.792066333132636288e-03
-2.857288758375004250e+02 9.874280445466430578e+00 6.852741746516117886e-03
-8.088740892695584250e+01 9.932451521391909566e+00 5.767815123261907546e-03
7.556252290461550558e+01 9.921208795654496981e+00 5.021120617259881673e-03
2.844959895735722171e+02 9.706241086854202393e+00 5.360645113695348095e-03
4.410108262038888256e+02 9.749207822587734995e+00 6.556287885439626185e-03
6.487493793633348105e+02 9.511948723941291206e+00 6.505339687091153678e-03
8.059880463909086075e+02 9.574816870144283953e+00 6.231448801827430516e-03
1.014950998558821993e+03 9.549289390142021716e+00 5.554313360458464251e-03
1.170737568359333636e+03 9.469314610586287984e+00 2.798451423621708956e-02
1.379960613682308121e+03 9.278113154871080681e+00 6.210464395020710328e-03
1.537339613955833556e+03 9.336871606047711936e+00 1.134068389080273437e-02
1.744590904282142446e+03 9.632142245175753459e+00 4.985109021210286720e-03
