-1.314070514028462640e+03 1.289852005313126782e+01 1.823599905013148850e-02
-1.123959204219999947e+03 1.290335150332095182e+01 1.257470538928636035e-02
-9.546208734449994608e+02 1.300142550248034468e+01 8.779623575271091468e-03
-7.604952439247067559e+02 1.282890747500349349e+01 5.508648345533445276e-03
-5.945897709966661751e+02 1.280815847530505280e+01 7.737870221741493214e-03
-3.949772285953849291e+02 1.286360113792411397e+01 1.057973604337012971e-02
-2.328362879307143487e+02 1.288198516377453906e+01 9.037115725794268514e-03
-3.070136878666744451e+01 1.290268782707578232e+01 8.612376699111990233e-03
1.276833592786667140e+02 1.298089410887959971e+01 8.968421967804146577e-03
3.363025853625003947e+02 1.297612385741915020e+01 7.198049825910891528e-03
4.922281440928563825e+02 1.293776561447914553e+01 1.141078015694311880e-02
7.004926066216667095e+02 1.288873867171922605e+01 5.957556281887124890e-03
8.588816594593329228e+02 1.290113181636847450e+01 9.291557298808239204e-03
1.065374168064614878e+03 1.286721508848026829e+01 5.991497541150855172e-03
1.223039806470625081e+03 1.274442842135204224e+01 1.283875929497763600e-02
1.431809415399999580e+03 1.275151388960502175e+01 8.596450029976698479e-03
1.587502843961427743e+03 1.277171056344328548e+01 7.920799647472061278e-03
1.795952293868461538e+03 1.272423904633267533e+01 8.259833658797557585e-03
