-1.451477878377500019e+03 1.244407604496288755e+01 1.986058245715715057e-02
-1.272894719415713780e+03 1.255492056869737283e+01 1.007176137692947747e-02
-1.086802462089999608e+03 1.262163387565254169e+01 4.374199881794487571e-02
-9.134110484530767735e+02 1.258372013630011921e+01 2.279753375054873951e-02
-7.224589917261534993e+02 1.256987593567788331e+01 2.115370530515718259e-02
-5.544699924099998043e+02 1.253290162313355616e+01 1.297581382009844672e-02
-3.582142439833339154e+02 1.253605119518627475e+01 1.714574050415919662e-02
-1.941152993745450885e+02 1.261088621642156049e+01 2.885234866834983369e-02
7.778886621666363688e+00 1.259082567185080492e+01 1.701186069030856049e-02
1.671535548849995791e+02 1.263956226823990470e+01 1.079690552302861595e-02
3.729574089774996537e+02 1.272262459062197948e+01 2.364197455063231021e-02
5.334224143200005983e+02 1.283873422101429185e+01 2.888229369587437881e-02
7.372698031399988849e+02 1.275296589155475324e+01 3.302352423233152062e-02
8.975910667308338589e+02 1.273014419008264753e+01 2.564681114095801115e-02
1.103484301856874481e+03 1.286253314503984946e+01 2.181129416256941816e-02
1.262080736209285533e+03 1.282996754428741326e+01 1.843610691240324742e-02
1.468417293320715089e+03 1.282846510477638091e+01 2.487348071839937808e-02
1.628768200149000677e+03 1.285176673929901803e+01 2.376625673465797978e-02
