-1.341565724090624371e+03 1.355945676574479286e+01 1.056692538581472524e-02
-1.150423190470001146e+03 1.373825688471797157e+01 1.054737799500406886e-02
-9.812678200376932409e+02 1.372986328944870493e+01 6.416899910441851464e-03
-7.857023340307142689e+02 1.382002656617415326e+01 1.795529149614033884e-02
-6.207918967764281888e+02 1.379214057538020199e+01 1.002620473265468208e-02
-4.213662870299992278e+02 1.380977641317323013e+01 9.952275741971831208e-03
-2.602958886649998931e+02 1.385270546247722478e+01 1.198562778654081555e-02
-5.679403540133304773e+01 1.399215730662376167e+01 1.478102888214536184e-02
1.003152537585717425e+02 1.400875434873431935e+01 1.658189324755977162e-02
3.098089416807150656e+02 1.375950321665408360e+01 1.216350285687766916e-02
4.647934228860006556e+02 1.370252606171815835e+01 1.364660858696863446e-02
6.740057546730778313e+02 1.375716450397967350e+01 9.823800439499097426e-03
8.315281059215378718e+02 1.381549900853901747e+01 1.594077568816151119e-02
1.038576117307332879e+03 1.372459932755070078e+01 1.149752648330826070e-02
1.195719754955000099e+03 1.368409056635545973e+01 1.216845637662604396e-02
1.405338943769167599e+03 1.355760107634316292e+01 1.142251978914166424e-02
1.561358379576775178e+03 1.361516213035950429e+01 1.028738797987243346e-02
1.769464507523846351e+03 1.390452129812345561e+01 2.032241263152916727e-02
