-1.318325293612144151e+03 1.264727298399418842e+01 5.876058306763894644e-03
-1.127951163502000099e+03 1.271517834664769531e+01 1.372649236303988447e-02
-9.587818284906669533e+02 1.263328325966565657e+01 6.467560075742073873e-03
-7.654620744525000191e+02 1.266248823930258105e+01 7.336607539263996502e-03
-6.001858787028561437e+02 1.272079928415924321e+01 8.632351516902569272e-03
-3.989446137275008368e+02 1.270037828237980548e+01 1.106535718490951961e-02
-2.370130648391671855e+02 1.270831665065497518e+01 7.400692847945439072e-03
-3.469653345230808128e+01 1.282697005875313678e+01 1.126371111062489903e-02
1.234277048385707332e+02 1.272645358349508982e+01 8.446560705701574093e-03
3.297700695486656741e+02 1.261598275453230578e+01 5.393988423338641654e-03
4.876766185675005545e+02 1.271405897177495348e+01 1.202974226964459437e-02
6.965121829335720349e+02 1.262534881964851330e+01 9.013837758525882968e-03
8.532195325552380609e+02 1.251577770506252030e+01 8.098212072100331380e-03
1.060747059500768955e+03 1.264769583387441365e+01 1.144586116569240586e-02
1.218919668142728824e+03 1.261356355559163589e+01 8.360042346727018445e-03
1.426473450593181724e+03 1.272028817659096234e+01 9.074510002232416550e-03
1.583618954146428450e+03 1.268963784189587507e+01 5.982481714435584907e-03
1.791988432126154521e+03 1.273783381027869233e+01 9.309574849966004845e-03
