-1.456841942291110172e+03 1.155465846948843556e+01 6.134299440818724580e-03
-1.280853729675834302e+03 1.154063583001333626e+01 6.601066131624040711e-03
-1.092649112855000567e+03 1.155102428517736968e+01 7.928267268136226023e-03
-9.202535946657892509e+02 1.157429423008831648e+01 6.604040787005413353e-03
-7.291167940111772623e+02 1.156148817607417101e+01 1.586622274586649631e-02
-5.602044281700000283e+02 1.154836237477418237e+01 3.243609100986164472e-03
-3.634883336024995515e+02 1.152060197782096651e+01 6.049276816281383765e-03
-1.997019690100000560e+02 1.154729403506672725e+01 6.376727974000061597e-03
1.398595285999908899e+00 1.157179359324445400e+01 3.957271787481783827e-03
1.607088304457138292e+02 1.160333503028898861e+01 3.119404611651891129e-03
3.677223534630007862e+02 1.157638625854733228e+01 7.046204652151409620e-03
5.260246989914289770e+02 1.156471556711799664e+01 8.875082410180553869e-03
7.319137266377786091e+02 1.163885025911446647e+01 7.550652003569854193e-03
8.918649842777772392e+02 1.158025088634124344e+01 6.227731247279494863e-03
1.096056462968182359e+03 1.153111363079963425e+01 5.599989266921158448e-03
1.256088819234444372e+03 1.152070975321748847e+01 5.137612454087463545e-03
1.463092922337000346e+03 1.155560264607121113e+01 6.665208173793200040e-03
1.622355237168000031e+03 1.162614446211449959e+01 4.216862094724634427e-03
