-1.313959348263999800e+03 1.438650536306891681e+01 8.580667554690719900e-02
-1.123874800977999939e+03 1.421311674552925730e+01 7.237695463200374824e-02
-9.546842516618179388e+02 1.434142511121475927e+01 7.474326709502415733e-02
-7.605223671458833223e+02 1.453452619412986024e+01 1.136913131746618427e-01
-5.939785146935703324e+02 1.446833502165561747e+01 8.069946025945098911e-02
-3.948475443666666251e+02 1.438749603126438892e+01 4.540258145042250920e-02
-2.327059454025002196e+02 1.445525206620765779e+01 5.803028471592588250e-02
-3.062127313333318668e+01 1.438942648584124129e+01 6.294395417646897473e-02
1.277928059815385495e+02 1.444614409669807742e+01 8.473617587306284116e-02
3.363866197800003306e+02 1.442669673151349485e+01 8.157932975309800661e-02
4.918927023500012297e+02 1.421750296876763642e+01 4.808128021418970471e-02
7.006122232490902206e+02 1.407950546416060078e+01 6.157943080457500135e-02
8.589441113336361013e+02 1.390936807968622801e+01 3.759392336429107778e-02
1.065321890961333793e+03 1.391080831215631619e+01 5.751834699720606570e-02
1.223115552847691788e+03 1.390166750167756149e+01 5.151261635772590858e-02
1.431960612836666769e+03 1.380311891003707103e+01 4.126041550580683559e-02
1.587626070722307304e+03 1.369542947912094988e+01 8.382428841163178102e-02
1.796115092822499719e+03 1.382389097246710463e+01 3.705000881446192385e-02
