-1.470117087452222904e+03 1.389531665741440669e+01 3.921974215091036942e-02
-1.293602920082727223e+03 1.392026010669542835e+01 8.893218208545175529e-02
-1.104603821376364294e+03 1.386168384224953698e+01 4.257113565530754040e-02
-9.347632545533330131e+02 1.370609107529634407e+01 2.714517200534964647e-02
-7.426087251963643894e+02 1.370891626774637295e+01 5.559516816763129810e-02
-5.753650741886663127e+02 1.366517702993197858e+01 2.843052056369747491e-02
-3.772504623127776426e+02 1.355405830101335951e+01 4.868787066695295929e-02
-2.152941316213332641e+02 1.357043778543560819e+01 2.373230468018374534e-02
-1.137263101272798238e+01 1.359282862886265164e+01 3.780400302960428699e-02
1.479680392407681211e+02 1.384168379862532738e+01 4.919573027932343939e-02
3.529107579799998575e+02 1.385000140788840284e+01 6.759615120306750047e-02
5.121241312290909491e+02 1.386058937080944631e+01 6.586484598581926475e-02
7.190307539307135585e+02 1.364971091937341541e+01 1.279244322235816300e-01
8.763105476520001957e+02 1.382422082761937077e+01 6.059126849189899744e-02
1.084101308827272533e+03 1.390806652533910714e+01 4.388388501300951455e-02
1.243334719313333380e+03 1.396804499330561100e+01 4.128377012596132212e-02
1.448370622164166662e+03 1.385439148669764364e+01 4.616662581998943332e-02
1.607575618999998596e+03 1.389428372365098063e+01 3.477071740105382863e-02
