-1.413094947196249450e+03 1.256935577086032119e+01 5.451495263000000896e-02
-1.232561010608666948e+03 1.251964953120218560e+01 1.651123798602638013e-02
-1.048953863363570690e+03 1.255122272953101259e+01 1.141406855411693927e-02
-8.736852849168758439e+02 1.257798938643388453e+01 1.523079840839637426e-02
-6.848054599214281097e+02 1.268445161510004482e+01 2.144914079574559984e-02
-5.141012001784998802e+02 1.277920642907868931e+01 1.649470645577261196e-02
-3.200789446211117024e+02 1.293648263774565343e+01 1.429960632783494438e-02
-1.531415650306893212e+02 1.304075648898558271e+01 1.466939341153369533e-02
4.653538987785681513e+01 1.283834576355773471e+01 1.773127361260832396e-02
2.091389521800001603e+02 1.272184904945542350e+01 1.592832043360426983e-02
4.106951655278561475e+02 1.259276654562389020e+01 1.741839266073196696e-02
5.733171597226663607e+02 1.236962593893585449e+01 1.399162291605135673e-02
7.765287177534478360e+02 1.224856169232753800e+01 1.089453453798209896e-02
9.383074554972722581e+02 1.223423046579213924e+01 1.835957170486643419e-02
1.141907784747857249e+03 1.230617993746884764e+01 1.395399270480778518e-02
1.304412851064444567e+03 1.236897394836384123e+01 1.895558735180256568e-02
1.507350867530713458e+03 1.249285995984617870e+01 7.055820872939186361e-02
1.668755298861537995e+03 1.251125113527261234e+01 1.881300741561522938e-02
