-1.476971862391538480e+03 1.090913455909998042e+01 6.340078838565151205e-03
-1.300220398062498816e+03 1.087962079071602517e+01 7.272714384778616523e-03
-1.110704232990000719e+03 1.087039906494424635e+01 5.543924756657187848e-03
-9.409731624307701168e+02 1.104953890049963583e+01 4.897577975882283149e-03
-7.484721850899999254e+02 1.102965643244099780e+01 8.866695338619891634e-03
-5.821356500383335515e+02 1.090819153215909765e+01 3.576096630689722632e-03
-3.832433276606665231e+02 1.101716260725148722e+01 5.698115281755836668e-03
-2.210755700960003480e+02 1.096168035893429327e+01 5.786469921559870763e-03
-1.727524820000023098e+01 1.093130500328692634e+01 1.042585711745748836e-02
1.390344291557142071e+02 1.100705265208897465e+01 7.676001572365428495e-03
3.469697465708334789e+02 1.103393506969136517e+01 1.139531424430458365e-02
5.058179920946164998e+02 1.115899412018479708e+01 6.584500060165372759e-03
7.117063540416669412e+02 1.103131603416002804e+01 1.319151644624906236e-02
8.700982148342856135e+02 1.101836898872686632e+01 5.979565281153074834e-03
1.078214674550909649e+03 1.107630707560973882e+01 9.994990975689269433e-03
1.235674135747391347e+03 1.113913337789699476e+01 5.976737301534775643e-03
1.442417506540833301e+03 1.119461733314784446e+01 9.191447392823699075e-03
1.601220280328333274e+03 1.118092339538146618e+01 6.155568482365670994e-03
1.806650513629999523e+03 1.114256993826804276e+01 7.895452623816207743e-03
