-1.405890777157499997e+03 1.250271760772610818e+01 1.893604320314754702e-02
-1.226877987853845298e+03 1.258776499731671805e+01 1.345797075435783974e-02
-1.043624221719091111e+03 1.251928476603210072e+01 1.444826578594473297e-02
-8.672643785250006658e+02 1.239898747783666799e+01 1.705736195888475984e-02
-6.794929860745450014e+02 1.233696305698597939e+01 1.542491025402995680e-02
-5.075624505470963754e+02 1.228483134017428924e+01 7.600832499829382818e-03
-3.123087790075005614e+02 1.218003596081552686e+01 1.133800151732553517e-02
-1.456773247647053040e+02 1.222437583950753037e+01 1.345086636592991713e-02
5.194825364533365786e+01 1.222560266699484721e+01 9.048874805913462854e-03
2.148471543453337915e+02 1.233015275041097958e+01 1.242852661535279006e-02
4.164703666976918157e+02 1.220766431372046590e+01 1.905553070588413000e-02
5.793651417987493915e+02 1.217257632263472722e+01 1.704141228581081829e-02
7.831722462878564102e+02 1.214850181324876743e+01 1.522192687672278312e-02
9.460637203070587020e+02 1.236387709566558968e+01 1.594785668683970647e-02
1.147436640183572308e+03 1.235099567728124192e+01 7.800639150452703952e-03
1.310200758194999935e+03 1.239142614819160748e+01 1.491871296397833009e-02
1.511876219633572191e+03 1.240103256345905258e+01 8.925830853850180713e-03
1.674702871139333411e+03 1.251190375281112566e+01 1.267926081911810443e-02
