-1.318376862355834191e+03 1.214065714749450287e+01 4.959325297599181080e-03
-1.128164762836667478e+03 1.205307610199644230e+01 4.683686720554294455e-03
-9.588587517292314715e+02 1.205981132098810527e+01 7.095165579585164216e-03
-7.658410333356246156e+02 1.217909655687570414e+01 1.162751988817904182e-02
-6.004174156028576590e+02 1.212612282008984366e+01 6.113390407462324962e-03
-3.991240119372728827e+02 1.212957806582966924e+01 5.734286666731810284e-03
-2.372265943090897053e+02 1.213469381475303521e+01 7.931335678805145201e-03
-3.483759459454515905e+01 1.210471577564442747e+01 1.059974625102058643e-02
1.232805779925007954e+02 1.212294155522005568e+01 6.700953497658098702e-03
3.296414368858337980e+02 1.218736998923235149e+01 1.743274112017279692e-02
4.874655885469238683e+02 1.204070673076923015e+01 4.531988162451109671e-03
6.963524215558318247e+02 1.204148186442482427e+01 7.807692965559344042e-03
8.529688850346151412e+02 1.208142885892289975e+01 7.944565706214207559e-03
1.060590614569999843e+03 1.211739879238507811e+01 1.020923110226595008e-02
1.218706984444615500e+03 1.213868397881822148e+01 7.757299409482415475e-03
1.426422795614500046e+03 1.208361667511814908e+01 5.544186144061187885e-03
1.583494813281666893e+03 1.211366221104382035e+01 8.502552721258370763e-03
1.791812522200000330e+03 1.208834552596502299e+01 8.392691178288795920e-03
