-1.334268952847083483e+03 1.356221023856240038e+01 9.298608517964941644e-03
-1.143420655544091460e+03 1.340433506248605156e+01 1.095853550323474569e-02
-9.738522050027280557e+02 1.352824915888691137e+01 1.430850387866178589e-02
-7.800291368800010332e+02 1.350886818000100043e+01 1.910529627299751426e-02
-6.149883783278580722e+02 1.362009467737790303e+01 1.602058852101785960e-02
-4.157956004212501284e+02 1.357061087190859183e+01 1.824523696406809767e-02
-2.543662746616652441e+02 1.367822392313065016e+01 1.164608800158833946e-02
-5.006339091866684754e+01 1.342542146532427871e+01 1.018146464032665052e-02
1.066970322549987031e+02 1.340177511640738750e+01 7.233538143541825421e-03
3.155022703366666974e+02 1.348497092046241619e+01 1.615664064826093094e-02
4.731404678783334816e+02 1.328876019119494600e+01 1.561269886152744958e-02
6.797195590472725826e+02 1.329394861827975127e+01 9.618648928650079186e-03
8.372530622349999021e+02 1.328710567050604041e+01 2.003797032210673928e-02
1.046874200467499577e+03 1.328748180316928007e+01 7.737767564033003892e-03
1.202250134999375405e+03 1.329436636315233322e+01 8.069461626248684849e-03
1.410917613155556182e+03 1.336347581644634630e+01 1.887566712272302841e-02
1.568638810420833806e+03 1.335326562707636100e+01 1.103873126599986924e-02
1.775069368376000739e+03 1.333685040695837820e+01 8.164802508327973982e-03
