-1.413094947196249450e+03 1.356666447503571682e+01 1.898601458969203376e-02
-1.232561010608666948e+03 1.355513707625980402e+01 1.576794685899679527e-02
-1.048953863363570690e+03 1.356381876444573287e+01 8.939381211423355969e-03
-8.736852849168758439e+02 1.364716531062254035e+01 1.240903424362170722e-02
-6.848054599214281097e+02 1.371791918266630361e+01 1.945623780447735748e-02
-5.141012001784998802e+02 1.381945177658920088e+01 1.635391390462846359e-02
-3.200789446211117024e+02 1.396861173069764028e+01 1.022252415013043952e-02
-1.531415650306893212e+02 1.400624253204725278e+01 1.207681076763538267e-02
4.653538987785681513e+01 1.374168470071581893e+01 1.103380704739682742e-02
2.091389521800001603e+02 1.364574958962533202e+01 9.761811755509348237e-03
4.106951655278561475e+02 1.345856718310474243e+01 9.652489520111448909e-03
5.733171597226663607e+02 1.324705178330967925e+01 1.328952804111400640e-02
7.765287177534478360e+02 1.315711961493670579e+01 1.005388328503089949e-02
9.383074554972722581e+02 1.316514829271715215e+01 7.659798996132740311e-03
1.141907784747857249e+03 1.328981463761552817e+01 1.169318969020833633e-02
1.304412851064444567e+03 1.338645076355945029e+01 1.137118467345928953e-02
1.507350867530713458e+03 1.345444277429064073e+01 1.343406585380728380e-02
1.668755298861537995e+03 1.356545739387417271e+01 1.441096532892317469e-02
