-1.478223920457857730e+03 1.325647070531258542e+01 1.143297109190510169e-02
-1.291645221245714538e+03 1.346092867265265802e+01 1.159091050561631212e-02
-1.112847211295832722e+03 1.338374707567624533e+01 1.002874918348166736e-02
-9.282485568329990429e+02 1.337895317609207702e+01 1.688656270529912892e-02
-7.537296654733327159e+02 1.334280794713113849e+01 1.391658349941886710e-02
-5.640575478107150502e+02 1.339443022356048196e+01 1.254699620238349488e-02
-3.945614575350009545e+02 1.341823110016560960e+01 7.737744192281492336e-03
-1.983330810783339473e+02 1.335105642979096174e+01 2.970332546033821464e-02
-3.157366634833367058e+01 1.331582704558434571e+01 3.676397284127588816e-02
1.671763575807686095e+02 1.329362142676750480e+01 1.325245917183098289e-02
3.295355806030012786e+02 1.335851334612403818e+01 1.081706984353892655e-02
5.313345940570004586e+02 1.328088349916383670e+01 1.957764030724848045e-02
6.937283465041673480e+02 1.320965642335820078e+01 8.644569854131750955e-03
8.985346609030005993e+02 1.318561440576725552e+01 4.078303568887442498e-02
1.060060668512142456e+03 1.318726448429866771e+01 1.340303694753206681e-02
1.262711060284000268e+03 1.345535862328016030e+01 1.039326705131735952e-02
1.425064971660000538e+03 1.332617183395217353e+01 1.531610329964842344e-02
1.626863912514167851e+03 1.310880213836360397e+01 8.287757314032287784e-03
1.789813670666666440e+03 1.305554592605066766e+01 1.117109675805279950e-02
