-1.460466294316923722e+03 1.330632591088347993e+01 1.337161852830297433e-02
-1.284767059943571667e+03 1.339450245243065751e+01 1.438684864708633833e-02
-1.096227546372728739e+03 1.341865616988051002e+01 1.091879733471891670e-02
-9.257259009605554638e+02 1.340765821387783596e+01 1.512382022742952623e-02
-7.338691669872733883e+02 1.324586313413905359e+01 1.865334843838876988e-02
-5.661620294347376330e+02 1.323551008621838143e+01 1.232078408086923968e-02
-3.672731863626671611e+02 1.329728689211447801e+01 7.291914128801015027e-03
-2.036858946028571893e+02 1.328309638886667443e+01 1.224305896054460330e-02
-2.930434966153720566e+00 1.337880166205709465e+01 1.287437993168593850e-02
1.568261591656250857e+02 1.343577203191930280e+01 1.068804823155283801e-02
3.625701842082141297e+02 1.334249497903930148e+01 1.381910642044103903e-02
5.212811397750006108e+02 1.318845854553386943e+01 9.661810696629252390e-03
7.281890281531250366e+02 1.319506028845174583e+01 1.107836741624753513e-02
8.879809100899993837e+02 1.335631321433828589e+01 8.636762060641105937e-03
1.092484396545000436e+03 1.360266363862567651e+01 1.281294778180942437e-02
1.252163173033571638e+03 1.373395761825607764e+01 1.691631779023366686e-02
1.459216656389999571e+03 1.373063745903737676e+01 1.406430462991436862e-02
1.616638988736874126e+03 1.353450387984477032e+01 1.600207506075387864e-02
