-1.407967418761905265e+03 1.140337620627456161e+01 5.930162614651994339e-03
-1.228386521463571398e+03 1.151843308414410672e+01 6.536174289599659855e-03
-1.045084257114544926e+03 1.183019748931885928e+01 6.412914280711298418e-03
-8.688858810323072248e+02 1.171879386143096902e+01 5.906570406293042488e-03
-6.808499756446656193e+02 1.169134208787936480e+01 7.233379416135847853e-03
-5.100965422778567131e+02 1.177472907545066860e+01 8.331068691311947425e-03
-3.150333264804770010e+02 1.149587502254452431e+01 4.842336598579044873e-03
-1.471652020376921257e+02 1.156701104874445996e+01 3.916283711187047191e-03
5.047189439733386251e+01 1.167708744849182345e+01 7.352822587278939198e-03
2.133006352964293910e+02 1.156267121312471424e+01 1.026246309070327073e-02
4.151445900407684917e+02 1.170741359214879651e+01 9.385633856850459505e-03
5.779368617319996702e+02 1.179550781875857091e+01 6.876347006088962335e-03
7.816660292241667776e+02 1.184640037475964647e+01 5.279678020485744500e-03
9.445340431892863080e+02 1.200071404970971933e+01 6.725267831488120594e-03
1.145851936269285943e+03 1.196843864434419658e+01 1.180965410285818654e-02
1.308699419140000828e+03 1.222203142760531591e+01 1.052859496577551734e-02
1.510526126156428063e+03 1.215818343707049465e+01 7.165398106815420130e-03
1.673338312645384576e+03 1.215640585683220465e+01 8.370951354637282821e-03
