-1.466899727946315807e+03 1.390564315209075374e+01 2.052014965271784300e-02
-1.290052528091111299e+03 1.379876798904063229e+01 1.422656183792819599e-02
-1.101181675937272075e+03 1.364461643461423002e+01 1.216033630757999695e-02
-9.311645523666666122e+02 1.381340538161549425e+01 2.093187804566316521e-02
-7.392060444190911994e+02 1.405759475715921880e+01 2.310287969795311522e-02
-5.716209799912503513e+02 1.409749097517260275e+01 1.025617906358771737e-02
-3.721642703841662296e+02 1.392647483821542842e+01 1.652192356638087709e-02
-2.093949566871436048e+02 1.391531977730734049e+01 1.777806982672328062e-02
-7.826361635833261055e+00 1.401141895197678444e+01 2.055901341036112107e-02
1.515730007084617057e+02 1.407286872876567685e+01 1.370137988127056658e-02
3.567479606278570259e+02 1.389865023772760111e+01 1.181335657575806330e-02
5.157452459199988652e+02 1.381605623635358882e+01 1.321517589436402296e-02
7.232732558881821205e+02 1.375346479325317972e+01 1.317489131195743839e-02
8.814281015365216945e+02 1.374955051007100160e+01 1.288636950210128064e-02
1.087542450256667507e+03 1.373739475597429305e+01 1.913056684897141216e-02
1.246915487878181921e+03 1.375344508390858778e+01 1.756088474929622112e-02
1.452166857676153541e+03 1.382786541331927666e+01 1.259097074806775005e-02
1.612429016349285348e+03 1.388051491931735804e+01 2.228865757643929205e-02
