-1.470141105074444795e+03 1.466636901732616671e+01 2.628535244364091014e-02
-1.282523635133125481e+03 1.471872053050189422e+01 2.335226166776998777e-02
-1.105779970596666317e+03 1.467432409870975540e+01 2.429258384012769958e-02
-9.206447980064294825e+02 1.463330534206387590e+01 1.829838527821750840e-02
-7.461541114484609807e+02 1.466506420241933561e+01 2.674190947461788787e-02
-5.555850657242855277e+02 1.480132250318749954e+01 3.127080648452195549e-02
-3.846739310258326441e+02 1.487761991983630061e+01 2.264091674626081060e-02
-1.894616505724995079e+02 1.487786938364757106e+01 4.407555460670792291e-02
-2.404871369000029446e+01 1.477026817895039379e+01 3.867634936236875182e-02
1.747180613364284341e+02 1.483635648464686696e+01 3.753018707242157526e-02
3.366763858158325888e+02 1.478649362971167136e+01 3.430786373251606264e-02
5.407014427286366072e+02 1.474512619589389217e+01 2.693661340997595410e-02
7.011131066528572546e+02 1.457827875377471294e+01 4.318333349273987404e-02
9.060256120981820231e+02 1.469781193727418156e+01 2.658507741378462672e-02
1.068019434371874922e+03 1.474360259744521073e+01 3.715484056935754176e-02
1.270213372663333985e+03 1.480553395007396844e+01 3.808217084294319293e-02
1.432154395863637319e+03 1.482901913411246930e+01 5.202272230827256067e-02
1.637294885554614439e+03 1.499267088520329594e+01 5.558909491822972004e-02
1.798453489471429521e+03 1.485851444612282357e+01 2.839511927838690719e-02
