-1.330084156669999857e+03 1.409786660600236807e+01 2.375454823133903506e-02
-1.139740137718461256e+03 1.426416557408771624e+01 2.596529668173649247e-02
-9.708941589866675486e+02 1.426665537254533689e+01 1.368314978223081693e-02
-7.770690130307141317e+02 1.414906160084597531e+01 1.860996786107075446e-02
-6.118671163661537094e+02 1.416204763348358853e+01 2.490801364056394532e-02
-4.123120014138470424e+02 1.430398190329681896e+01 1.903426228269263290e-02
-2.513695736363628157e+02 1.424708956941257476e+01 2.424260674862422499e-02
-4.583483234545433049e+01 1.418466881726284434e+01 2.059665966075735835e-02
1.094506861508331639e+02 1.414344046489775941e+01 1.747874039342476107e-02
3.184581711274998383e+02 1.404813258218444538e+01 2.964288802031916914e-02
4.761321814792858618e+02 1.393030256310640524e+01 2.844313671589455278e-02
6.831755578818178947e+02 1.386049096112844126e+01 2.324090670677393319e-02
8.403590670650004313e+02 1.383122253392850354e+01 1.695601267222750577e-02
1.049596413972499477e+03 1.370808079454194761e+01 3.172458154293091026e-02
1.205628715798888152e+03 1.386749301670183065e+01 2.283748948387117825e-02
1.413784542086363444e+03 1.401174252711811974e+01 2.253018677915324605e-02
1.571534193933846382e+03 1.405391287494065189e+01 1.692337277847902680e-02
1.779185509458235174e+03 1.423094374955721975e+01 3.321134268779873944e-02
