-1.455834925666400295e+03 1.203655009979047286e+01 4.698295861267165127e-03
-1.279368540863022645e+03 1.205960792118831115e+01 3.489334642755752454e-03
-1.091425285751481624e+03 1.210081802188826039e+01 5.070733733739760801e-03
-9.188763761802000545e+02 1.211434083245234739e+01 3.782876154462358823e-03
-7.275901466174359484e+02 1.208795594886878533e+01 4.237989177457233102e-03
-5.590261818857574099e+02 1.205576721752190394e+01 4.073236664108203370e-03
-3.624301166839996995e+02 1.200735731292484054e+01 4.918581548012019439e-03
-1.985929658935001498e+02 1.200487746690092550e+01 3.559590917507221303e-03
2.104702769687037289e+00 1.202876779967114373e+01 4.194665045477416303e-03
1.619038743272974727e+02 1.205163646505114627e+01 4.048576772288326950e-03
3.687538656666667407e+02 1.204346258124917135e+01 8.185759310504338304e-03
5.275354307478788769e+02 1.205436089495820440e+01 3.110987939257353271e-03
7.330086048287095082e+02 1.206075782806238905e+01 4.361974344329809690e-03
8.929981401254052571e+02 1.211590207147237841e+01 3.690582285662947701e-03
1.097576298066177060e+03 1.214003493852830751e+01 4.964711154408066318e-03
1.257476158236749825e+03 1.211508972683924945e+01 3.637905905187762724e-03
1.464230102114666352e+03 1.204785860809874620e+01 4.644231786731663723e-03
1.624361885501428787e+03 1.202231873558971031e+01 4.421716880910311724e-03
