-1.162156754339000372e+03 1.248806638896581234e+01 1.475755927269328804e-02
-9.947194897111104410e+02 1.253415987497000117e+01 1.781557076886404120e-02
-8.003945341744442885e+02 1.255409665603145797e+01 2.103023988510349662e-02
-6.356916785659989273e+02 1.258795233833977179e+01 1.891330006916613557e-02
-4.349472660188880013e+02 1.261389162314102563e+01 1.990567924724140694e-02
-2.748397007249993180e+02 1.261445562790439290e+01 1.030271457323514613e-02
-6.901970480666608410e+01 1.263087608216012647e+01 1.997274040620373656e-02
8.825040037111142510e+01 1.263372827271098231e+01 2.052174229980305992e-02
2.951857699344440675e+02 1.264345886157703447e+01 3.368056237496644401e-02
4.524581691818193008e+02 1.259913285760417345e+01 1.770911417047678349e-02
6.621545116324996343e+02 1.262080512690362610e+01 2.153811738474219889e-02
8.171984302954548411e+02 1.264744331156241230e+01 2.005361995209956408e-02
1.026372908433333350e+03 1.265356052487591398e+01 2.219029411868864154e-02
1.183676291571111051e+03 1.260870991855235879e+01 2.130855966651652028e-02
1.390527908101428466e+03 1.260151395840596678e+01 1.513901882584486186e-02
1.547909370047273796e+03 1.257574215962989506e+01 2.259951745223301098e-02
1.757617099122499894e+03 1.259825462618304570e+01 2.946182884565044444e-02
