-1.474503783600667248e+03 1.275772012994554849e+01 8.132495403102443787e-03
-1.297444399395385062e+03 1.268914014386482236e+01 1.129756419584403843e-02
-1.108617513313076188e+03 1.261686403186728711e+01 5.094911649432258549e-03
-9.386101562453835641e+02 1.262143210788602765e+01 4.933697862833698496e-03
-7.462653885033323604e+02 1.261885183722944603e+01 7.504209105649970075e-03
-5.797246892242864078e+02 1.260038790182285418e+01 7.408946801764119093e-03
-3.812703954266665392e+02 1.256438399334555278e+01 8.126335787631042140e-03
-2.188256871671437693e+02 1.261068244572054553e+01 1.149616490748868632e-02
-1.503823330076892617e+01 1.269348803754955313e+01 1.001859899880987517e-02
1.426253038687998185e+02 1.267347272392157187e+01 5.297764056656314134e-03
3.492263744842857704e+02 1.257478862660944330e+01 8.060811149309956083e-03
5.082089038161536223e+02 1.254293706836260469e+01 6.937722838174975939e-03
7.139700037853331196e+02 1.254223191015213423e+01 5.649359190143543770e-03
8.731225231615389930e+02 1.248392555929604342e+01 1.071444220359526328e-02
1.080446411097499322e+03 1.239313358621555849e+01 7.339328357604678506e-03
1.239099943180666514e+03 1.244720509212088899e+01 7.580012703986225772e-03
1.444643693411667073e+03 1.241289099493636350e+01 8.397530501196071029e-03
1.603593995211428819e+03 1.240122129467889422e+01 7.988626207806144228e-03
