-1.474686997588387158e+03 1.316429794881820747e+01 8.194547941030061108e-03
-1.297708327631428574e+03 1.302955155657022246e+01 8.775707259296796486e-03
-1.108800388592121408e+03 1.304740091312199546e+01 1.093832426363951053e-02
-9.388786144542415286e+02 1.300950553021649370e+01 7.259081934306917984e-03
-7.464840921189287428e+02 1.308146834622943899e+01 8.776739650469773946e-03
-5.800818081462859936e+02 1.311229271523240669e+01 7.270580520692391559e-03
-3.818919055441375576e+02 1.321305884121284357e+01 8.536847940921249087e-03
-2.190983576442853007e+02 1.309152810628638086e+01 8.024589033372284477e-03
-1.523615239833355517e+01 1.307294700863454295e+01 8.609082198254158422e-03
1.423566559657376160e+02 1.315307591795112785e+01 5.724801400348999460e-03
3.489990861091171155e+02 1.306547259126706351e+01 8.599031288485112570e-03
5.080099687272223719e+02 1.296779472060765315e+01 8.344955886744677073e-03
7.134557936064704791e+02 1.303283455169675520e+01 6.506250028717725127e-03
8.724764154219441252e+02 1.313067212718278043e+01 1.004138811662221020e-02
1.080228228138666509e+03 1.301348339721834968e+01 7.438239536839863497e-03
1.238191194057199709e+03 1.302883756942180860e+01 5.619323802736409315e-03
1.444442085492500382e+03 1.296576715629930909e+01 7.992420220225938260e-03
1.603365582037104559e+03 1.306111038947405767e+01 6.939904073707852533e-03
