-1.329211480897691672e+03 1.398259420033110345e+01 1.050156651729165641e-01
-1.138516071679091738e+03 1.379341425188823678e+01 1.292225768944869624e-01
-9.698306748308338001e+02 1.398170027773169188e+01 3.822785652739327245e-02
-7.760635044500006643e+02 1.400731139981396112e+01 8.927798563671145160e-02
-6.109758902266670475e+02 1.393839176257013790e+01 5.279735763711345536e-02
-4.114674845276928750e+02 1.390932735697046141e+01 3.207091951749359987e-02
-2.504261836072731739e+02 1.392820168998900954e+01 4.041222292224250917e-02
-4.488950078416686296e+01 1.396925886209421641e+01 6.788884873311479273e-02
1.100078529681823909e+02 1.396867887470326863e+01 2.455886657920395774e-02
3.193937234766660254e+02 1.374851540659696880e+01 4.269166884259090883e-02
4.770878772445457230e+02 1.378339904029326135e+01 3.776999477760154683e-02
6.835888744927287917e+02 1.380326209903445189e+01 5.067678549175230057e-02
8.412973194745460432e+02 1.375694290409539100e+01 4.202097325606947431e-02
1.050659850727999583e+03 1.382696586560313889e+01 4.530248704678453003e-02
1.206927195195713693e+03 1.376803863970392605e+01 5.376598907179229447e-02
1.414839027921818115e+03 1.377769770928075488e+01 3.923918839309444018e-02
1.572571978066363954e+03 1.376510307074765826e+01 6.131905753703557199e-02
1.780290906756667255e+03 1.370509610019537483e+01 6.318263236329071941e-02
