-1.305576983304615396e+03 1.204574612656467636e+01 8.551966612306137472e-03
-1.117508585236153976e+03 1.195515735979838823e+01 1.036560771985575724e-02
-9.453348362573335635e+02 1.210016058223549607e+01 1.137486346205581617e-02
-7.526817581253334311e+02 1.207651740745336610e+01 1.519740529403298263e-02
-5.865599848836361616e+02 1.211545132082482823e+01 1.170838993532915227e-02
-3.885237367164702391e+02 1.212462253116709121e+01 1.351017967280848837e-02
-2.260662759078576016e+02 1.208541831249305432e+01 1.127237636823481826e-02
-2.339053546681779139e+01 1.204583604415210196e+01 1.105770589400092638e-02
1.343709150588234991e+02 1.212334793554171597e+01 1.143527603712600656e-02
3.426754309787506827e+02 1.212453483299071522e+01 1.372520507043281830e-02
5.014756908439997005e+02 1.213581461772380266e+01 1.380026862942480143e-02
7.069774475856247591e+02 1.209352232967589913e+01 1.106595361190878743e-02
8.655270987105265021e+02 1.211956012544400174e+01 1.202618777269534242e-02
1.072638634745625041e+03 1.214934140642694160e+01 8.004514925924985022e-03
1.230171204734667299e+03 1.221431809337414442e+01 1.150687094381343430e-02
1.438102741154374144e+03 1.223840868718615305e+01 6.514163617577879359e-03
1.596836974395333755e+03 1.228503248911371237e+01 9.872820171947987999e-03
1.802452400292500442e+03 1.230151465828196322e+01 1.272593709900666538e-02
