-1.323069953004999888e+03 1.395530640045906878e+01 1.145202273436686513e-02
-1.132477061841666227e+03 1.387982348386544196e+01 8.987243402817235091e-03
-9.641741701139287670e+02 1.395060057038710255e+01 1.246209083943699766e-02
-7.706066016022724625e+02 1.414277416598800485e+01 1.032527425809519513e-02
-6.046690697946874025e+02 1.421573986199043560e+01 1.175297995581534201e-02
-4.050602873608888785e+02 1.422806271022573377e+01 9.778656526169124050e-03
-2.441752940590906178e+02 1.430520924082754419e+01 1.129425159527222382e-02
-3.929363298423049855e+01 1.417437696520538282e+01 1.459299320271461968e-02
1.186939575743337656e+02 1.411461276683906974e+01 1.596854431084457349e-02
3.255470577259993092e+02 1.417633244919425017e+01 1.496288742188488750e-02
4.828884061374196790e+02 1.415782747012889686e+01 1.203169033373668179e-02
6.919584088541378151e+02 1.401576017668129559e+01 9.257107669037999143e-03
8.473996442750005826e+02 1.390615762427872681e+01 1.027841045276683095e-02
1.056081600445908634e+03 1.390605112950574274e+01 8.812301012561210567e-03
1.214102199104333522e+03 1.401444065066005784e+01 1.212673202596766669e-02
1.420840140557585983e+03 1.403731333621031929e+01 1.236556558624903220e-02
1.578205829082592345e+03 1.393896068379174302e+01 1.795865913681128634e-02
1.787431309997666631e+03 1.400486995462606465e+01 1.486942674926816470e-02
