-1.429086958182500211e+03 1.395844183437949404e+01 1.282358937444752316e-02
-1.251453718435624523e+03 1.407654949240606967e+01 1.286603715638091547e-02
-1.066652234731667022e+03 1.403799132397733374e+01 1.301041249666329801e-02
-8.911335148110000546e+02 1.404000007469924327e+01 9.967779573687897063e-03
-7.029725117700010060e+02 1.406773406665332615e+01 2.565737040260898660e-02
-5.307625776582358412e+02 1.428545502865552486e+01 3.886247915113551915e-02
-3.357700794266658022e+02 1.437221927184813097e+01 2.574314148143799080e-02
-1.703167362725007479e+02 1.434156727838500700e+01 1.569110236278428022e-02
2.835732105769140787e+01 1.438283693732046586e+01 1.312681051517541712e-02
1.900858259006670039e+02 1.435162964263429153e+01 3.063689375996300757e-02
3.949453863117643664e+02 1.429311995384804845e+01 2.253114180208715817e-02
5.555978031175997103e+02 1.424105075687523936e+01 1.663760752031370055e-02
7.596548037926661436e+02 1.421266355712947771e+01 1.373510236718453008e-02
9.212766497746663390e+02 1.408267258398541344e+01 2.513658098675515540e-02
1.124313067284374483e+03 1.423925451858533719e+01 2.012905141673352466e-02
1.286085714608823309e+03 1.439587486345692824e+01 1.582911749645150856e-02
1.490896111288572001e+03 1.443109937435063195e+01 2.650013064492794806e-02
1.651458106345000033e+03 1.443318874750366376e+01 2.034175017941261196e-02
