-1.325515323790908724e+03 1.406730237933643934e+01 4.487089733788185431e-02
-1.135000903924167915e+03 1.418807822044467315e+01 5.122679455154575262e-02
-9.666825740649995851e+02 1.391635932113053187e+01 3.675265328752008731e-02
-7.729845233850003297e+02 1.405693049199697242e+01 4.412090825976173331e-02
-6.077182105000010779e+02 1.421302853462813154e+01 4.732013356001600612e-02
-4.086270765942863363e+02 1.401874878331567942e+01 5.853114218449095851e-02
-2.472787259658337859e+02 1.408751264701064798e+01 4.797660359625063181e-02
-4.178321649999937648e+01 1.404889067920069579e+01 5.473321558010791482e-02
1.147470368155001808e+02 1.404421827564992142e+01 5.348445919057868286e-02
3.225364471624986322e+02 1.423859256999883982e+01 8.686494584061618673e-02
4.803307561374998045e+02 1.417268339580794212e+01 8.573678062444810288e-02
6.880394830704166225e+02 1.403263901119890278e+01 4.017662222801091088e-02
8.445831293084618210e+02 1.403272514270158666e+01 4.522835935838062649e-02
1.053682769377691329e+03 1.393737753358649023e+01 4.305355779383751580e-02
1.211618472870000232e+03 1.408008436710232303e+01 3.694223479390673637e-02
1.417972305509090575e+03 1.435768419004319441e+01 9.149719453990060036e-02
1.575687410616153556e+03 1.429464356381383361e+01 6.819424528356567150e-02
1.784988761210769326e+03 1.420863020906108432e+01 3.421465796369040080e-02
