-1.324198562823528846e+03 1.242813680449352987e+01 1.897669977049121562e-02
-1.133606281290000652e+03 1.244131740701494593e+01 1.079477096406911488e-02
-9.653137242089471783e+02 1.246532086089771596e+01 1.628835012277688246e-02
-7.717367819506672504e+02 1.244347188107599500e+01 1.096918018921009923e-02
-6.064280035538888569e+02 1.248180896596805312e+01 1.154902970936342102e-02
-4.060386179943331513e+02 1.248158697463747302e+01 9.027378006996820622e-03
-2.457527088480004807e+02 1.248649328452047058e+01 1.182074629969137765e-02
-4.056549898875027793e+01 1.242642169945374420e+01 1.963981433562630649e-02
1.174923860752628855e+02 1.240513242700297347e+01 1.562362895095989641e-02
3.237569611594739740e+02 1.246820342609938059e+01 1.051942335917875788e-02
4.816301010389472026e+02 1.239221663635551351e+01 1.099803440501476159e-02
6.899620830384213832e+02 1.235344199212910965e+01 1.225962019258040707e-02
8.462024904247365384e+02 1.238174845635054844e+01 9.540867161080985107e-03
1.054994033720587822e+03 1.241526695395206836e+01 1.308431311932103415e-02
1.212940462618421407e+03 1.246389545125450304e+01 1.973070713030427442e-02
1.419653718007221187e+03 1.254097881866515252e+01 1.529575221550955391e-02
1.577041455171111465e+03 1.255583006604538276e+01 1.468936975212636886e-01
1.786358419999375656e+03 1.259127128666832363e+01 1.474341130044876970e-02
