-1.441292290542777891e+03 1.211674318120601157e+01 1.305167261030063322e-02
-1.261736261509999622e+03 1.208441298621738191e+01 6.795052875750891286e-03
-1.075564922444667900e+03 1.202383477642535681e+01 1.110810303472546320e-02
-9.029576234318182060e+02 1.208633170818785629e+01 1.196515156458359021e-02
-7.125558969777780476e+02 1.198178176853695476e+01 8.984224234676515056e-03
-5.437868244948153915e+02 1.201298380106462638e+01 6.463587863946379519e-03
-3.471254290930002639e+02 1.215365224709761094e+01 1.430447160895038233e-02
-1.821104374913333857e+02 1.216695092137818435e+01 8.089038983050168830e-03
1.896623189866562242e+01 1.219196834876815672e+01 1.052974486985899794e-02
1.798118748228572201e+02 1.223218093720949895e+01 1.077424676833716420e-02
3.830117563642862706e+02 1.217267654050121450e+01 1.060351753506312208e-02
5.439770638089994463e+02 1.225868722998017546e+01 1.466911196003781691e-02
7.499386806838875827e+02 1.224266382047809998e+01 1.184663639821367451e-02
9.091623302192002711e+02 1.228782666118580913e+01 1.948954378355425079e-02
1.114141043987777266e+03 1.224696473887570747e+01 8.572814631038885858e-03
1.274765720337142966e+03 1.226371385404014447e+01 2.154790115969290598e-02
1.478802319439473877e+03 1.227515823257670036e+01 6.429639415266485275e-03
1.639395732374000318e+03 1.230977289374567540e+01 1.286454356838833378e-02
