-1.416168893444545574e+03 1.135237669625560741e+01 1.148578967032786065e-02
-1.234972188519999008e+03 1.135372861039166281e+01 1.151127892160877693e-02
-1.052418911624210068e+03 1.134211272087508959e+01 7.942436059814605293e-03
-8.761854910458326913e+02 1.134339434559148074e+01 8.507038441997493913e-03
-6.871783805466681088e+02 1.132949797878756293e+01 8.925435526325496000e-03
-5.174110086750000619e+02 1.134723027887388547e+01 8.897882681106840386e-03
-3.224820247453843649e+02 1.143590025573033309e+01 1.400432238922835401e-02
-1.562925914487500449e+02 1.148040837126372260e+01 7.069662377088760385e-03
4.411692683749970456e+01 1.138749242876895451e+01 9.189454622892426552e-03
2.066282702009094407e+02 1.144990048466645938e+01 7.476940565243916405e-03
4.083622203507132440e+02 1.145201333175157643e+01 9.388984791119709197e-03
5.708901976584613749e+02 1.149523467299448498e+01 1.149065690633093058e-02
7.727432570569234258e+02 1.157314955016864566e+01 9.205205501984340538e-03
9.352802017276923152e+02 1.162977195903888017e+01 1.430022820062275615e-02
1.139544867059230000e+03 1.157937772282603994e+01 7.947231291108748999e-03
1.302008106846001056e+03 1.151332709586897352e+01 2.292674940867464595e-02
1.503788963316923628e+03 1.143205934899298093e+01 1.180672544207087352e-02
1.666223412636923740e+03 1.140900109029077036e+01 1.472036828919106623e-02
