-1.167268741573333728e+03 1.312383984473879828e+01 8.650994109006947957e-03
-9.997835807885718395e+02 1.301853803993770065e+01 8.421412559919660631e-03
-8.053176400615377588e+02 1.295321348862197830e+01 7.086242898463267735e-03
-6.407901306778579738e+02 1.287215669989573819e+01 8.798190908664451845e-03
-4.403926078568752018e+02 1.296340708677625386e+01 9.653367288153871795e-03
-2.802171893886668954e+02 1.289092383178753387e+01 7.801120527301303245e-03
-7.418148759769191258e+01 1.304536725307576894e+01 1.044181049738786803e-02
8.037565714461547373e+01 1.313944211975478638e+01 8.224988292260954070e-03
2.901045376416665817e+02 1.308034912142947448e+01 8.256731260681274970e-03
4.473787020308330398e+02 1.302802766790114930e+01 6.510097214384811398e-03
6.546867297513338144e+02 1.305743196415535401e+01 9.729436053848456237e-03
8.115651477446673425e+02 1.295895633537523217e+01 7.519259222773144041e-03
1.021338374276667878e+03 1.303829335181190707e+01 1.091974087333307843e-02
1.177123107764000224e+03 1.301879878625370779e+01 7.325134811046150884e-03
1.385529752753076764e+03 1.313195811676055236e+01 1.050218348669294116e-02
1.542820399430769612e+03 1.301609807409690767e+01 9.772654667204021608e-03
1.751228779427500058e+03 1.307163862797536780e+01 6.582404778045546426e-03
