-1.316922358433332874e+03 1.306278996626639533e+01 1.725165060750602844e-02
-1.126736501306666014e+03 1.305328711495207017e+01 2.224815465658265545e-02
-9.574944826861537877e+02 1.301505630859938556e+01 1.513077957908115154e-02
-7.643409983858333590e+02 1.299335960777029442e+01 2.352208559876156971e-02
-5.987626630946673458e+02 1.297991819607035602e+01 2.047517809432956165e-02
-3.977156371816666365e+02 1.309979823864786042e+01 1.667964938965368557e-02
-2.356716721276931708e+02 1.310842434437152804e+01 2.851772512001604989e-02
-3.339655927692253101e+01 1.320157348072256909e+01 2.876201667814010099e-02
1.247871025049989839e+02 1.313370615033771927e+01 2.652681753197525319e-02
3.321994316188886387e+02 1.317301452754222524e+01 2.442089744587364053e-02
4.895821450778577173e+02 1.295964449536814200e+01 5.917356299298330569e-02
6.977592089884609550e+02 1.315887263833713661e+01 3.536337723038097264e-02
8.560788046938469051e+02 1.315506839050635790e+01 1.108563844491364941e-02
1.062027808415455411e+03 1.311105019617081879e+01 3.039431250216433414e-02
1.220191842546154930e+03 1.308414014981111251e+01 1.813451454735804519e-02
1.428211879830588259e+03 1.304072964499502163e+01 1.467769699391570891e-02
1.584815687651332155e+03 1.302746356780207293e+01 4.469879304531330921e-02
1.793244565331817512e+03 1.306947237536885176e+01 2.650434449373274132e-02
