-1.447275243883000030e+03 1.411465187012106703e+01 2.697895476107261409e-02
-1.267745675858181585e+03 1.414513011691922273e+01 2.467702722020517422e-02
-1.081020302008334284e+03 1.408494170202279783e+01 1.301734953394460825e-02
-9.089045364592311671e+02 1.394043192582157076e+01 1.571242474306007095e-02
-7.181265456315383062e+02 1.380930467460857081e+01 1.808728143361033880e-02
-5.500984074975003750e+02 1.370686172810445669e+01 1.481480975115660216e-02
-3.534109289175000299e+02 1.383686021107737041e+01 1.358128818959711097e-02
-1.891962723546661493e+02 1.388659277794229041e+01 1.278216349855154296e-02
1.315752827299948002e+01 1.402380469436880794e+01 2.034315609732180452e-02
1.722251464640002894e+02 1.412290848822164691e+01 9.837352489364173044e-03
3.773159446054540354e+02 1.409094864074655717e+01 1.829842771386112205e-02
5.378857312816677450e+02 1.393960727724355131e+01 1.783691864696331647e-02
7.418884756158331584e+02 1.405985064400815610e+01 1.937296883021022778e-02
9.027146871178572383e+02 1.403162975502467447e+01 2.338099481132800694e-02
1.108452266009091318e+03 1.420857727572822782e+01 2.937713017996853443e-02
1.269215476126922795e+03 1.432033429591868412e+01 2.335520573569757272e-02
1.472723442399999385e+03 1.433067029995142683e+01 2.680855689448490356e-02
1.633314589742309181e+03 1.423511718192301778e+01 2.221802013575566517e-02
