-1.308596279002728124e+03 1.295879042647147372e+01 3.023971201201583123e-02
-1.118070270137142643e+03 1.288631154813725388e+01 1.896291526151428625e-02
-9.467051286049993450e+02 1.287596031959106924e+01 1.608360154951150520e-02
-7.539190154790908309e+02 1.288733106169133791e+01 2.332043698039205221e-02
-5.878764375037508216e+02 1.286791729754016522e+01 1.701368048944696537e-02
-3.896757748757138984e+02 1.286077034310281775e+01 2.063391551289277606e-02
-2.273842055364288512e+02 1.292435701212912846e+01 1.701905855863843076e-02
-2.533267417285657785e+01 1.285728090375867971e+01 2.031114010275504936e-02
1.330615106113332615e+02 1.280776934869492756e+01 1.858279909077613021e-02
3.414674253541658686e+02 1.275560928879138523e+01 2.008324769239800203e-02
4.987540660809994506e+02 1.275803622741099375e+01 1.953424022541100369e-02
7.057355231792852237e+02 1.270530432721395719e+01 2.790802803570977680e-02
8.642434451238458450e+02 1.270872585712531944e+01 1.706092672072018895e-02
1.071562775593000424e+03 1.268335575835608964e+01 1.616809921368286135e-02
1.228999531670000124e+03 1.257735369893077149e+01 2.489950755294098941e-02
1.436941118340667117e+03 1.246861654637599415e+01 1.354436279637028992e-02
1.595581613649999781e+03 1.254354969050176294e+01 2.063135503802158988e-02
1.801172228347501004e+03 1.261792509053383782e+01 1.463676610784743481e-02
