-1.476444682853845507e+03 1.370869543504140609e+01 1.035531698671324739e-02
-1.300027426382666363e+03 1.373389501109085309e+01 1.148350185330302732e-02
-1.110524268906666748e+03 1.376921001082512142e+01 1.566714892874757417e-02
-9.404810584658340531e+02 1.384856424719277435e+01 1.658666563393170965e-02
-7.480171285799998486e+02 1.391347050984659894e+01 3.663846557963434253e-02
-5.816115271191671354e+02 1.391981522575873598e+01 1.111826158806944985e-02
-3.831854351316663383e+02 1.395479552851650062e+01 9.860719867042976039e-03
-2.204819813292303365e+02 1.396002215862858087e+01 1.507018929446344961e-02
-1.690428066583323741e+01 1.393512784819411543e+01 3.951566584561395923e-02
1.395626179357147691e+02 1.395871423032230574e+01 2.205205212481265234e-02
3.474277923350000492e+02 1.403494138750561859e+01 1.535616883523671303e-02
5.063312224923082567e+02 1.397391291567934424e+01 2.438822701120586800e-02
7.123619112756250615e+02 1.391013616695709132e+01 1.670700522049056030e-02
8.704906246849994886e+02 1.383461332013218836e+01 1.245850254702730517e-02
1.078589155408461465e+03 1.376811986271098576e+01 1.180030318303948444e-02
1.236169843919615005e+03 1.373673333706903854e+01 9.367821937198868992e-03
1.442842242638333119e+03 1.374976795461865819e+01 2.145602738419004687e-02
1.601709703422857729e+03 1.372144112775485603e+01 1.961217455231713258e-02
1.807059509268889087e+03 1.365530419304837295e+01 2.869096491517944894e-02
