-1.320194370671428487e+03 1.154769821530865492e+01 8.573719457309397426e-03
-1.129839249241666721e+03 1.158284198348550120e+01 8.838468456547496355e-03
-9.613285282999999026e+02 1.157179942838572728e+01 5.610695105185652468e-03
-7.673414267300003075e+02 1.158655375198417481e+01 7.472916275955795128e-03
-6.017645826188227147e+02 1.158669462673381112e+01 7.633136130742329724e-03
-4.008176455971427572e+02 1.152544709212330432e+01 1.954609145260250563e-02
-2.404859227830434634e+02 1.152277142317881520e+01 6.297660130678436018e-03
-3.661662502538372621e+01 1.153590210296454188e+01 1.010246053258082206e-02
1.214660636792858526e+02 1.154444309266295221e+01 4.931804798421823149e-02
3.280235602987495440e+02 1.152648270703661382e+01 9.897592500136193072e-03
4.856786392560000536e+02 1.149154470430120512e+01 6.609016422920204609e-03
6.945894342045450003e+02 1.145166503302734284e+01 9.809825782395668534e-03
8.511129146509525754e+02 1.146992032997522415e+01 9.558961136816661666e-03
1.058824060228462486e+03 1.147915343158035739e+01 8.009235549272825105e-03
1.216948502980000058e+03 1.150416054195162907e+01 5.390019318251423712e-03
1.423345903391428465e+03 1.151050307839231124e+01 1.237466872689150718e-02
1.581041186564000554e+03 1.150486032318669771e+01 8.052961593585475017e-03
1.790109095724285453e+03 1.148334906279591472e+01 8.253125659062903255e-03
