-1.456921744473333092e+03 1.238917529225292569e+01 6.071907077315584142e-03
-1.280567534095334622e+03 1.250551043323626388e+01 8.700174540607645210e-03
-1.092714721064545529e+03 1.252495090405481193e+01 8.350600692817181786e-03
-9.214113759323812474e+02 1.244139918743626616e+01 5.440870024497474790e-03
-7.293758183072415022e+02 1.246088289657799564e+01 7.093998771197189239e-03
-5.602502189799997723e+02 1.252132768706384702e+01 7.480416609592067945e-03
-3.635793132230761557e+02 1.247371255219672470e+01 9.809333892087856652e-03
-1.998151447762506905e+02 1.237968309467621886e+01 6.891740981058385070e-03
1.025418376666008546e+00 1.242895018007335395e+01 6.391290369916860156e-03
1.606022263253846347e+02 1.251664867464425868e+01 5.191551555725671188e-03
3.675784723549996897e+02 1.265227479782472919e+01 9.555118604454300446e-03
5.260087090596431381e+02 1.239809474927645461e+01 1.321307220020876555e-02
7.318613547423077534e+02 1.249340095395494643e+01 9.049904628361114117e-03
8.917589473183332984e+02 1.257933678557662205e+01 1.270419635153172654e-02
1.096458058544666528e+03 1.251657252210602600e+01 8.114112078028862599e-03
1.255953849170624835e+03 1.249371382788657669e+01 7.806247497998012284e-03
1.463039580467499718e+03 1.236678770960293861e+01 9.911413174270912799e-03
1.621958665088570569e+03 1.243885202789977917e+01 7.537467152745509769e-03
