-1.458255954369091114e+03 1.091633642071436228e+01 6.044978497634157302e-03
-1.269907151071538919e+03 1.070283690842002500e+01 9.258308532920488804e-03
-1.091242852567000227e+03 1.050206288697370560e+01 3.654865059210505619e-03
-9.063570873290905183e+02 1.087395302266780206e+01 6.975273767793864661e-03
-7.321235837975000322e+02 1.072321251332360603e+01 1.093091982085719546e-02
-5.410450024490902479e+02 1.066867881164649390e+01 1.024317529125817576e-02
-3.728962951399989834e+02 1.082690491861275994e+01 1.567756888206690846e-02
-1.768301875049995431e+02 1.118358577216601368e+01 8.946082184151674110e-03
-1.157995518642876753e+01 1.108562939627386257e+01 1.273243154996802316e-02
1.902724226100002625e+02 1.100829564979012964e+01 8.611220924639022625e-03
3.498395666277266969e+02 1.073156015226285476e+01 7.358660120988676050e-03
5.543922260083345463e+02 1.087418737212562370e+01 9.153547303482154063e-03
7.156215215309090354e+02 1.111774378438762767e+01 1.008620696721792762e-02
9.185322249408339985e+02 1.092305848784942768e+01 7.189131078488077663e-03
1.080393035458333543e+03 1.106429595698925894e+01 9.261663633188067790e-03
1.285682924504998709e+03 1.073993552126475670e+01 6.648862157741138902e-03
1.446788626859090300e+03 1.055261660263065693e+01 5.903680709260353265e-03
1.649940014121817740e+03 1.033760037207039417e+01 6.674534513048556959e-03
