-1.321631451390833945e+03 1.133474593398981511e+01 8.924475703958181100e-03
-1.131235001253000519e+03 1.143858585168105080e+01 5.891599632391026665e-03
-9.627536355946162985e+02 1.153163791331875032e+01 8.027417268150515914e-03
-7.692589278509105952e+02 1.159158040746531526e+01 9.894005143187827034e-03
-6.032651169408333089e+02 1.156847837113082633e+01 3.846312679426328041e-02
-4.025803512958336796e+02 1.154052792436112185e+01 1.655257311254840560e-02
-2.418874387017393701e+02 1.150527425205186560e+01 3.239487723549971943e-02
-3.797294393000083801e+01 1.155428916303458209e+01 1.069160403764430299e-02
1.199551517227274360e+02 1.150243377467468520e+01 6.571269181834682969e-03
3.262306892879998372e+02 1.147284721612898117e+01 1.285838999359773319e-02
4.841717763315369325e+02 1.134093976247943836e+01 7.789556467364327358e-03
6.932190443255555010e+02 1.136123331278707838e+01 1.351070303245180924e-02
8.486792783413339976e+02 1.130662407263893066e+01 1.269548496914655288e-02
1.057422042207778759e+03 1.141199504444393042e+01 2.197217154321913155e-02
1.215414367928180809e+03 1.135136261962495752e+01 6.831552897721564904e-03
1.421980358405715378e+03 1.128868766470481333e+01 1.206155169301842758e-02
1.579624725534166600e+03 1.123052870357373045e+01 9.140743506186436301e-03
1.788725118957000177e+03 1.123287559571755345e+01 8.329042766883652110e-03
