-1.467495524252940868e+03 1.263660528967590579e+01 1.854473045141736762e-02
-1.291401661426923056e+03 1.276719282625601082e+01 1.350936848548228535e-02
-1.102512895858334787e+03 1.292628199375280218e+01 1.840043434754204052e-02
-9.325332961453857479e+02 1.288003390472700538e+01 1.589468730531747379e-02
-7.404623485320000782e+02 1.298134582955329996e+01 2.340450002337062310e-02
-5.733337520855553748e+02 1.283989021779706619e+01 1.521514394339520959e-02
-3.747734452747823752e+02 1.277017725641249335e+01 2.474335537178670719e-02
-2.119330998065219660e+02 1.270261873794349583e+01 1.265269672012372774e-02
-9.252471755385228036e+00 1.280487326007535742e+01 1.752867976518889329e-02
1.501903305761538547e+02 1.283565891577565132e+01 2.716092847449605441e-02
3.555783024200013074e+02 1.294190078226660034e+01 2.280422250511546928e-02
5.143831523423079943e+02 1.291420641489338550e+01 2.138870702435841792e-02
7.219634923227276886e+02 1.280881526292340844e+01 2.824671556605700545e-02
8.785298673357148118e+02 1.273843350769286253e+01 2.174396854336321794e-02
1.086206047950832726e+03 1.284175138112587078e+01 2.081563790609554376e-02
1.245561893706923001e+03 1.300943655450866032e+01 2.525470479259050646e-02
1.450981635166666820e+03 1.317926292083359208e+01 2.858136155326032601e-02
1.609711719401539540e+03 1.337384836756088902e+01 6.416714075752946722e-02
