-1.477290599357692827e+03 1.254342475098678733e+01 1.788435465695911372e-02
-1.300630344060527250e+03 1.253413473699890979e+01 1.370750608915098125e-02
-1.111677866249090357e+03 1.275397302218999407e+01 1.322074723274172664e-02
-9.413132026443754512e+02 1.278487328675246637e+01 1.381749131992878778e-02
-7.488351060873334291e+02 1.276151261943654802e+01 1.050702938792614193e-02
-5.824842798577769827e+02 1.287092368153541955e+01 2.260034432962519657e-02
-3.835597278256245772e+02 1.292950290894794030e+01 1.564808690774747990e-02
-2.215181604342103867e+02 1.299214985213935236e+01 2.674400536087618782e-02
-1.760591327266641670e+01 1.286515418670599331e+01 1.538533331254926355e-02
1.386460484452633750e+02 1.270453098008115589e+01 1.374250823157910709e-02
3.466380964312497781e+02 1.266694424176667511e+01 1.779351587952529568e-02
5.055433262589473316e+02 1.259205515576979550e+01 1.394355456846638544e-02
7.112249261918750562e+02 1.257889677896244862e+01 1.479026281638990206e-02
8.697746494861106612e+02 1.249670192947936798e+01 2.000066369035654809e-02
1.077758788732104904e+03 1.251198861232758830e+01 1.538936785424384855e-02
1.235073348548571403e+03 1.248219511066008103e+01 9.724248842111116523e-03
1.442002082270000301e+03 1.240643542493501172e+01 1.217618658344807314e-02
1.600913667645333589e+03 1.233638620758370408e+01 9.894783612511505802e-03
1.806340676248124964e+03 1.231612921388422244e+01 1.967601761445785663e-02
