-1.458251828711875078e+03 1.204949406994660599e+01 1.152370629761278846e-02
-1.282395979281249993e+03 1.211264249543684812e+01 9.679975472297533065e-03
-1.094104079850000289e+03 1.208347638621897246e+01 1.018069993700747126e-02
-9.224488210051725900e+02 1.206478852168076976e+01 7.254697355592878982e-03
-7.308490939600009142e+02 1.205034402394233872e+01 9.253472890562629283e-03
-5.616838129484611954e+02 1.206710748039284731e+01 1.152966203102390001e-02
-3.650777801418744275e+02 1.206527025068843706e+01 1.237491058190263830e-02
-2.013264063554994152e+02 1.200141660524105447e+01 7.491347560781050699e-03
-7.808911123527864095e-01 1.205420125501973061e+01 6.825966314633064545e-03
1.591056839533332550e+02 1.200358025854235322e+01 1.397498906739517120e-02
3.662309714399996778e+02 1.202618936564437746e+01 1.110321822198843955e-02
5.236449668785720633e+02 1.204650268097038435e+01 1.224807352129155674e-02
7.304607745041173530e+02 1.209354419268751357e+01 1.093308594302543763e-02
8.903343002569999953e+02 1.206858149880460829e+01 7.707536698318441341e-03
1.095510478012941348e+03 1.209539921198687829e+01 1.024582125975439725e-02
1.254479105181052319e+03 1.204600016035737298e+01 1.055999677796340581e-02
1.461724703953749668e+03 1.201722362633397445e+01 1.469927434156282318e-02
1.620238429949756664e+03 1.201895302625945661e+01 7.316968137822827886e-03
