-1.440783953244999793e+03 1.359522175368099539e+01 1.145635399570899861e-02
-1.261426633856924127e+03 1.357888182597190863e+01 2.736936946790244699e-02
-1.075277941412728978e+03 1.354350892845681642e+01 1.625690629406287627e-02
-9.026118044993330614e+02 1.358599595148521644e+01 7.229978740811922842e-03
-7.122852762609089723e+02 1.357993790478659690e+01 2.879618265042546005e-02
-5.432054361269222227e+02 1.361053030965087984e+01 1.084126374297908306e-02
-3.467125391299999251e+02 1.366851529065370485e+01 8.396669816063998329e-03
-1.819048710721741031e+02 1.361221917847894503e+01 1.288187859311591341e-02
1.930944234600028864e+01 1.355796765748113408e+01 1.590987114969825283e-02
1.801199532092853417e+02 1.362403457603178403e+01 1.610511209425484480e-02
3.832907756738462126e+02 1.359495110274885832e+01 1.284967885591101200e-02
5.443125488715377287e+02 1.354833416598324547e+01 1.420873073608735528e-02
7.502846824864276414e+02 1.357365167971399167e+01 1.279389203758520520e-02
9.097358328691665292e+02 1.354896194300486734e+01 1.236421621424474773e-02
1.114483906098459556e+03 1.355791021472264291e+01 1.418956131923777668e-02
1.275351998326669445e+03 1.363901638504864167e+01 2.129858280800926706e-02
1.479267338405384635e+03 1.359745509046164891e+01 1.069305263251465327e-02
1.639694214216922546e+03 1.360211958719914094e+01 1.150017315972623813e-02
