-1.304893801808846092e+03 1.415839278918714150e+01 1.677266569510639516e-02
-1.116446799917500584e+03 1.418894203235681140e+01 1.590835661484822638e-02
-9.445622425978571073e+02 1.406001468922494624e+01 2.465086382793829980e-02
-7.518943536081827688e+02 1.422732104239094397e+01 2.739320496833591231e-02
-5.857208668716666580e+02 1.410577767351905720e+01 2.024959990459803197e-02
-3.876771576445455594e+02 1.402154132546009890e+01 9.243349996539567542e-03
-2.252044552069234555e+02 1.390159634205154937e+01 1.790454129539859052e-02
-2.205153184782608733e+01 1.401568045201550383e+01 1.892258195470859078e-02
1.358649658800004545e+02 1.408187220664558303e+01 4.880457533955270821e-02
3.436294680090010161e+02 1.414520487714166919e+01 2.813638214127759524e-02
5.022704280375007215e+02 1.403532271671710951e+01 1.612272091272528088e-02
7.078440398636356576e+02 1.389864676955014033e+01 2.374919034564401676e-02
8.664102047818179244e+02 1.389623848717494425e+01 2.226785239280682990e-02
1.074288926017272843e+03 1.378231901792146452e+01 2.573014906679019567e-02
1.230656201702307499e+03 1.401293968960141356e+01 1.881065367956483853e-02
1.438916729971111636e+03 1.375804733784082501e+01 1.798383666919565679e-02
1.597758153707000019e+03 1.380241027690320799e+01 1.962814306041209961e-02
1.803204097297272710e+03 1.398180189107682381e+01 2.500710642799020347e-02
