-1.368498111506001351e+03 1.246012997097354358e+01 2.132279392662903353e-02
-1.176601568023636446e+03 1.245384577299919648e+01 1.612358108070285900e-02
-1.006490580813000292e+03 1.246680255247023439e+01 2.593516580628405649e-02
-8.120739973108326240e+02 1.248950371573073781e+01 1.571987897438524920e-02
-6.475455171546155952e+02 1.242977877511781593e+01 1.461304745527423204e-02
-4.478607959549995599e+02 1.253708786553509213e+01 1.304331163520224511e-02
-2.869168516438456891e+02 1.253594635009804392e+01 1.516353186926278941e-02
-8.341727827599970624e+01 1.254030352625293965e+01 1.577559340088658182e-02
7.374644306249986414e+01 1.254748086070432223e+01 1.636550349912659422e-02
2.833120234150003967e+02 1.242994997384923828e+01 1.760486325825873916e-02
4.392586986027272360e+02 1.234630406119133639e+01 1.885233659450381502e-02
6.476016068414272695e+02 1.218955593019560979e+01 1.632876954707667902e-02
8.048593791575003706e+02 1.213125612751782967e+01 1.305640877687616608e-02
1.013473257013598641e+03 1.216927504696905160e+01 1.528483317016094030e-02
1.170164988911333239e+03 1.222457680391783796e+01 1.159013074155128796e-02
1.378841294666922295e+03 1.221234234677800856e+01 1.566860178189117755e-02
1.536251135486364547e+03 1.218358824854388089e+01 2.481570434495413910e-02
1.743660546366667404e+03 1.223070978242183671e+01 1.659052881326860546e-02
