-1.449048586054737598e+03 1.367189503783695237e+01 4.208635732557838849e-02
-1.270079937930799588e+03 1.387016441006169210e+01 2.764315216741771927e-02
-1.083712550194749610e+03 1.403233090802542549e+01 2.576472337116143471e-02
-9.108264833145457260e+02 1.421383247940425676e+01 4.438642267704903666e-02
-7.200051537938888941e+02 1.420166435569323937e+01 3.804368716575109305e-02
-5.519910928445447098e+02 1.413768065647034078e+01 4.559762298513268808e-02
-3.558584296522729460e+02 1.391166771208058428e+01 4.433174510121180162e-02
-1.908849831884614900e+02 1.388232750210793398e+01 2.223248628778271008e-02
1.088916579521774963e+01 1.405907941096957181e+01 4.136453162961802044e-02
1.692311451646424416e+02 1.402785981855241459e+01 4.560265515117291335e-02
3.754899148861894673e+02 1.400613049190707038e+01 3.200471949806681093e-02
5.360141288471999133e+02 1.375615239767061126e+01 2.201933064211727617e-02
7.402810235639126404e+02 1.378094937040002321e+01 3.887248917129050574e-02
9.002218811216665699e+02 1.371002793028527122e+01 2.774792706171703288e-02
1.106718309269999963e+03 1.375053743081752700e+01 3.260563446679336230e-02
1.265666483443635798e+03 1.382989136897567306e+01 2.981973992812077257e-02
1.470919304593809557e+03 1.386521256096795085e+01 3.706356569716104388e-02
1.631330660320870720e+03 1.378535052633193203e+01 3.343355011912173269e-02
