-1.457327438971818083e+03 1.345495049838444146e+01 1.412134808811446422e-02
-1.281285870998333166e+03 1.343003901045933546e+01 8.841584196913559665e-03
-1.093052584148000506e+03 1.345973841944475780e+01 1.932462160043501784e-02
-9.209721454870835942e+02 1.345855935697238159e+01 1.055011395738874105e-02
-7.296349352950001048e+02 1.349636034616040625e+01 1.112018726527634616e-02
-5.606489138600009028e+02 1.350892092597246119e+01 1.125877435602998765e-02
-3.640100419410002246e+02 1.356730233007630204e+01 1.903210445536698825e-02
-2.001711625272721733e+02 1.357880359551652383e+01 1.485097522265339115e-02
8.165091338456617054e-01 1.360509437987168724e+01 1.841013157493488414e-02
1.602369875236360031e+02 1.365336038472238656e+01 2.633555072817490850e-02
3.672159523112504758e+02 1.361636739353381031e+01 1.654438868242030097e-02
5.251660393893336050e+02 1.361296752349053563e+01 1.870920549810623987e-02
7.315275951666667424e+02 1.351801125183127894e+01 1.727276534016971080e-02
8.913895293099989203e+02 1.357158336353513839e+01 1.345086078943185694e-02
1.095795252623333226e+03 1.354156084556257511e+01 1.961655749224028647e-02
1.255623560915333428e+03 1.359865739042203359e+01 1.348706925306741508e-02
1.462778346493000527e+03 1.353896339762741974e+01 2.013266003289183523e-02
1.621516878558667258e+03 1.347807818515418710e+01 9.261053455795994691e-03
