-1.333616304734286587e+03 1.283533866057878825e+01 2.110993810144133620e-02
-1.142810314698261209e+03 1.291632346684619392e+01 1.974225124954447422e-02
-9.735008174830761618e+02 1.293018925240946437e+01 1.585177020585126773e-02
-7.795412402660003863e+02 1.304604380859922230e+01 4.029560444087749993e-02
-6.145288564558328517e+02 1.316465943125959726e+01 1.960832451787236294e-02
-4.153164581569996017e+02 1.321534605699612186e+01 2.898238176172581240e-02
-2.539749116183338629e+02 1.323440323755356651e+01 1.513077028371592053e-02
-4.893700933066671865e+01 1.327636096401170818e+01 6.066500471547961459e-02
1.070608689549996342e+02 1.324114423299255705e+01 2.668880675288259896e-02
3.158582158436369127e+02 1.319744102655960205e+01 2.754232247106654444e-02
4.735393957518178922e+02 1.319550420141049329e+01 2.307502881796318420e-02
6.807414798974999712e+02 1.314576616771690176e+01 4.296961598404695076e-02
8.377203384407699787e+02 1.317553740289219455e+01 2.745572662410907319e-02
1.047231481823000649e+03 1.311477855803338244e+01 3.432346999064980059e-02
1.202364716288462432e+03 1.305847070639322816e+01 2.577291617905304658e-02
1.411356508530908513e+03 1.296544004067256139e+01 1.785960132468093764e-02
1.569030974887272350e+03 1.288172323376583961e+01 2.312617126984159444e-02
1.776103981218180934e+03 1.278499960523416235e+01 3.042818765288876279e-02
