-1.322816327374000139e+03 1.344908201688134675e+01 3.483767195426696467e-02
-1.132356102707857644e+03 1.334391831596061273e+01 3.816888695621378780e-02
-9.639470668736845482e+02 1.332585095287152299e+01 1.885937264380744757e-02
-7.703453092224996226e+02 1.334497966213367270e+01 3.376488796416634436e-02
-6.041140443831582161e+02 1.328253396268950937e+01 3.697035824945825444e-02
-4.045281598915386780e+02 1.306365294805617694e+01 1.535745006061143940e-02
-2.441869549235292141e+02 1.307311804252432452e+01 2.113945991982711312e-02
-3.912996924071349980e+01 1.300262329896426650e+01 1.294711548601821388e-02
1.188819594893332834e+02 1.308167418192836351e+01 1.710733948903830903e-02
3.256094568879993290e+02 1.322952631148000080e+01 2.644962556686340088e-02
4.830180425729413400e+02 1.313806078597612270e+01 2.021813079230710269e-02
6.921143630453851756e+02 1.306956334474467596e+01 1.741151117131857148e-02
8.476225094731253193e+02 1.310069453927248873e+01 2.384195174828935421e-02
1.056282942409999805e+03 1.300492092207473327e+01 2.393785121325027465e-02
1.214268561246470654e+03 1.304821455246558948e+01 3.012822328324833709e-02
1.420925484843888398e+03 1.309800480495165687e+01 2.122182661357173775e-02
1.578466862465332497e+03 1.309758355022677989e+01 1.722109862732711799e-02
1.787629594184615598e+03 1.304843946015980904e+01 2.348269072839475127e-02
