-1.415017137172941830e+03 1.305938354403576795e+01 1.572531403025647853e-02
-1.233802623066667138e+03 1.293491989714958912e+01 2.061244784895872872e-02
-1.050151513958235228e+03 1.293431596177311604e+01 1.225590465411708491e-02
-8.749341777072218065e+02 1.290783026354552732e+01 1.997646322617362483e-02
-6.860698859905887730e+02 1.302947733837181588e+01 1.951540502241052438e-02
-5.152566493780947212e+02 1.305317271500756071e+01 1.480174314716800783e-02
-3.210678855568181689e+02 1.314912348352601157e+01 2.106436948302036968e-02
-1.547805299733339268e+02 1.308768235958535620e+01 2.973324973022747897e-02
4.530755810470702016e+01 1.301566143350223648e+01 1.461306696713299443e-02
2.078136751022215662e+02 1.296117259116623366e+01 2.144375951867649385e-02
4.094997737818748647e+02 1.297194581437717531e+01 1.669098436743758282e-02
5.720944140704999654e+02 1.296990162554962822e+01 1.587492607210184287e-02
7.748410287292591647e+02 1.284491784512232826e+01 1.449903638951972711e-02
9.363378942855561036e+02 1.290558408334236162e+01 1.732223830483028276e-02
1.140685113182353462e+03 1.297321993451219768e+01 2.039024218458848625e-02
1.303277350559090564e+03 1.311447276361465697e+01 1.727283789041883164e-02
1.504933519358889043e+03 1.311324631156159981e+01 1.913509267265064290e-02
1.667459436236111060e+03 1.311827364731037449e+01 2.629645500547725390e-02
