-1.441445888566250233e+03 1.402696294565370394e+01 1.479494443583261563e-02
-1.261961794586874930e+03 1.399162112657449875e+01 1.167599774172673431e-02
-1.075757038580000653e+03 1.409430790169731118e+01 1.387026172134034514e-02
-9.031517491255552841e+02 1.415030899274376885e+01 2.864517629250227029e-02
-7.127752843638451168e+02 1.405336004381328863e+01 1.809422563597291519e-02
-5.438455006475001028e+02 1.400084698354186052e+01 1.474913099929535572e-02
-3.477660141000003478e+02 1.389145705629886862e+01 1.097644320426595897e-02
-1.824233631983333908e+02 1.383322639452861225e+01 9.732262920355456981e-03
1.881979299066733802e+01 1.384636255998982435e+01 1.843744981160777216e-02
1.795622049664286521e+02 1.391171733447577097e+01 2.278329908510104071e-02
3.827283029413321174e+02 1.391262045219027321e+01 1.472621866043643396e-02
5.437767317653327837e+02 1.390729887467437287e+01 2.095367730477377261e-02
7.494790751350002438e+02 1.388394350085930817e+01 1.697947199225590190e-02
9.082984008770594073e+02 1.382094909019299145e+01 1.037248469922908041e-02
1.113870562331332849e+03 1.374832331381470318e+01 1.360463973143802470e-02
1.274825013212220938e+03 1.381950485213323354e+01 1.069646044810947973e-02
1.478728828191333832e+03 1.372094743954202478e+01 2.159869680568032163e-02
1.639165501978571683e+03 1.376119999749762890e+01 1.462127578357510713e-02
