-1.477290599357692827e+03 1.333224914246913606e+01 8.655443639535659317e-03
-1.300630344060527250e+03 1.338934014385420213e+01 9.514639084239525160e-03
-1.111677866249090357e+03 1.362209189544567423e+01 1.473719184380190006e-02
-9.413132026443754512e+02 1.361691768764626431e+01 1.027625020906825642e-02
-7.488351060873334291e+02 1.364235983485719572e+01 1.084470855780391048e-02
-5.824842798577769827e+02 1.371709800558043746e+01 9.154303297436361050e-03
-3.835597278256245772e+02 1.376168715967014222e+01 1.320680422109664701e-02
-2.215181604342103867e+02 1.379075098326254256e+01 1.946755162852014873e-02
-1.760591327266641670e+01 1.362190666460425703e+01 9.666835247572140230e-03
1.386460484452633750e+02 1.345598430030493553e+01 1.038217095236881535e-02
3.466380964312497781e+02 1.347671707491171311e+01 6.137105384462594911e-03
5.055433262589473316e+02 1.335280250330141349e+01 1.294554409145787753e-02
7.112756162660002701e+02 1.341578147655584097e+01 1.330816207199081620e-02
8.697746494861106612e+02 1.332359609649950549e+01 1.323547551360847521e-02
1.077758788732104904e+03 1.332022498230579899e+01 1.473909757176189265e-02
1.235073348548571403e+03 1.331527234629632872e+01 8.075412146826202800e-03
1.442002082270000301e+03 1.323831255093331372e+01 1.137722119453492796e-02
1.600913667645333589e+03 1.318521982150183902e+01 7.745507658564982495e-03
1.806340676248124964e+03 1.315740000100693230e+01 1.103712440966285457e-02
