-1.464049700276206522e+03 1.234982701808980110e+01 9.127768702703733389e-03
-1.288240584416764932e+03 1.249707540843958498e+01 1.191283617404776014e-02
-1.099488453423846067e+03 1.255938322531286211e+01 1.374079217790606482e-02
-9.289375079624323917e+02 1.254145443344774691e+01 1.164223958487231071e-02
-7.369828232334490394e+02 1.244178233730573169e+01 3.802269167791547805e-02
-5.702717850665792412e+02 1.238418217030825375e+01 9.040713147877577072e-03
-3.704552424210710910e+02 1.249694508370630430e+01 1.287292814379370660e-02
-2.071000134767649854e+02 1.257340391722323858e+01 1.129244960192823770e-02
-6.173650571034723811e+00 1.257857412052564072e+01 1.322674901743181586e-02
1.534323142597139906e+02 1.271393980436815596e+01 1.091419326070093565e-02
3.581498844610708261e+02 1.262992761142423426e+01 1.402797910479135560e-02
5.178024202502713251e+02 1.292052708324797727e+01 1.810422131236373577e-02
7.250331899388881993e+02 1.297024886096310681e+01 1.631363160401030563e-02
8.835981012479595620e+02 1.279399624412963732e+01 1.246193726782358034e-02
1.089375160195161016e+03 1.291758777827846671e+01 1.591202870421305413e-02
1.248775944212647119e+03 1.278401530674652520e+01 1.318480941267247478e-02
1.454656735594565589e+03 1.279197928538932771e+01 1.774293456836983918e-02
1.613577665059999390e+03 1.286574962960903790e+01 1.317317389997411416e-02
