-1.431524636801538236e+03 1.273559080265120613e+01 5.732307882876370823e-03
-1.254099063460000025e+03 1.273398966518256081e+01 7.856798943573125790e-03
-1.068952609864167925e+03 1.268074119408040801e+01 4.870724620971007141e-03
-8.949768229999998539e+02 1.264197276606556741e+01 5.476668124989130665e-03
-7.050619892792861947e+02 1.254506631056535504e+01 8.047168706958440082e-03
-5.336772006783339748e+02 1.255168919085855528e+01 9.845919440541405290e-03
-3.382773435819996166e+02 1.256570429937794486e+01 6.818145723810144047e-03
-1.729772892146671950e+02 1.259081116477550566e+01 1.625815806614345008e-02
2.598228360499966172e+01 1.257810841112333478e+01 5.924851303936726557e-03
1.874374142369230754e+02 1.256814629598542510e+01 5.642191021812982370e-03
3.918164033288002202e+02 1.258178100396392018e+01 5.509555335959500852e-03
5.519380772383314024e+02 1.261543357599176218e+01 1.245408232936761998e-02
7.571298030317639132e+02 1.254969206764556588e+01 7.566544465983746949e-03
9.187865182707137137e+02 1.250196280197403809e+01 1.095511648771819828e-02
1.121463067485999773e+03 1.248085184803860592e+01 6.503651396060668687e-03
1.282929078411429373e+03 1.253525514677876807e+01 5.731638193818582548e-03
1.487853089074000764e+03 1.261539052388233983e+01 8.747249303087773972e-03
1.647972246339999629e+03 1.264101414621690722e+01 7.041811686198458549e-03
