-1.304734348917082798e+03 1.327276022191994009e+01 3.120800721232193375e-02
-1.116221214382308744e+03 1.340822149843778277e+01 5.835563589436212201e-02
-9.444714583516682751e+02 1.329206038330038986e+01 2.325788463841513623e-02
-7.519056519936355016e+02 1.319574820228525880e+01 3.002643359722226291e-02
-5.856331272163641870e+02 1.313905899680096923e+01 2.478095246625196257e-02
-3.876670053059991687e+02 1.329336406428885731e+01 3.999412724183089990e-02
-2.251821879763645597e+02 1.330425556016894362e+01 2.999898761146329793e-02
-2.214647533999998075e+01 1.328239266693011267e+01 3.477215086582432363e-02
1.352100029833321457e+02 1.323475055040649906e+01 2.571753087197438739e-02
3.435820996866669930e+02 1.313159519204588754e+01 3.443334530362094498e-02
5.023094532709087048e+02 1.308304735390049522e+01 3.477576414502124569e-02
7.078500073870003462e+02 1.308681578474912222e+01 2.476946504494074303e-02
8.663916945000005398e+02 1.308408781279454658e+01 2.701944344637376844e-02
1.074313328653636745e+03 1.314146527127835995e+01 5.984982321747732426e-02
1.230653044372500517e+03 1.326122119176599234e+01 3.649022028024278413e-02
1.438977559333000045e+03 1.323201110678871295e+01 2.176546575148615228e-02
1.597833686352666746e+03 1.316690053342433231e+01 1.835561729090747982e-02
1.803169180065000546e+03 1.287704582625696048e+01 1.783515511227364708e-02
