-1.346888948632500615e+03 1.259677439867261484e+01 1.353965990894920139e-02
-1.155620058641538435e+03 1.265441412737746774e+01 2.217142171306461448e-02
-9.872358613822232201e+02 1.267861558932197141e+01 1.399921055501894898e-02
-7.933279887999997300e+02 1.270066746749880338e+01 3.288331836238340272e-02
-6.287190801489996375e+02 1.268983597532452201e+01 2.076973981875269298e-02
-4.265953059250005026e+02 1.273710328394941271e+01 3.176944199392851831e-02
-2.655815492977781105e+02 1.277738254941420593e+01 1.512489085164250673e-02
-6.231029134599957331e+01 1.282695852627560562e+01 2.764195297556175379e-02
9.498478970375072095e+01 1.284583702671827865e+01 2.347930296251298649e-02
3.035154893139999217e+02 1.292409549662308699e+01 3.025823108862975633e-02
4.592209249533334514e+02 1.291671867247279337e+01 4.965968139684980714e-02
6.688285247540000000e+02 1.285829761860445331e+01 2.665003618511499472e-02
8.263139827614286332e+02 1.275362259979634594e+01 3.433466966005794402e-02
1.033058855730000232e+03 1.281891866814779846e+01 1.514796160559508421e-02
1.190545413572856660e+03 1.283246992611507764e+01 1.917726666527570442e-02
1.400130460726665660e+03 1.283066729660541938e+01 1.820122030132413291e-02
1.554598773466362900e+03 1.282178602731448791e+01 1.778883337949927965e-02
1.764247803964545710e+03 1.279189473067819804e+01 1.772276806656573195e-02
