-1.324353479699047284e+03 1.201323077682197571e+01 1.032859855045226150e-02
-1.133807103715882477e+03 1.203256892369445197e+01 9.699541064896097936e-03
-9.654384469452176063e+02 1.197224814681110949e+01 7.084388223927238354e-03
-7.718550727742109530e+02 1.199572714407978324e+01 7.424507552484077913e-03
-6.065020546623809423e+02 1.209489748626283045e+01 1.306579725227055046e-02
-4.062820795606246520e+02 1.206067754129139580e+01 1.053239172166389910e-02
-2.458974100318195042e+02 1.201005364555672372e+01 1.472771350319906913e-01
-4.060821809705906560e+01 1.208877765728287201e+01 1.606376222706118115e-02
1.173377396538094928e+02 1.212196977338114579e+01 1.722230382060243453e-02
3.236719347327780270e+02 1.215583508257880752e+01 1.177694037304314982e-02
4.814739264120001963e+02 1.214643116630652386e+01 1.113171303175067989e-02
6.898050016923810972e+02 1.211889279896984561e+01 9.198771297995360710e-03
8.460409237542854726e+02 1.211596037937101755e+01 1.008627066652535535e-02
1.054822943530525663e+03 1.208984985767903630e+01 9.058129314251629760e-03
1.212817616970476593e+03 1.204889996037869437e+01 9.062981573627500870e-03
1.420094536192608530e+03 1.205457733424353606e+01 1.193042899187287884e-02
1.576912063479000153e+03 1.207800910501211078e+01 1.334823363644068762e-02
1.786219114093809821e+03 1.205473571451548054e+01 1.311163117956330899e-02
