-1.321631451390833945e+03 1.224079515161194820e+01 6.999462611647584709e-03
-1.131235001253000519e+03 1.232156052803027890e+01 4.571761148616609177e-03
-9.627536355946162985e+02 1.244064238002750855e+01 5.187604707719135205e-03
-7.692589278509105952e+02 1.247611346591103576e+01 8.781169662757423722e-03
-6.032651169408333089e+02 1.240249815423373470e+01 1.670847187529148070e-02
-4.025803512958336796e+02 1.242287640675617411e+01 7.833628836033789539e-03
-2.418874387017393701e+02 1.235182314249104962e+01 1.662801853037723654e-02
-3.797294393000083801e+01 1.239658863589172988e+01 8.001301977386798825e-03
1.199551517227274360e+02 1.237439176530624074e+01 9.820171209532147644e-03
3.262306892879998372e+02 1.229888212003657522e+01 7.526021525347822462e-03
4.841717763315369325e+02 1.214827990427561666e+01 7.750255109078921407e-03
6.932190443255555010e+02 1.221316969410664299e+01 8.880242708530820817e-03
8.486792783413339976e+02 1.218222350999371528e+01 7.053110687517255388e-03
1.057422042207778759e+03 1.231377203097969719e+01 9.317152346418220918e-03
1.215414367928180809e+03 1.218697891893076957e+01 7.480302207260590940e-03
1.421980358405715378e+03 1.214942633655362947e+01 6.360524209652319155e-03
1.579624725534166600e+03 1.209440248499486081e+01 6.973992692430578191e-03
1.788725118957000177e+03 1.207563358028381195e+01 9.213251326214911413e-03
