-1.323348240595834113e+03 1.323967658617377907e+01 1.169866643238864565e-02
-1.132910790879090200e+03 1.323822332013465264e+01 9.797345505961575426e-03
-9.644200184030772789e+02 1.318824113343563909e+01 1.077497733407547717e-02
-7.709336701881819636e+02 1.301554015848869561e+01 1.580635066238283981e-02
-6.055941017536368918e+02 1.296447007927665318e+01 1.052270272920747922e-02
-4.052663254304761153e+02 1.286073829541183144e+01 8.303028798336269112e-03
-2.448988853307133127e+02 1.275739540867867561e+01 1.123425363833734092e-02
-3.966361784799956069e+01 1.272327932118042249e+01 8.562709851443117345e-03
1.182510046215382005e+02 1.272429379651286752e+01 1.025154717055324141e-02
3.245624899109091075e+02 1.269569914663434140e+01 1.482631729215935258e-02
4.824504118915384083e+02 1.273080440732745799e+01 5.352057104335276871e-03
6.916277871988891093e+02 1.280738805839159689e+01 9.090461393141303567e-03
8.466560146700012410e+02 1.283816470772164209e+01 8.870075576946367252e-03
1.055785192561818803e+03 1.285321384722918481e+01 1.574238513399382061e-02
1.213714534321818292e+03 1.285679425899973083e+01 1.341523181977716077e-02
1.420543958853332924e+03 1.289169012205966958e+01 1.194014780602108659e-02
1.577901478027273470e+03 1.288313850344440503e+01 1.158440102497489306e-02
1.787069766284444313e+03 1.287049352477477626e+01 7.999142615235257589e-03
