-1.453213918937856533e+03 1.310089930618003962e+01 2.182312603258909287e-02
-1.275610284957941303e+03 1.315935798764667553e+01 1.491053027169466326e-02
-1.088428180799000302e+03 1.319645807546591953e+01 1.835647410461097723e-02
-9.151241867061103221e+02 1.326144834516319548e+01 4.483725817042252815e-02
-7.241535244953847723e+02 1.338591002609838831e+01 2.730415106814390244e-02
-5.563015005378949809e+02 1.340918040991091686e+01 2.385658897128740269e-02
-3.599549290666661250e+02 1.342388992616957033e+01 2.100365949866041249e-02
-1.958710200427772747e+02 1.350120742754363334e+01 2.429953355945318680e-02
4.486926704705076929e+00 1.355164995561935548e+01 2.327001194728038971e-02
1.649529815255555150e+02 1.357963324092522583e+01 3.170602546824348444e-02
3.712479669330775778e+02 1.352707975653644112e+01 2.694116697378342445e-02
5.315950311272221143e+02 1.358736432054252141e+01 3.477445874170386614e-02
7.356310207125002307e+02 1.348041367499372356e+01 2.421295164946929077e-02
8.957942748278943554e+02 1.345826696578313175e+01 4.783913425391225771e-02
1.101110281170370627e+03 1.345221713962030918e+01 2.784970327256547709e-02
1.260265466130869981e+03 1.352633144252523323e+01 2.729740018547224464e-02
1.466820947445624824e+03 1.343427182599231884e+01 2.361184116595923047e-02
1.627050455587647775e+03 1.339407710751673086e+01 3.085051143829232317e-02
