-1.326185324767499651e+03 1.212960814062100212e+01 1.452815398182376316e-02
-1.135618593271111195e+03 1.199598834725078866e+01 1.070739023104257982e-02
-9.673548014874995715e+02 1.199118429992859625e+01 1.235189068940402944e-02
-7.736352885175001575e+02 1.208225541705843042e+01 1.050962482562035200e-02
-6.084595197869225558e+02 1.206308503789491127e+01 2.087738404571513190e-02
-4.090703170849992603e+02 1.205253803946686375e+01 1.215587493497454798e-02
-2.475011658000003081e+02 1.209496793631097411e+01 9.156626602304760928e-03
-4.233250833900092402e+01 1.206508125348261018e+01 1.995848938943604184e-02
1.138521177489998024e+02 1.206814155221855245e+01 7.735980349035394277e-03
3.218734407137499147e+02 1.215465679158686108e+01 7.175235497235877766e-03
4.795625473124994755e+02 1.222887209774157569e+01 2.842641529679884593e-02
6.873502563611768892e+02 1.215379277471842734e+01 1.157065302174765074e-02
8.444617450928578819e+02 1.208978864716400814e+01 8.615142453675070713e-03
1.052999802074444460e+03 1.209349313830522732e+01 5.215338568600525089e-03
1.210936981612000181e+03 1.219422065605549044e+01 2.936103992231873377e-02
1.417146306370000275e+03 1.224865167438872504e+01 1.191388511439569337e-02
1.575058544724998910e+03 1.223137328376657074e+01 1.587765608299731776e-02
1.784371177343333102e+03 1.227934599246142255e+01 8.036704449077270579e-03
