-1.478386495054998932e+03 1.232481915493668545e+01 2.395022596607909032e-02
-1.301408483162857010e+03 1.236820753400536077e+01 1.581326038380588203e-02
-1.113175627339583116e+03 1.245854168685118069e+01 1.730839667753497624e-02
-9.422877053174997855e+02 1.250324678697894498e+01 1.245111374577700762e-02
-7.498092785372725757e+02 1.247038496356211645e+01 1.383956067728430057e-02
-5.834481850320014473e+02 1.248758114905414018e+01 1.189630206399684177e-02
-3.855729285289999098e+02 1.245847841418558133e+01 1.394212686561463466e-02
-2.229720645583335283e+02 1.253565674049390921e+01 2.531677486698740917e-02
-1.880675386230723234e+01 1.256060125422552076e+01 2.223089663029867435e-02
1.374243862021420171e+02 1.261886643739043379e+01 2.303842660271666204e-02
3.457137587763638749e+02 1.256763378513960205e+01 2.054115527163838037e-02
5.044874086046144726e+02 1.255541168069306046e+01 1.575053691555472826e-02
7.104337956664286367e+02 1.258169136154184997e+01 2.225240378797421412e-02
8.687181459207147327e+02 1.255322901406559133e+01 1.551410397361224422e-02
1.076938852039090989e+03 1.251263731918845856e+01 1.069817580917859640e-02
1.233247681215834064e+03 1.256935291983334935e+01 2.582645565765098045e-02
1.441097960915455587e+03 1.264730567548511786e+01 3.947170762952666168e-02
1.600005423557500080e+03 1.260658120341981991e+01 1.701055947902431476e-02
1.805429688819999683e+03 1.255522464258645066e+01 1.679911398834871630e-02
