-1.159693854414166708e+03 1.352159209649652993e+01 2.711464371228861775e-02
-9.921439719833336994e+02 1.352020470330114854e+01 4.474294999995519911e-02
-7.978563134709085034e+02 1.355996947963681620e+01 2.969137952565938793e-02
-6.325759736281814867e+02 1.353060903540076865e+01 4.734497825421064149e-02
-4.308101173916663242e+02 1.367095800469190969e+01 3.151897009858849880e-02
-2.712458232708322612e+02 1.374907611133574292e+01 4.005076631688897493e-02
-6.661778581272665178e+01 1.375933266451976245e+01 4.601832074865204458e-02
9.079526828545535011e+01 1.398142389556229759e+01 3.719532782571018797e-02
2.976765106269995158e+02 1.389775396466085944e+01 3.390733701700010538e-02
4.549983436766663658e+02 1.373598267090779679e+01 4.842081293395373437e-02
6.646969120425001165e+02 1.365990536529847077e+01 3.070204906263293565e-02
8.195317595706670772e+02 1.359023003631753035e+01 3.643408440430688511e-02
1.028852850554000270e+03 1.352304253947933077e+01 3.198307731848627072e-02
1.186152134212727333e+03 1.354793691733392436e+01 5.539558345979056497e-02
1.393057993417857915e+03 1.343195684590131123e+01 3.364023886190999069e-02
1.550417167752000296e+03 1.369175560343643028e+01 6.702338411021170617e-02
1.760108945090769794e+03 1.355442837728381456e+01 3.458815708758231772e-02
