-1.392736582952941490e+03 1.331917641504768568e+01 1.251643332565641198e-02
-1.211255377471111160e+03 1.326529912928820387e+01 8.005613599741570607e-03
-1.030424954429445052e+03 1.332451753761445978e+01 8.502289290681778675e-03
-8.517657305912489392e+02 1.334653096678391471e+01 1.089983469986471019e-02
-6.636355663643739717e+02 1.327808394159185390e+01 9.737359093171719590e-03
-4.928633277864714728e+02 1.325520887905224932e+01 9.407157176690392544e-03
-2.993642380900000717e+02 1.335695316629539064e+01 1.658476539958808615e-02
-1.318078240429420021e+02 1.336413749132893614e+01 1.391335755382275621e-02
6.550415635695642891e+01 1.334812626204436725e+01 1.046835337050677946e-02
2.286020421000000624e+02 1.332329164353997975e+01 9.666381819468640446e-03
4.318213648921047820e+02 1.324292711192672201e+01 1.606368539993486763e-02
5.952788432752380459e+02 1.323717804559990263e+01 8.828324609386739227e-03
7.960480525905886680e+02 1.326293657861353381e+01 1.413182678899147643e-02
9.594718602214290968e+02 1.319457809194542897e+01 9.084896799316285326e-03
1.162136874873043325e+03 1.316481886368742771e+01 7.029099187720414324e-03
1.324995470194814288e+03 1.322315013894412061e+01 1.040514451915798382e-02
1.527205756613500171e+03 1.319014422769666872e+01 9.808771584658315668e-03
1.690577730058823363e+03 1.333053082641129805e+01 1.454505832778268254e-02
