-1.326852336280834379e+03 1.284799761213680114e+01 1.510255245250316687e-02
-1.136209057704545557e+03 1.286358378548242953e+01 2.878816224728341852e-02
-9.679485225261540791e+02 1.301262524784386443e+01 1.982471480392997837e-02
-7.742956145199998446e+02 1.338385597063245491e+01 4.121637506811760138e-02
-6.090720162276920746e+02 1.333727834281213021e+01 1.978184510279427238e-02
-4.097743062149996263e+02 1.323148086380810895e+01 2.747906981720242212e-02
-2.481063001292859553e+02 1.323125891262861487e+01 2.946851505566889032e-02
-4.307318301416671602e+01 1.331808232186770624e+01 2.611369733007587110e-02
1.131184174239125468e+02 1.312659047908824839e+01 2.541707010278790660e-02
3.211795122276923280e+02 1.279036076139946587e+01 2.315814333442505965e-02
4.789518234359997564e+02 1.314341161767518784e+01 2.339794876044690858e-02
6.864648264520004659e+02 1.302515404588539383e+01 2.220193991462981672e-02
8.431566474835714189e+02 1.293677054716252428e+01 4.806308135104590123e-02
1.052363075868001033e+03 1.285203214244088343e+01 1.997279248685697797e-02
1.209852133875624531e+03 1.289139205097314189e+01 1.776540471530226040e-02
1.416612442034166406e+03 1.294306213664746963e+01 3.919801967301274337e-02
1.574338187226001082e+03 1.287703856073892794e+01 2.514737110973493811e-02
1.783715761557500855e+03 1.298799701234385928e+01 2.276278091187756980e-02
