-1.439502246663684446e+03 1.315169654313189262e+01 2.032158290549949259e-02
-1.260754061179375185e+03 1.321264525609814733e+01 2.213945101152924033e-02
-1.074724564958182555e+03 1.325643860293044440e+01 1.785874825514739000e-02
-9.019217315638463788e+02 1.333902845392792713e+01 2.485711119616871440e-02
-7.116698046961543014e+02 1.330920893116330816e+01 3.529002832975470377e-02
-5.426591126719998783e+02 1.319248221493013418e+01 3.253719325277368984e-02
-3.457751293926093012e+02 1.331254105750325500e+01 2.089309838280047071e-02
-1.811853248658816824e+02 1.341065740242178528e+01 3.353435715119772870e-02
1.983102839833312103e+01 1.340252875594593007e+01 2.857053444453911545e-02
1.808044299514289719e+02 1.337127639190937956e+01 3.387256852736648949e-02
3.844776330828572100e+02 1.318895556229364985e+01 3.005802478079147924e-02
5.449574415059993271e+02 1.316817426259094681e+01 2.631283100370422970e-02
7.509051604946160978e+02 1.307723570990830630e+01 2.277273876972548544e-02
9.102107787711991023e+02 1.304011490916460048e+01 2.806821771964453441e-02
1.115135639958749380e+03 1.300702640867391580e+01 1.602209477596332546e-02
1.276328978370000186e+03 1.298644415965682342e+01 1.951565720354428435e-02
1.479843210426922724e+03 1.285715284193044816e+01 3.623272082077397260e-02
1.640269082948667346e+03 1.286165148571530281e+01 1.814076290025080571e-02
