-1.326852336280834379e+03 1.345339237348435546e+01 1.202146517692410758e-02
-1.136209057704545557e+03 1.339654612947004075e+01 1.004968872284091146e-02
-9.679485225261540791e+02 1.357329501280557515e+01 1.392351825120291021e-02
-7.742956145199998446e+02 1.376345869500269714e+01 7.565094423989439550e-03
-6.090720162276920746e+02 1.379181980511706129e+01 1.334715563315548754e-02
-4.097743062149996263e+02 1.361720396271844713e+01 1.949180739581524852e-02
-2.481063001292859553e+02 1.371152986429765264e+01 1.437005714233779291e-02
-4.307318301416671602e+01 1.364371938336226364e+01 1.973112084068293082e-02
1.131184174239125468e+02 1.353663636914651747e+01 1.051304926347759218e-02
3.211795122276923280e+02 1.329242398174286066e+01 1.190227236253218329e-02
4.789518234359997564e+02 1.367466335602807881e+01 1.539673847136319162e-02
6.864648264520004659e+02 1.351370686793083742e+01 1.628457475649885272e-02
8.431566474835714189e+02 1.338501691564184704e+01 1.213757388065894206e-02
1.052363075868001033e+03 1.336632613129012270e+01 9.359898701572810439e-03
1.209852133875624531e+03 1.342240296183631187e+01 9.899975832514666674e-03
1.416612442034166406e+03 1.349461111700220783e+01 1.114695607013993332e-02
1.574338187226001082e+03 1.334431938695110276e+01 1.400128565525328612e-02
1.783715761557500855e+03 1.350559913039042037e+01 1.515903348819765128e-02
