-1.469813367782857085e+03 1.286322279297435500e+01 1.950409077585877476e-02
-1.292684617236250233e+03 1.295185771298190502e+01 1.846201520297962445e-02
-1.103974291165883187e+03 1.294128946449018613e+01 9.977405637528382470e-03
-9.341499507036370460e+02 1.286460564680517038e+01 3.421190862119760645e-02
-7.419953286181244039e+02 1.286200742488744808e+01 1.810827534581613274e-02
-5.752038218144443817e+02 1.291944396142205242e+01 2.791678876288872929e-02
-3.764968324711117020e+02 1.294395786834529716e+01 1.401169573443193997e-02
-2.139208733268182812e+02 1.294690333365610080e+01 1.221621887779381598e-02
-1.074389903374958521e+01 1.292355489362055998e+01 1.681469063982053008e-02
1.486923939173342717e+02 1.296634774647373689e+01 1.822228093253020972e-02
3.534281844664282062e+02 1.301928944996688742e+01 2.685162717107525410e-02
5.126950579389468885e+02 1.310064718831907271e+01 2.312000817907534575e-02
7.202299794700006714e+02 1.301562509820718816e+01 2.466786435739235991e-02
8.772302282252935584e+02 1.297181727691561015e+01 1.623493983170793895e-02
1.084645855128235326e+03 1.292652414612667755e+01 2.378096402750877469e-02
1.243970694936875134e+03 1.286451273017906871e+01 1.918613993145279473e-02
1.449351061477776966e+03 1.284841716958400326e+01 1.191708280723361227e-02
1.608146681801874820e+03 1.293970366529682181e+01 2.508257544624803090e-02
