-1.418502344979167219e+03 1.142399856319263840e+01 9.517649537544192739e-03
-1.237414949365383791e+03 1.157868048247974002e+01 8.767416085421501568e-03
-1.054925151770831917e+03 1.162397910804715728e+01 2.126937473385278471e-02
-8.785335462799998822e+02 1.158452093687028572e+01 9.063882041126397962e-03
-6.895407271769223598e+02 1.168175471574795665e+01 6.204294404437483458e-03
-5.197156819153847209e+02 1.169224797045714404e+01 8.832115023416346744e-03
-3.253271116050006526e+02 1.182781454819004452e+01 1.189932056132898125e-02
-1.584673730106655682e+02 1.191336816786226649e+01 1.168561334545159362e-02
4.175941312666691374e+01 1.159580370721115905e+01 1.133951826253772228e-02
2.025471331525004643e+02 1.188482172564125960e+01 1.216894417424072526e-02
4.060149499128565367e+02 1.210385054836495655e+01 2.310323859735353633e-02
5.682995901292312055e+02 1.194322933492128413e+01 7.746688481380371166e-03
7.710364939228571757e+02 1.166986813053141248e+01 8.383019487662063743e-03
9.329536838062499555e+02 1.172358573997940212e+01 1.324711768371526072e-02
1.137230252610768503e+03 1.147566072318874930e+01 8.479622097384958632e-03
1.299536522898182056e+03 1.151648995260457120e+01 1.400891716268653185e-02
1.501401647458751086e+03 1.157219604055501350e+01 9.465121727518824649e-03
1.663700792746153184e+03 1.150183798739041130e+01 9.056318590516251182e-03
