-1.446804352817142671e+03 1.392870865325891572e+01 1.793944300028155539e-02
-1.267302468773571036e+03 1.433827022585835032e+01 2.103676671772214749e-02
-1.080708885783335063e+03 1.441465787196764659e+01 2.821039505020955448e-02
-9.084597752207695294e+02 1.434127654775231875e+01 1.854058521067991280e-02
-7.176565059120009664e+02 1.489946938085678418e+01 2.243176319418511977e-02
-5.496391638125005557e+02 1.511839627504586048e+01 3.329539507699722650e-02
-3.530471555207695928e+02 1.500327569221326485e+01 3.418259358419158123e-02
-1.882516216021431319e+02 1.528854483004839260e+01 4.902101352240538501e-02
1.376233655250052834e+01 1.535798842823631993e+01 3.113767312276239513e-02
1.726210653196001772e+02 1.486418214270111271e+01 3.046419537752472623e-02
3.777227608024992946e+02 1.446726695946471963e+01 3.324275888849356764e-02
5.383621804964293460e+02 1.404571405634528070e+01 1.204661741957649065e-02
7.422715465406669182e+02 1.423048014163556019e+01 2.272459265005885923e-02
9.025586079607702459e+02 1.446676192974518749e+01 1.955566963410912060e-02
1.108896974990769650e+03 1.423129489037396667e+01 1.582629306301776631e-02
1.269578104762307930e+03 1.434405301712140179e+01 3.272676916712582290e-02
1.473140507651665757e+03 1.415611056045706029e+01 1.748589047605937988e-02
1.633714203488334533e+03 1.415529657599598323e+01 1.493473455727603073e-02
