-1.471979102516000239e+03 1.382581403850525170e+01 1.892962404979737015e-02
-1.295398111904999951e+03 1.381069419049657121e+01 1.224316314241456760e-02
-1.106278133556154899e+03 1.371649027319429770e+01 5.999165470714682390e-03
-9.365794802957144611e+02 1.365218608414984480e+01 1.227396210571770827e-02
-7.443701268246161362e+02 1.382369099067231311e+01 1.713400024795851476e-02
-5.777329746808323989e+02 1.378052732220022136e+01 1.648629832337777240e-02
-3.798758397928567092e+02 1.383778098967149361e+01 1.548878085459007466e-02
-2.166580772168740623e+02 1.371600861887195499e+01 1.474045473719769531e-02
-1.309077381923158967e+01 1.383369256804902037e+01 1.117522945178102758e-02
1.456032490907138310e+02 1.378280858070283266e+01 1.035480269128826250e-02
3.511616051453330556e+02 1.376373763833919028e+01 1.808470604108878069e-02
5.102782510346156641e+02 1.358796028034292114e+01 1.350021493785300702e-02
7.168503189266672280e+02 1.356822026848812079e+01 9.280164623529818524e-03
8.749389757326663357e+02 1.343300859626273969e+01 1.311537407156338104e-02
1.082339343915384006e+03 1.333901279730022438e+01 1.292839422870174608e-02
1.241490931223077268e+03 1.347207706610638667e+01 1.669785581180651887e-02
1.446585054596153896e+03 1.366603070921402718e+01 1.404424376339829215e-02
1.605667575979999356e+03 1.364349692784571921e+01 1.366598760113035306e-02
