-1.165426692724999157e+03 1.377577515188399637e+01 1.511368952675393000e-02
-9.978998207327273349e+02 1.366267172900419347e+01 1.344354028360369123e-02
-8.034802779353843789e+02 1.355375939466089719e+01 2.541502571490368567e-02
-6.388647792775003609e+02 1.355304213515671918e+01 1.161895003862225932e-02
-4.390520843773328465e+02 1.366862406191325086e+01 1.108226477722824670e-02
-2.777835026369217530e+02 1.372993203402743490e+01 1.113785836413188832e-02
-7.230224507333271333e+01 1.376536800599368071e+01 4.116523276854982399e-02
8.351593294615359753e+01 1.383633645362325382e+01 1.058453195921434456e-02
2.919147092315386089e+02 1.397359610485674430e+01 1.632830560562986699e-02
4.491768784000004189e+02 1.401920574958602295e+01 1.719449069336105584e-02
6.575864921189476036e+02 1.386647456810338497e+01 1.968989059914724032e-02
8.140657931806254055e+02 1.378077347531817232e+01 1.262960157477266247e-02
1.023182773003846023e+03 1.372974701670400499e+01 1.138545495065159362e-02
1.180385170661334087e+03 1.368589645615577766e+01 1.768461143145308792e-02
1.387375883403332409e+03 1.363430061425718165e+01 3.150602529088091658e-02
1.544703562498461451e+03 1.373404162381853055e+01 1.681271166572625292e-02
1.754491855464166292e+03 1.370543125740450918e+01 1.803083778173131604e-02
