-1.429309914549090990e+03 1.174951773451304682e+01 3.355697578136820469e-03
-1.251630870385293974e+03 1.186353042512555866e+01 5.552224163432351554e-03
-1.066778511792142808e+03 1.193925612276860804e+01 5.820849476643174918e-03
-8.913857316243752393e+02 1.186901478632965734e+01 3.663321153680063665e-03
-7.029831599709996226e+02 1.183980399390051019e+01 6.259982028728188971e-03
-5.310397006588233353e+02 1.189038648195867509e+01 4.662254512379721341e-03
-3.359759744492855020e+02 1.196625386834711513e+01 6.739639495164500942e-03
-1.705209621043750303e+02 1.199450294261792749e+01 7.090651856493910415e-03
2.820841349785820995e+01 1.197856150194798808e+01 6.573535598320786287e-03
1.898988708982339233e+02 1.203103078187085906e+01 4.461245017212436305e-03
3.950054234212493611e+02 1.197301919862940878e+01 4.467301994422907645e-03
5.553145599742858849e+02 1.198078404667771579e+01 1.775668041453762683e-02
7.594909239592858512e+02 1.191714510018902295e+01 5.158882345566069734e-03
9.211103042823528995e+02 1.194638327071040074e+01 5.375801977006754509e-03
1.124157426891764089e+03 1.200106122406638320e+01 8.235936702562320078e-03
1.285776273719474602e+03 1.203564347172438431e+01 4.162398066195334249e-03
1.490717337742308473e+03 1.200798202954210581e+01 4.706013546057360997e-03
1.651015740639166552e+03 1.204533651452262255e+01 5.272541719185909123e-03
