-1.342758877445999815e+03 1.318206835576056690e+01 8.609530965011939069e-03
-1.151639551848888914e+03 1.315080298952278781e+01 1.164263397715160041e-02
-9.835350806636837433e+02 1.328700303329705257e+01 8.740512528747950566e-03
-7.879404465756667832e+02 1.341372268903915632e+01 7.654446783116074238e-03
-6.220402279154993721e+02 1.342484829459485951e+01 1.620460968366715937e-02
-4.226983904044443534e+02 1.343749932229221145e+01 1.107769666996078622e-02
-2.614354786921053346e+02 1.357524505263189063e+01 1.218779525232920567e-02
-5.804299427047503457e+01 1.350890035278961498e+01 1.612253317620116616e-02
9.909696480666752905e+01 1.341279093904313235e+01 1.342519793684055981e-02
3.085965958877770845e+02 1.348302995355251710e+01 1.015626365146278173e-02
4.635131050231820495e+02 1.351037442201951855e+01 1.347401985746863977e-02
6.728285079250001672e+02 1.353238259001958177e+01 1.086717569309438372e-02
8.302606610495004134e+02 1.358663764001898500e+01 1.304784943965858236e-02
1.037634868783685306e+03 1.364428908541145802e+01 8.699616989455951493e-03
1.194478453157619015e+03 1.362221854733388859e+01 1.588300139426237004e-02
1.404126830571249684e+03 1.350585694330132469e+01 1.088674608110135576e-02
1.559883537109333247e+03 1.359125011170071318e+01 8.854243594437042481e-03
1.768310573125238307e+03 1.359031665288026680e+01 1.217538216619883790e-02
