-1.303908095134499717e+03 1.381185214792449578e+01 1.734263532454048684e-02
-1.114297642345909708e+03 1.383771867847137926e+01 9.331209397523725774e-03
-9.436470681530778393e+02 1.382261189516611743e+01 1.152429110137217355e-02
-7.510198674516674373e+02 1.373304593384570538e+01 8.466437004759264431e-03
-5.848908210549992646e+02 1.383683544106281538e+01 1.985678497695418654e-02
-3.868199124030780922e+02 1.389900374144765394e+01 1.508142065509333364e-02
-2.242679435315389753e+02 1.393245166759043308e+01 1.345786932244651644e-02
-2.108295452956467031e+01 1.391886256285609313e+01 2.060712826946283632e-02
1.365724676007147025e+02 1.405660900088652099e+01 1.682316707511746084e-02
3.444211428521433049e+02 1.399727197086746067e+01 1.376182237576263796e-02
5.031427535164293658e+02 1.387294412492552986e+01 1.167258630882746402e-02
7.086360892176918469e+02 1.391900050129824251e+01 1.810875957701960776e-02
8.673197273781256627e+02 1.388246622351222292e+01 1.237404312904132053e-02
1.075607008167646882e+03 1.379288782516941225e+01 1.063088296921136343e-02
1.231937616665713449e+03 1.392932406139519230e+01 1.878875944498411416e-02
1.439827205802857634e+03 1.402932241036665850e+01 1.399614690834174134e-02
1.598611381384999959e+03 1.396445623009487136e+01 1.111584100715264437e-02
1.803619803875000798e+03 1.372021176470588166e+01 2.580939751330849422e-02
