-1.343062485533332392e+03 1.330464206438523256e+01 1.603872628174512344e-02
-1.151921292221537897e+03 1.349995222103923709e+01 1.447094620346814527e-02
-9.842431589563632315e+02 1.354667619150078650e+01 1.227783793192003745e-02
-7.883890922678945117e+02 1.353296196834666176e+01 1.257513937655163616e-02
-6.222945142033319144e+02 1.356536279356751429e+01 1.332940480319385994e-02
-4.228458757881810470e+02 1.354621784929132389e+01 1.557917660859051666e-02
-2.616855010549995200e+02 1.358481493197013457e+01 1.083130322858843163e-02
-5.758752740857120500e+01 1.356999395364772276e+01 1.944874402923925730e-02
9.886662502230767302e+01 1.357683709936959460e+01 1.197011146575099015e-02
3.083663252099998999e+02 1.343790761921341925e+01 1.623702558968236759e-02
4.630698007199983408e+02 1.344348784083709525e+01 1.272144132731995413e-02
6.725655269916666157e+02 1.338187201534831594e+01 1.376859012659153482e-02
8.300797681700000794e+02 1.344229312883349969e+01 1.569937333352399225e-02
1.037688508672307307e+03 1.357426933875529329e+01 1.663011619559851342e-02
1.194231387258181940e+03 1.349363220564427834e+01 1.766879526370225550e-02
1.403895844138182383e+03 1.355284096573007346e+01 1.188101542053492804e-02
1.558672242293846239e+03 1.345791310500038307e+01 1.795825331385711085e-02
1.768052542208333762e+03 1.355940323548164805e+01 1.560374480218944086e-02
