-1.474156897801999776e+03 1.344449560864270588e+01 3.801239903456096053e-02
-1.297143219174545266e+03 1.349036038973812524e+01 6.239405654969440440e-02
-1.108359769288332927e+03 1.349528739907296249e+01 2.882048031633935303e-02
-9.382941821546147594e+02 1.345975725895585029e+01 4.975662219249518681e-02
-7.459355180208343654e+02 1.331178997845711187e+01 3.274763648828821899e-02
-5.794506036133340103e+02 1.334842483179865624e+01 3.420103107834785577e-02
-3.809205769107143738e+02 1.333389706895648885e+01 2.187712602843191675e-02
-2.184426866024987248e+02 1.344032709864030473e+01 2.824787377131421015e-02
-1.477561326916717555e+01 1.335839164290121417e+01 3.849900222153367080e-02
1.428485389669563688e+02 1.341981188618562015e+01 3.855617746369893739e-02
3.496046791283333732e+02 1.339319036216946657e+01 7.049414526612693410e-02
5.085440079915385354e+02 1.328768942138763620e+01 4.631483027053295842e-02
7.139974898392314344e+02 1.337228893492781623e+01 3.244430999671279320e-02
8.733575587260003203e+02 1.332878229669795900e+01 1.827257120258257705e-02
1.080730347062726878e+03 1.327430235004034031e+01 2.583621853299209598e-02
1.239864759972999309e+03 1.334178221563828615e+01 1.455695458024955716e-02
1.444923423164166934e+03 1.332850839861732695e+01 4.916486145237100591e-02
1.603947642532307782e+03 1.331124724827218486e+01 1.631593137205915658e-02
