-1.438384553405454881e+03 1.138596853822607891e+01 1.557179404965790097e-02
-1.248920111420999547e+03 1.145784826498576336e+01 1.585709799547193460e-02
-1.076515935385556077e+03 1.161862912844112827e+01 1.483635494809783760e-02
-8.870390104999987670e+02 1.152639389171884154e+01 1.220734854979550928e-02
-7.146980615566665165e+02 1.154365213960921466e+01 9.823499339556764076e-03
-5.200446544660001109e+02 1.147162552159074167e+01 9.235363298093808224e-03
-3.530576713649992371e+02 1.141769433599735351e+01 1.294668024299943689e-02
-1.560640466166660190e+02 1.135711363184443101e+01 1.889663330532494884e-02
7.565067557000292986e+00 1.144633608554956972e+01 1.282814368011498708e-02
2.084504588899988562e+02 1.129717534092662845e+01 1.494630201626498400e-02
3.683231207854557852e+02 1.132102018998110715e+01 1.279724707803712135e-02
5.755078212311111656e+02 1.148625509228661734e+01 1.735418854179061540e-02
7.340827727982607485e+02 1.162155075229855150e+01 1.416878752265164979e-02
9.396669606912510062e+02 1.159808811720136390e+01 8.522222276682075992e-03
1.099614275923332798e+03 1.162300323317839457e+01 6.607781692644862544e-03
1.304338549274287061e+03 1.151866397478800152e+01 2.858317419941849499e-02
1.463772308129231305e+03 1.152087164913186257e+01 1.023581392379847507e-02
1.670968440641666120e+03 1.149589399538515266e+01 1.891767670177637445e-02
