-1.328817647163333504e+03 1.239779058678654344e+01 1.126163005481564151e-02
-1.147171174566364016e+03 1.245923416717149834e+01 1.934907556912186799e-02
-9.654977578036009618e+02 1.242787468524064565e+01 9.185768648782784845e-03
-7.880771584142863730e+02 1.237422906154817071e+01 9.661061265887961255e-03
-5.999820041109090880e+02 1.241376370805362939e+01 2.293032729133868269e-02
-4.289375226690912655e+02 1.238002529267818730e+01 1.610196722285441723e-02
-2.357766576924992989e+02 1.242972918512382563e+01 1.156073491089022569e-02
-6.795180898230711364e+01 1.243591111149747164e+01 1.168141711371383819e-02
1.313901806715389000e+02 1.247566547263750181e+01 1.691307515805764994e-02
2.952044047454546671e+02 1.244074349542540681e+01 1.143847641760238273e-02
4.955026302525008646e+02 1.245934209734605780e+01 4.481978188415907532e-02
6.593370657872728771e+02 1.231310885616814943e+01 1.293413663352838833e-02
8.596739775881816286e+02 1.223111398778594072e+01 1.788028584520457917e-02
1.023880376619165531e+03 1.213903310456680984e+01 1.072931491672665487e-02
1.226819330484614738e+03 1.212082257904700455e+01 1.660104919931364165e-02
1.390564796555453995e+03 1.211414868296876790e+01 1.877974575820275105e-02
1.591021919480833049e+03 1.219221839417626541e+01 1.517114227794047303e-02
1.754776020915833215e+03 1.216492336137565111e+01 1.232453359262812576e-02
