-1.461880403228181422e+03 1.412548466108625078e+01 3.742263745568643468e-02
-1.286242959148421278e+03 1.411181236573226627e+01 1.947039726695879228e-02
-1.097664523712500113e+03 1.411104925511812169e+01 1.332438936131225861e-02
-9.270397455917649268e+02 1.407965996849618762e+01 1.930836464456018101e-02
-7.352630692007699054e+02 1.405913667678655266e+01 1.566885357117318855e-02
-5.675816564577414738e+02 1.401027449157558102e+01 1.647660870710127012e-02
-3.686035559715388672e+02 1.393308203816768831e+01 1.918344472875914419e-02
-2.051449284693337916e+02 1.387954987630278225e+01 1.650325220474237534e-02
-4.384409212857592664e+00 1.385301568300228681e+01 1.659463540419769262e-02
1.553136398856254345e+02 1.387250868883276489e+01 1.515202099504803050e-02
3.607807212036840383e+02 1.368152823130204787e+01 1.205856341950551323e-02
5.199849079192857744e+02 1.359924533119325041e+01 1.872312456792415980e-02
7.268419133428578789e+02 1.359770840570625161e+01 1.537116113871001173e-02
8.865391434543748801e+02 1.362993133855535532e+01 2.222501181124944894e-02
1.091060538644667076e+03 1.367825864859214313e+01 1.871623577222411225e-02
1.250689438724999945e+03 1.381151161022693330e+01 1.533884850428803709e-02
1.456858847593077144e+03 1.376348170201015542e+01 1.152165689498804886e-02
1.615220911437221503e+03 1.372728953638557137e+01 1.305742249668320060e-02
