-1.315457260855383993e+03 1.198716577224330138e+01 1.261287312478985741e-02
-1.125253924283001197e+03 1.227669483694307750e+01 1.370607756570544483e-02
-9.560422195983331903e+02 1.211363010192632395e+01 5.639849200708398763e-02
-7.630214948733337224e+02 1.221800238527052329e+01 1.229481896152962925e-02
-5.961357782911992444e+02 1.222882821973401057e+01 1.147037347045797712e-02
-3.962327719941658870e+02 1.205218334227101806e+01 1.891813177365497117e-02
-2.342021240609996369e+02 1.190348041444316074e+01 2.849535511442755076e-02
-3.195110669666731340e+01 1.177518878388383605e+01 1.016225945654512103e-02
1.263322210383339552e+02 1.186364553984454417e+01 1.172711383219367590e-02
3.337694111042860641e+02 1.183354213143993228e+01 1.357287744494156505e-02
4.910830850807142269e+02 1.195322381163114756e+01 1.382973129717608544e-02
6.991565554591658156e+02 1.209160173448570852e+01 1.319741763460728461e-02
8.575230958416663043e+02 1.206683049735732993e+01 1.266964827329461300e-02
1.064168983847500158e+03 1.206926690774768574e+01 2.337047583324296934e-02
1.221655465772499838e+03 1.208143592977668668e+01 1.507226165095438414e-02
1.430584237981249316e+03 1.206292162563988590e+01 9.887000736755956545e-03
1.586320856699999467e+03 1.203825783911220526e+01 2.586723870176798820e-02
1.794711186212728308e+03 1.237511123672592817e+01 1.663287854218328463e-02
