-1.447273695732221995e+03 1.257642933710477351e+01 1.667859655337935662e-02
-1.258571479544615613e+03 1.246246429296963143e+01 3.674017816849179351e-03
-1.083831706956250855e+03 1.247409181049054183e+01 6.376225372428341760e-03
-8.964027053558335183e+02 1.252208738128234522e+01 9.219921064979021141e-03
-7.237838568209084542e+02 1.252838275651868649e+01 1.160364718953367860e-02
-5.322261906720007119e+02 1.257488325489600811e+01 6.930295808982593099e-03
-3.645925495422222298e+02 1.263247164466376837e+01 1.232426537959874224e-02
-1.659459952368747508e+02 1.261021345873125377e+01 8.955278973006682713e-03
-1.141067085556440208e+00 1.258872339373970384e+01 7.468452167469427638e-03
1.988814708810008653e+02 1.260328395542888558e+01 8.456003784294303244e-03
3.595133265820004453e+02 1.250700179395182055e+01 7.246792393880175168e-03
5.631373904346160089e+02 1.254330868767900142e+01 6.839801587275724966e-03
7.237211344341667427e+02 1.256824798409722632e+01 7.679186637099486186e-03
9.303107674536374816e+02 1.256779157908722944e+01 6.949425544744965676e-03
1.090099666125385056e+03 1.255453290517283804e+01 8.373560922971980472e-03
1.294481654296363331e+03 1.263860247683281912e+01 8.703911570903572620e-03
1.455157573174998788e+03 1.266236119781257763e+01 8.713437897867886903e-03
1.659024532652856578e+03 1.268634709873445665e+01 1.391693653247656065e-02
