-1.470876914365862149e+03 1.178607262022094204e+01 9.260374755115669682e-03
-1.294287554931428758e+03 1.185102726330551448e+01 7.879864029734118258e-03
-1.105095372516399948e+03 1.186015634592065382e+01 8.162771829016960204e-03
-9.353670040481247270e+02 1.184703017164230587e+01 1.220389237929925090e-02
-7.431254305969556526e+02 1.170923315536925102e+01 7.994207214303897246e-03
-5.762504500476669591e+02 1.163977320839404683e+01 5.518968713258266649e-03
-3.782014903380002124e+02 1.154498957107790247e+01 1.537739428619745025e-02
-2.157519119781817665e+02 1.151163422601447728e+01 5.655502296917487744e-03
-1.191418144071472618e+01 1.146549443405001689e+01 4.896649939021682774e-03
1.473214713235294653e+02 1.145865796326498653e+01 4.378546927227061278e-03
3.523485106496664230e+02 1.141058412003143907e+01 6.170454987036846917e-03
5.114740640457576433e+02 1.136687924012582762e+01 6.892160882365523135e-03
7.180565841821567119e+02 1.130225773311564907e+01 3.720928913307923296e-03
8.760756700238714529e+02 1.126759634742365002e+01 6.450784754119105041e-03
1.083520203435769190e+03 1.125045714629694515e+01 5.842952078172864230e-03
1.242732548948999238e+03 1.126246437872080364e+01 5.309678199374776204e-03
1.448049647979629981e+03 1.123974566385156848e+01 4.228049896735365867e-03
1.606890747081999962e+03 1.128496193214327015e+01 4.847453874750454195e-03
