-1.451686874266666337e+03 1.325230186912275165e+01 2.979079757948609880e-02
-1.273381195457499416e+03 1.328269359805316796e+01 2.935459172085524635e-02
-1.086700553151818212e+03 1.333224957343822581e+01 2.273480249624499835e-02
-9.136010828006255906e+02 1.351985181092956090e+01 3.178118289397045826e-02
-7.226261291783326897e+02 1.355056624316329561e+01 6.345591600725071502e-02
-5.547460461964286651e+02 1.351885831698496609e+01 3.599296670520593655e-02
-3.583707156764285173e+02 1.346926692228439748e+01 3.165726451993202545e-02
-1.942867685221055183e+02 1.352879529922812019e+01 2.652296728126258066e-02
7.377078285833401416e+00 1.358077695710921873e+01 2.426753109009266440e-02
1.663643557706245701e+02 1.365741271956181713e+01 2.759552990843597980e-02
3.728120858964294939e+02 1.352107988738701394e+01 2.176204139444242597e-02
5.332244979764698201e+02 1.357620444328562925e+01 4.750798389107650788e-02
7.371008495133326051e+02 1.354078178198113136e+01 2.304176838997276655e-02
8.973617447250003352e+02 1.366527094803776166e+01 3.163296877147765002e-02
1.103042403984285556e+03 1.368563898091438702e+01 5.609041243181824704e-02
1.261877795051249905e+03 1.369744413321108567e+01 5.373125781077489616e-02
1.468184336108462276e+03 1.372528152837513105e+01 2.703385650370757065e-02
1.628572674210001423e+03 1.362381128957301968e+01 6.093313396160805057e-02
