-1.328595336858420978e+03 1.158753256234612294e+01 6.319362105202138910e-03
-1.137550001714999553e+03 1.168701746556198984e+01 6.546036926304125286e-03
-9.693660724652635281e+02 1.175841227519608800e+01 9.885243151182068755e-03
-7.755486753131249316e+02 1.167286534427004341e+01 1.558705491075083709e-02
-6.103782217849997096e+02 1.164703021114175030e+01 8.292955882880533730e-03
-4.107881920331255969e+02 1.160421365156469342e+01 7.072599991452056464e-03
-2.494202899111760985e+02 1.168395928964890018e+01 5.795172350938737615e-03
-4.439224776882389278e+01 1.162564570978120493e+01 6.369335947574768057e-03
1.112164906814293914e+02 1.167393033635584843e+01 8.113600981363981723e-03
3.198747431818742371e+02 1.169301680958863621e+01 7.917440017388388887e-03
4.776315480550001666e+02 1.163636086486694055e+01 1.021756182173616696e-02
6.843718152052944106e+02 1.173013817410632420e+01 1.255965590350876203e-02
8.418756120026312146e+02 1.169540205014516943e+01 1.842620093349612437e-02
1.051104611782499433e+03 1.168024909629235530e+01 6.669878052373147230e-03
1.207479453545882961e+03 1.162748722595295625e+01 6.461351823895900882e-03
1.415264497897999490e+03 1.161193847690189784e+01 1.073691273013931309e-02
1.573086600219999355e+03 1.155482637383416566e+01 6.832662936106309419e-03
1.781041026822068943e+03 1.162541966324514320e+01 6.705364210955656705e-03
