-1.421485906714999828e+03 1.316498670595287379e+01 2.619863437773907802e-02
-1.240797110992856005e+03 1.310769426059779263e+01 2.668094731480533111e-02
-1.058994973203077279e+03 1.305089209299459974e+01 2.582220481250190394e-02
-8.816463963600002671e+02 1.313320289159991106e+01 5.121006563006808704e-02
-6.924159397466670498e+02 1.302839335554420153e+01 1.453164962232897546e-02
-5.227139907235703049e+02 1.308092711124242058e+01 1.450163103144497950e-02
-3.282500040674997877e+02 1.314701240728828147e+01 2.314640781187236526e-02
-1.624109958775006817e+02 1.327591421748473977e+01 3.108019740503116524e-02
3.745380530421128640e+01 1.340330623750601902e+01 3.214935321479535368e-02
1.980334020315388557e+02 1.338599655599462324e+01 2.674167518396725757e-02
4.030580457060001436e+02 1.344938288710192253e+01 2.456005610469412515e-02
5.652126887338465622e+02 1.333749407210639149e+01 3.441335418825703513e-02
7.673225684936352309e+02 1.321265904785336076e+01 1.512201254138846422e-02
9.293283481053848618e+02 1.324203413432633170e+01 2.522453343991836600e-02
1.134289774575454658e+03 1.325208606015391410e+01 3.660701502657513762e-02
1.294834611498635923e+03 1.323526985837408887e+01 3.304946139927193022e-02
1.498473574645555345e+03 1.327754106716548499e+01 3.474679577156402493e-02
1.660529014740715184e+03 1.347148396724123209e+01 4.609184704471052524e-02
