-1.476357002430667308e+03 1.282009065957672966e+01 8.156179207157008074e-03
-1.299661834682307699e+03 1.277766693550490729e+01 9.468439298009927868e-03
-1.110199191333847466e+03 1.284080591669275329e+01 1.431176375232346039e-02
-9.403370321700002705e+02 1.286365277858594425e+01 8.122301379510104072e-03
-7.479040433649994384e+02 1.289931838044360468e+01 8.147795657358678986e-03
-5.814929118061531881e+02 1.286405579957051692e+01 1.059856312347119862e-02
-3.830903065453838963e+02 1.278865121412036387e+01 8.683479834147149815e-03
-2.204163378492854122e+02 1.272647546884122427e+01 7.536209965320657053e-03
-1.674227968636312980e+01 1.263422297511510273e+01 5.439372836964299560e-03
1.396313046306667616e+02 1.261753828220811613e+01 1.319409520005623837e-02
3.475584730058332639e+02 1.262425876304346062e+01 7.334714200799296452e-03
5.064169201692857314e+02 1.255971188272923555e+01 9.354942099818852608e-03
7.121739348546669817e+02 1.256914894724683407e+01 9.468951211039002003e-03
8.706495666233337261e+02 1.262867703703869360e+01 8.524067234731390330e-03
1.078767357044545633e+03 1.263190697215624247e+01 1.168809523609092536e-02
1.236245456630869512e+03 1.256535108371087439e+01 1.027945195072827063e-02
1.442929193300833504e+03 1.258472287414573820e+01 1.147791256509008567e-02
1.601880536979230556e+03 1.259981632998644940e+01 6.331532376156181682e-03
1.807120336421428647e+03 1.257359138717726310e+01 1.439306603383114398e-02
