-1.430304289878000645e+03 1.379691016744428111e+01 2.704190479177820752e-02
-1.252847673416857333e+03 1.386496303594439894e+01 3.167024556243390465e-02
-1.067789720398124700e+03 1.377319479925035495e+01 2.001466607444009338e-02
-8.927491773126413364e+02 1.374747471322279679e+01 1.962949479152909654e-02
-7.040106971642425151e+02 1.375620410320888531e+01 2.388497702159836020e-02
-5.320870575797149513e+02 1.378333260628896895e+01 3.815744635787315930e-02
-3.370814796993548725e+02 1.379174860903241040e+01 2.509716134144035146e-02
-1.717208287506903730e+02 1.383452815375164846e+01 2.954879569177954260e-02
2.712935978250038715e+01 1.375774372638603715e+01 2.430304933545630874e-02
1.888553731322223257e+02 1.360679175123358853e+01 3.070516589216935877e-02
3.927766638007849451e+02 1.340522797723429171e+01 1.724329587456042631e-02
5.537042042855877071e+02 1.333646693289220053e+01 2.087707688159882308e-02
7.584330272918743958e+02 1.331428601108328280e+01 2.021375543470588926e-02
9.200431944078125071e+02 1.333220980656392030e+01 2.024707868909918565e-02
1.122942646189000470e+03 1.327948519313520848e+01 1.575687026839958649e-02
1.284157861557297792e+03 1.326061613297189901e+01 2.997569263181993141e-02
1.489691411485357321e+03 1.320924584904685517e+01 1.622863219562256307e-02
1.649813212499545671e+03 1.334517462445763414e+01 1.771132153109493401e-02
