-1.421347617629286560e+03 1.056940612367504073e+01 6.589842214208479348e-03
-1.240730049447142392e+03 1.068374223970428005e+01 6.796420126111392228e-03
-1.059030619373333138e+03 1.091259270114156443e+01 5.936303875620259872e-03
-8.815620818361544480e+02 1.069038014809475357e+01 6.602712508624934869e-03
-6.923139155972735352e+02 1.097487722446567737e+01 8.820609702405156696e-03
-5.226425178599992023e+02 1.079113529935548144e+01 1.252821887666300330e-02
-3.281446466884612505e+02 1.072632263464884517e+01 9.977124495555707989e-03
-1.615989115438474357e+02 1.056372515355871933e+01 3.930090030367095789e-03
3.763684361999948891e+01 1.055363231216609421e+01 4.312481884019948343e-03
1.983718953430770284e+02 1.068374686635571180e+01 6.729036125138506200e-03
4.031239814109086979e+02 1.073498057802522787e+01 1.143347136560323059e-02
5.652894474978576227e+02 1.091971503384850983e+01 7.768610683600522121e-03
7.673569613290911775e+02 1.063110108576264246e+01 5.449170905856400883e-03
9.294956307669227726e+02 1.102725855466348648e+01 7.991574990191258401e-03
1.134341983309090438e+03 1.106535057102416708e+01 1.076802735988065599e-02
1.294853961893077212e+03 1.109537618955193317e+01 7.719629732336237213e-03
1.498611248044286185e+03 1.091239589680370692e+01 1.258633450717606787e-02
1.660656097883334269e+03 1.067735920350044410e+01 1.263672905843507208e-02
