-1.462985778523332556e+03 1.212128157646201387e+01 1.326239797068918917e-02
-1.287007309262500712e+03 1.212489314300353982e+01 2.015888442681800646e-02
-1.098428391330000295e+03 1.213457878352040176e+01 8.964524290274594048e-03
-9.276155639308339005e+02 1.217552107786846527e+01 1.600960419312831909e-02
-7.359295877607684133e+02 1.208738186065650311e+01 1.768587624507003339e-02
-5.686862697021418853e+02 1.212434238967730238e+01 1.032764450929195103e-02
-3.693810595116659101e+02 1.204767915005309575e+01 6.565741644793499782e-03
-2.059680858553849419e+02 1.206584602868197997e+01 1.272352354414095499e-02
-5.099385039166615563e+00 1.199179038646480144e+01 1.111815493161507663e-02
1.545983127071433785e+02 1.197243390590287149e+01 1.511684307525169683e-02
3.593040281861540279e+02 1.193634766224513122e+01 8.173727892540279955e-03
5.193434213169233544e+02 1.190224449128381856e+01 9.790437318630927990e-03
7.261126213342862457e+02 1.185644517453071067e+01 1.145211315899461943e-02
8.857869426433335320e+02 1.178179872674234474e+01 1.185029456891741571e-02
1.090418096850908569e+03 1.175568452492063010e+01 5.623322781810232915e-03
1.249874915108462574e+03 1.181176605011844316e+01 9.851155560660603341e-03
1.456019159300416504e+03 1.184461733126501493e+01 8.061261857033987302e-03
1.614624287748461938e+03 1.189166864515670774e+01 1.203701345038067812e-02
