-1.168172740687334453e+03 1.170677075170334192e+01 8.827388738153982631e-03
-1.000201446739999824e+03 1.178428060517834552e+01 1.159426139924863569e-02
-8.058612661546151230e+02 1.187528265110759484e+01 1.886573009013448043e-02
-6.412634711192312125e+02 1.186536374614420630e+01 9.147347932627192604e-03
-4.411610450133333075e+02 1.178985272123601824e+01 1.133335390362568383e-02
-2.807026334927266475e+02 1.173927803037764050e+01 1.160970991295808344e-02
-7.469134969083400222e+01 1.177990820116516879e+01 5.643051695884746151e-03
8.027142666000078464e+01 1.187005641835146719e+01 1.459097493788732991e-02
2.895597510276918456e+02 1.189545932789228111e+01 8.900306381580709927e-03
4.468364475292311226e+02 1.190614126230056513e+01 8.685053324537962346e-03
6.541519026614290624e+02 1.188922972632301445e+01 1.180151057604545035e-02
8.110359972592860913e+02 1.183873966144158985e+01 1.160209063676072468e-02
1.020849195575833960e+03 1.179533687304831879e+01 1.269791189231761486e-02
1.176624987081200288e+03 1.185782858784568994e+01 8.077576154621946697e-03
1.384985603934286473e+03 1.190905525756461714e+01 1.107737306878301894e-02
1.542316836279230984e+03 1.188954073566579694e+01 1.283348967263071502e-02
1.751085144996363624e+03 1.188021624289459410e+01 9.730839331850153068e-03
