-1.446444679590000305e+03 1.204124140243310670e+01 1.117947717351720945e-02
-1.266951644494286029e+03 1.205906027172843764e+01 2.042038425389784001e-02
-1.080321683663570411e+03 1.207203410405297461e+01 1.660754273493694755e-02
-9.081311403335712384e+02 1.211467875578179054e+01 1.611875813703235807e-02
-7.173577523881244815e+02 1.217243542008292678e+01 1.847229216185190120e-02
-5.491665496128576933e+02 1.219498206310493060e+01 1.426392848879694773e-02
-3.523361915466661571e+02 1.218125327311115491e+01 1.225470255165843174e-02
-1.884597720876473090e+02 1.220841278885090020e+01 1.449798916841616228e-02
1.400470869099990523e+01 1.217331677844256532e+01 1.039973112195023350e-02
1.730905241424999588e+02 1.220522956788405367e+01 7.902202448288391315e-03
3.780754714212489489e+02 1.218710689159670579e+01 1.460611216585979560e-02
5.387344000831253652e+02 1.219692312184053939e+01 1.333704272475160803e-02
7.426104184321432058e+02 1.217166954297345427e+01 1.293034751812388583e-02
9.034517998592845061e+02 1.218001535516802392e+01 1.547530455592813214e-02
1.109237907005332772e+03 1.212057852475367525e+01 1.258862192992976289e-02
1.270011800034117641e+03 1.218186656552255087e+01 1.099708215776428431e-02
1.473445627583845635e+03 1.220446949586581198e+01 1.183926641246085820e-02
1.634114454996470840e+03 1.221687620412505737e+01 2.058729255098112193e-02
