-1.476971862391538480e+03 1.189762155975808255e+01 8.260439802213309299e-03
-1.300220398062498816e+03 1.181846581739130464e+01 3.760786954683563443e-03
-1.110704232990000719e+03 1.177101051873413695e+01 5.190854539040837094e-03
-9.409731624307701168e+02 1.203246794012509113e+01 8.193328547112519941e-03
-7.484721850899999254e+02 1.198752946637666916e+01 6.043199039385539935e-03
-5.821356500383335515e+02 1.179306094593736276e+01 8.265137627408247409e-03
-3.832433276606665231e+02 1.197379595438004785e+01 8.397177656367186757e-03
-2.210755700960003480e+02 1.184284768166965485e+01 6.029556829117330499e-03
-1.727524820000023098e+01 1.183896523650866861e+01 8.668636261236893625e-03
1.390344291557142071e+02 1.195139704151379334e+01 5.289987241438031361e-03
3.469697465708334789e+02 1.195210278347096100e+01 5.636100158797764659e-03
5.058179920946164998e+02 1.206873409050350254e+01 5.187604707719173369e-03
7.117063540416669412e+02 1.191528628692521607e+01 9.780549244215184027e-03
8.700982148342856135e+02 1.189993765647760426e+01 5.030120644937238067e-03
1.078214674550909649e+03 1.200890655725585532e+01 6.733747163653516082e-03
1.235674135747391347e+03 1.205285728744765272e+01 5.493033761620599517e-03
1.442417506540833301e+03 1.210720940077412244e+01 7.246766520317828725e-03
1.601220280328333274e+03 1.205992392071920172e+01 6.633729399119356156e-03
1.806650513629999523e+03 1.200436628300964870e+01 5.693563617512844253e-03
