-1.467333687379999901e+03 1.189731574045940299e+01 1.324681859472962193e-02
-1.292619187972666396e+03 1.200730860340017792e+01 1.030564580334067566e-02
-1.103761069709285948e+03 1.215464800838455695e+01 1.665033991005503491e-02
-9.338693076600010272e+02 1.229448196315806108e+01 1.801684363167272221e-02
-7.417488278786665887e+02 1.231109840411129852e+01 1.253336651597699788e-02
-5.741091264477784080e+02 1.232131849272396984e+01 1.167051816453681425e-02
-3.761088596578124452e+02 1.229843474787989344e+01 9.155191161096818200e-03
-2.136269022088000327e+02 1.235867842293832730e+01 9.619152537918774365e-03
-1.055188229857074944e+01 1.245545478108891224e+01 1.295921994132673977e-02
1.488167336547061552e+02 1.253416589464592690e+01 1.454332592538590090e-02
3.538356980200001090e+02 1.271928555897008195e+01 1.721832076795355715e-02
5.130353831955549140e+02 1.264979998887573842e+01 1.300620290567191736e-02
7.207393459753342313e+02 1.259649479877394640e+01 2.954292939348414360e-02
8.774257400287501696e+02 1.260356864399054899e+01 1.913172995642844001e-02
1.084922454589231165e+03 1.270816616141410549e+01 1.786511731203838799e-02
1.244233961480000744e+03 1.253689541707988653e+01 1.922125588591101081e-02
1.449675463031875097e+03 1.242707988779771178e+01 1.269030417401105504e-02
1.608435305367646379e+03 1.240223020279915467e+01 9.634557295013265743e-03
