-1.455172472868420300e+03 1.254425224805658168e+01 1.171942897215836644e-02
-1.278808736757691577e+03 1.264103820153679436e+01 1.150210289101719074e-02
-1.090913912213999765e+03 1.251638566956980725e+01 9.748295775976753910e-03
-9.173600512392591781e+02 1.250283565892006443e+01 1.023407885235497541e-02
-7.262800200952378873e+02 1.256352271341338778e+01 1.354146617824772414e-02
-5.584114639327268605e+02 1.267462716874067397e+01 1.198922588811172397e-02
-3.618573648536363407e+02 1.265771556055073255e+01 1.359219749934672573e-02
-1.979304286065383280e+02 1.262018216146918270e+01 1.431036300272141813e-02
2.766796879565251999e+00 1.277312873810076610e+01 1.513610540810274296e-02
1.632139555661538282e+02 1.284498670028824918e+01 1.327381590441880505e-02
3.694048295804348641e+02 1.279860891391730426e+01 1.592592802100561977e-02
5.283080189179996751e+02 1.288657391101261851e+01 1.826440288141105428e-02
7.336506405209999002e+02 1.284787274497249498e+01 1.601857194164232542e-02
8.936591424773082508e+02 1.287404910507608591e+01 1.190941228540222385e-02
1.098202728521666359e+03 1.296555115402201608e+01 6.552430553670442193e-02
1.258762460443703958e+03 1.291521604552241698e+01 9.536879201007524010e-02
1.464797143642632136e+03 1.286662678924090208e+01 1.894721208979253252e-02
1.624980623716153787e+03 1.285007992676923294e+01 2.232886751310213247e-02
