-1.159067795214614762e+03 1.168583713184991524e+01 6.345961823193571258e-03
-9.914737697791673554e+02 1.179929803812856903e+01 9.674082449246510299e-03
-7.966172921600004884e+02 1.188280263450203122e+01 1.028977972210619839e-02
-6.320888520181247259e+02 1.185512920708220364e+01 9.962031709047466238e-03
-4.301719186199999285e+02 1.189935420300505342e+01 7.016249904514836738e-03
-2.706030431414813506e+02 1.185802725014554149e+01 7.385782843010414538e-03
-6.591615937642875167e+01 1.184981849995090464e+01 1.019574008181056875e-02
9.143736293000061721e+01 1.193691767830664752e+01 1.213940632991774432e-02
2.986738129266663577e+02 1.202480407491320591e+01 1.162905831346632696e-02
4.556880911750001246e+02 1.193559027387032323e+01 2.047968143648569092e-02
6.653218259784614474e+02 1.210313553067417658e+01 1.292179848784798593e-02
8.201374128813326934e+02 1.197967937284452766e+01 9.798220360268948201e-03
1.029516233572856436e+03 1.202140036198110984e+01 1.214351950041717143e-02
1.186908830194706297e+03 1.199899719642153961e+01 1.006051329366544796e-02
1.394543453132856939e+03 1.194396157510299972e+01 1.090903197513832384e-02
1.551096108809286079e+03 1.189415204077065269e+01 6.860894037115715209e-03
1.760872829408571533e+03 1.190216830844059004e+01 1.265373785730303235e-02
