-1.369780124989090154e+03 1.338360546015876551e+01 1.521659302309992697e-02
-1.177821114741667088e+03 1.337988131225881006e+01 1.854848501350715717e-02
-1.009620144093182603e+03 1.339246605273013913e+01 1.242856371803129772e-02
-8.133731731476929099e+02 1.336764848161682373e+01 1.232229163702855054e-02
-6.488109050209990301e+02 1.335668466606728266e+01 1.263918510031398004e-02
-4.491194548824999515e+02 1.333585564502158860e+01 1.553550294814600580e-02
-2.881972194491663686e+02 1.330906370549644357e+01 1.521938335247616757e-02
-8.459781114499976695e+01 1.325565623342646049e+01 8.009073269088647432e-03
7.241705457636338394e+01 1.333113172524575063e+01 1.302399103959875695e-02
2.820150858861542247e+02 1.331213677476753254e+01 7.031174486268158830e-03
4.376944852930002412e+02 1.341741738840413234e+01 1.116790042935556296e-02
6.462652705016674872e+02 1.334278901980951382e+01 1.564247171313710993e-02
8.036017903436368215e+02 1.333015592460407284e+01 1.055563771656196394e-02
1.011907022339374635e+03 1.334084407230998615e+01 1.194117049264327955e-02
1.167834525030000123e+03 1.327085663777835656e+01 8.744310319456966019e-03
1.377574872051666489e+03 1.324009386412623002e+01 9.844273575141202631e-03
1.534902159662308350e+03 1.326125522373714993e+01 9.691931992342710592e-03
1.742459855987499395e+03 1.326717822938848812e+01 1.278967592182011018e-02
