-1.338701771094285050e+03 1.178751842497322855e+01 1.228163494211217607e-02
-1.147536218125384949e+03 1.184791456839704082e+01 1.177327153435933638e-02
-9.770533051427278224e+02 1.184826904542192061e+01 1.014137481288495020e-02
-7.829834806999999728e+02 1.185166712492692120e+01 1.149448631420069145e-02
-6.181492740242860009e+02 1.184523284952326350e+01 1.833904849517708005e-02
-4.187874174230004201e+02 1.185484506173958508e+01 9.435094064183944390e-03
-2.575263718681817409e+02 1.185057028979490212e+01 1.173665458537906034e-02
-5.434457464666653692e+01 1.184705917871769110e+01 1.503196824918301075e-02
1.029100826891656908e+02 1.183762633318860935e+01 1.518672361222374485e-02
3.124048382635716621e+02 1.183013148876379894e+01 1.381447442734266839e-02
4.687562873621744188e+02 1.183545654337129349e+01 1.069845660745233698e-02
6.766592385899990632e+02 1.180930692595069864e+01 1.400636429416070132e-02
8.341044666145448900e+02 1.179439927138725785e+01 1.153897781503092877e-02
1.042279742538571782e+03 1.179178676931850056e+01 7.244864956862257996e-03
1.198963289573333668e+03 1.183573668432426373e+01 1.085806066853016796e-02
1.407861311400000659e+03 1.175457874814764558e+01 9.166296962241721191e-03
1.565513956972999495e+03 1.180159469185784893e+01 1.094938354429145395e-02
1.772688522709999688e+03 1.186826762473906882e+01 1.033801893829340048e-02
