-1.409700807064999935e+03 1.174978792058805865e+01 8.156733728197787872e-03
-1.229713470836086572e+03 1.180737656460395435e+01 9.669472134218145415e-03
-1.046251714994285749e+03 1.181051172910502878e+01 7.823767385326457074e-03
-8.704771540787502317e+02 1.175992450955492252e+01 7.465376028605707343e-03
-6.821331960704549147e+02 1.180839489917844531e+01 6.436851306344710394e-03
-5.115514233538454505e+02 1.184693296165498211e+01 1.122143683083982532e-02
-3.163900955195558140e+02 1.183537349965083685e+01 4.327972352832848250e-03
-1.484532629276923501e+02 1.182364227303226478e+01 8.223346772933353907e-03
4.925767155333354452e+01 1.182119053608818149e+01 8.711602025090513582e-03
2.119424209891664361e+02 1.187404925555624402e+01 5.689808754988108681e-03
4.137051118214822623e+02 1.192560128087990456e+01 7.791711534501959829e-03
5.765327073231823078e+02 1.202666845156522335e+01 1.060357688877722887e-02
7.803503615634779180e+02 1.195492888737484627e+01 7.186403561702337482e-03
9.422936707209676115e+02 1.195354568546532903e+01 1.004830128303432941e-02
1.144628012016000639e+03 1.182006111147520500e+01 9.872922052937282283e-03
1.307450450361578078e+03 1.183683457378407766e+01 1.346724691378835964e-02
1.509432299800869487e+03 1.187735231862965612e+01 8.676481309314792306e-03
1.671911714443636356e+03 1.193748791981454360e+01 1.046536750133843577e-02
