-1.413493591393235420e+03 1.283090718840646183e+01 4.469412729405573131e-03
-1.232714843734687292e+03 1.288750821466892837e+01 5.141476824371240401e-03
-1.048955619889000218e+03 1.294742846380937351e+01 6.036113539908483441e-03
-8.739460127336367350e+02 1.291250303575846736e+01 5.915484756302797666e-03
-6.847667819493548222e+02 1.307377712684910698e+01 7.473956438173621000e-03
-5.144518363652771313e+02 1.305172305481914208e+01 7.523435891933115231e-03
-3.204260126608821793e+02 1.304880972546857798e+01 6.448185897113153237e-03
-1.529596560055772159e+02 1.308480392765020461e+01 6.142701516313906970e-03
4.639209403344836602e+01 1.297042873778381633e+01 5.361070023294016787e-03
2.090643944220006176e+02 1.292231042608036340e+01 5.991940164819353765e-03
4.106557901729999571e+02 1.301200282966575372e+01 5.593236656560843581e-03
5.732803275854287222e+02 1.287077588659554728e+01 6.796030396821263128e-03
7.762911014056860495e+02 1.289103945896908598e+01 1.219047887861864250e-02
9.385728590306815704e+02 1.292975979603343539e+01 6.459914940079175723e-03
1.141874639128386889e+03 1.286611816098750438e+01 8.028489769622533870e-03
1.304627491597187600e+03 1.289281233079070255e+01 6.167492510509231356e-03
1.506484981782069099e+03 1.277852544934336265e+01 7.073821597025984308e-03
1.669131423628055927e+03 1.279288061747232597e+01 4.738178832508745976e-03
