-1.314070514028462640e+03 1.202654473541501901e+01 1.260062007919003982e-02
-1.123959204219999947e+03 1.205560434701362382e+01 2.804368426491070029e-02
-9.546208734449994608e+02 1.211585786863152059e+01 9.174155310347396897e-03
-7.604952439247067559e+02 1.201335955475541439e+01 1.019188689545953708e-02
-5.946580993571421914e+02 1.201249243244187426e+01 1.439939673263839447e-02
-3.949772285953849291e+02 1.201505705313508088e+01 9.422610036389009527e-03
-2.328362879307143487e+02 1.203214962423838585e+01 9.168870116709896059e-03
-3.070136878666744451e+01 1.206649662934925260e+01 1.096722424513908375e-02
1.276833592786667140e+02 1.210289428241930842e+01 1.173093456661305004e-02
3.363025853625003947e+02 1.209271102858547842e+01 1.108167280506003501e-02
4.922281440928563825e+02 1.209593733952413430e+01 1.862173034266984689e-02
7.004926066216667095e+02 1.204239976377952459e+01 1.525297712564986641e-02
8.588816594593329228e+02 1.208345391498059307e+01 1.061986845783528116e-02
1.065374168064614878e+03 1.203757307573893875e+01 1.652126672849043437e-02
1.223039806470625081e+03 1.196234615353210806e+01 8.586392223805817611e-03
1.431809415399999580e+03 1.193881090082437701e+01 1.850673326435965660e-02
1.587502843961427743e+03 1.193517077415469352e+01 9.649263170806263168e-03
1.795952293868461538e+03 1.190542120541877225e+01 1.019713309828754882e-02
