-1.449325429487692418e+03 1.267119242915616439e+01 1.272915558493167322e-02
-1.270233171672856997e+03 1.261643760592244590e+01 2.019134016202714724e-02
-1.083871716610499789e+03 1.269768764927472660e+01 1.817553614047667104e-02
-9.110616545749996931e+02 1.276306553880375105e+01 2.753558702398970978e-02
-7.202367746681821927e+02 1.266806901788297068e+01 1.980985895712777944e-02
-5.521927322316660138e+02 1.272551406355880843e+01 2.305000004278275061e-02
-3.560438440958332649e+02 1.268821651104995851e+01 1.126012896286610748e-02
-1.911634919878571566e+02 1.265920700908452012e+01 2.221680321535515062e-02
1.069571990461498423e+01 1.266467027667613365e+01 2.137797024543703836e-02
1.688527267260006397e+02 1.270467817246783326e+01 2.236878060648149480e-02
3.752635282231244673e+02 1.268105401022170931e+01 2.178588668295493649e-02
5.357424988657132872e+02 1.276504714550285513e+01 2.230331931438123139e-02
7.398868149958824461e+02 1.266798589185132684e+01 1.576967079041739425e-02
8.999330479907138169e+02 1.277051832534588982e+01 2.061545883960826803e-02
1.106461203574615411e+03 1.267153570792325112e+01 1.410436880944883342e-02
1.265207128198095234e+03 1.268407292040413381e+01 1.628806987192454869e-02
1.470636631846428372e+03 1.264953889160687872e+01 1.792221637893050973e-02
1.631142992430000277e+03 1.269557263842198935e+01 2.218217136412574744e-02
