-1.342793112353750985e+03 1.278856487941578024e+01 6.297165781127407082e-03
-1.151615957801999230e+03 1.283642672936641382e+01 1.072944546563332248e-02
-9.835572955449994197e+02 1.287036880121922522e+01 7.223130284794244092e-03
-7.879146152823532248e+02 1.303188351316229188e+01 1.256829905985239540e-02
-6.219682152400001769e+02 1.313099623220936074e+01 1.064937291668000344e-02
-4.225656542491669825e+02 1.313166507297222907e+01 1.177889964520673766e-02
-2.614447682725009940e+02 1.313464878021395776e+01 7.642019560493342606e-03
-5.772225712499918160e+01 1.306665552220358073e+01 1.865252440466616535e-02
9.914643579454555322e+01 1.310286387446921808e+01 1.148611679543238423e-02
3.086382955725009083e+02 1.296540381237564610e+01 1.636750606016782253e-02
4.633376434740006289e+02 1.301971993204231381e+01 1.409198353674880923e-02
6.728770803327272461e+02 1.288047072908761947e+01 1.133692728920104170e-02
8.303122988200001373e+02 1.285211957849015008e+01 9.460741771182959448e-03
1.037154075596001348e+03 1.287931019618434902e+01 8.196889654009100953e-03
1.194541019945834023e+03 1.300163612407492941e+01 1.331776434775073896e-02
1.404201071789000025e+03 1.296048617251179991e+01 1.019059539036946960e-02
1.559852673778235157e+03 1.298125897942990825e+01 1.320466274683616478e-02
1.768307160941001257e+03 1.281929855417553910e+01 1.011637286778226813e-02
