-1.443717287464614628e+03 1.273499791654451485e+01 1.760289902876005855e-02
-1.264050129565383941e+03 1.279652425107188307e+01 1.698885653382315244e-02
-1.077525580722306358e+03 1.280786436872660516e+01 1.923027371613456743e-02
-9.051835317583330607e+02 1.281926360455315894e+01 1.802211811839877012e-02
-7.147594286039987992e+02 1.284389351505375210e+01 2.040637873490254439e-02
-5.455951382324996075e+02 1.280040116818272189e+01 2.829237244312755514e-02
-3.501194445881814090e+02 1.283700903303749818e+01 3.142463382601312638e-02
-1.854062780184618759e+02 1.287064605460124334e+01 1.638217351475873551e-02
1.676495397300022816e+01 1.289246702931980337e+01 2.038868785676686834e-02
1.774629496399999482e+02 1.290888312119006187e+01 2.065404068651633188e-02
3.808495999181799334e+02 1.293410290031649090e+01 3.796017283540625148e-02
5.416636789315391525e+02 1.290417041446825763e+01 1.956567019393564213e-02
7.463699896172224726e+02 1.276953580795175824e+01 2.738251902657141620e-02
9.062216282499988438e+02 1.285102369736528161e+01 2.315531214162696097e-02
1.111962304444000665e+03 1.283298796911396877e+01 1.633793050887394349e-02
1.272937823741429156e+03 1.286674551439621261e+01 4.737545254369023712e-02
1.476212507168333786e+03 1.276024643447689222e+01 2.372701978662014946e-02
1.637077052757142837e+03 1.276769438901222919e+01 1.613669955564394493e-02
