-1.424075129144545826e+03 1.329740443101688818e+01 1.775084256367878005e-02
-1.244283447252399583e+03 1.329568052325667260e+01 2.130394301920845654e-02
-1.061021352569374358e+03 1.318166613448447677e+01 9.425903471285940194e-03
-8.843157144706672170e+02 1.299889569105973841e+01 9.550086290089146446e-03
-6.950077224276924426e+02 1.298095717385470671e+01 1.769369688397362181e-02
-5.254799404576921233e+02 1.300386815665057583e+01 9.313827505098003570e-03
-3.307731364600003872e+02 1.280797220256644131e+01 8.208915724752781015e-03
-1.650428762593742249e+02 1.268549441879914141e+01 7.063727078134809066e-03
3.417794884000022648e+01 1.280789199136544987e+01 1.087912996291526616e-02
1.957563927940000781e+02 1.302286788225779901e+01 1.309649656290659894e-02
4.004748626186657816e+02 1.281520056929361751e+01 6.302592059356731426e-03
5.624459174093749425e+02 1.280993791147035132e+01 9.432531804876144108e-03
7.648001789526668972e+02 1.270041500325845440e+01 8.079860651530287527e-03
9.266528436382346854e+02 1.270754812178973125e+01 1.056011259492551160e-02
1.130387506640344782e+03 1.269187970695622170e+01 6.554746158285397993e-03
1.291401101849333372e+03 1.281406399343624436e+01 9.760449291419431156e-03
1.495914132107499427e+03 1.290162623803661823e+01 8.294329294011628870e-03
1.657869554796874127e+03 1.311472592444101082e+01 1.688957703733285493e-02
