-1.463602562258749458e+03 1.371690790414359107e+01 1.750066963004566142e-02
-1.287417948890908747e+03 1.368860452064116373e+01 1.549450352121337082e-02
-1.098773080062667759e+03 1.389601442855870062e+01 1.878199295227366353e-02
-9.280343900471426650e+02 1.390538223034332432e+01 1.812940405929520243e-02
-7.362491206418185357e+02 1.395923299527931682e+01 2.629326601462823876e-02
-5.695349753100006183e+02 1.390844386931625465e+01 2.850131555947630138e-02
-3.697621934333340619e+02 1.402326601585051336e+01 1.909641412431685795e-02
-2.063417134630776957e+02 1.395919744496879744e+01 9.467189345367832409e-03
-5.502102204999876456e+00 1.389475334629573666e+01 1.946364131742394504e-02
1.541044482199996821e+02 1.383843617392093961e+01 1.450264835419344013e-02
3.586922533963641513e+02 1.387978314365140164e+01 3.143437943348244279e-02
5.190078599366661365e+02 1.376712555342100686e+01 1.210952620873334204e-02
7.257499717833325121e+02 1.389244405771715840e+01 1.402335601376820430e-02
8.853757918363645558e+02 1.378984908536656562e+01 1.170511713279335023e-02
1.089973844595000173e+03 1.386847594906771342e+01 1.565250778629416820e-02
1.249501893486154358e+03 1.382556091942745446e+01 1.740447627091682575e-02
1.455635708349499282e+03 1.394149726180238069e+01 1.757784116437510757e-02
1.614176636396922959e+03 1.387209452713325675e+01 1.862777718463034041e-02
