-1.449417560495626731e+03 1.387221191533581077e+01 8.242657717629700911e-03
-1.270588131366111611e+03 1.398186998557270577e+01 1.198153157010538664e-02
-1.084066072941666107e+03 1.403669539474209493e+01 1.336414625378638463e-02
-9.112141369212499740e+02 1.406682578737859401e+01 2.142642183693705196e-02
-7.204122214342866073e+02 1.412897148132731573e+01 1.660531589687429255e-02
-5.523674566213337584e+02 1.423448497186187645e+01 2.124820515295874901e-02
-3.562097534286658629e+02 1.437303625064264345e+01 2.556076855043464338e-02
-1.914815230157898895e+02 1.444434320279912676e+01 2.019618027310019978e-02
1.025676582199994336e+01 1.427714752969408707e+01 1.534989820813151967e-02
1.686519264441179473e+02 1.429352290305511630e+01 2.174749155576436929e-02
3.750725973126311033e+02 1.436475470004532617e+01 1.253454186470261827e-02
5.355624436012503793e+02 1.432510999336233581e+01 2.844525993025907862e-02
7.397801181966666491e+02 1.429134633383734609e+01 1.291209596549773055e-02
8.998410828738465170e+02 1.425040493061558067e+01 1.934856232140586690e-02
1.106331503459285159e+03 1.420231270480682539e+01 2.358567905657508665e-02
1.265409178085384610e+03 1.415749335177429380e+01 1.708364019766506897e-02
1.470509078930624582e+03 1.406773620019200877e+01 1.678551941732441335e-02
1.631013651627778017e+03 1.416755009782656671e+01 2.703801685185521983e-02
