-1.477845387069411800e+03 1.379512312729717749e+01 3.294354245512365331e-02
-1.300978401341333893e+03 1.372312680766362902e+01 3.464020203797570779e-02
-1.112411276265517017e+03 1.376178255322088972e+01 2.412970774820294775e-02
-9.418246168194450547e+02 1.375488770369452496e+01 3.770106361271563511e-02
-7.493036267219998763e+02 1.376492751947229110e+01 3.918719534924344078e-02
-5.829597571626313766e+02 1.381467331497545459e+01 3.327299621121614093e-02
-3.851447692531246503e+02 1.381616027117900636e+01 3.335028309547005687e-02
-2.224867033859998742e+02 1.384120554621167543e+01 2.865401786713062116e-02
-1.807722636529412341e+01 1.388558216866444361e+01 3.109402750438344104e-02
1.386330175957146480e+02 1.397524600585449228e+01 6.871865374071141341e-02
3.461466213835292933e+02 1.393771786409315538e+01 2.953610803700193813e-02
5.050083556550004573e+02 1.410193468729350386e+01 3.738872751727112531e-02
7.108112608056244426e+02 1.399857871641599694e+01 4.655116159193521674e-02
8.692073562699997638e+02 1.405697523775895874e+01 4.109844371497586163e-02
1.077382483134374979e+03 1.396492427266856140e+01 3.082655148102883200e-02
1.234125137663200121e+03 1.387480808598236592e+01 6.696453083116075955e-02
1.441544672551333406e+03 1.396308831335733736e+01 7.664511882410046661e-02
1.600452222588000268e+03 1.387618133587791647e+01 3.301776816762409111e-02
1.805813788705789193e+03 1.380707766388270663e+01 5.253424875965483770e-02
