-1.330393032234210068e+03 1.073420647071481504e+01 5.423380473995222627e-03
-1.139625338748235663e+03 1.082697625564646593e+01 4.564615843383516836e-03
-9.709200809288226992e+02 1.075354718689427536e+01 7.085127534440383533e-03
-7.771552393009095567e+02 1.073584742131826175e+01 6.701959996745871125e-03
-6.120535700835295074e+02 1.081869684355653760e+01 4.748642649184176869e-03
-4.120408184681241437e+02 1.061046252891200758e+01 6.091157321053989639e-03
-2.515336274666660756e+02 1.054252408253938356e+01 5.767462223955565140e-03
-4.596212820071481531e+01 1.061335786058942610e+01 8.964342109823273883e-03
1.089555822700003773e+02 1.053962353406598851e+01 5.742717652683687959e-03
3.183091401164300578e+02 1.050230589309351892e+01 5.965179822050271745e-03
4.759705440199991244e+02 1.052524608477932766e+01 6.317822746574744582e-03
6.829164188146663719e+02 1.045437783471036752e+01 6.939049297674687936e-03
8.401803534543746537e+02 1.033384779570664946e+01 4.491051593677575227e-03
1.049556402559999697e+03 1.047413226677048215e+01 4.552088614992393090e-03
1.205542088311851103e+03 1.046578808834094509e+01 3.688684796915543337e-03
1.413717074239167005e+03 1.042212085841932456e+01 6.376190831664864909e-03
1.571462926406110228e+03 1.041915593557008357e+01 5.066821011355044507e-03
1.778854257473749158e+03 1.043175264200445973e+01 3.618716958898074779e-03
