-1.342795187399091674e+03 1.419291216926146504e+01 2.557389376050561020e-02
-1.151582486893334135e+03 1.412168731913871866e+01 1.467558125544550160e-02
-9.838641850300002716e+02 1.431423916986162048e+01 3.679184692292568337e-02
-7.876359943262505112e+02 1.431088690998483415e+01 2.195493764758570457e-02
-6.219330583345455352e+02 1.412382203566069805e+01 2.824775012150741380e-02
-4.224777271108335412e+02 1.417252574706027346e+01 2.381597804385086545e-02
-2.614289995625003939e+02 1.412170183021511960e+01 2.139666164684647306e-02
-5.767603149727272438e+01 1.411719828175056790e+01 3.198973821187065664e-02
9.914583383636437475e+01 1.413895742508003472e+01 3.129607047294177130e-02
3.086933925539989900e+02 1.411650678930440250e+01 3.642630917345318631e-02
4.633143778330760369e+02 1.403504412151112213e+01 2.149350760967871921e-02
6.728836208672721568e+02 1.387377180702491408e+01 1.912939843010022511e-02
8.303622384410002724e+02 1.387852110939455486e+01 1.692811271229019768e-02
1.037216793783333969e+03 1.399302640318505730e+01 2.574810088286269907e-02
1.194534982000833452e+03 1.395192917059138615e+01 1.535707325873240416e-02
1.404201644814001384e+03 1.395514225052050428e+01 1.958632175779825846e-02
1.559736886063124985e+03 1.386564805771752162e+01 2.893957538454051265e-02
1.768342836155384930e+03 1.392930077844792613e+01 1.626389675733562468e-02
