-1.342793112353750985e+03 1.178667071333089922e+01 1.367295347542040775e-02
-1.151615957801999230e+03 1.179207543283502169e+01 7.641823134765522371e-03
-9.835572955449994197e+02 1.183471230163178944e+01 1.185951352457215516e-02
-7.879146152823532248e+02 1.193908124865113152e+01 1.522069993304710732e-02
-6.219880661858333042e+02 1.202993196569945233e+01 1.932071209012022409e-02
-4.225656542491669825e+02 1.207468557320746783e+01 1.037357711746004184e-02
-2.614447682725009940e+02 1.206959194629163434e+01 1.691696738190377053e-02
-5.772225712499918160e+01 1.208955624194139844e+01 2.876939131580388484e-02
9.914643579454555322e+01 1.208429503459552734e+01 1.860345313161479788e-02
3.086382955725009083e+02 1.197756182768755551e+01 1.072777627289718885e-02
4.633376434740006289e+02 1.199593986471322182e+01 8.562605501759796081e-03
6.728770803327272461e+02 1.190571365097347645e+01 1.489688084373882657e-02
8.303122988200001373e+02 1.188242889895490428e+01 1.131879472146099345e-02
1.037154075596001348e+03 1.188687282260315925e+01 1.209643277839371131e-02
1.194541019945834023e+03 1.195694390547974351e+01 1.606358948191672492e-02
1.404198063144545586e+03 1.197386102435105570e+01 1.348330830439889785e-02
1.559852673778235157e+03 1.194005079724693275e+01 4.526228446386160870e-02
1.768307160941001257e+03 1.185861765761149123e+01 9.743266581154234537e-03
