-1.437015164154615377e+03 1.270320682292867964e+01 1.537376917033180662e-02
-1.258820450417646953e+03 1.276417064203898732e+01 1.769989751230810829e-02
-1.073026717830667167e+03 1.275083808481245384e+01 1.278706158297532834e-02
-8.995463955934992555e+02 1.255832901536990498e+01 1.871667345368048865e-02
-7.098452662633329737e+02 1.256988006338427688e+01 1.278967351301428870e-02
-5.408485497868755374e+02 1.254914956324026676e+01 1.665486523515018885e-02
-3.429620549986667584e+02 1.234837313187314223e+01 1.374510824941469096e-02
-1.776477281066676426e+02 1.235225597434222777e+01 1.521098430532442751e-02
2.171918904714246779e+01 1.214029976389398158e+01 1.000677490149012513e-02
1.827791159786667095e+02 1.199755111102061989e+01 1.684629319645672071e-02
3.861518673184613135e+02 1.196597478019114291e+01 1.388709221424731105e-02
5.477130428683340142e+02 1.203725096697272789e+01 1.510160170617211826e-02
7.527255073628574564e+02 1.204011896327770614e+01 1.169700223025732164e-02
9.134725917937494160e+02 1.216425013343382489e+01 1.340490132653597392e-02
1.117006514084375340e+03 1.228189544063101124e+01 9.283204923818032250e-03
1.278100055377998842e+03 1.243045950633880103e+01 3.456809344025629782e-02
1.481525249218666659e+03 1.229894241242535102e+01 1.115513661676218078e-02
1.642796551786000236e+03 1.227255587212217947e+01 1.575786800080482622e-02
