-1.337100198878695437e+03 1.397709307090762110e+01 1.115839322927780763e-02
-1.146160360929999342e+03 1.389326221527401550e+01 1.395203838154125686e-02
-9.758116041516667565e+02 1.379212884499085234e+01 1.200432163836243765e-02
-7.818627657038882717e+02 1.385665020002136139e+01 1.582646049664461485e-02
-6.167971546261906042e+02 1.372752443295473235e+01 8.877503236159517419e-03
-4.176018742999993378e+02 1.363489285394650175e+01 1.370475991925596861e-02
-2.563021428433332858e+02 1.359298561681686479e+01 1.162509495219120857e-02
-5.221671690074112604e+01 1.374815824552378452e+01 1.184807038439432934e-02
1.046521858752633989e+02 1.383228461479621352e+01 1.298694489542739396e-02
3.135668274373686017e+02 1.389487947136507628e+01 1.299613588875836445e-02
4.703541797343996791e+02 1.385427386257565097e+01 2.204563412560411190e-02
6.778398967200002971e+02 1.390468946149764662e+01 1.619763128544596600e-02
8.353946426594736749e+02 1.383159617899528548e+01 3.140833412325955837e-02
1.043747712829999728e+03 1.378419216715577456e+01 8.461474907909837667e-03
1.200010319181000568e+03 1.375893084546690659e+01 9.225481017269542353e-03
1.409088915188421424e+03 1.384507966621590036e+01 1.172020360207625539e-02
1.566741974890588153e+03 1.385159636330277699e+01 1.632963662679351100e-02
1.773685459665294957e+03 1.382374436204754531e+01 1.479739003617736373e-02
