-1.420276567693077141e+03 1.210839243244933883e+01 9.312090406729265149e-03
-1.239701587412857634e+03 1.222849239198907867e+01 1.525128941119147097e-02
-1.057949742819231233e+03 1.216690462034583398e+01 1.070542177726837955e-02
-8.804423422623076476e+02 1.211250015065769503e+01 1.403440678581241094e-02
-6.911984778933334610e+02 1.208169172020768301e+01 2.038133293104354635e-02
-5.215995230950011319e+02 1.208033389801358481e+01 2.148696241451118066e-02
-3.270750095671428426e+02 1.222773204468368036e+01 1.283209683525655606e-02
-1.605620198238466401e+02 1.234836073135846313e+01 3.479823679493278255e-02
3.845911601222178433e+01 1.228691589307146792e+01 1.306836787402127983e-02
2.004815542979161762e+02 1.220664495164365349e+01 2.245884763563485778e-02
4.042071432072725088e+02 1.220183011034359666e+01 1.117175426051451696e-02
5.664462286107686850e+02 1.217770370813382996e+01 2.136811188299142864e-02
7.690205869815382584e+02 1.209631731541792377e+01 1.663379181481135574e-02
9.306283079457140275e+02 1.207383534529531488e+01 1.379741538907548228e-02
1.135425969451000810e+03 1.197780515417574421e+01 1.604706057198497862e-02
1.296094583106666505e+03 1.195037118982607538e+01 1.052760418172630531e-02
1.499614064120000648e+03 1.190687902558563671e+01 1.117713328393266960e-02
1.661788048522142617e+03 1.197877149257085883e+01 1.298022082010736981e-02
