-1.315762589042727768e+03 1.352882296892774150e+01 1.363046704466678270e-02
-1.125662652185832485e+03 1.349427347648710551e+01 1.330013227447448577e-02
-9.565310112731249319e+02 1.352717390326730929e+01 1.299856324692752300e-02
-7.632205447044447055e+02 1.354315649844300928e+01 2.633778677766379986e-02
-5.965100299131997872e+02 1.331517033041071407e+01 7.548778974112315895e-03
-3.964686617299987006e+02 1.321853284511781190e+01 2.261037372535000187e-02
-2.345822045963630558e+02 1.345303119180779028e+01 1.326542310058624434e-02
-3.230407734000023368e+01 1.332601503661589426e+01 8.437421563761603877e-03
1.259444317327281766e+02 1.344302289996409172e+01 1.103419995945799197e-02
3.333507538909526602e+02 1.349473432933421435e+01 1.689806964080731860e-02
4.907420022323080389e+02 1.331067416859230867e+01 1.232842189191374338e-02
6.988774009549997572e+02 1.351431367928076099e+01 9.793314045817128749e-03
8.571722162400001253e+02 1.351193639496625387e+01 1.184924106805529398e-02
1.063156432515000006e+03 1.332308247884320096e+01 1.714176186977284244e-02
1.221295930658181305e+03 1.331563868900366820e+01 1.011214354290452568e-02
1.430210628552498747e+03 1.331809268400151147e+01 1.563393494533610664e-02
1.585905783912306788e+03 1.337278670577117268e+01 1.462201655823857673e-02
1.794269809556250038e+03 1.359030541471423170e+01 1.895754920539564556e-02
