-1.159348092286249994e+03 1.337093766965857888e+01 2.124377609170525344e-02
-9.917670694068751800e+02 1.344397702783850690e+01 3.735046574025512739e-02
-7.965705775950001453e+02 1.341419822934162731e+01 2.267159499838524925e-02
-6.323994717111769432e+02 1.336806315513260479e+01 2.032634510032927180e-02
-4.304623230976918080e+02 1.336824888308578707e+01 2.204301139393863296e-02
-2.709537268056244557e+02 1.328451592534992187e+01 1.822172247841721479e-02
-6.619572146199983820e+01 1.332097994682750830e+01 4.790661741749403096e-02
9.109292027285690097e+01 1.326715215939011827e+01 2.787978193649322950e-02
2.987682207799991829e+02 1.326107781399251451e+01 3.140828006241739440e-02
4.553739505000000349e+02 1.334334732649191935e+01 9.695003575307281629e-02
6.650681262849996074e+02 1.342781862594394582e+01 5.859368765128645379e-02
8.199861582216669831e+02 1.310970108373195231e+01 2.244332221661376331e-02
1.029136733208666101e+03 1.315030300591906176e+01 2.730876217329858066e-02
1.186563227501428173e+03 1.314167372293118419e+01 2.203616231674754289e-02
1.393744973140000411e+03 1.308515626284384936e+01 1.651430969311027536e-02
1.550729775448571900e+03 1.302783502524069448e+01 1.331378826666648751e-02
1.760548871523749767e+03 1.307515478094585326e+01 2.596414488647534255e-02
