-1.454902394702499805e+03 1.292515998305996128e+01 1.213084528824787123e-02
-1.278498473590768754e+03 1.299645552464074072e+01 1.046062474255489427e-02
-1.090703482300908263e+03 1.287436537954663862e+01 9.962966738673339692e-03
-9.169931890141675694e+02 1.309106540475093183e+01 1.435020002441585001e-02
-7.258599168918179885e+02 1.301758914734053363e+01 1.206169963340918486e-02
-5.582398609543747625e+02 1.285850414056185542e+01 7.438927777870628713e-03
-3.616404199115383449e+02 1.296829275178185448e+01 7.318988466389468941e-03
-1.977199046653840924e+02 1.316735237589625740e+01 1.136701021624682631e-02
2.963871620000039453e+00 1.343833316661796573e+01 1.530855485837413418e-02
1.632523477106665553e+02 1.347584127318922143e+01 1.307818086795006947e-02
3.696240842070001236e+02 1.322093013989516486e+01 1.182471986983199205e-02
5.290411294588872124e+02 1.302213248156144765e+01 1.485834461384992651e-02
7.338553426960003208e+02 1.295596616805020851e+01 1.122657561324915711e-02
8.938844863415389455e+02 1.314094561086726642e+01 2.025155860306650582e-02
1.098096830897499558e+03 1.311977162226598992e+01 9.565079233374984904e-03
1.258666600452144166e+03 1.333424826118208095e+01 1.832914962423298419e-02
1.465004635638000082e+03 1.334972505604946136e+01 2.031245923072836496e-02
1.625230539099999078e+03 1.337957104997085622e+01 1.630879676284716084e-02
