-1.347109522693124745e+03 1.294813091913004222e+01 9.644954457351083074e-03
-1.155827981983845348e+03 1.301190185586067471e+01 1.017489301582466359e-02
-9.877216454906251784e+02 1.300209455987257812e+01 6.640827202803930955e-03
-7.936112397133339300e+02 1.314497561752970967e+01 9.286772752046222601e-03
-6.290804313082352337e+02 1.332327386303017036e+01 1.217938717723623596e-02
-4.268149075106664441e+02 1.336262828037900263e+01 8.649144680470084029e-03
-2.657607284873336084e+02 1.352150520926764443e+01 9.111100270996272746e-03
-6.256668541076942347e+01 1.358919077497287731e+01 9.655891011418747671e-03
9.476280132058822403e+01 1.355616327607556215e+01 1.331415949541721148e-02
3.029630021856517033e+02 1.333515815391832326e+01 6.963536161140419789e-03
4.589775715143755406e+02 1.321431499148774691e+01 1.206839841214956029e-02
6.685584974900006046e+02 1.318520481183577608e+01 8.231260189962926258e-03
8.255411454894443750e+02 1.322360265843163241e+01 1.030438664296869609e-02
1.032846380085881719e+03 1.330626921714723387e+01 1.001663586726070365e-02
1.190200936856429053e+03 1.316618599375940768e+01 9.333595546781729702e-02
1.399613616936500421e+03 1.321627039982259078e+01 8.019164545013366535e-03
1.554843387315333530e+03 1.314739960823053622e+01 1.108178351737326359e-02
1.764138882894285189e+03 1.311955671419210567e+01 6.152341989303950799e-03
