-1.400189923541666531e+03 1.418750922356425015e+01 1.538583393889883175e-02
-1.220871530940832827e+03 1.424396931839025271e+01 1.678796140536869055e-02
-1.038166771006800218e+03 1.422297901960243571e+01 2.072107178695159133e-02
-8.607000202631919592e+02 1.422020077381191427e+01 1.270760846682298002e-02
-6.738553948434483800e+02 1.407041659629154040e+01 1.235548799369178691e-02
-5.006575809954168221e+02 1.426842388757533087e+01 1.569917578633895500e-02
-3.068926083262501265e+02 1.415324498413449916e+01 1.583507918780421159e-02
-1.401217605867999509e+02 1.429127970465949637e+01 1.369518221857600818e-02
5.726458519884657505e+01 1.417140090730069524e+01 1.297208453725511024e-02
2.202815505970835659e+02 1.419959534642726062e+01 1.377257196118160908e-02
4.230625752746153694e+02 1.422262185934720335e+01 1.529523014339212450e-02
5.859200631064445588e+02 1.413399522664638219e+01 1.447681690528655404e-02
7.885541785640743910e+02 1.412035255165553771e+01 1.376403506539086545e-02
9.516980689892001237e+02 1.401328388277631554e+01 2.513929195502528219e-02
1.153255117064999695e+03 1.400507202017072572e+01 1.290684130522004418e-02
1.315727706221904555e+03 1.396031386947451303e+01 1.867032797634821106e-02
1.519745996536538087e+03 1.392756952753499000e+01 1.133575393393825882e-02
1.682953797389200190e+03 1.389046173652390870e+01 1.046548611560242127e-02
