-1.479030672776001211e+03 1.081821324327512279e+01 7.328157851852240730e-03
-1.302777096885999526e+03 1.099288372442857487e+01 8.431205710084337460e-03
-1.113764695515217682e+03 1.125709224137276543e+01 1.351010414493847116e-02
-9.430290027909094306e+02 1.128123401807322601e+01 1.124828840875173597e-02
-7.504514815836359958e+02 1.133810811168304689e+01 1.414530040183980403e-02
-5.841705086000001756e+02 1.131599689088492866e+01 1.153441360474515530e-02
-3.862299010045442742e+02 1.114044063558418962e+01 1.116261988332674024e-02
-2.237265870714285825e+02 1.122540278225060284e+01 1.221558738913733691e-02
-2.014898433312555426e+01 1.109262089351325109e+01 3.137422000844820869e-02
1.372195594938463046e+02 1.122558905969039600e+01 1.269312068197648441e-02
3.449384644919999232e+02 1.132357279655626314e+01 1.128187371178086297e-02
5.037845818345442694e+02 1.129247013698911140e+01 1.383836845225913312e-02
7.099970475845456122e+02 1.117837933153315610e+01 9.996028254520004583e-03
8.679100949441672128e+02 1.103525536563906506e+01 9.571205823836533011e-03
1.076230822728751264e+03 1.107385955155616308e+01 8.774529067528217055e-03
1.232536267143846089e+03 1.118562596601033476e+01 2.772787427948286004e-02
1.440463377673333298e+03 1.128837310813636741e+01 1.432945989428588071e-02
1.599208445511817899e+03 1.129731941146197904e+01 1.433382300093876370e-02
1.805123284255001636e+03 1.133335957982123787e+01 2.198357546180374975e-02
