-1.463296015025999850e+03 1.014439577056298170e+01 5.356115288575274622e-03
-1.287854465051666239e+03 1.021420464626906011e+01 1.109088121390819533e-02
-1.099163193508998575e+03 1.022603053417406826e+01 2.837049421340832357e-03
-9.284036150407689547e+02 1.012880879152980462e+01 4.651714249475660118e-03
-7.365154877827272912e+02 1.033327202339521733e+01 1.172396118393289298e-02
-5.699702455353847199e+02 1.011973629520267437e+01 1.136362475265324107e-02
-3.700878142379995666e+02 1.014289116657890943e+01 8.595419937174216679e-03
-2.067254746058327726e+02 1.041985400982109944e+01 5.519385604950883574e-03
-5.907179354999970933e+00 1.009073960995302954e+01 4.612160974635698234e-03
1.537099554423078303e+02 1.013048858722209999e+01 3.267694513296390442e-03
3.582526062288881121e+02 1.015059587704037014e+01 5.968837140006441611e-03
5.179048699458326155e+02 1.010812669267568964e+01 5.231145709167143824e-03
7.253146030599993992e+02 1.028685684525951594e+01 5.507671944058488943e-03
8.846486580936365272e+02 1.034123299836321763e+01 4.737467322869042680e-03
1.089650424907500565e+03 1.062284558596210893e+01 6.110409057782671682e-03
1.249085148549166433e+03 1.052661357960898236e+01 8.271465273239891197e-03
1.455146012410000139e+03 1.043300379112311305e+01 6.080138091681518836e-03
1.613892490907499450e+03 1.055069527116266848e+01 2.262627738965515556e-02
