-1.162740191191818440e+03 1.243010999261082361e+01 1.148804314917375134e-02
-9.952773862674990824e+02 1.243291359033932508e+01 2.152574698869293146e-02
-8.008865111020007816e+02 1.243835984982730025e+01 1.840274905789886922e-02
-6.362683653572742060e+02 1.242234945346506336e+01 2.169094659501482822e-02
-4.352403726730430549e+02 1.239092374080248504e+01 9.373486925662680505e-03
-2.757490789350006821e+02 1.246869944945413522e+01 1.267041691575136221e-02
-6.960168178666633310e+01 1.263911240195525920e+01 1.440698064919383910e-02
8.769866445615367923e+01 1.269521899029307832e+01 1.371437003004483818e-02
2.946050368281814258e+02 1.267685719541537637e+01 2.117239659323726098e-02
4.518123802990912168e+02 1.275163335751428662e+01 2.396839631425586037e-02
6.617083562983334559e+02 1.258456524008785848e+01 1.601452381333448929e-02
8.167302851430772535e+02 1.226979593219224896e+01 4.083393706446743904e-02
1.025791623963000120e+03 1.230166403072115600e+01 1.582981516403784983e-02
1.183170260735455486e+03 1.230927615625225968e+01 1.132551669045292302e-02
1.390993646487142541e+03 1.217195044898882195e+01 8.735389963309714637e-03
1.547346268645833334e+03 1.205370602943606073e+01 6.343781353326085129e-03
1.757186187684999140e+03 1.222879267288677596e+01 1.137731604587705232e-02
