-1.429478035485454711e+03 1.359417448779896098e+01 1.659655174055540625e-02
-1.251862632451176296e+03 1.350082158966269041e+01 1.443949736184365305e-02
-1.066992447941875525e+03 1.349256267977251511e+01 1.191439804855351503e-02
-8.914802370248481793e+02 1.362033021260374355e+01 1.696143541517590447e-02
-7.030804684116673116e+02 1.373897943857319071e+01 1.064964562739183565e-02
-5.311803239766672959e+02 1.373268763329929953e+01 1.139624369563806139e-02
-3.361886595593755374e+02 1.374507993586069077e+01 1.163120424158105466e-02
-1.707634065505887691e+02 1.369462109868477206e+01 1.338510371363598773e-02
2.801167564571369439e+01 1.361434968158492786e+01 1.426336261614115711e-02
1.897023813553851710e+02 1.369001690042019881e+01 1.621495906833004055e-02
3.943220285129995091e+02 1.353705859036041836e+01 1.158445078542785951e-02
5.553983576226091827e+02 1.345650303001888659e+01 1.045630263595420141e-02
7.592154056229410344e+02 1.338490722500185193e+01 1.058956162396467414e-02
9.208596399611119523e+02 1.335335385688704513e+01 1.509180865948607335e-02
1.124353182805881943e+03 1.341451393171501749e+01 9.060755647096824239e-03
1.285877547510833438e+03 1.349263139139190670e+01 9.867495976784167871e-03
1.490522101226429641e+03 1.356295268822189648e+01 2.141897744413089402e-02
1.650975144380768597e+03 1.366183930480752018e+01 1.021029728692072341e-02
