-1.471728841593637299e+03 1.345421858090008271e+01 1.684320229532483559e-02
-1.283886147385999266e+03 1.363679275719916362e+01 1.748839615287804683e-02
-1.107102431212499823e+03 1.353853425913012742e+01 1.666894081706938799e-02
-9.220262028374994543e+02 1.354990761008557598e+01 1.773003572096418581e-02
-7.479650196280002774e+02 1.351231506090770829e+01 6.855362864210644280e-03
-5.579167049363637716e+02 1.354254695114722118e+01 1.584366713009410441e-02
-3.868994899981248636e+02 1.348776060824049594e+01 2.314787719748833197e-02
-1.907352188692311756e+02 1.336215408792721959e+01 1.271282186540500202e-02
-2.534572452272749032e+01 1.336477385659441630e+01 7.938058474943016779e-03
1.733044925220005155e+02 1.337371778423013424e+01 1.637510305311083367e-02
3.353540869324994560e+02 1.337973638361730977e+01 1.126847762401656308e-02
5.384708157988233097e+02 1.333006680860220428e+01 1.864923633493463170e-02
6.995766647781816800e+02 1.339429211496870842e+01 2.191855452367708762e-02
9.046817644500006281e+02 1.351398845638102308e+01 2.011626207822917595e-02
1.066642153965454099e+03 1.361418827125365461e+01 1.330958315487654718e-02
1.268793730660714346e+03 1.363499819937446134e+01 1.920349063264627926e-02
1.430873634916667243e+03 1.360703358323818790e+01 1.301085728948742776e-02
1.635905825351666863e+03 1.360414680752205996e+01 1.325751010084753705e-02
1.796244142848000365e+03 1.361499366483898932e+01 1.070831004407327494e-02
