-1.309201454332308231e+03 1.285560731110254729e+01 4.518018785132472959e-02
-1.119741611857272801e+03 1.247555346408575083e+01 2.052764134456170481e-02
-9.484758608750000803e+02 1.256724004002460404e+01 3.850629515699263011e-02
-7.548507417558333827e+02 1.280370385920453380e+01 1.807937729413943567e-02
-5.888373657945452351e+02 1.318737841384155907e+01 3.668076778246446429e-02
-3.906183696481834318e+02 1.304205700702020820e+01 2.549126220035334567e-02
-2.282971506061540481e+02 1.259810260437927809e+01 1.922029081445492116e-02
-2.650675819800089883e+01 1.277043151023229406e+01 3.248126075579317595e-02
1.320801636472718883e+02 1.264976889303945740e+01 2.053046483247633267e-02
3.405216946390006569e+02 1.274838987486138642e+01 2.389999743919669559e-02
4.976476585236002848e+02 1.246805057507320136e+01 1.412306859751564191e-02
7.048407555440004444e+02 1.227066769261186607e+01 1.654972737529833773e-02
8.632829708849998269e+02 1.222937860255304976e+01 1.972771769000783784e-02
1.069366501238999717e+03 1.219176472914348963e+01 1.797724681689351692e-02
1.227525354537143585e+03 1.211121888567242166e+01 1.351910457814594659e-02
1.435983961397777193e+03 1.242369611422595810e+01 9.119519325465582846e-03
1.594640030340908652e+03 1.260741606111938218e+01 1.431940184244794023e-02
1.800254936095454241e+03 1.272110051060714753e+01 3.497264919733042432e-02
