-1.308859092153846177e+03 1.395508825380087714e+01 2.628496544194080728e-02
-1.129501977727825533e+03 1.399608675932234547e+01 1.533416711748036843e-02
-9.470006916453846770e+02 1.401181751180706847e+01 2.219450985351303571e-02
-7.688287788181809219e+02 1.388560121289141591e+01 2.188907216147273696e-02
-5.813130852603997027e+02 1.388745690690265278e+01 1.378073786123221178e-02
-4.097256282727268513e+02 1.391459093672961167e+01 2.223483029926838495e-02
-2.158417143600007364e+02 1.394413410782777341e+01 4.261630031429448212e-02
-4.905652713846211554e+01 1.394656227188082021e+01 2.578714382259275281e-02
1.483719160192312643e+02 1.385287694285366022e+01 2.209700548361114361e-02
3.115522455307694258e+02 1.392147858131840010e+01 1.732100737004499055e-02
5.155389347835714489e+02 1.390386925753095682e+01 2.005589856015910569e-02
6.786860548375001372e+02 1.379639025055964119e+01 2.486559937760206285e-02
8.797091070616667139e+02 1.373932414697216053e+01 1.377413706378196288e-02
1.042861983182307767e+03 1.372591625716708386e+01 1.344081244699588985e-02
1.244162979439999617e+03 1.377982555157596067e+01 1.432238222786035714e-02
1.407417694048570411e+03 1.376830459258223449e+01 2.114844968781990145e-02
1.610897100404166849e+03 1.383815849921849583e+01 1.875901018078950100e-02
1.774047550940000292e+03 1.387820528664804698e+01 1.990178430489385891e-02
