-1.456897956652221637e+03 1.147539931021183790e+01 1.831792749688133590e-02
-1.268943663381999158e+03 1.146301746546064848e+01 2.735301001101499152e-02
-1.090245249969999804e+03 1.129070215392269816e+01 7.341975302531723348e-03
-9.046603005133341640e+02 1.141199677152076752e+01 2.008205942537204594e-02
-7.310501699829998188e+02 1.157831205404343677e+01 1.180647043183407317e-02
-5.399741971728570888e+02 1.160743364729182581e+01 1.245393373537381949e-02
-3.718538012518196751e+02 1.138971404534095910e+01 1.315390381879476961e-02
-1.758305892099985215e+02 1.130703266694638209e+01 1.155032865517322677e-02
-1.060609481615448679e+01 1.121451518688650495e+01 8.492561781971552648e-03
1.914160778875002507e+02 1.117342980618979986e+01 9.833428977559751857e-03
3.510113833131816250e+02 1.137244056754946264e+01 2.018964338862120136e-02
5.554044457457140425e+02 1.135478269551640906e+01 1.196206458988575104e-02
7.165580808572717615e+02 1.095023641476626608e+01 5.379241544567328615e-03
9.200175201944439323e+02 1.128946087161505929e+01 1.961880893150293528e-02
1.081240116702857904e+03 1.132429032460227880e+01 1.032701705649326750e-02
1.286787648287141337e+03 1.138439511606015131e+01 1.307790250001983692e-02
1.447848854971818128e+03 1.127247586105897525e+01 7.121225519876196036e-03
1.651034798796667928e+03 1.120837267305536855e+01 1.287146599830263707e-02
