-1.457869216575454629e+03 1.229592595768528440e+01 7.649544882829744513e-03
-1.281941065405833797e+03 1.245293005717519463e+01 1.587429836714359874e-02
-1.093697517704544680e+03 1.199700548388117838e+01 1.090304074747407322e-02
-9.218917044309091580e+02 1.178287476135983525e+01 8.564170919451280159e-03
-7.296566264847048160e+02 1.192215668266250361e+01 1.056658798853579544e-02
-5.613669083374994671e+02 1.209313093576285603e+01 1.449650613722096130e-02
-3.645891239884613810e+02 1.183525202701853374e+01 1.203831647893377661e-02
-2.008737202566668714e+02 1.200455115547210028e+01 5.618414542777757162e-03
2.095958784618862647e-01 1.219467342166624846e+01 1.335600426428052746e-02
1.595619668449993185e+02 1.203528276064135127e+01 1.352323933269455013e-02
3.665999066874998675e+02 1.216552331701279144e+01 2.162031981721306007e-02
5.241640818730772935e+02 1.208418091505113345e+01 1.813243283029240469e-02
7.308874424650000492e+02 1.201530884538467348e+01 1.840826422711772103e-02
8.907352115308331122e+02 1.223678038598412421e+01 2.025328805541362631e-02
1.095638198628334067e+03 1.222401901151792813e+01 1.567587618132571317e-02
1.254927000095833819e+03 1.195519400353199124e+01 1.641050638511273863e-02
1.462122261824615180e+03 1.196873297638747857e+01 9.047307928496175003e-03
1.620104125218571653e+03 1.196847952521261149e+01 1.049205829381286842e-02
