-1.321475362102353529e+03 1.273105609271340377e+01 1.896558016132181626e-02
-1.130994710520909393e+03 1.279938705698706869e+01 3.973614354196169235e-02
-9.625263633950000894e+02 1.281514883826029738e+01 2.702348114576618235e-02
-7.690580339190914856e+02 1.272260886960722281e+01 2.529361464977597507e-02
-6.028915602111106864e+02 1.269518266860581335e+01 2.020415051124038047e-02
-4.019527602123069983e+02 1.275287196886601038e+01 1.201253038604466715e-02
-2.418075303466663115e+02 1.282246805466929018e+01 1.116687226217604433e-02
-3.781543141071493608e+01 1.280491185315989000e+01 2.352342802805297561e-02
1.202301932818745627e+02 1.278803619199708663e+01 2.392240134880050176e-02
3.268160224787493462e+02 1.267518821374316751e+01 2.523835862780656261e-02
4.844493437424998774e+02 1.262901954129981164e+01 2.094560593967733156e-02
6.934836958823082114e+02 1.274222131915862732e+01 1.453398660310595975e-02
8.488621227861117404e+02 1.272071856380130228e+01 1.609414112152943166e-02
1.057606112108460593e+03 1.271363416234242649e+01 1.997479290130839413e-02
1.215733834841333191e+03 1.271878065674005676e+01 1.636391243165370366e-02
1.422214102260666550e+03 1.272717777023065722e+01 1.572464755529264305e-02
1.579863055514666939e+03 1.273226931533358730e+01 2.629361357092588683e-02
1.789013630553845587e+03 1.258552433806943682e+01 2.246824682948803456e-02
