-1.460098472277142491e+03 1.278373719426550537e+01 1.508590314064177373e-02
-1.284281371576249967e+03 1.298084781625053274e+01 3.199252143355706124e-02
-1.095797759254706534e+03 1.295851694580133717e+01 2.112603796445801721e-02
-9.252634070778121895e+02 1.280760012332642894e+01 1.308273602042621733e-02
-7.333010293517392029e+02 1.275344342627177241e+01 1.935042295993351022e-02
-5.647273888365908761e+02 1.285292142247442371e+01 1.329147214582485255e-02
-3.668341351624001732e+02 1.262570324769024310e+01 9.624194458481954637e-03
-2.032609939819996328e+02 1.258605908783925642e+01 1.069362335514894603e-02
-2.620667867142834506e+00 1.260049132923868775e+01 1.616506133330881598e-02
1.572261276962074987e+02 1.265341367382680104e+01 1.539463698386990542e-02
3.629773394912818958e+02 1.261897481194440118e+01 1.226551126822185422e-02
5.217570557621426133e+02 1.260791160033108049e+01 1.413451437413613086e-02
7.285952513595642586e+02 1.264883874637947514e+01 1.482283084941444194e-02
8.884105221066670310e+02 1.269170550098473882e+01 1.824510749255621109e-02
1.093321084773333268e+03 1.285485027603555430e+01 1.501244431297089378e-02
1.252630738825417211e+03 1.286389366119412259e+01 1.818027520702567360e-02
1.459802523294347338e+03 1.273687528601927355e+01 2.460520075053411124e-02
1.617066644472999769e+03 1.279301794743195586e+01 1.768950552368592569e-02
