-1.340560032846364493e+03 1.170841661401391320e+01 1.464069780110351972e-02
-1.148996471672308189e+03 1.177406084068267411e+01 2.411690657864999643e-02
-9.801577562058333797e+02 1.182741204896557008e+01 5.517590743494459743e-03
-7.845518429135715905e+02 1.182195030127359203e+01 8.925956036535884208e-03
-6.197084685907690300e+02 1.181983632433974840e+01 1.195870807218276516e-02
-4.203808934838458526e+02 1.186637871553375234e+01 9.487851905406673517e-03
-2.591446696658331348e+02 1.191057184917549705e+01 1.384234553540571178e-02
-5.579087923642925517e+01 1.190945507646083357e+01 6.990642376260823750e-03
1.013743889154542188e+02 1.189124178280728295e+01 1.106016217327058550e-02
3.107713389123085790e+02 1.184221967569962786e+01 6.073394780461040601e-03
4.660132840871426083e+02 1.182824107348005604e+01 8.849134000996383351e-03
6.750800652469226861e+02 1.177181814066189602e+01 7.681937038470406341e-03
8.324864723028575781e+02 1.169558120788475009e+01 7.372453820769662471e-03
1.039551100335714864e+03 1.167638780886786876e+01 7.977283628560391179e-03
1.196738479657856942e+03 1.164845094985217422e+01 9.704775526481673048e-03
1.406339758847271241e+03 1.161865235562936860e+01 6.696216974740511890e-03
1.562902891404444517e+03 1.160748687248128519e+01 7.688069114685629549e-03
1.770460894130908628e+03 1.161669520982857406e+01 1.904400804170039430e-02
