-1.460291529029287176e+03 1.202057565109140391e+01 1.055280128790480644e-02
-1.284604499114211194e+03 1.199420053957632604e+01 5.587514578329710532e-03
-1.096148434616429313e+03 1.197447855490936774e+01 1.090049695217574881e-02
-9.249727134547367768e+02 1.196055097258338940e+01 8.321281462814723862e-03
-7.334963919086668511e+02 1.195915123795481172e+01 9.100181187454150014e-03
-5.652814826088011841e+02 1.198378270480374042e+01 7.980877295810999764e-03
-3.670130155981260032e+02 1.201362579728989388e+01 2.133188135634685872e-02
-2.034370238172224390e+02 1.205132543635373921e+01 1.327710027254542027e-02
-2.733586145334023332e+00 1.203663465974902280e+01 1.346246126958476098e-02
1.569930497800006037e+02 1.202073739609317116e+01 1.063940579879708165e-02
3.628052752909674155e+02 1.193471739308666102e+01 9.230572939733243734e-03
5.215012647035298414e+02 1.186728544505012550e+01 1.191388073746126042e-02
7.284459653338885801e+02 1.187610808444879673e+01 1.008154756697760696e-02
8.882459188711761726e+02 1.190719898667078880e+01 1.094683138484274856e-02
1.092720695680666495e+03 1.185266424304255928e+01 7.539637723336334481e-03
1.252418928170000754e+03 1.186074304326968054e+01 1.147089718719385663e-02
1.459569786314998964e+03 1.181056234394502802e+01 1.018450865507738133e-02
1.616827257743333575e+03 1.180415119088883458e+01 9.867742789457590105e-03
