-1.395369809456315807e+03 1.229261805713482225e+01 1.625617799552991904e-02
-1.214200281049999830e+03 1.240605905786355834e+01 1.370603292568701830e-02
-1.033373814991111431e+03 1.230586318121028100e+01 1.039888194323335645e-02
-8.545281857949994446e+02 1.226639241433962013e+01 1.477842838666813298e-02
-6.662603375559997403e+02 1.229395662300326109e+01 1.298008048301033980e-02
-4.956178463631244995e+02 1.235222086560619736e+01 1.298085850023085984e-02
-3.021973904724995919e+02 1.229240598884691238e+01 1.421409962222270999e-02
-1.351311249673683506e+02 1.228062177242244601e+01 1.280273666844012649e-02
6.251514435999930441e+01 1.235794922954040587e+01 2.056210567394241642e-02
2.258476676210004257e+02 1.228199874236323907e+01 2.812773357997352952e-02
4.290182965941173165e+02 1.223693403452580064e+01 1.189889100679006155e-02
5.923865690861528037e+02 1.206263623396934470e+01 9.023548561209810553e-03
7.934005621259992722e+02 1.190903437865313563e+01 1.052332973328558643e-02
9.567285803824992172e+02 1.200819357770919638e+01 1.553274786764995835e-02
1.158827574595000669e+03 1.203460086602347801e+01 1.170123663186864102e-02
1.320986743441000044e+03 1.209715919566800935e+01 1.617885400239715485e-02
1.524497902174000046e+03 1.217699198277552597e+01 1.080692971916292350e-02
1.687758169021999720e+03 1.219928260157929145e+01 2.318362163170748641e-02
