-1.424103790264666486e+03 1.300159462953852163e+01 3.762469805766714692e-02
-1.244357498634761896e+03 1.297889677690933397e+01 3.234634750483487281e-02
-1.061488890451428915e+03 1.298558360990755034e+01 2.032792863570273209e-02
-8.843360663000001978e+02 1.323797631339162351e+01 2.370556982290938572e-02
-6.949602673131257689e+02 1.322944678766048021e+01 2.180648430080394176e-02
-5.255979268549995140e+02 1.324551555802432290e+01 2.369025614194827239e-02
-3.308161804061534212e+02 1.330230551525170313e+01 3.402127020813279501e-02
-1.651535730760001286e+02 1.319527570077687884e+01 2.264681705406944995e-02
3.417435948562524572e+01 1.333787754990512653e+01 2.315148648475031518e-02
1.956519583311772408e+02 1.330591952714132020e+01 1.845032612812872591e-02
4.004176523269225640e+02 1.352944794363990333e+01 6.047520575735974152e-02
5.624220597107143931e+02 1.328534750137917442e+01 3.531163840007184307e-02
7.646916699700003619e+02 1.320211100623719069e+01 2.719302456883953764e-02
9.266164045959992563e+02 1.356644499872872345e+01 3.983764593446974950e-02
1.130470570573846544e+03 1.395011002199839822e+01 4.126575023595575875e-02
1.291124571549285292e+03 1.372606675445670099e+01 2.936360833568058687e-02
1.495815844112667264e+03 1.377851437694596193e+01 2.822261669981072918e-02
1.657848086954285691e+03 1.374855473282598517e+01 3.153231799885600206e-02
