-1.432707911412142721e+03 1.447303643498901593e+01 2.868434955896665556e-02
-1.255020578300667694e+03 1.442858433375527483e+01 1.831489173484949010e-02
-1.069733675336000260e+03 1.423474857771075186e+01 3.053548755137205917e-02
-8.958601801937502387e+02 1.391519239136725794e+01 1.581953894713751183e-02
-7.059534013581251202e+02 1.412351481539117160e+01 1.714369417599363038e-02
-5.358122578086957901e+02 1.419455458370891598e+01 1.622557657178042706e-02
-3.391138443278562704e+02 1.438160283442980791e+01 2.247798566709542645e-02
-1.738738552593335100e+02 1.442058988523160679e+01 1.705699378662711013e-02
2.514881989933346773e+01 1.418225258627158958e+01 1.706756942056854298e-02
1.865622610114280917e+02 1.424482213117895668e+01 2.948362692342591102e-02
3.902463054743748216e+02 1.431228777670115448e+01 2.162666517252196871e-02
5.510313265699996919e+02 1.405989894597385970e+01 1.674316995775821174e-02
7.562870558725002184e+02 1.409033535144602212e+01 1.507456390254300130e-02
9.177582938731247850e+02 1.413303003965475213e+01 1.681394481477729852e-02
1.120547557109999843e+03 1.410112774086440623e+01 1.750183032238604441e-02
1.281984214344285419e+03 1.416571749144309678e+01 2.602308909758328445e-02
1.486307654895834048e+03 1.423877219303999020e+01 1.710978431566873709e-02
1.646429287377500259e+03 1.433940902078172464e+01 1.709439983911028790e-02
