-1.418502344979167219e+03 1.214544240785742879e+01 1.660089452632217827e-02
-1.237414949365383791e+03 1.229677925139829320e+01 1.023016859917730802e-02
-1.054925151770831917e+03 1.228934498646812834e+01 7.930981210604603343e-03
-8.785335462799998822e+02 1.223793770326776986e+01 9.792064209571684288e-03
-6.895407271769223598e+02 1.234325180871340422e+01 5.137614641614856280e-03
-5.197156819153847209e+02 1.237505563139175813e+01 1.081229765636905656e-02
-3.253271116050006526e+02 1.250013334922486585e+01 9.043458603792981637e-03
-1.584673730106655682e+02 1.255542208053832987e+01 7.013510770886048282e-03
4.175941312666691374e+01 1.219953535168864178e+01 1.404770312054474772e-02
2.025471331525004643e+02 1.253927211355872373e+01 8.566866621099223505e-03
4.060149499128565367e+02 1.269613770747452719e+01 1.244978251007246295e-02
5.682995901292312055e+02 1.247457840918794325e+01 1.181194630692069397e-02
7.710364939228571757e+02 1.228330298625146888e+01 1.009589588410182877e-02
9.329536838062499555e+02 1.228139281599369426e+01 8.517903938176337245e-03
1.137202594140832616e+03 1.206790741396636335e+01 9.696486372625382627e-03
1.299536522898182056e+03 1.215171775800247644e+01 8.966252782276003599e-03
1.501401647458751086e+03 1.222290212940282395e+01 1.081628140163588304e-02
1.663700792746153184e+03 1.213093855438641810e+01 8.921342414565451920e-03
