-1.323088194799231132e+03 1.377599931981693793e+01 1.447993919370021455e-02
-1.132627093093636404e+03 1.375728472840584082e+01 2.251907948043457841e-02
-9.641869312681824340e+02 1.371525910084770139e+01 1.353627177785220875e-02
-7.706745366981823508e+02 1.364047046275291919e+01 8.008260198380077674e-03
-6.045128063036371486e+02 1.378232276300651016e+01 2.611748869296875997e-02
-4.051213152258333139e+02 1.378002297056191594e+01 8.895869925763943628e-03
-2.449229381372722116e+02 1.375463833410659831e+01 2.778318438075609922e-02
-3.943109853600035564e+01 1.374685529344110613e+01 1.241325904023605868e-02
1.184760673341667570e+02 1.380610595155821230e+01 2.084814751074137024e-02
3.261898807475002400e+02 1.368349824947550353e+01 1.937382015523543902e-02
4.827175589972724765e+02 1.369551278398494887e+01 1.042269672696849100e-02
6.918445094283342769e+02 1.382109733854414735e+01 1.616543165385803116e-02
8.469324848715393728e+02 1.374639488761988737e+01 1.339532630300021253e-02
1.056013764127272680e+03 1.372584631556021861e+01 1.738994588494430227e-02
1.214031622201666323e+03 1.379944155599111255e+01 1.446761629627689796e-02
1.420324492140909342e+03 1.384075799267141882e+01 1.329478524839345505e-02
1.578153356382499624e+03 1.379807474064545758e+01 1.396026106091454236e-02
1.787387828373636012e+03 1.373974154964226457e+01 1.810823954983734052e-02
