-1.308128057436667632e+03 1.280873452851031224e+01 2.669732412838651120e-02
-1.118245749941666190e+03 1.283779906379006519e+01 2.338442302877472359e-02
-9.465471115214287465e+02 1.281245483269252361e+01 1.602357398575126810e-02
-7.537865488136369549e+02 1.293293167452236858e+01 1.452475514498279517e-02
-5.877564170936358323e+02 1.301084277710043402e+01 2.185571902419750773e-02
-3.895565389870004083e+02 1.313369772593942031e+01 3.518680452153809257e-02
-2.272865069499997333e+02 1.321473447281759306e+01 4.661690079329100511e-02
-2.547711444363614319e+01 1.317296516378744720e+01 1.582306493026429395e-02
1.331954882428565554e+02 1.314049857251204223e+01 2.894737727153138401e-02
3.416105214325004340e+02 1.313440078232151720e+01 1.857346902484171419e-02
4.992094583511109818e+02 1.309620246265571453e+01 2.496983024795605341e-02
7.059128565075006918e+02 1.301486811332275906e+01 1.669814168880673008e-02
8.643678636515385278e+02 1.298587610657468261e+01 2.004278934238054588e-02
1.071793125938947242e+03 1.293090536125084355e+01 2.355296846640649380e-02
1.229230825550769168e+03 1.285153572969255542e+01 2.299165992319140636e-02
1.437051709473636492e+03 1.294513979503698309e+01 2.978726767805398024e-02
1.595787959106363814e+03 1.291375895682651809e+01 1.117660797175409372e-02
1.801318197295453274e+03 1.304294715188403764e+01 3.843471030550014295e-02
