-1.162540189649092099e+03 1.404961968119845750e+01 5.864649328991965171e-02
-9.949896935369223456e+02 1.411741266378729520e+01 5.887940716224970145e-02
-8.006512583081818093e+02 1.414656596245565723e+01 4.859665560075709240e-02
-6.359970404154545349e+02 1.416472845631622235e+01 6.431866741774106000e-02
-4.348883764881820184e+02 1.412851125625780568e+01 4.897558952461728704e-02
-2.750473900341669946e+02 1.407409279164717120e+01 7.465399023187439809e-02
-6.941943995083238406e+01 1.413373861270917509e+01 6.814015684542909512e-02
8.800648115700023766e+01 1.410468804394286835e+01 6.132064366605524675e-02
2.949007204708335053e+02 1.405234122061134272e+01 6.357239689347676803e-02
4.521133948016656063e+02 1.399920138100250000e+01 4.058897127961214046e-02
6.615968607492311548e+02 1.378096276892731353e+01 3.053747200027947736e-02
8.163955641354550608e+02 1.376784855961079401e+01 4.471434610977793878e-02
1.026082569137143309e+03 1.369539248971857504e+01 3.990324621456303039e-02
1.183461694505999958e+03 1.360233747576916663e+01 4.791345421233040441e-02
1.390325389661817553e+03 1.368522405427364319e+01 2.573201314883198296e-02
1.547692267330000504e+03 1.389286214676661402e+01 4.736489808728699957e-02
1.757416963171539010e+03 1.373600411413478994e+01 4.539926165021897220e-02
