-1.338924558124286250e+03 1.068962963305670577e+01 5.455891165041135311e-03
-1.147793602932000567e+03 1.080133874219757750e+01 5.473636349240243969e-03
-9.777334632599997803e+02 1.091239678502608967e+01 7.878417586559745625e-03
-7.832665210509095459e+02 1.097497525379407790e+01 8.532730358470278290e-03
-6.184085345621434726e+02 1.106476610122618354e+01 1.396475636563493730e-02
-4.190094416323073006e+02 1.109008105505558639e+01 1.229721413416586494e-02
-2.577814620425003227e+02 1.110574193108666741e+01 1.213045845843028353e-02
-5.454003355769292938e+01 1.110573634500348028e+01 1.073548984851577411e-02
1.027455096838462936e+02 1.113889283859427337e+01 9.355636436189749758e-03
3.121440791045461083e+02 1.105172415988284484e+01 5.533811443554897264e-03
4.682889708991997963e+02 1.098506357247381082e+01 5.735132508840906466e-03
6.764093942838444491e+02 1.088663330607645108e+01 5.750173500797672345e-03
8.338962472433335051e+02 1.103427609309116697e+01 5.785572973232442663e-03
1.042653727897618637e+03 1.113814369479443478e+01 5.621633934210021853e-03
1.199361368439285570e+03 1.106991246643725546e+01 8.233097558855399442e-03
1.407647496513636725e+03 1.094839617082283922e+01 6.059653706336558601e-03
1.565270509825453928e+03 1.096381023065563021e+01 1.535947302572626856e-02
1.772516309304614424e+03 1.100475418984168030e+01 6.052624334430311073e-03
