-1.401733334097777288e+03 1.233704899646040865e+01 1.938389516182679670e-02
-1.222773926660476263e+03 1.225032246525536195e+01 1.450475628653249451e-02
-1.039781595122500676e+03 1.223312812258641813e+01 9.709908249773200120e-03
-8.624343818300002340e+02 1.226134969510854589e+01 1.048469992708940882e-02
-6.748411107204004793e+02 1.226539549766068760e+01 1.257959715619584584e-02
-5.019657870557136903e+02 1.230273815185194231e+01 2.097936271913210249e-02
-3.084214902952385273e+02 1.231083491097103177e+01 1.414751534810095718e-02
-1.417762964157139152e+02 1.236715366822416939e+01 2.021115892517659149e-02
5.574980395944415790e+01 1.233823720248293299e+01 3.090732613788409189e-02
2.188689262542855829e+02 1.237546094095733373e+01 1.994672404377101013e-02
4.212528279625582854e+02 1.232770880176420647e+01 8.122171306718179579e-03
5.834396016110526944e+02 1.232541326039528329e+01 3.728663635189972958e-02
7.870383600381821907e+02 1.230631251131777049e+01 1.029784262099487681e-02
9.500966321474994629e+02 1.224590134021514487e+01 2.301146950595800086e-02
1.151253289637500302e+03 1.221947362507353496e+01 1.464004450043987320e-02
1.314194475940000302e+03 1.223275245492463270e+01 1.722824229084372882e-02
1.518094272810868915e+03 1.221202771041775037e+01 1.517208683307789963e-02
1.680001822378399993e+03 1.229294454283708049e+01 1.335384033171790712e-02
