-1.161284856783332771e+03 1.255429107550759582e+01 1.530201207354721718e-02
-9.937145984515384498e+02 1.272189117180707996e+01 1.626011030027876836e-02
-7.993966070236366477e+02 1.284478410116624048e+01 3.474417332775909389e-02
-6.341197191130777355e+02 1.286533187554376312e+01 2.820882453789618979e-02
-4.332221654431245952e+02 1.275534189436194055e+01 6.600130721180966220e-02
-2.736589281399997731e+02 1.293408885606750225e+01 6.866318856428942075e-02
-6.819490486249924288e+01 1.283532108574522113e+01 1.882878248052630155e-02
8.921467853545419757e+01 1.263509037764885257e+01 2.088304970007678896e-02
2.966763928938459003e+02 1.291399773444694610e+01 2.390153814005526942e-02
4.533757282558338488e+02 1.299424189585031186e+01 3.281610222487323092e-02
6.631437283881816711e+02 1.293298495307340623e+01 3.367940496630449088e-02
8.175963200038464720e+02 1.272483951927754653e+01 1.018093050471056277e-02
1.027244338870909132e+03 1.252951577697625396e+01 1.325509183869946067e-02
1.184673946067499855e+03 1.264192914689658664e+01 1.472433355416623464e-02
1.391979950216923953e+03 1.264283610211590769e+01 4.326754834226899382e-02
1.548767107802727651e+03 1.277739377072560778e+01 2.136054934554223322e-02
1.758630339856999399e+03 1.273806756281145169e+01 1.866133499980487248e-02
