-1.420276567693077141e+03 1.280946394479487971e+01 5.707001664781640934e-03
-1.239701587412857634e+03 1.289346167537648036e+01 1.165202468673535996e-02
-1.057949742819231233e+03 1.281904126890328754e+01 1.672541912689829574e-02
-8.804423422623076476e+02 1.272782075797092638e+01 9.708870979373923626e-03
-6.911984778933334610e+02 1.274636550160255588e+01 1.458474199545800251e-02
-5.215995230950011319e+02 1.274666926245774334e+01 9.982942628229385038e-03
-3.270750095671428426e+02 1.294767620689787968e+01 1.334734443619936192e-02
-1.605620198238466401e+02 1.302173406720725701e+01 1.051539392181323473e-02
3.845911601222178433e+01 1.295342680639719468e+01 1.007686508178727396e-02
2.004815542979161762e+02 1.286036323223621380e+01 1.230157322067801547e-02
4.042220186250000324e+02 1.286577020598138077e+01 1.225358163804291314e-02
5.664462286107686850e+02 1.283819299051024920e+01 1.074587492702202586e-02
7.690205869815382584e+02 1.278670809248413853e+01 6.734648079293728898e-03
9.306283079457140275e+02 1.270506005463307275e+01 1.366718367554157869e-02
1.135425969451000810e+03 1.263800218129438768e+01 9.804539764823165873e-03
1.296094583106666505e+03 1.260683669492613035e+01 9.571449959174855096e-03
1.499614064120000648e+03 1.262377117326940557e+01 1.540893199365833167e-02
1.661788048522142617e+03 1.267488528999198572e+01 1.448458515101776374e-02
