-1.442567204392963049e+03 1.334758297848651587e+01 2.952419442553728610e-02
-1.263211593228484617e+03 1.346630846196028841e+01 2.518794926498826511e-02
-1.076676556436666715e+03 1.340506624412341097e+01 2.112237433264203823e-02
-9.043458262542419561e+02 1.329248106431600362e+01 1.652017463098170991e-02
-7.138365948241378192e+02 1.336371158886059973e+01 1.425546223011369719e-02
-5.442733328297227899e+02 1.344020799729416638e+01 2.332841583460428664e-02
-3.491703312980647524e+02 1.336329735078935244e+01 1.622816978609334729e-02
-1.837627067088234298e+02 1.355220974226578434e+01 1.544223908819691675e-02
1.770358361055554752e+01 1.348115788681796801e+01 2.374017806299857924e-02
1.783969150521879783e+02 1.343854912154568382e+01 1.797402191788870229e-02
3.816857540896669434e+02 1.325175667269291147e+01 1.701359198508988965e-02
5.426203512780646179e+02 1.337837849193064343e+01 2.489721721301073332e-02
7.474456527391487271e+02 1.336142446617970769e+01 1.380008382319395516e-02
9.071194139929731364e+02 1.332218234279390323e+01 1.997630067621268546e-02
1.112810250254838365e+03 1.321668452238931657e+01 1.610051802612398608e-02
1.273803864644062514e+03 1.326465379862461447e+01 2.369296189358322674e-02
1.477372181156666329e+03 1.321818471266962547e+01 1.655936385029720126e-02
1.637892379665160888e+03 1.311135948206520929e+01 1.341870841059474018e-02
