-1.294652436893636377e+03 1.362324766995687497e+01 4.686303886916839967e-02
-1.114817448417273226e+03 1.356123338855213589e+01 3.533967388189713371e-02
-9.301980058758332461e+02 1.366883305277332283e+01 4.042834928862292648e-02
-7.556010197925000966e+02 1.356984475434842530e+01 2.390346221895888953e-02
-5.661308209799996121e+02 1.352040449579385495e+01 2.319759840020675645e-02
-3.958139248933342174e+02 1.348871243971485434e+01 3.540745237881832291e-02
-2.015006434869243890e+02 1.346127151284251156e+01 4.933948053946014128e-02
-3.440432938888908154e+01 1.324420807143427936e+01 2.044001829479998381e-02
1.652530885741665259e+02 1.337807869906098723e+01 3.204430768521993045e-02
3.277772405524999044e+02 1.338284577318602331e+01 2.361107342977375109e-02
5.293746906674999764e+02 1.322527570677841524e+01 3.092943670576518700e-02
6.919145279154538457e+02 1.312653889513607197e+01 2.123837001605698507e-02
8.951528931908336517e+02 1.323210457507202520e+01 3.777603349495768648e-02
1.057446620437619458e+03 1.327278132543980327e+01 2.630270222292635865e-02
1.260762232515454343e+03 1.330511936887031510e+01 2.642505527069950733e-02
1.423197199875714887e+03 1.331001199619022302e+01 3.439885793487187926e-02
1.624904096631818675e+03 1.348790496919050064e+01 3.129244915782905534e-02
1.788024763546152599e+03 1.360131275046487787e+01 2.287225747499570250e-02
