-1.464834325889166166e+03 1.224785916577938494e+01 1.624678481684834266e-02
-1.289092685151666274e+03 1.218658890156175190e+01 1.120284511795963979e-02
-1.100368785305833853e+03 1.201543165667081325e+01 8.695629525898754958e-03
-9.302802238216663682e+02 1.201997560396715947e+01 1.249430981557844364e-02
-7.383939471041661591e+02 1.199842621023632105e+01 8.333253346651048679e-03
-5.710764407491666361e+02 1.209103950156124085e+01 1.299439346342549755e-02
-3.713604685858335870e+02 1.206158219568735923e+01 6.660133760943960993e-03
-2.080270473918181722e+02 1.230007175692136911e+01 1.039400577255206529e-02
-7.066681568999774399e+00 1.245564410140412903e+01 1.351648697650725296e-02
1.524144590072735923e+02 1.225428641163529697e+01 1.329742828297599336e-02
3.570812093344445657e+02 1.219003687449528783e+01 1.970780913547871480e-02
5.165740094807691776e+02 1.212160904560365893e+01 2.495265348836277208e-02
7.240970829159989535e+02 1.208670338738488326e+01 6.945670392163983721e-03
8.821777370399998972e+02 1.202821028452676089e+01 1.249860623061995607e-02
1.088349969437500476e+03 1.194243666864538511e+01 1.732690435448070582e-02
1.247826352751538479e+03 1.204647054483070434e+01 2.448502281299698435e-02
1.452966527399999904e+03 1.199975431275326443e+01 2.278333619486713410e-02
1.612518987163125075e+03 1.219774991227174255e+01 1.070721398068503853e-02
