-1.398305137824374469e+03 1.193840639974335538e+01 7.418081883401417970e-03
-1.218232029975790283e+03 1.195385162051957195e+01 8.083236763986308832e-03
-1.036307423632941664e+03 1.198114855411131074e+01 1.067539071932248687e-02
-8.573604003041667738e+02 1.198740798912477956e+01 1.281647651720513141e-02
-6.705236307439291750e+02 1.198287328914793903e+01 8.846547437587982954e-03
-4.985809288580006751e+02 1.198511944331354329e+01 1.292387753554606611e-02
-3.051390997866668044e+02 1.201459035758039384e+01 1.071454236278917595e-02
-1.380843561087499438e+02 1.202534510530322720e+01 1.154915652140563187e-02
6.010404606294126495e+01 1.199107875540487633e+01 8.326507149639290895e-03
2.227833014955564579e+02 1.203286845887456025e+01 9.123370069686574657e-03
4.261643748925002910e+02 1.197591598319983675e+01 1.040389060443673575e-02
5.894635942291666879e+02 1.197148103930591923e+01 1.390616097092769836e-02
7.904414020183329512e+02 1.193087552729551959e+01 1.197884827412804346e-02
9.535898960071421016e+02 1.192145689585839108e+01 1.294814429640905699e-02
1.154890922810525808e+03 1.188158293371628460e+01 9.888879951472884580e-03
1.318323931435714030e+03 1.193982340805763442e+01 1.125556184979896630e-02
1.521613157998666566e+03 1.194930864249159441e+01 8.763589462793744747e-03
1.684885860648461858e+03 1.202790023893868465e+01 1.375306724152857048e-02
