-1.305300346933077208e+03 1.159888785292465485e+01 4.633402944849500729e-03
-1.116811692299231709e+03 1.171048879305302215e+01 5.279015232092541116e-03
-9.449431917141664599e+02 1.179539840239139714e+01 4.374007824003592858e-03
-7.522862175300002718e+02 1.179704597326052351e+01 6.098108009563026240e-03
-5.861324016683325908e+02 1.175269078597936812e+01 6.135620044733283533e-03
-3.880105531674998929e+02 1.179512274627433932e+01 4.301700783368146708e-03
-2.256089880776926293e+02 1.186803273948844151e+01 5.819231062546699820e-03
-2.254081443238136018e+01 1.188327091318044282e+01 4.501904239024399380e-03
1.354072890185717881e+02 1.189032928327172023e+01 5.032003988466373159e-03
3.432018118008321039e+02 1.182058630275075117e+01 4.287147026826820112e-03
5.018478210923075267e+02 1.177648267731308529e+01 6.272451708256283551e-03
7.074039787714287968e+02 1.165713208611179930e+01 8.742675241044431042e-03
8.659787140015379237e+02 1.175887393866655728e+01 7.261799213049796760e-03
1.073273032392000459e+03 1.171197259227613685e+01 9.231874132590793536e-03
1.230780238662306829e+03 1.164378610667462155e+01 5.679178846577658674e-03
1.438591056108462453e+03 1.170803327969974816e+01 5.198385660271617574e-03
1.597304768044999946e+03 1.166150632488461270e+01 3.044424168626684232e-03
1.802857182041818078e+03 1.173492967826804367e+01 5.646352119860881952e-03
