-1.422075871299412029e+03 1.090558523483329090e+01 5.481627443420568693e-03
-1.241368544936315402e+03 1.101518680306850051e+01 4.972077168552377878e-03
-1.060079305021874461e+03 1.114373659673237960e+01 4.479953308968074276e-03
-8.823354952805261746e+02 1.127301809458705151e+01 5.302450185104032147e-03
-6.930718396570582627e+02 1.123738562995185220e+01 5.140911384737562734e-03
-5.234446268042103156e+02 1.115582447522258747e+01 5.855355917828492483e-03
-3.288667679106242758e+02 1.131136670002556244e+01 6.041980798961836541e-03
-1.630765503675006585e+02 1.123927497537012243e+01 6.699085748952069222e-03
3.673535477041635744e+01 1.113042988175641312e+01 5.574046308592890860e-03
1.979803657957142775e+02 1.115455104374668238e+01 6.622873394502297624e-03
4.023641169652948975e+02 1.102763479476817743e+01 9.163175558581090202e-03
5.645495890100005454e+02 1.101497462964951701e+01 1.198978425051273194e-02
7.666470131699993544e+02 1.104945080178683092e+01 6.624835266083144159e-03
9.287347241973690188e+02 1.103224099117994861e+01 4.508189656473880584e-03
1.133138698863333275e+03 1.103414833687683760e+01 3.911005907229377944e-03
1.294057805971613107e+03 1.123301968639239057e+01 5.406035749424469537e-03
1.497838133901332867e+03 1.135023348736260296e+01 8.182285420464733422e-03
1.659942810941250627e+03 1.146508080440967703e+01 9.681084260614043757e-03
