-1.450514639599167594e+03 1.298262394974820566e+01 2.642236851769202283e-02
-1.271387289701333202e+03 1.304713599666543900e+01 2.205029461599416693e-02
-1.085616072942309074e+03 1.306274260596750381e+01 1.971606798473253541e-02
-9.123362462647064604e+02 1.310609332801530869e+01 2.573005949289368030e-02
-7.213777511700004652e+02 1.311482708008859888e+01 1.793956063441115231e-02
-5.534104768831580259e+02 1.319568675729150797e+01 1.883147833574500690e-02
-3.571760680738449310e+02 1.327600927122223951e+01 3.589150139543732798e-02
-1.930141473049994261e+02 1.317935041972711829e+01 2.929000011814436935e-02
8.476226686000154942e+00 1.317333361763665422e+01 1.500019981814225065e-02
1.676463016282355341e+02 1.314729014282920438e+01 2.932066378880170132e-02
3.740533521807698776e+02 1.320038437868708492e+01 2.211993815195415630e-02
5.344862438318764362e+02 1.315900794356508641e+01 1.364266295593030524e-02
7.389479036721428429e+02 1.301570144783311811e+01 1.670594241952301495e-02
8.987221179799998936e+02 1.331639894880945008e+01 3.054599417659019031e-02
1.105295749493124731e+03 1.322682133871749777e+01 3.323973943448230162e-02
1.263644493168888403e+03 1.313513053291562294e+01 4.704178102273574857e-02
1.469484154578666903e+03 1.306690308852099314e+01 1.787964905899608672e-02
1.629826015934666202e+03 1.317680192617369883e+01 2.805674351342341347e-02
