-1.162115912198462411e+03 1.322481989650656686e+01 1.533678956779090975e-02
-9.946102406825006028e+02 1.324158983385760813e+01 1.172238678136206663e-02
-8.002119993809081961e+02 1.320478392922810329e+01 1.340088697065612046e-02
-6.356157565983334052e+02 1.309463313896811520e+01 2.269539641686205492e-02
-4.345154734415002054e+02 1.308884375957560842e+01 6.845609907086425833e-03
-2.748037487550012088e+02 1.308376243313184695e+01 7.974357592229404032e-03
-6.899589261416683428e+01 1.312520017782306070e+01 9.990591638951914003e-03
8.833567807833362906e+01 1.316832691535028310e+01 1.306155299597507209e-02
2.958514098069236411e+02 1.322090705622420437e+01 8.332693041704083287e-03
4.524983073753845702e+02 1.318667772533629723e+01 8.787793081151910185e-03
6.623245676192303790e+02 1.313686626402341062e+01 1.298292004973275460e-02
8.167631878491665702e+02 1.316249056385646554e+01 7.493515715455522155e-03
1.026429403953333576e+03 1.319519831704040413e+01 1.495245164463621969e-02
1.183763288162500203e+03 1.311259788783002200e+01 1.246318653148221177e-02
1.391146024264616244e+03 1.310589528314645413e+01 1.175822279803490425e-02
1.547955464546666917e+03 1.313388170125675281e+01 1.074956932815180830e-02
1.757765976868462303e+03 1.323245414517747243e+01 1.038007790415434138e-02
