-1.304275378533334106e+03 1.295078516541951785e+01 8.601396340387239964e-03
-1.114711106370400330e+03 1.295922636921418736e+01 7.952281685151729035e-03
-9.436328987335717784e+02 1.298369961948666962e+01 8.640643163892014478e-03
-7.511042871430769310e+02 1.335418625655695024e+01 1.340177774741393990e-02
-5.848100705900002367e+02 1.338717509099717518e+01 1.821819685899249072e-02
-3.868450266166673828e+02 1.298405848445457700e+01 1.045988257670785702e-02
-2.242811918959996547e+02 1.322340202684623200e+01 1.228144037879015486e-02
-2.114029691538458877e+01 1.292740523930034868e+01 7.828236881432824867e-03
1.365285750635294448e+02 1.326558980395551401e+01 5.971402095654802442e-03
3.443912760233336599e+02 1.314364797338504864e+01 8.951623068223734520e-03
5.031791327399997158e+02 1.286717067981201446e+01 1.021174342136066046e-02
7.086785149653335338e+02 1.304892281107439267e+01 1.020617097279509847e-02
8.673379989170592808e+02 1.286237374780939113e+01 1.030835397200008906e-02
1.075694576911538661e+03 1.303978538966183187e+01 8.004038580070701320e-03
1.231989458579998882e+03 1.289569245798797148e+01 1.051370564417346450e-02
1.439809898369229813e+03 1.267505303845276643e+01 1.070641017964994376e-02
1.598630100065385022e+03 1.280827048843546123e+01 9.350408119337877411e-03
1.803618657844999689e+03 1.315515873015873005e+01 7.071067811865324425e-03
