-1.429220037026666432e+03 1.180028262216607970e+01 1.853142082251505590e-02
-1.251538925695385387e+03 1.154871595896740999e+01 9.268454178274616179e-03
-1.066760869639999783e+03 1.162948845846410073e+01 1.025124786376400282e-02
-8.913493410950003408e+02 1.157723184053862298e+01 7.778133223574253304e-03
-7.030197761039999023e+02 1.180522278484663268e+01 1.995225598116202870e-02
-5.308596238885703542e+02 1.187037693245339831e+01 1.072759992553608613e-02
-3.359685853276924377e+02 1.147713353181207907e+01 1.076028891871601625e-02
-1.705025826400009237e+02 1.167143085822285897e+01 1.462349217412436259e-02
2.823456336857218929e+01 1.165043993127480704e+01 1.547253469802445033e-02
1.899156825184612671e+02 1.158548506940705813e+01 9.359232444097417142e-03
3.949686280283324891e+02 1.157730079584549898e+01 1.339336159038407442e-02
5.554582939066666540e+02 1.180686429190205367e+01 1.198578063723922463e-02
7.595085024299987708e+02 1.179851096080026807e+01 2.682350443200141182e-02
9.211325883983330414e+02 1.182745885320288082e+01 1.455918230065463524e-02
1.124408591335000438e+03 1.160010636025234199e+01 1.481929991496677354e-02
1.286521576735293365e+03 1.150619228236083735e+01 8.949969957147467514e-03
1.490756956872666478e+03 1.161665953300585663e+01 1.007243766110937563e-02
1.650958657898333740e+03 1.154078175592036004e+01 9.467578848343529904e-03
