-1.462376420917332780e+03 1.332640056737279544e+01 9.266746602373083022e-03
-1.286499829976111187e+03 1.336888977972902737e+01 9.715473848390825118e-03
-1.097806520853529264e+03 1.331400038716751588e+01 8.717587754118833951e-03
-9.273610299311997096e+02 1.329139781503708129e+01 1.141563839651553447e-02
-7.353570606425000733e+02 1.330253248114295239e+01 8.518098379333252299e-03
-5.674967632841935483e+02 1.326274179830249089e+01 8.459207333711159238e-03
-3.687328053838888877e+02 1.336024110071750570e+01 4.466246678860584171e-03
-2.052974260937492943e+02 1.334717622916487656e+01 1.569674270291388299e-02
-4.525727168499725117e+00 1.328839284204479476e+01 8.542211364746258445e-03
1.551357677618173341e+02 1.333209457689799216e+01 1.243205425312594696e-02
3.604370201229176018e+02 1.335418186626298542e+01 1.011906833564642574e-02
5.196140537230003247e+02 1.331958383832707149e+01 1.090318760730093692e-02
7.265617444388881268e+02 1.332644206242704321e+01 1.159904713223707494e-02
8.863510555209521726e+02 1.332260078598898900e+01 9.411698409289027609e-03
1.090950718756842434e+03 1.339127268857669684e+01 1.492037475192925858e-02
1.250454196244499371e+03 1.339449754068733078e+01 9.678610437454290491e-03
1.456698200637368245e+03 1.342840122294837002e+01 7.668505801013798633e-03
1.614935624433181374e+03 1.341305622777575657e+01 1.236324136461870553e-02
