-1.311076203100000384e+03 1.314750979534852604e+01 5.058229071217355127e-02
-1.121179382965000059e+03 1.311729989871456681e+01 2.724053825981063645e-02
-9.506442545900000596e+02 1.321954696357875747e+01 1.932098025103910419e-02
-7.562941224674996192e+02 1.334703487148194867e+01 2.412885461909287238e-02
-5.903793235072728294e+02 1.319368700447039622e+01 2.514043806897249891e-02
-3.920541774836363516e+02 1.313244614164938362e+01 2.590302295791769085e-02
-2.298654567409089680e+02 1.321101408240350139e+01 5.415692475199441330e-02
-2.791491108076913363e+01 1.330460998880498025e+01 3.026158532231063708e-02
1.306512975546160931e+02 1.328281895721216266e+01 2.603707628781295677e-02
3.390761257354540703e+02 1.310722698695656163e+01 1.679945075905429561e-02
4.950438297818188857e+02 1.308688457407406602e+01 4.376483598860092528e-02
7.033716058033338641e+02 1.307982120689058014e+01 2.158125086024635653e-02
8.618029628145443439e+02 1.306912724285176708e+01 3.035429831897505648e-02
1.068004519789166807e+03 1.302348194908752532e+01 3.222053433676635298e-02
1.226036046054616008e+03 1.302507738872211185e+01 1.407109451403373845e-02
1.434630355170909525e+03 1.314042058745702946e+01 4.955034441014340152e-02
1.591856061055555301e+03 1.322853268934983184e+01 1.754844418044732013e-01
1.798820854740000414e+03 1.321860711352029050e+01 3.021084913458782842e-02
