-1.474190595020454111e+03 1.121100383500229647e+01 7.030706776563963589e-03
-1.297359102714782466e+03 1.121905928865684388e+01 1.023712049313018485e-02
-1.108222004540475609e+03 1.123710565792691618e+01 4.919134169201397171e-03
-9.384409004784002946e+02 1.122024389951674017e+01 7.492215023172294798e-03
-7.460817597840002691e+02 1.122863603780551500e+01 5.024050493676248709e-03
-5.795539965779162230e+02 1.126096909701580628e+01 4.790911743271722076e-03
-3.816803421021743361e+02 1.129816169963608274e+01 5.515345340409531782e-03
-2.186227696874996411e+02 1.133055591446613697e+01 1.067870421217765459e-02
-1.487688324095194936e+01 1.134894119952277158e+01 5.826423986170189626e-03
1.427077654079999718e+02 1.133962837699932180e+01 3.446713180472303455e-03
3.494625167449994478e+02 1.129404806234501635e+01 7.759446976421874483e-03
5.083814712803846874e+02 1.124474350169969838e+01 4.840464520901375037e-03
7.139364204339991602e+02 1.117021403147998626e+01 8.638544592700258401e-03
8.729805329181488105e+02 1.116763082904162907e+01 5.953866233818288015e-03
1.080668580641739027e+03 1.116287815760025026e+01 4.242149676305217304e-03
1.239162977902187549e+03 1.114934114991740266e+01 4.721781537513903594e-03
1.444816087818571077e+03 1.111344777043013288e+01 4.609864800144855730e-03
1.603885339893332457e+03 1.111421122320008159e+01 6.726025304623753365e-03
