-1.401553640605499822e+03 1.205550201655965203e+01 1.328085919310088674e-02
-1.222784988801818145e+03 1.221542352527759334e+01 1.497936243879545958e-02
-1.039724236950476097e+03 1.219289250725884166e+01 1.193101497015400421e-02
-8.623112265253654414e+02 1.219431220786368719e+01 8.889244937618809989e-03
-6.750065175445830619e+02 1.219282938621616807e+01 1.024033468575410132e-02
-5.019810433428571059e+02 1.224285709183004833e+01 2.304704896472992842e-02
-3.083016133015000264e+02 1.223450536621474605e+01 1.006517996324987271e-02
-1.415118599557892196e+02 1.224770635860950385e+01 2.392942751835950080e-02
5.586505413099985162e+01 1.227387519867274435e+01 8.204222300718332778e-03
2.190010976036842010e+02 1.229263971177091008e+01 1.661328631112912041e-02
4.213894363034092407e+02 1.212645618004592052e+01 8.188631717241720911e-03
5.840045256186666620e+02 1.188669777168412445e+01 6.527885052628155937e-03
7.870292296433332240e+02 1.176066100038611317e+01 8.118867645210556955e-03
9.501508813710522645e+02 1.176546414950914965e+01 7.235992476951833181e-03
1.151746126810870237e+03 1.162057979352335124e+01 7.058395417351936291e-03
1.314401291902777757e+03 1.185458683651238054e+01 1.032200187770247225e-02
1.518047097017999931e+03 1.185836397129599007e+01 7.750776459492343499e-03
1.680060807814000100e+03 1.180891153613332278e+01 7.782759168108634856e-03
