-1.460150695255000755e+03 1.425672363173584678e+01 2.735015996296908877e-02
-1.284476171236924074e+03 1.430583206174219768e+01 1.781424406932533011e-02
-1.096061045801818636e+03 1.435177748678808207e+01 2.939341682532276359e-02
-9.252827369433331341e+02 1.436356554822525311e+01 2.600013354666564150e-02
-7.340338745600005268e+02 1.442958430543379755e+01 2.519047439013402667e-02
-5.649298213450001640e+02 1.436380129704007480e+01 1.691899450322032275e-02
-3.669339752908320520e+02 1.436511288336545178e+01 2.998850088259134503e-02
-2.034104808878577728e+02 1.443195944288168242e+01 3.710643818937679056e-02
-2.791127476363644000e+00 1.443374545094624573e+01 2.237065669558530381e-02
1.570841618750000634e+02 1.449069130274244621e+01 2.898383169975984192e-02
3.629702976333335300e+02 1.455313782939211187e+01 2.086960628263788420e-02
5.211764444700007743e+02 1.444165023345261289e+01 2.205111643684081260e-02
7.285471354022221249e+02 1.427947050484056746e+01 3.375766945323065843e-02
8.882318293049993372e+02 1.424842310521052369e+01 2.039067222748891517e-02
1.092806986302500491e+03 1.436235955300039180e+01 2.862168426534656557e-02
1.252463071992500090e+03 1.431398229902488239e+01 1.935140438965226792e-02
1.459845086710000487e+03 1.425770057021745885e+01 3.108548327166869504e-02
1.616668803858570755e+03 1.424497463026679256e+01 3.090172988072017318e-02
