-1.334951862935312420e+03 1.278086828157280941e+01 1.709325705241849028e-02
-1.144118295628571332e+03 1.284250729170661387e+01 1.619853059337821380e-02
-9.746374595383997530e+02 1.288540520140474044e+01 1.435408274986523652e-02
-7.805892185050000762e+02 1.284263473494840824e+01 1.547987945969986519e-02
-6.157267400704348574e+02 1.287740107746496321e+01 1.536700952953759178e-02
-4.164758729968414741e+02 1.282583271306202377e+01 1.181520035879800659e-02
-2.551617431354547705e+02 1.278831285732447398e+01 1.439712712783034441e-02
-5.088541705222249334e+01 1.279454288293716857e+01 1.067594685501234777e-02
1.057266032826085791e+02 1.279526047772007580e+01 1.333528674058657992e-02
3.146737749304540444e+02 1.274127049875846396e+01 1.499034408588694432e-02
4.723616912386958688e+02 1.275029643844670701e+01 1.395317513146237219e-02
6.790258520163157527e+02 1.271399641477258768e+01 2.228240657134310590e-02
8.364589524021730540e+02 1.263950099948822547e+01 1.117409030221140111e-02
1.045856766952857697e+03 1.259984266254679497e+01 1.280531292619736285e-02
1.201013632530832865e+03 1.257715978445582650e+01 1.125777828895570092e-02
1.410177533885789899e+03 1.252819043952928801e+01 3.432215180852398601e-02
1.567776548459565447e+03 1.255544184306712197e+01 1.033080943667174373e-02
1.774882617643333333e+03 1.251980245228614308e+01 1.242286242698881389e-02
