-1.426504007860000684e+03 1.339708215914745004e+01 3.271068587368020086e-02
-1.247620977945184904e+03 1.325986654737662818e+01 1.828957296621754741e-02
-1.064088585715999443e+03 1.336164981001040530e+01 2.708035094692261280e-02
-8.867371659717648527e+02 1.337301217464286474e+01 3.140974135459236732e-02
-6.989288009320002857e+02 1.334446353590749368e+01 1.939377128146226384e-02
-5.280478470444999175e+02 1.327528721486900309e+01 1.966516176640598079e-02
-3.331032367493753554e+02 1.323382986218647517e+01 1.886239151183686721e-02
-1.675156939722223228e+02 1.326909617308883327e+01 2.860198810055774449e-02
3.146887282200041369e+01 1.314063631545118405e+01 3.253382263632894483e-02
1.933891983489470761e+02 1.331210004725956075e+01 2.243461767378626334e-02
3.981397430811113054e+02 1.329729944146094667e+01 2.873832648927312355e-02
5.599297230323074928e+02 1.328716547384217961e+01 3.375441023621204156e-02
7.623771050270593150e+02 1.307758446687503806e+01 2.974496087477224507e-02
9.241695692787498047e+02 1.304196859069020320e+01 2.992835327723950001e-02
1.127001828103157322e+03 1.314468795305206861e+01 2.101865933090735564e-02
1.288681594991666088e+03 1.310198301925551334e+01 2.359904672087578814e-02
1.493526042701429105e+03 1.312786946207041083e+01 3.102544703052606545e-02
1.655439987732353075e+03 1.328762242954747030e+01 3.389316157752657321e-02
