-1.317473576327648061e+03 1.356952823920958551e+01 1.021144259852681431e-02
-1.127277231679090391e+03 1.364400070077225280e+01 2.176805536583872186e-02
-9.582015037429407585e+02 1.369826157199518590e+01 1.426029432728636269e-02
-7.648669951914287140e+02 1.363069506793593177e+01 2.015208212553152786e-02
-5.995439496288236114e+02 1.375036333365271446e+01 1.666546844189956481e-02
-3.981531448899997940e+02 1.386114689114505083e+01 2.128410674230739319e-02
-2.363275851649996184e+02 1.348418571520173082e+01 3.311432242413204358e-02
-3.395266815214303335e+01 1.355445508037965041e+01 1.682629701202926695e-02
1.241928931787506372e+02 1.380498602107492268e+01 1.407901807655635544e-02
3.310425008700003673e+02 1.360699521709851467e+01 1.129339702332874361e-02
4.890458704613328678e+02 1.398817912531648666e+01 2.118235464126097881e-02
6.971596169642850782e+02 1.376599518665040200e+01 1.290208980292716946e-02
8.549211863561108657e+02 1.390414919112243730e+01 2.109040976576297827e-02
1.061481130950000079e+03 1.385261796683854563e+01 1.620340632558489938e-02
1.219603141849333724e+03 1.371561624855292827e+01 1.907935863507797744e-02
1.427249659650799913e+03 1.393346842210592129e+01 1.040155065362852356e-02
1.584552443429444793e+03 1.374775929028420407e+01 1.417036383612943311e-02
1.792714867555715045e+03 1.391535024281451705e+01 2.512291213784173527e-02
