-1.420070589538235254e+03 1.416989505607295641e+01 1.014155861160718521e-02
-1.239601092194000103e+03 1.407065572333772252e+01 1.060027471342135652e-02
-1.057620837422857221e+03 1.393582393205108794e+01 1.122098894075525440e-02
-8.802436205209090758e+02 1.387101455109304204e+01 1.389608382800961404e-02
-6.910809125947621396e+02 1.386247529644662357e+01 1.162596909192616622e-02
-5.213608842313051355e+02 1.388086106657698693e+01 1.124112025472747724e-02
-3.269676966314284527e+02 1.397375189819945085e+01 1.212344275202129409e-02
-1.602492145627273317e+02 1.399408239558268185e+01 2.010017241326517157e-02
3.914284626533335398e+01 1.398673775531819707e+01 9.876976595429734149e-03
2.006586792542852891e+02 1.395973419123680515e+01 1.317403577719796631e-02
4.044355765327269410e+02 1.402518435387862183e+01 1.234277910736328830e-02
5.667251800785707019e+02 1.401890621124369041e+01 9.229835795108441363e-03
7.692775377295455428e+02 1.398933383168962941e+01 1.100998454037354843e-02
9.313008749494998710e+02 1.392875023257782452e+01 1.667402171043320253e-02
1.135631651611363623e+03 1.409946242143229433e+01 1.464769401287504755e-02
1.297021627388845900e+03 1.399832441742405642e+01 1.645810255576270892e-02
1.499778072783157768e+03 1.397272871243780124e+01 1.321052079769452665e-02
1.662062258033600756e+03 1.401756183513570519e+01 1.179857618528609361e-02
