-1.412766247117142484e+03 1.301732345875405095e+01 5.814679322784859286e-03
-1.232183655712305836e+03 1.309936996513887486e+01 1.625056982299834599e-02
-1.048633452020769710e+03 1.298697602094684278e+01 7.720304082723851956e-03
-8.733642126041668234e+02 1.306890628505388641e+01 1.209070656269454862e-02
-6.845581000884614014e+02 1.307599046025802458e+01 1.232088789664430480e-02
-5.139570795164285073e+02 1.312465920469352021e+01 6.364304610705083173e-03
-3.200355745692858136e+02 1.320134881248913317e+01 1.496849217581689394e-02
-1.527592554931994471e+02 1.312261116841655628e+01 6.875579975536607810e-03
4.679534321142897113e+01 1.318340886098930831e+01 1.244587406898798113e-02
2.093752213176927626e+02 1.326484406905151303e+01 9.865089041329263425e-03
4.109745670490890461e+02 1.316037365921855162e+01 1.159742970047242076e-02
5.735541523219993678e+02 1.310131426367803442e+01 8.439834999264804807e-03
7.767106907452176756e+02 1.304746315695133241e+01 1.010284095756356845e-02
9.389228207881814114e+02 1.311346175251367008e+01 1.096046786170908061e-02
1.142172121905832682e+03 1.296805424529620865e+01 1.026545808182118859e-02
1.304805786877999481e+03 1.297444129582416217e+01 7.336039904572547871e-03
1.507064429432143243e+03 1.295917275464963403e+01 7.073051761756719673e-03
1.668921031860666290e+03 1.288832741316853081e+01 1.118549325060185298e-02
