-1.399669527430555036e+03 1.130729725260874829e+01 6.576572854736325267e-03
-1.220437588495714181e+03 1.132371322191087870e+01 6.799429779798414272e-03
-1.037660976335555461e+03 1.130776342119764344e+01 8.240918900207767558e-03
-8.598893328833340775e+02 1.132037017369814791e+01 5.329579309164543012e-03
-6.732119676781820772e+02 1.142297778740324254e+01 6.111066986067846367e-03
-4.998853615709518863e+02 1.154755236701342369e+01 9.185457519279021862e-03
-3.063461216604995343e+02 1.154267550182033553e+01 6.156306551559192694e-03
-1.394276485970000010e+02 1.150611309002362148e+01 7.774570047996422553e-03
5.783304629789390816e+01 1.144389440480794562e+01 5.375823327264547119e-03
2.209875943800001608e+02 1.147344979456047653e+01 9.124688920813164156e-03
4.243285162295462669e+02 1.150591253809423442e+01 5.292728946183705187e-03
5.870939439234483643e+02 1.157152678081368968e+01 6.949694510708455744e-03
7.890926411591309488e+02 1.150575769660378356e+01 8.554067069619270686e-03
9.522615000999996937e+02 1.144131820096270147e+01 4.027665578675889042e-03
1.153912750917392259e+03 1.133448912273602893e+01 4.807952049859323153e-03
1.316877736368749993e+03 1.140371651224062077e+01 1.184457262016099313e-02
1.520275536625499399e+03 1.142701834342702405e+01 6.055217122120088238e-03
1.683545033909443873e+03 1.152205495217380005e+01 1.216807384113528095e-02
