-1.416801282289999790e+03 1.402180307917411994e+01 1.379549368927146698e-02
-1.235686568440768497e+03 1.395017014278904455e+01 8.244282580447615666e-03
-1.053485056554872017e+03 1.383794751309371307e+01 7.997959921272066244e-03
-8.768394947114287561e+02 1.376017436539710737e+01 1.742331680449872924e-02
-6.878420657999995456e+02 1.379192388846331951e+01 1.153331176377458099e-02
-5.180560059729627937e+02 1.371445155018647100e+01 2.020181919923280667e-02
-3.230704739240001118e+02 1.374224644533142303e+01 7.060497432900887660e-03
-1.573411128724008563e+02 1.376663698373790368e+01 1.018241307353023699e-02
4.346985031380955888e+01 1.372263118307367158e+01 1.110136274662224497e-02
2.058432720574995471e+02 1.378390193866953517e+01 1.415967964954638683e-02
4.076917402827998558e+02 1.376149338524245991e+01 9.497836385198446876e-03
5.700583463372005326e+02 1.374145937154734121e+01 1.890581963311824959e-02
7.721647181145832519e+02 1.385676882941854693e+01 9.208427601327390591e-03
9.347536748023068185e+02 1.389419937799563520e+01 1.034598611861140514e-02
1.138902446142500366e+03 1.382550513337514708e+01 1.462553170527611419e-02
1.301298489120799559e+03 1.389779482181683257e+01 1.227641641522477130e-02
1.503068149452608850e+03 1.390887252547517683e+01 1.459289473140045097e-02
1.665371461509090295e+03 1.396608793343464150e+01 1.399578999165850164e-02
