-1.313523461591538080e+03 1.155015959361670674e+01 6.860994878941601392e-03
-1.123484585911666045e+03 1.130788265183644015e+01 9.438028866712005333e-03
-9.543626708592845489e+02 1.134418425068298042e+01 5.228070958539286599e-03
-7.599661845988887308e+02 1.162095992576910675e+01 8.080703536755662331e-03
-5.930783330776920366e+02 1.170579807459702337e+01 8.438537862465199380e-03
-3.943881227261539948e+02 1.171904328984481936e+01 8.283055733815051364e-03
-2.323156905799998810e+02 1.174551911670451787e+01 5.632340453979205359e-03
-3.019678733857082520e+01 1.129941270486780347e+01 6.523002581803484697e-03
1.282247968170580350e+02 1.123529455075232164e+01 5.297038794249817398e-03
3.367602168516665984e+02 1.123718403349934825e+01 6.512807894193316412e-03
4.927253481426669168e+02 1.117052809467456420e+01 5.869544748577629548e-03
7.010154141341663490e+02 1.126712588301344375e+01 7.648945400559503845e-03
8.593703501757138383e+02 1.101947817062992030e+01 5.062582108897577086e-03
1.065796293302308186e+03 1.106890244738101359e+01 4.944848309761796894e-03
1.223534486558570961e+03 1.126469117717471136e+01 8.299074380225295727e-03
1.432251405308461926e+03 1.133760634906554188e+01 8.977593105613449267e-03
1.588410512469375135e+03 1.148806556959917025e+01 5.456302798999973502e-03
1.796434235210000452e+03 1.129835153660889091e+01 4.831565307808188998e-03
