-1.423332817655000326e+03 1.306358382012265729e+01 3.778482355526661257e-02
-1.242766076052728067e+03 1.313045641801428509e+01 4.673909506723859103e-02
-1.060336298338571623e+03 1.299637324785038928e+01 2.458245255316314146e-02
-8.836385494363632915e+02 1.297427193351464325e+01 4.120220613466992615e-02
-6.942129403316654361e+02 1.300480837111337351e+01 2.162356042306534318e-02
-5.247254896799997823e+02 1.293019164650698727e+01 1.295119826905079090e-02
-3.300857042940006068e+02 1.293856484996679157e+01 2.613945436774265177e-02
-1.644288739799998211e+02 1.292963568902140281e+01 2.865490618615647300e-02
3.438517301899846501e+01 1.292013226074811172e+01 4.822291567197944245e-02
1.964575375792315128e+02 1.300007616069772531e+01 4.538826115313964599e-02
4.010824319380008092e+02 1.298196927668722545e+01 1.883859147717628635e-02
5.631946735974992180e+02 1.296573918357252353e+01 2.352264399668712105e-02
7.654010659919993032e+02 1.289611484524895602e+01 1.994617600884616634e-02
9.274114843584617347e+02 1.297835899082221900e+01 2.163459286384932997e-02
1.131131423182500384e+03 1.301205289186582092e+01 3.198416306028695894e-02
1.291845948323636549e+03 1.307949096707222836e+01 2.843387485293365907e-02
1.496550567737777328e+03 1.324040168971940190e+01 3.548351384637776079e-02
1.658515097116999868e+03 1.324136412160815723e+01 6.247896209771043596e-02
