-1.472524860203792969e+03 1.263721106621197166e+01 4.948751256336175741e-03
-1.295976559590666284e+03 1.253370049670449049e+01 6.141024766696956926e-03
-1.106754237717999786e+03 1.243525320299995052e+01 4.199923114458851622e-03
-9.371679078808570011e+02 1.259244075084633074e+01 7.674828798386850413e-03
-7.448261932521436393e+02 1.260192933297095408e+01 8.658347036039919578e-03
-5.782359658014285060e+02 1.242668629763998389e+01 5.040130499490583747e-03
-3.804908513600000219e+02 1.216493038831429274e+01 1.910183862099731206e-02
-2.174425226376316402e+02 1.227492210396807515e+01 4.212257261932780654e-03
-1.361003853032302580e+01 1.231447234876102037e+01 6.427645387105812742e-03
1.443014070885710680e+02 1.231569306809221409e+01 2.775786863462372921e-03
3.506365173225804597e+02 1.232365090007414032e+01 5.766366433045430444e-03
5.097671837072219887e+02 1.226224508748320829e+01 5.920271825197296299e-03
7.158817056332002267e+02 1.203416316644601203e+01 3.744830036196562881e-03
8.742572859848718281e+02 1.212281821464183729e+01 4.841056703228872535e-03
1.081845514775483707e+03 1.214425678130627162e+01 5.327645557851156538e-03
1.240973237723823331e+03 1.221151287077296388e+01 8.770603958222085092e-03
1.446095585595625153e+03 1.230839673915907717e+01 5.351462704361484475e-03
1.605101337718055674e+03 1.239781380093443097e+01 6.194499805986328038e-03
