-1.457059430479999946e+03 1.327042701909377520e+01 2.701984325565479073e-02
-1.281091341573076079e+03 1.307232281730961532e+01 2.066663903159804763e-02
-1.092774859443333980e+03 1.317540286515244219e+01 1.759491364902422347e-02
-9.209320430782771609e+02 1.315801070731251521e+01 1.782730317845476059e-02
-7.293291200591999086e+02 1.316023547900254087e+01 1.854502857015088296e-02
-5.604300151961540450e+02 1.315882791028372978e+01 4.445084365567320700e-02
-3.637724413935715688e+02 1.318549817044016947e+01 2.884231853644893956e-02
-1.999727363323081022e+02 1.320111803109765702e+01 2.511258620829520324e-02
9.433361999991272118e-01 1.332020219086508739e+01 2.765127169975202526e-02
1.604389197378571055e+02 1.332216315517893435e+01 2.751741381059523775e-02
3.674912387600001580e+02 1.324244257343488584e+01 3.049558513179548638e-02
5.258830165281477775e+02 1.321504404782204034e+01 2.411490422282442161e-02
7.317085116936366376e+02 1.305548203302442545e+01 3.866871414683295538e-02
8.916295951512497595e+02 1.299346849368911627e+01 2.376421604956526629e-02
1.096265468738124582e+03 1.314891422129593224e+01 2.432485251609559432e-02
1.255878320848571775e+03 1.305212862459784162e+01 1.635757057385988159e-02
1.462947854565832358e+03 1.307462774755090607e+01 3.218345468291713973e-02
1.621594837616665927e+03 1.297132558141931824e+01 2.665438235782735185e-02
