-1.446700745068749711e+03 1.397266003092370212e+01 4.480119490261529752e-02
-1.267159352341579051e+03 1.377104249561663885e+01 3.256034548300117126e-02
-1.080527333381665812e+03 1.358710473306864586e+01 4.291946866609478578e-02
-9.083264460599998529e+02 1.380873153096874439e+01 3.425265714454366756e-02
-7.175829190299991751e+02 1.364867324990235176e+01 3.202186730983488244e-02
-5.494551697719047070e+02 1.365514177488326553e+01 3.926292093417335649e-02
-3.530382438206247571e+02 1.370903287121552694e+01 2.318584846981002617e-02
-1.884621018515001083e+02 1.375612404615037931e+01 3.814346774662432521e-02
1.373980903238095586e+01 1.343924014372988474e+01 1.609092973480361066e-02
1.727694003191172669e+02 1.347494936320503101e+01 1.997952329904792781e-02
3.778686690039991163e+02 1.338068468726481086e+01 3.150090445057898009e-02
5.385052650584211733e+02 1.337396368106966449e+01 2.693395373161814807e-02
7.426235730591320134e+02 1.333559611651703136e+01 1.985186812958713090e-02
9.031253078738890281e+02 1.332974482993698473e+01 3.806266961048103414e-02
1.109008369319374651e+03 1.332470460203398588e+01 1.934329861271406881e-02
1.269767266481765546e+03 1.341442217847233742e+01 4.501123162539958505e-02
1.473241665563571132e+03 1.335798536648461976e+01 3.416047956417125192e-02
1.633828908365625466e+03 1.337427935791436440e+01 3.887788136386753635e-02
