-1.450069544653076946e+03 1.326310331118578567e+01 4.189593982470962708e-02
-1.271117658144000416e+03 1.329550084118135800e+01 2.106949569029891930e-02
-1.084935928821666948e+03 1.322305826378901905e+01 1.480907645415540166e-02
-9.119764632194998057e+02 1.318277960763358436e+01 3.019108103151571521e-02
-7.210469869829411209e+02 1.314532024969203405e+01 2.035857800201640658e-02
-5.531788604961540159e+02 1.311002271290115928e+01 2.066670325077773693e-02
-3.568958235727784540e+02 1.304978622203425864e+01 2.291738587331869359e-02
-1.926614152836846188e+02 1.300615754234700283e+01 1.917491339545271054e-02
9.182904415499979933e+00 1.299436928642524514e+01 1.258632262708962377e-02
1.678960249004554726e+02 1.309389455704104854e+01 3.237458237770642067e-02
3.743842028274998484e+02 1.308716727323706053e+01 2.169323939020569025e-02
5.348589243180960011e+02 1.308999619778965950e+01 3.467326681349688910e-02
7.395363733382362170e+02 1.293444736585430732e+01 2.413313127162331623e-02
8.990528377423803477e+02 1.299682736603621436e+01 1.938012900660123980e-02
1.105594282902222176e+03 1.305774228388411551e+01 2.183105029533479596e-02
1.264309132246774197e+03 1.307329411728155755e+01 2.003741807090154634e-02
1.469786830239411756e+03 1.309907837645402751e+01 1.908042963087132338e-02
1.630240499409565018e+03 1.313567445615565177e+01 2.381195064561828639e-02
