-1.329561297566153144e+03 1.392697326485531129e+01 2.570196608091163473e-02
-1.138861710820000098e+03 1.421216083119126594e+01 8.087305884011261603e-02
-9.702317307623077340e+02 1.421511072511357199e+01 6.030824405726802062e-02
-7.764764683190911683e+02 1.425239023174386688e+01 7.616074530691945010e-02
-6.113645259983331925e+02 1.450239525197882351e+01 6.810422123238286940e-02
-4.118751040099999159e+02 1.447416546568827300e+01 5.631030541389116240e-02
-2.500818889858340697e+02 1.451532039486419556e+01 6.826264357915423631e-02
-4.531407763083370810e+01 1.482421339082241651e+01 8.745876072421046588e-02
1.099647925008339371e+02 1.456553298194519463e+01 6.504159447393044469e-02
3.189073385645467624e+02 1.440698614402722555e+01 7.837220457708615751e-02
4.766850377228568618e+02 1.440808633396556004e+01 9.283063822467770010e-02
6.836196216707691065e+02 1.418647061892271566e+01 6.616239111987835819e-02
8.409164037175008843e+02 1.430386673882599524e+01 8.949992310284370090e-02
1.050228530726363033e+03 1.415739506027347971e+01 3.371904247107138097e-02
1.206496366475908644e+03 1.405153944612563599e+01 5.718584652973697502e-02
1.414349217515384453e+03 1.427470653768183517e+01 4.320415069314926387e-02
1.572181374697500360e+03 1.401408636865611967e+01 8.779332737466162551e-02
1.780302568744737528e+03 1.417792161855750166e+01 5.025673992475709895e-02
