-1.424018349906875756e+03 1.171434347644682994e+01 4.807805136897147329e-03
-1.244311899506563122e+03 1.174562166503128680e+01 3.294448899996412633e-03
-1.061222431904210907e+03 1.181458850313114084e+01 4.656067218995610553e-03
-8.843406966894448260e+02 1.188838207691576976e+01 4.324698582866477389e-03
-6.949675815056248211e+02 1.183820867871623506e+01 5.853601322049538022e-03
-5.254668529344440913e+02 1.164613864924126041e+01 4.708950121660381363e-03
-3.308033339293756399e+02 1.169932424305990359e+01 5.438218343354799325e-03
-1.651088944740004081e+02 1.190036114768600584e+01 5.600714240166175702e-03
3.391461793882370301e+01 1.203089675991781249e+01 5.329256702373849283e-03
1.959096035370002937e+02 1.211367728245852682e+01 7.308761865049339876e-03
4.004510602133337329e+02 1.172171956454582187e+01 3.401161747780878652e-03
5.624090430652638588e+02 1.186106941222002042e+01 7.203941834577107239e-03
7.647938261761111107e+02 1.196566414185469895e+01 6.526300069150388176e-03
9.266123976416666892e+02 1.175442288476178199e+01 7.878927809629648893e-03
1.130285559934545518e+03 1.171105587338995768e+01 4.756906014049698019e-03
1.291066178140500142e+03 1.190197611405893774e+01 7.300547924642380136e-03
1.495902551812352158e+03 1.171047865520411868e+01 6.650319193048387194e-03
1.658004541697221839e+03 1.171430207107256827e+01 5.668300418082083958e-03
