-1.415854866234544716e+03 1.362466747200497430e+01 2.012351043994926175e-02
-1.225203966323635541e+03 1.372468920211281862e+01 1.832327691358325711e-02
-1.056713178406363113e+03 1.360635372414560607e+01 1.789102163506892801e-02
-8.633933049666650277e+02 1.359788248092914031e+01 1.469479158963556825e-02
-6.972217162972724509e+02 1.369438642844628440e+01 1.455954895644693929e-02
-4.987825893636360206e+02 1.353566363944205087e+01 1.829690846848538652e-02
-3.331146527230767447e+02 1.362332006868886403e+01 1.851301993587504968e-02
-1.321845422083327719e+02 1.369257064674791735e+01 1.690290901985008407e-02
2.519321680777688499e+01 1.354678277882119630e+01 1.276736021926420418e-02
2.319407729669997877e+02 1.372425609719548056e+01 1.416421547421529113e-02
3.906770964619994402e+02 1.360697926111379097e+01 1.073424426776289908e-02
5.966092473299993344e+02 1.362109444966856664e+01 3.858352040246234432e-02
7.557048744946162060e+02 1.366421495929299823e+01 1.569790479135399486e-02
9.632380727724994358e+02 1.380782430303961839e+01 1.768114947832856443e-02
1.122094069604000197e+03 1.376705173257847470e+01 2.058205529095669117e-02
1.327385948464546345e+03 1.375052609536676052e+01 2.448587811161912278e-02
1.486343599520000680e+03 1.377749857306383596e+01 2.233566752027474692e-02
1.693777282172002060e+03 1.378011003681290525e+01 1.598349148340242470e-02
