-1.436762397018484762e+03 1.327246024121915191e+01 9.356473169506182228e-03
-1.258470277252963569e+03 1.340005353620933448e+01 1.187184955548670900e-02
-1.072692155846500100e+03 1.343976851898544211e+01 8.452773213567294289e-03
-8.993009033320691969e+02 1.337618899013437357e+01 9.963367237185485545e-03
-7.095711091186362864e+02 1.314946522462108369e+01 7.875134907553718588e-03
-5.404441222814814410e+02 1.313461616545964894e+01 7.765481167286947609e-03
-3.425823675463638551e+02 1.313998755100749882e+01 7.615586760036385967e-03
-1.773480343415998561e+02 1.321640671715735849e+01 1.203342012895749179e-02
2.193901947727168888e+01 1.334750331845803650e+01 1.341716383963555137e-02
1.831864046562501755e+02 1.319758246487563014e+01 7.959242240127912399e-03
3.867067871823074938e+02 1.339382760137667638e+01 1.216859265676377595e-02
5.479428050107408126e+02 1.327621590106083715e+01 8.699724742071824821e-03
7.530981242608702360e+02 1.347129518301355411e+01 1.422116863044029129e-02
9.136625492076004775e+02 1.345303340636110612e+01 9.271568583578509298e-03
1.117291151466153678e+03 1.326150742724775533e+01 1.208459975366128585e-02
1.278434044339230468e+03 1.322829480638583810e+01 1.127403112816912842e-02
1.481877652293333540e+03 1.298073605812132669e+01 7.092597069556263491e-03
1.643512071047307927e+03 1.297880505497538550e+01 9.566538653638590600e-03
