-1.315674659911428762e+03 1.374704023384734697e+01 1.480678524234173114e-02
-1.125474144801427883e+03 1.386201596044051421e+01 1.644800314871611505e-02
-9.561124492547379532e+02 1.379307320847673068e+01 1.225115030407938899e-02
-7.632958278064710385e+02 1.388958680490638109e+01 1.438556335833171204e-02
-5.964617038330769674e+02 1.398820472582688446e+01 1.063761975863812374e-02
-3.964157333288235350e+02 1.401703672748932483e+01 1.015996621523962765e-02
-2.344114462900001286e+02 1.394054486452397157e+01 1.624462029764135729e-02
-3.217387812266727565e+01 1.394733112502376571e+01 1.332782108278826420e-02
1.261167078463155349e+02 1.391777790039702545e+01 1.520906452349512356e-02
3.334090225243749046e+02 1.401707932228122644e+01 1.215018325479083963e-02
4.910074093729996321e+02 1.396342415093552880e+01 1.266141283585680601e-02
6.989105755874993520e+02 1.401987661186363887e+01 1.874488862621956700e-02
8.572882276542100044e+02 1.398423180240845021e+01 1.003011938817048067e-02
1.063619497196999873e+03 1.402073704539678367e+01 1.291132739109345298e-02
1.221417137508500218e+03 1.402863170270229531e+01 2.288246872607933163e-02
1.430373326083157735e+03 1.391834098225877447e+01 1.842915532125878955e-02
1.585975613501176213e+03 1.395820177708719356e+01 1.401281725511323469e-02
1.794487273012352944e+03 1.400789753118956504e+01 1.819233694580677310e-02
