-1.344974705156666005e+03 1.222651596282190845e+01 1.591344804979866884e-02
-1.153740855776666649e+03 1.220771984267913268e+01 1.699551467054669085e-02
-9.855784340776920089e+02 1.223911213530432462e+01 1.403196834105745194e-02
-7.898787562099997785e+02 1.233209562682971239e+01 1.128500559000337154e-02
-6.257760480112492587e+02 1.237708296062469771e+01 1.038139110832977247e-02
-4.246881723533333570e+02 1.244944176718207274e+01 2.342879205784044461e-02
-2.635955942566664021e+02 1.245934101491202739e+01 1.882245975977797983e-02
-6.043437159769382561e+01 1.247742198684678527e+01 1.568921563590539719e-02
9.700890894538427744e+01 1.246003548660262439e+01 2.030751364262593089e-02
3.057803577762510940e+02 1.239067978056998420e+01 1.827978203836110385e-02
4.617393347646155917e+02 1.235563747995236916e+01 2.177247943468431021e-02
6.707707386035716581e+02 1.229902673704769178e+01 1.231152099574106019e-02
8.281966900599995824e+02 1.221742733547857718e+01 8.707271400208613579e-03
1.036074266819998911e+03 1.224630826891114843e+01 1.909512968237346217e-02
1.192369292178823798e+03 1.231776462333631983e+01 1.285061675122337911e-02
1.402105442663332724e+03 1.243605360602110466e+01 2.040575812055591201e-02
1.557212218497500089e+03 1.249373578305537436e+01 2.742338906911120228e-02
1.766222167644286401e+03 1.251929754290059194e+01 1.734205894070314780e-02
