-1.437682404251051821e+03 1.280213487444355103e+01 1.290883959426664639e-02
-1.259264896458076919e+03 1.290455597418275779e+01 7.700088520437685900e-03
-1.073354859141363022e+03 1.276714211699787427e+01 7.016649995548441231e-03
-8.996842004663989201e+02 1.287449164163433935e+01 8.127133812113584641e-03
-7.102428373948142735e+02 1.283427120952291212e+01 6.040406542821469098e-03
-5.411728818520826962e+02 1.293270966963406998e+01 6.470279050811536189e-03
-3.437059105929165526e+02 1.297599543939308298e+01 7.682934883618763866e-03
-1.780975295812002059e+02 1.298489868742723097e+01 7.707882718360464964e-03
2.122655047599953804e+01 1.302620575009126114e+01 8.005174326646487953e-03
1.823016215835997684e+02 1.291000669913482035e+01 8.624964695579917170e-03
3.858126771537502577e+02 1.287185253301924526e+01 1.743924639469301985e-02
5.468045487462064784e+02 1.290624713665171086e+01 7.258910888084501266e-03
7.523095637223814265e+02 1.286098751407360474e+01 6.561463409424025083e-03
9.122319632926314625e+02 1.295684605119457089e+01 8.618715501091743503e-03
1.116570123750909261e+03 1.286680055135228962e+01 7.365523684267170391e-03
1.277767681895600617e+03 1.296407833160387746e+01 5.580744036416670356e-03
1.481241269865000049e+03 1.296263613937916581e+01 6.627946652775972176e-03
1.642209361228846774e+03 1.293527996386200662e+01 1.060479115104608246e-02
