-1.469022259350000240e+03 1.327042880752415321e+01 2.703242497446339820e-02
-1.293035214849166323e+03 1.319985913680881495e+01 1.331689524904634998e-02
-1.104000008918999129e+03 1.309348140690930684e+01 1.604057355583022454e-02
-9.342557925324987309e+02 1.314244115844566707e+01 1.188746908708056618e-02
-7.420831530118190358e+02 1.314007910683528024e+01 9.471218610529720527e-03
-5.746553866485711524e+02 1.316284722614234504e+01 1.453327588232336716e-02
-3.764104285823815985e+02 1.320010176948404634e+01 9.009023778868818083e-03
-2.144363000230777629e+02 1.320506510176696224e+01 1.958051198779398733e-02
-1.082411637818123218e+01 1.329964747084865451e+01 1.717934741078820660e-02
1.484838079733338816e+02 1.328744169935283814e+01 9.767760414676368227e-03
3.534537582488895282e+02 1.327925807741164377e+01 2.496521585613629968e-02
5.126024571040004503e+02 1.337622172882661964e+01 8.444465643248176903e-03
7.204003866022200100e+02 1.318652072742843018e+01 9.989432001604315117e-03
8.768588652779995982e+02 1.320927735375874157e+01 1.678585714224924488e-02
1.084627188192999256e+03 1.323796195554935728e+01 1.364419290394269617e-02
1.243911029133333841e+03 1.318240431116517186e+01 1.263510321815112039e-02
1.449652292268001474e+03 1.328797297172092229e+01 7.344113288886541628e-03
1.608069403726000019e+03 1.340812480979113808e+01 1.831004371859087584e-02
