-1.343947687120000410e+03 1.259474939724265141e+01 1.868167602506154434e-02
-1.152750552758999447e+03 1.256855138969795860e+01 3.661543993396790264e-02
-9.846541877124988105e+02 1.255988918812239774e+01 1.466378431381039002e-02
-7.894115989936362894e+02 1.252142296718484715e+01 1.545847674798786660e-02
-6.244340605390000292e+02 1.244351549752225417e+01 4.487557118576201293e-02
-4.237813665207689269e+02 1.248294020145478633e+01 1.514002533278365620e-02
-2.626356760218179716e+02 1.255031880284368384e+01 2.795950206658263243e-02
-5.955790819749866927e+01 1.263580215551682784e+01 1.709611375671756667e-02
9.793591326363689120e+01 1.276258608307556841e+01 1.432509368379345470e-02
3.074719291780012895e+02 1.269032594024573335e+01 2.286238594900672286e-02
4.626695778466667548e+02 1.262164731009077379e+01 1.359337833617008974e-02
6.717321738918180927e+02 1.266380666634650609e+01 1.717958793254346223e-02
8.291174463869989495e+02 1.258641520908707001e+01 2.168494774704395750e-02
1.036503492626922935e+03 1.279771820700483076e+01 2.467886258707853095e-02
1.193282250930000146e+03 1.278679677528992009e+01 2.188455802123804098e-02
1.402968950428999960e+03 1.274562120460431558e+01 2.286726962024719645e-02
1.557888898893635769e+03 1.272490165857408329e+01 2.280311049555644454e-02
1.767154790581818588e+03 1.265641590450726817e+01 3.181409650990050381e-02
