-1.465460277535832574e+03 1.365459284169796739e+01 2.113465426996882779e-02
-1.277672326927271797e+03 1.369462455269168011e+01 1.787644379273126485e-02
-1.100018886647273121e+03 1.366109332745887528e+01 1.086196778222889986e-02
-9.158489174507692496e+02 1.367977759229011703e+01 1.402624498842058864e-02
-7.393118768091650281e+02 1.382667111998908815e+01 2.099597624590299888e-02
-5.490991140494737692e+02 1.382770211551605399e+01 1.859561140098884777e-02
-3.802137242566665805e+02 1.374282880608846469e+01 1.786917154393755092e-02
-1.847057569171426792e+02 1.384650567258979947e+01 2.069546118603361046e-02
-1.944934389083209680e+01 1.378056791782680790e+01 9.346314137828028168e-03
1.795174700591669534e+02 1.388652889745025476e+01 2.323176056768139555e-02
3.411640738869228926e+02 1.386235576542665804e+01 1.569857167008053417e-02
5.467039761000002045e+02 1.380288622062663251e+01 1.322219304385198468e-02
7.082754581684622508e+02 1.368514634675443986e+01 1.828136937130591874e-02
9.108436490421424878e+02 1.371833184400873762e+01 1.722552347222370064e-02
1.072501147479091514e+03 1.381682969220212165e+01 1.613755670132578993e-02
1.275670016112500207e+03 1.395531375337371927e+01 1.940217628114028828e-02
1.437023229273846482e+03 1.405466529408146670e+01 1.936965234465155838e-02
1.642177017311539203e+03 1.412328700280819938e+01 3.238972397829403826e-02
1.803447524382856500e+03 1.399055107738457338e+01 1.347257228897405339e-02
