-1.451098823074999700e+03 1.364915908482856821e+01 1.400344865895626796e-02
-1.272156510577058725e+03 1.362158490437974123e+01 1.027918838335382772e-02
-1.086616227800000161e+03 1.357616455451057469e+01 1.360381791108948926e-02
-9.128636699437502102e+02 1.352887923279404170e+01 1.640466510201821215e-02
-7.219643066920000365e+02 1.356955326653401528e+01 1.243953077595476124e-02
-5.540261417078565955e+02 1.353362810753119660e+01 1.025086215530739663e-02
-3.577892434080005160e+02 1.359116989562333089e+01 7.882733122558572073e-03
-1.936526145337497837e+02 1.361856992140588929e+01 1.009562434222740362e-02
7.953163426399696867e+00 1.353014435972140639e+01 1.043859300863867259e-02
1.671518266914286528e+02 1.349076390071406095e+01 1.517876950651068750e-02
3.735260498206674242e+02 1.355243059301884401e+01 1.270758303796070375e-02
5.338237923993747245e+02 1.371614922643160916e+01 1.242444941876193372e-02
7.377426036974998169e+02 1.369780616625926939e+01 1.363241627289524423e-02
8.980625644926660698e+02 1.366784639528626499e+01 8.753852062145312668e-03
1.104473868695714600e+03 1.347890280482777392e+01 1.837517973573872532e-02
1.262480203435294470e+03 1.353924395202628617e+01 1.810999478895158540e-02
1.468875641938333501e+03 1.352842334074267328e+01 1.890587981731258957e-02
1.629269143786667428e+03 1.342800329794452274e+01 1.189479811607673659e-02
