-1.413004337382727044e+03 1.296471374853923209e+01 2.212655957308108309e-02
-1.232288160171427762e+03 1.293842623782354728e+01 1.165214292053230218e-02
-1.048743348495624559e+03 1.294575025006405689e+01 1.793617655645363823e-02
-8.734351532125001540e+02 1.298268007855044814e+01 2.220601669509989287e-02
-6.846647509617644118e+02 1.304011217493843766e+01 1.647484958799060387e-02
-5.142387380899996288e+02 1.311377492104612941e+01 1.722329792948393973e-02
-3.201553757794438866e+02 1.314078295182598843e+01 3.800433936898890003e-02
-1.528698800859255584e+02 1.313525966762057706e+01 1.902385657357440543e-02
4.671211082133329029e+01 1.311793217892204133e+01 2.807658923669396553e-02
2.093025696133336169e+02 1.322973591220418932e+01 1.897479721024850421e-02
4.108914209621424334e+02 1.325185495485737697e+01 2.488414784162043883e-02
5.735079753466670809e+02 1.327077288720841963e+01 2.537211742934368866e-02
7.765141277625921248e+02 1.318123231161712638e+01 2.169075122747361750e-02
9.388445743039131912e+02 1.318739042979585641e+01 2.330768913321594471e-02
1.142103903547857499e+03 1.310831253376204586e+01 1.748120364490670167e-02
1.304728199073076667e+03 1.319156521734941379e+01 4.243936489330769890e-02
1.507026398696923252e+03 1.302583759261370844e+01 1.868852175309414221e-02
1.668868874340000048e+03 1.309468553030725246e+01 2.569906447433288263e-02
