-1.445494748325384307e+03 1.333153888786433328e+01 1.640614470185338541e-02
-1.265951625825713563e+03 1.313248009477881517e+01 7.737893770271117751e-03
-1.079572307377498873e+03 1.306690947700289662e+01 7.790181082381643363e-03
-9.071525772771429956e+02 1.321907052283103567e+01 1.063823348408026760e-02
-7.163366173880007182e+02 1.328940997445586980e+01 8.510655362292479653e-03
-5.482787503830757032e+02 1.336938265814164772e+01 1.038174406940476496e-02
-3.516960030542100526e+02 1.319728831081742193e+01 1.106527439422306559e-02
-1.875348192080006413e+02 1.346991653696695934e+01 1.383742643595154038e-02
1.505282874499971513e+01 1.357618379201002945e+01 8.547626646987868670e-03
1.752494410346144491e+02 1.367300864042835684e+01 1.726866078842188845e-02
3.789364310841659176e+02 1.340989176027538221e+01 1.514121414354677175e-02
5.397409151240000256e+02 1.307374690423431751e+01 6.529250424904175544e-03
7.433983567661539382e+02 1.297552167013519586e+01 1.505801253371890844e-02
9.043924794111765095e+02 1.280609644717611495e+01 8.196175007571013249e-03
1.110171895153571541e+03 1.295052202357124038e+01 1.237332313343633347e-02
1.270985532597856945e+03 1.310276410095785060e+01 6.365707370017874810e-03
1.474410629020714850e+03 1.336508308785693089e+01 1.219586270238371198e-02
1.635070125913125139e+03 1.330182514300315688e+01 8.837163514633839326e-03
