-1.416750778560322715e+03 1.355192309154904606e+01 1.012106568475601778e-02
-1.235921253765882057e+03 1.357624886954157972e+01 8.500164627660667521e-03
-1.053454112972888652e+03 1.363414191711991741e+01 8.733811440436054993e-03
-8.770242237021875553e+02 1.368022907357833162e+01 8.673984470345598441e-03
-6.879452258640740183e+02 1.371244722574307318e+01 9.498270458134941072e-03
-5.179257493222584117e+02 1.366584545491208402e+01 7.634086649814214587e-03
-3.231418734099997323e+02 1.361935826300708285e+01 8.360930053958543287e-03
-1.571773347217148853e+02 1.359448880014581995e+01 1.193570140084065402e-02
4.346186367357222480e+01 1.358748590055031080e+01 1.002077606716852975e-02
2.053540060541668595e+02 1.362714314001414806e+01 7.569477007518578444e-03
4.076640426749993935e+02 1.360006681576997600e+01 9.033724878763214894e-03
5.701692016137041037e+02 1.361305910903880445e+01 8.355650652738817047e-03
7.722684949318178269e+02 1.358342842740599998e+01 6.189353336279787739e-03
9.345424419755881900e+02 1.359497678237752538e+01 7.636392947733139890e-03
1.138650380988148527e+03 1.356123875484553309e+01 9.137863352405196579e-03
1.301292421827419730e+03 1.352637618182928669e+01 9.751340981364847726e-03
1.503114112033666743e+03 1.347748383045130893e+01 9.539477429588553298e-03
1.665498906649655055e+03 1.349382549805013198e+01 8.647354717711323857e-03
