-1.447275243883000030e+03 1.337365273491387541e+01 3.758928211829894867e-02
-1.267745675858181585e+03 1.343445947056378742e+01 3.665230747410325174e-02
-1.081020302008334284e+03 1.337471532857573564e+01 2.323248053056151119e-02
-9.089045364592311671e+02 1.325896022201310842e+01 4.576642789957063862e-02
-7.181265456315383062e+02 1.307587514726222899e+01 2.008067177933333877e-02
-5.500984074975003750e+02 1.301667174134964178e+01 8.116850359266417070e-02
-3.534109289175000299e+02 1.300253976449290327e+01 2.823094147796316802e-02
-1.891962723546661493e+02 1.303589793826205145e+01 9.729334399884640230e-03
1.315752827299948002e+01 1.322538786976444669e+01 2.613111551047091891e-02
1.722251464640002894e+02 1.332835836161885368e+01 3.485449304008167437e-02
3.773159446054540354e+02 1.321721197940872372e+01 3.223933243381255781e-02
5.379255716576931263e+02 1.316242885942426888e+01 3.131627138751459649e-02
7.418884756158331584e+02 1.321826925522265306e+01 3.766869039760890880e-02
9.027146871178572383e+02 1.329940763061284237e+01 6.953852676658368870e-02
1.108452266009091318e+03 1.340846262101754149e+01 3.478449384412407586e-02
1.269215476126922795e+03 1.356647816715204513e+01 3.842419498953119489e-02
1.472723442399999385e+03 1.359236251828435194e+01 3.232381739219351152e-02
1.633314589742309181e+03 1.349411181910826407e+01 3.412712432099962445e-02
