-1.469542983337500118e+03 1.300537181279918109e+01 5.252928129901390103e-02
-1.293314722074616157e+03 1.297611989767881369e+01 2.719310725254325475e-02
-1.104355835073077969e+03 1.308233366402686748e+01 2.415419715554254984e-02
-9.343967932321429544e+02 1.307459979325606270e+01 2.139711820097742884e-02
-7.423474353550009255e+02 1.296327018513349749e+01 4.518960202998546088e-02
-5.749557090276922509e+02 1.291002789237547432e+01 2.299860140998127855e-02
-3.767975548290477263e+02 1.296782294911071176e+01 1.569804089297471145e-02
-2.150210426433327200e+02 1.297012146212292194e+01 2.439492073535290753e-02
-1.102994456615348184e+01 1.296957656450318730e+01 2.260919697983479471e-02
1.482426919378574155e+02 1.302231001900243967e+01 3.374354129613298114e-02
3.531755458350006620e+02 1.307672317337513768e+01 1.356667637152591914e-02
5.124031331791666162e+02 1.306870050769514791e+01 1.700464609891863196e-02
7.196778302192849424e+02 1.299333580001541222e+01 2.883912694531700488e-02
8.772219514943749346e+02 1.293750957652503963e+01 2.301651461610158822e-02
1.084360383798181829e+03 1.286497655737930401e+01 2.981343825842961912e-02
1.243601145194615583e+03 1.290819308461888859e+01 2.661133548671748214e-02
1.449119552391999832e+03 1.287509129916457695e+01 2.577867142043165083e-02
1.607770600958667046e+03 1.296372110937250710e+01 1.432350821530766621e-02
