-1.444199594407406948e+03 1.267668387499077554e+01 1.406757935907978346e-02
-1.264962310342413957e+03 1.268370585705456222e+01 1.163552728371650656e-02
-1.078303436002307990e+03 1.264257490916308413e+01 1.670265308494599948e-02
-9.060235115938705803e+02 1.268007654641596815e+01 1.334329438449455979e-02
-7.154453566622221388e+02 1.261398188970528622e+01 1.475105800752959245e-02
-5.471531342021431783e+02 1.256823559490914732e+01 1.272625976474455432e-02
-3.509527785954551291e+02 1.252836586088258386e+01 1.810471631434200021e-02
-1.865094161094280594e+02 1.250863926459975062e+01 1.144485898754726491e-02
1.581601952333312511e+01 1.242441531096703144e+01 1.030882920764888099e-02
1.766045136399998796e+02 1.251070037570110571e+01 1.074908648289036629e-02
3.800487777171427979e+02 1.255068305757958314e+01 1.347181209053088802e-02
5.409660957689654879e+02 1.266737917489486698e+01 1.428200218172244636e-02
7.455575831673163520e+02 1.265901406604794488e+01 1.100838179320662649e-02
9.051464258987883795e+02 1.271678972077259928e+01 1.797030492235723170e-02
1.111181694961429002e+03 1.264418869957107816e+01 1.115998831140579267e-02
1.272082936330333496e+03 1.270402287789262274e+01 1.409750785450189677e-02
1.475522817615805934e+03 1.270068285541078090e+01 9.061452502020641425e-03
1.636231975811562734e+03 1.269640905279927345e+01 1.660785537040347648e-02
