-1.477131166920000851e+03 1.403689998734678923e+01 1.154618423421221486e-02
-1.300363994778499091e+03 1.407395278786415993e+01 1.784282418789135197e-02
-1.111290316423809145e+03 1.404038633826370486e+01 1.743817295570431261e-02
-9.410791765534999058e+02 1.402736047841846911e+01 1.838431396598744563e-02
-7.486114403535294741e+02 1.414551536459003245e+01 1.114358666285678555e-02
-5.822611414811108261e+02 1.410651623270343791e+01 1.837142040756497424e-02
-3.839169591118752578e+02 1.412072320520913316e+01 2.130864495009890738e-02
-2.212980867135003678e+02 1.419476981870007215e+01 2.289653631010597074e-02
-1.746079744555633440e+01 1.404038839155018437e+01 1.337401202073876944e-02
1.390170360263635416e+02 1.408972118478089897e+01 1.456915682455617485e-02
3.468350648031582182e+02 1.399704456578867173e+01 1.325110475496286792e-02
5.056871983080952191e+02 1.394961567425946392e+01 1.271963079914502186e-02
7.109903536055555833e+02 1.391886498326179300e+01 2.144534396501437609e-02
8.699356186105554798e+02 1.390599997100449059e+01 1.704746560859611570e-02
1.078031123775500873e+03 1.399804916537506116e+01 1.178123507956611860e-02
1.235406973227941307e+03 1.411029534348948467e+01 1.210322234135062167e-02
1.442236712124666838e+03 1.404868560262100097e+01 1.099715788199298085e-02
1.601173636459000136e+03 1.410756280690950604e+01 1.661895002700227580e-02
1.806626871146666645e+03 1.412023489712866819e+01 2.031173800934378548e-02
