-1.433693878106923421e+03 1.436260230741714850e+01 3.200490688368883008e-02
-1.256054145983334138e+03 1.438425962056138019e+01 1.835295666966274900e-02
-1.070701304496363946e+03 1.433520749851174436e+01 1.620492361016000887e-02
-8.962784769069229469e+02 1.436146927032719667e+01 1.744266894845844865e-02
-7.068500287884621684e+02 1.448494853676788807e+01 2.648609016511997011e-02
-5.371237041148384606e+02 1.456258731884111590e+01 2.142657814840431482e-02
-3.401766553681822529e+02 1.458234166315689784e+01 2.958876672748950512e-02
-1.749950478650009984e+02 1.459201812932158049e+01 3.469053630369388352e-02
2.406960944200036323e+01 1.455312159730203803e+01 3.421357917552618477e-02
1.855246640623070391e+02 1.464851618972683056e+01 3.471390319601663083e-02
3.885240108342867416e+02 1.466930860421494742e+01 2.549278180580233366e-02
5.500925462100002505e+02 1.462471001721069186e+01 3.601805039814602594e-02
7.552761871400012978e+02 1.443944711221041111e+01 1.973881962023052786e-02
9.166845597683332016e+02 1.436599429823319696e+01 2.846516511457459347e-02
1.119584833444165952e+03 1.438255711827218164e+01 3.228518752204069531e-02
1.280808858854614982e+03 1.436193430150357031e+01 2.152104113773904356e-02
1.485356885760500063e+03 1.437305809522489142e+01 2.315330429981862434e-02
1.645659753076250126e+03 1.437840301240350804e+01 3.407218191203656432e-02
