-1.464396292932500273e+03 1.300412025715628417e+01 2.321139273579393356e-02
-1.288682738001764392e+03 1.313752744483206669e+01 1.738736825090033203e-02
-1.099974222837646494e+03 1.329682312472033701e+01 2.006629341597988142e-02
-9.294585383369998226e+02 1.331670582731005936e+01 2.678349515471963038e-02
-7.374797463033338545e+02 1.313751363034721109e+01 2.596627535280235030e-02
-5.709181757162505164e+02 1.302542074605852207e+01 1.507521966114981453e-02
-3.709342478657142124e+02 1.294725564268847151e+01 2.898728255143603535e-02
-2.076243412450006929e+02 1.299563753812702060e+01 1.332603986130647886e-02
-6.692942893333464482e+00 1.316764538865612799e+01 2.973139695322621692e-02
1.528301839391317003e+02 1.318837102878012857e+01 2.591305288709809182e-02
3.577697644152935936e+02 1.305275071406365761e+01 2.537924845709540675e-02
5.170526277449986310e+02 1.310491804215979705e+01 1.984281579951066229e-02
7.244437291977774294e+02 1.305803403640103966e+01 2.054413855491759103e-02
8.827021386140542063e+02 1.310869246038725322e+01 1.736826462473936225e-02
1.088774515371999541e+03 1.312457156585768914e+01 2.029516341338957752e-02
1.248224701259499852e+03 1.315446101616652896e+01 3.236164109647396425e-02
1.453588099125293866e+03 1.313231001530225228e+01 3.681372212292638446e-02
1.612709341389600922e+03 1.330012236484835775e+01 3.113520047867069512e-02
