-1.167350112616666593e+03 1.413953601134178939e+01 1.404420534254977732e-02
-9.998771060466660856e+02 1.422624868951770694e+01 1.603618232368660829e-02
-8.053907027678568511e+02 1.434117640103023916e+01 2.000197694310873117e-02
-6.408482279339993966e+02 1.416290387929135974e+01 1.762847864278877658e-02
-4.408397169807140017e+02 1.402077763090138163e+01 1.096969387327965777e-02
-2.802933209075011405e+02 1.423871935150973123e+01 2.385629236040643156e-02
-7.423715389307696455e+01 1.430248516635250411e+01 2.009456478528153997e-02
8.061966410000033534e+01 1.426024412068649916e+01 2.632154279597505309e-02
2.899508350892311341e+02 1.439345041000137826e+01 2.508568837988992689e-02
4.472481168424989733e+02 1.431944402051613885e+01 1.746111751864701939e-02
6.545475403078562522e+02 1.430702220158659443e+01 1.820025469978447594e-02
8.114520206733340046e+02 1.396605037177387665e+01 9.782614965108018049e-03
1.021265221976153498e+03 1.381982016138147351e+01 1.532123037280460308e-02
1.176914523985000187e+03 1.395273132374923186e+01 1.356629199249579330e-02
1.385388429163125693e+03 1.422851222679697614e+01 1.976907702069064313e-02
1.542756706245333362e+03 1.403974991057225807e+01 1.287473552407252496e-02
1.751151719687727109e+03 1.408765019135665497e+01 1.208791440574804622e-02
