-1.168469309303635782e+03 1.111678906652980814e+01 1.178287223142756614e-02
-1.001048208211818519e+03 1.116590568994943666e+01 7.398560869324530970e-03
-8.065022480958335791e+02 1.121175737001471084e+01 8.750881261430221505e-03
-6.420150456981817797e+02 1.117897401099086352e+01 6.392897647774231640e-03
-4.419116430464278551e+02 1.122133407934183325e+01 9.108641903853749444e-03
-2.814544578675013327e+02 1.127564219655032041e+01 9.704299283641139653e-03
-7.537601461333422037e+01 1.123026419726444658e+01 1.197183017998495157e-02
7.955812422083363344e+01 1.123984848222083954e+01 7.801971733778211363e-03
2.888504860645460326e+02 1.131278814320638304e+01 1.369107828766415180e-02
4.461807585250001580e+02 1.129681078598906829e+01 1.061911243315158404e-02
6.535775843316672535e+02 1.127902082996127220e+01 1.919738324865283632e-02
8.103186024976922681e+02 1.123559115534414232e+01 6.691068361233265191e-03
1.020170729194165688e+03 1.118608072641481499e+01 9.558609973028544052e-03
1.175075376729286063e+03 1.117806754018144844e+01 1.529738437188987721e-02
1.384271998119999353e+03 1.123741232622749209e+01 1.330232832000779152e-02
1.541633282738180924e+03 1.121737212410358353e+01 3.775535135286604838e-03
1.749938696276190740e+03 1.113371770835966856e+01 1.208088663566335257e-02
