-1.174442313051499241e+03 1.128640027437227467e+01 8.221021750145439053e-03
-1.005481257221538385e+03 1.125485147837470201e+01 8.917763030976549876e-03
-8.109728082738455441e+02 1.131401709752841533e+01 1.257523222788014053e-02
-6.463549546436366882e+02 1.132810654220710234e+01 7.862747874831516048e-03
-4.467649668630759834e+02 1.135111351796942181e+01 6.771012575458635468e-03
-2.858202275466650804e+02 1.135392941596893301e+01 1.430930571081037023e-02
-8.109761616000058382e+01 1.137117614631585027e+01 6.665664916762685695e-03
7.575795199800049318e+01 1.134952016363746985e+01 1.074900521590636468e-02
2.843996925392308981e+02 1.136574068926706005e+01 5.332368040420047174e-03
4.409522577355548947e+02 1.144751384033141761e+01 7.994992449496748227e-03
6.486718094000013934e+02 1.140529877637236744e+01 9.104511675446012517e-03
8.059564598258330079e+02 1.137551652191299567e+01 6.651941411209310283e-03
1.014930332406111916e+03 1.138131608108267123e+01 7.733791996649146301e-03
1.170704945676154011e+03 1.136034989886999824e+01 6.288173029828332712e-03
1.379942591309166573e+03 1.138246863121494101e+01 1.042916172332402323e-02
1.537301094178332960e+03 1.136670344850022119e+01 4.780121278593979506e-03
1.744572722224286281e+03 1.137091910583538201e+01 1.142770793893199514e-02
