-1.464285017767857198e+03 1.357772131446129293e+01 1.084491792951703878e-02
-1.288627658796666992e+03 1.357047504497361423e+01 1.628185979344301884e-02
-1.099832237174666943e+03 1.341123680817207386e+01 1.033607132184993088e-02
-9.291931648199997653e+02 1.351332527220917967e+01 1.165034200141785645e-02
-7.373187735753327843e+02 1.362630840369039298e+01 1.630220162363897607e-02
-5.707129734656250548e+02 1.365102682656906374e+01 1.606577514032158857e-02
-3.708438957699999037e+02 1.338482586967796450e+01 1.298936927474416900e-02
-2.075166679964287653e+02 1.342078756574534992e+01 1.240334350202213290e-02
-6.555049918461568481e+00 1.342063560641664033e+01 1.493274255393381433e-02
1.529854419661552640e+02 1.350541793092308573e+01 1.489627312846703022e-02
3.583386402657139911e+02 1.357712428901663415e+01 1.549249794937447404e-02
5.171424636250002322e+02 1.359604003290704100e+01 2.353339541393151615e-02
7.246264377169231921e+02 1.358489375235955343e+01 2.002974574503713426e-02
8.822076527505555532e+02 1.364349229126638541e+01 2.005576390429077496e-02
1.088892501485385083e+03 1.373229282931346873e+01 1.521776385751009986e-02
1.248316980982666337e+03 1.357232854638244035e+01 1.335192037789987435e-02
1.453828826422001384e+03 1.351493625842302215e+01 1.667884888114287006e-02
1.613053678989376294e+03 1.357291922034333886e+01 1.340467465977352932e-02
