-1.346806439482999849e+03 1.278694049859341675e+01 1.854606814088287023e-02
-1.155521579353999869e+03 1.284212300182053568e+01 2.293130904671450768e-02
-9.872954311800003779e+02 1.292297819128276970e+01 1.322358952053610814e-01
-7.932353036291660828e+02 1.277081022370543906e+01 2.072641758670632633e-02
-6.286661369490909692e+02 1.292822904983249899e+01 3.215123853086922223e-02
-4.264994518483338766e+02 1.275644567885736080e+01 1.817104934471936578e-02
-2.654954826900005287e+02 1.279041077755224975e+01 2.223151520508430054e-02
-6.229740472750139446e+01 1.307674717106338136e+01 2.560595491002816762e-02
9.510444860000015410e+01 1.311626946602963528e+01 3.261261877546175331e-02
3.033708371033339972e+02 1.297218634624955413e+01 3.215181004987548857e-02
4.592944838309089164e+02 1.296025847032881195e+01 2.155227470276639690e-02
6.688607843561537720e+02 1.286859098298643289e+01 1.767414477790452826e-02
8.263716577210004743e+02 1.280458956422249450e+01 3.096998482965190175e-02
1.033125639563333607e+03 1.287388188759167740e+01 2.501632863425709910e-02
1.190448213754999642e+03 1.284793567099694478e+01 2.057106410874976268e-02
1.400299912680769467e+03 1.282199231189877509e+01 1.672393556362783765e-02
1.555195659361538446e+03 1.286229839652198415e+01 2.475095194765863579e-02
1.764416781346363905e+03 1.292522792451319091e+01 2.054399126239365644e-02
