-1.327353344654000921e+03 1.315568071731791733e+01 3.443354854070633519e-02
-1.136717217906363658e+03 1.324347971374976041e+01 4.970319721297088156e-02
-9.684120576600008690e+02 1.317689223611590599e+01 3.215702961778645064e-02
-7.747579045941669165e+02 1.318371174130641066e+01 2.867742414242143226e-02
-6.095960221623082589e+02 1.316385895208749268e+01 1.944378211655429026e-02
-4.098930509578562464e+02 1.327984091482369955e+01 3.475541636836408654e-02
-2.490601270700002203e+02 1.326262864768284366e+01 3.473501573854039653e-02
-4.353163183583334472e+01 1.317765544280758050e+01 3.206251902251851249e-02
1.125524386104345638e+02 1.320449877478944245e+01 1.583145109162290703e-02
3.207615995116666454e+02 1.325678469507439416e+01 3.714994481856397079e-02
4.784526798108333310e+02 1.317427779802929777e+01 2.696682207532529948e-02
6.856036005299990848e+02 1.311476517672818787e+01 4.342947622829393395e-02
8.427062899781819851e+02 1.311590797856345780e+01 2.379506506104182850e-02
1.051945219370909626e+03 1.311113628161998790e+01 2.789206479397701721e-02
1.208387147243846584e+03 1.313996807850708137e+01 4.864861593416053287e-02
1.416145496847142795e+03 1.309291751028577444e+01 2.445512979216538443e-02
1.573923878095834198e+03 1.307147405140112006e+01 3.275115270376544735e-02
1.782333648960588107e+03 1.306382367827442792e+01 2.079447933376235222e-02
