-1.308996100135881989e+03 1.143322771865482146e+01 4.806366630549343058e-03
-1.119024920333077262e+03 1.144635675678448195e+01 5.941989325264435996e-03
-9.480234535068752848e+02 1.135202937239947651e+01 5.364724917225470457e-03
-7.546575615256242600e+02 1.153556316423931349e+01 1.073177051737041025e-02
-5.885418515286660295e+02 1.173103747176549660e+01 4.838242717412235931e-03
-3.902967944149994537e+02 1.163939294527762414e+01 1.178537414475151063e-02
-2.280249269006667134e+02 1.169710933839736988e+01 1.009706961523071031e-02
-2.553714266857163651e+01 1.156614793148071918e+01 6.181917815024708628e-03
1.324111285499996313e+02 1.153332880395470283e+01 8.738307884903017894e-03
3.408369749416669947e+02 1.145842798863961853e+01 7.398815908768948540e-03
4.974945188270833683e+02 1.143765909365983369e+01 4.482790846464771058e-03
7.050446278486667779e+02 1.120878350046003646e+01 5.669933698743624857e-03
8.635730278835296758e+02 1.122487137388928424e+01 5.542060185631368478e-03
1.070555608748666828e+03 1.125236649259797339e+01 4.722397382372291522e-03
1.228180524457500269e+03 1.125894181291102214e+01 7.535283670838205557e-03
1.436310387883999965e+03 1.109615936361581312e+01 2.464151270007890193e-02
1.594913460451332412e+03 1.107623738654638856e+01 5.222855753533936843e-03
1.800550629197856324e+03 1.127799180858307970e+01 7.503376305149342396e-03
