-1.347287893034998660e+03 1.305388350832587818e+01 2.688632014553526267e-02
-1.156007059543334435e+03 1.329891594604617389e+01 2.865605351719071464e-02
-9.883850754950004784e+02 1.324872533730432700e+01 2.954363269842590414e-02
-7.936660140416655622e+02 1.339598420904141918e+01 6.736705676481437310e-02
-6.295071976227277446e+02 1.331051541534211324e+01 2.272033694284192676e-02
-4.269994887719993244e+02 1.325767039923877988e+01 3.460446135802904000e-02
-2.659981525607688013e+02 1.321867346393698384e+01 2.635499310785408694e-02
-6.277094913200053128e+01 1.323976626591605132e+01 2.470247478413706288e-02
9.460164585666643688e+01 1.341485090901010224e+01 2.630163232643214014e-02
3.025925979882355250e+02 1.337585337339854519e+01 4.055204953577033755e-02
4.587701523254528979e+02 1.340329317965861478e+01 2.967482367353940775e-02
6.684336244509999005e+02 1.332268978352195887e+01 3.823964638159017826e-02
8.249926510457142967e+02 1.315765342725375575e+01 4.332628675918414468e-02
1.032649129746363315e+03 1.305819027924881048e+01 3.001702660303151235e-02
1.190038684039999907e+03 1.309292872240858685e+01 3.291880952225743201e-02
1.399245890473125201e+03 1.329389563442141586e+01 3.770526544834388455e-02
1.554752630686922430e+03 1.334612779332253396e+01 2.789977460804087331e-02
1.763911173282499476e+03 1.320468796143829948e+01 6.673623920197491177e-02
