-1.309648628217332998e+03 1.367934231036283599e+01 2.266499340229172904e-02
-1.120124715705455174e+03 1.372532249489833589e+01 9.717033306956730787e-03
-9.495438041861539205e+02 1.371116842585261253e+01 1.091131179463102237e-02
-7.552861533861539556e+02 1.361571042636463424e+01 1.676811787197936623e-02
-5.892366697738453922e+02 1.355131028369788204e+01 1.757532718403419236e-02
-3.909882507307690958e+02 1.342601926894768205e+01 1.320725170111421501e-02
-2.286631784499999469e+02 1.344916364074780724e+01 8.703193262801467781e-03
-2.636162750454571935e+01 1.364827485850427458e+01 2.223665488412680455e-02
1.317029425186657932e+02 1.375761057521547670e+01 1.506957690673987882e-02
3.402107797833329528e+02 1.374029563761400574e+01 1.950443622377759020e-02
4.971671072727581873e+02 1.367956629545984271e+01 9.197853914166486192e-03
7.044863632600003029e+02 1.366672042624866457e+01 1.249212715035920643e-02
8.628926656038462397e+02 1.362135979866335234e+01 1.260888849919975484e-02
1.069013252850999606e+03 1.369131905566253238e+01 1.174482864923960708e-02
1.227649712347221794e+03 1.373788382015625942e+01 1.278940024291158259e-02
1.435676619113570951e+03 1.376587762590529529e+01 1.849363612866531184e-02
1.594285145420000390e+03 1.381694728678395379e+01 2.017027128597932012e-02
1.799913430030000200e+03 1.383520694443780918e+01 1.679597835462080802e-02
