-1.329457305487142321e+03 1.197541172672910648e+01 1.089511242827927683e-02
-1.138296191635333116e+03 1.196764476375365405e+01 8.981276145452899567e-03
-9.696718159607693224e+02 1.191977883472217492e+01 1.654092297876349343e-02
-7.759215163581829984e+02 1.195459395557293902e+01 1.113974364232699424e-02
-6.107370569983335145e+02 1.213949329885220862e+01 1.228719508695850365e-02
-4.109451329846667704e+02 1.208416279927426551e+01 9.306977420491850672e-03
-2.496337111061545215e+02 1.203467680838447684e+01 9.115504959540601457e-03
-4.477100054615416980e+01 1.180889330944543225e+01 9.192564057554091991e-03
1.105423660416666536e+02 1.186887933398238459e+01 1.110385314839479678e-02
3.195532780583332055e+02 1.191461794472017388e+01 1.125694815891142148e-02
4.772757978346153891e+02 1.192583921512722966e+01 6.597228770893819386e-03
6.843655338013326173e+02 1.190791346461978861e+01 1.022465302832804845e-02
8.414826964350007756e+02 1.198977071068223665e+01 9.386795153285425880e-03
1.050734283918332949e+03 1.188328606407297272e+01 1.320545357118134422e-02
1.207207471285000111e+03 1.184069027843372268e+01 9.775317080982653256e-03
1.414965694508181286e+03 1.199746495235606147e+01 1.348499314716982388e-02
1.572703099546665953e+03 1.206774961629787946e+01 1.239912235519023166e-02
1.780763701183043850e+03 1.214913306020072525e+01 1.030705847479811144e-02
