-1.477384751135384249e+03 1.220845990064230335e+01 5.370903928789807005e-03
-1.300586574773332359e+03 1.219544820544024866e+01 7.807043353660004549e-03
-1.111661365496499002e+03 1.214473465588050516e+01 6.270725635841494471e-03
-9.414302064386666871e+02 1.220648342573499257e+01 3.825605737560922644e-03
-7.489603868615388365e+02 1.231037715769272012e+01 1.202095727244787901e-02
-5.825920107342857364e+02 1.227964703237867461e+01 6.982928996924747840e-03
-3.847413978918180533e+02 1.224777526079028434e+01 4.926354706953477505e-03
-2.221445137635715241e+02 1.230684388525177653e+01 8.358320168250646734e-03
-1.776848151333312487e+01 1.229945553176591133e+01 8.968663294844832559e-03
1.385690004879996877e+02 1.236601720710256203e+01 1.051790712881461344e-02
3.465270335569238114e+02 1.246708565302722072e+01 5.247883592745189799e-03
5.053768066946669251e+02 1.256202326232411615e+01 6.289085195208619916e-03
7.111943969287503933e+02 1.252888003626220126e+01 1.145472362649466169e-02
8.696229166846140970e+02 1.253088589508913842e+01 9.703009026081463664e-03
1.077745078120624839e+03 1.237143872992266580e+01 5.390398545968053123e-03
1.235043133082857139e+03 1.236061655599879749e+01 8.226742994134719419e-03
1.441944737008571110e+03 1.232235224304825216e+01 5.409371255154634024e-03
1.600831008390000761e+03 1.235237226341897809e+01 7.397564351415545671e-03
1.806189677226152980e+03 1.254378298587432283e+01 8.301389237235688723e-03
