-1.429434049843333241e+03 1.258709601478462936e+01 1.037982373360646707e-02
-1.251756742261250565e+03 1.263622266440309971e+01 7.671206691868937000e-03
-1.066918348743076649e+03 1.257924824225517391e+01 7.933439538054034082e-03
-8.914241234936362162e+02 1.245055227208614568e+01 5.075784301561980100e-03
-7.032954191430002311e+02 1.234582653560371490e+01 9.336755325058029506e-03
-5.311318340453328801e+02 1.240802066606884679e+01 1.156295489595656444e-02
-3.360891148385723568e+02 1.241656328197769632e+01 1.078446404431073272e-02
-1.705849834042866462e+02 1.239331477498524059e+01 5.301960691292581865e-03
2.815417402157886428e+01 1.241265535760228289e+01 6.504834632543292187e-03
1.897690755247370475e+02 1.247782261729908093e+01 6.984977527934711425e-03
3.947196537366665439e+02 1.243010770734502124e+01 8.914825201181827627e-03
5.551787868341658623e+02 1.238040662957568294e+01 4.840392354773339831e-03
7.593883177822216339e+02 1.224864843232455058e+01 6.636505848452389084e-03
9.210240693214281009e+02 1.232419719847728956e+01 7.826214638541049637e-03
1.124540699933124870e+03 1.226835346022578932e+01 6.684213561631600214e-03
1.285782205470665986e+03 1.230623830202731028e+01 9.514807173850461930e-03
1.490609643712667548e+03 1.222173791749508354e+01 7.492020446473043709e-03
1.650706558942608581e+03 1.226605244044625920e+01 8.499633765238028688e-03
