-1.441180065330000389e+03 1.318492229219616263e+01 1.209723915884414365e-02
-1.262020597309285677e+03 1.320645163958868018e+01 9.611115558250870813e-03
-1.075776201964000165e+03 1.329229853009868734e+01 8.590750840293249341e-03
-9.031707479723083907e+02 1.330047683624484733e+01 1.089860146481595564e-02
-7.127794873963634927e+02 1.320357826086364028e+01 1.025299794899754008e-02
-5.437501675123074847e+02 1.318900532956397775e+01 9.065081032641485875e-03
-3.474299264624996795e+02 1.320194103690430687e+01 1.358033641370400176e-02
-1.824145106043998510e+02 1.324600583649161578e+01 9.756720760583469446e-03
1.881305953909031814e+01 1.327941707468017718e+01 8.499348098924192074e-03
1.795819968635712200e+02 1.334804687272104218e+01 1.190376224374279160e-02
3.827096784290902747e+02 1.342334243212105704e+01 1.230486579456365262e-02
5.436846435207132799e+02 1.334468595358584864e+01 1.286577091450373175e-02
7.494301167021429819e+02 1.321244500125635923e+01 8.288550710847844560e-03
9.084294164447060211e+02 1.315009885482031926e+01 1.011453611778200326e-02
1.113916046783077263e+03 1.308293161035138397e+01 1.167532244956514913e-02
1.274765308552727902e+03 1.306302597414232558e+01 1.128944375048395073e-02
1.478818416791666777e+03 1.304882275859873175e+01 9.666906127302260163e-03
1.639064015269166703e+03 1.311836088027953551e+01 1.595876848840994608e-02
