-1.474880114348000689e+03 1.058100434399511691e+01 4.242979587193975756e-03
-1.297810769358888365e+03 1.062467996441915297e+01 7.777469409156861566e-03
-1.108982915235385008e+03 1.067665194859180033e+01 1.190338978094120613e-02
-9.389856360883331945e+02 1.070996576256114885e+01 8.087104135049151890e-03
-7.466074803499994914e+02 1.079947255523451766e+01 1.827307559706835977e-02
-5.801580406190914800e+02 1.077279070242843773e+01 5.044142988182096637e-03
-3.818482899281814298e+02 1.075190727595037110e+01 1.160981684755346341e-02
-2.190881199291664814e+02 1.075345331528704662e+01 3.309936020651312039e-02
-1.543949012833218148e+01 1.068059846335440177e+01 4.353843202562250429e-03
1.420020618238882548e+02 1.076033482132199737e+01 1.351036164832809111e-02
3.489088703127272311e+02 1.075217423125411820e+01 5.637589948349909161e-03
5.077948878988884189e+02 1.070086248660768291e+01 8.454684479392571284e-03
7.130687137969995320e+02 1.071233666762398684e+01 6.538952211230179834e-03
8.720197173520006118e+02 1.073836617098448265e+01 6.314764027682725524e-03
1.080024558545454056e+03 1.077805798086531119e+01 1.013031049200870289e-02
1.237982551839374992e+03 1.087695046397540821e+01 1.391206668723590952e-02
1.444229908646666445e+03 1.076190310078785650e+01 5.827012819923860915e-03
1.603202155906363032e+03 1.069319742982543531e+01 1.110355121998643849e-02
