-1.477211452722399599e+03 1.166994893574984893e+01 7.150555506155347081e-03
-1.300372889363333115e+03 1.166088790163631117e+01 6.736828970955505494e-03
-1.111246508941378806e+03 1.164221959649895055e+01 4.851808148868408908e-03
-9.411624109382137249e+02 1.166877015363495040e+01 7.007104438655493116e-03
-7.485850986718181730e+02 1.167753593310581550e+01 1.005247256535914298e-02
-5.822894151759262513e+02 1.167543903335018030e+01 5.377752727888772226e-03
-3.841326118413047084e+02 1.166931222548881664e+01 6.861334172516835202e-03
-2.215024954344445689e+02 1.168230227187027026e+01 7.034945950082975748e-03
-1.748196032833281421e+01 1.170156193776092834e+01 5.492223666283143312e-03
1.388761436025004912e+02 1.170547888649430845e+01 7.253000212266868911e-03
3.467840349444439312e+02 1.175145087552707324e+01 7.333996996676650677e-03
5.056347562467856847e+02 1.168347713621652773e+01 8.496775128040995329e-02
7.112654036983340120e+02 1.169320853231263513e+01 8.329558074699493914e-03
8.698396054582143506e+02 1.169185149783227295e+01 7.902396496742082263e-03
1.078021154386667376e+03 1.165457673673848227e+01 1.077437859433171344e-02
1.235363486745435011e+03 1.169089131601541709e+01 4.483761084960339281e-03
1.442169168169230716e+03 1.172592971918707150e+01 7.776616620720942612e-03
1.601096177722593211e+03 1.173607569766931391e+01 9.787328611969686384e-03
1.806504462127500801e+03 1.170479705367753809e+01 7.167127519970123081e-03
