-1.458255954369091114e+03 1.151336801862261083e+01 1.184529629547419367e-02
-1.269907151071538919e+03 1.124738359537066223e+01 8.703114191585061693e-03
-1.091242852567000227e+03 1.112696274925018258e+01 1.083420509312983150e-02
-9.063570873290905183e+02 1.148021159943518299e+01 9.715834782954952190e-03
-7.321235837975000322e+02 1.125873135900883248e+01 1.178656151756765115e-02
-5.410450024490902479e+02 1.129695605433282424e+01 6.220225849342603426e-03
-3.728962951399989834e+02 1.144087203248002105e+01 1.042022161561447467e-02
-1.768301875049995431e+02 1.164752117915743312e+01 1.508832023147059671e-02
-1.154470354307704838e+01 1.153585326294032321e+01 1.083072780209308125e-02
1.902724226100002625e+02 1.148456437915000627e+01 9.457882437170673715e-03
3.498395666277266969e+02 1.123197071586553619e+01 6.746823556250238461e-03
5.543922260083345463e+02 1.147745012422428701e+01 1.456377656938482278e-02
7.156215215309090354e+02 1.163997995996978396e+01 8.406823460214379526e-03
9.185322249408339985e+02 1.135854845540243829e+01 7.841603199648730649e-03
1.080393035458333543e+03 1.157723749752547526e+01 1.437558372405824993e-02
1.285682924504998709e+03 1.123785721577726449e+01 1.367921781389574293e-02
1.446788626859090300e+03 1.112942505611099620e+01 1.042312922494819695e-02
1.649940014121817740e+03 1.095911235003703865e+01 8.938558115662503106e-03
