-1.311626277243077084e+03 1.298834701070959952e+01 2.488031530721795254e-02
-1.121709109793331663e+03 1.311266839016280095e+01 3.131591660338402250e-02
-9.513431546113048398e+02 1.315340255251967960e+01 1.849356235938964810e-02
-7.576709776849993432e+02 1.328177875513297579e+01 2.195420378923928703e-02
-5.909144919233336850e+02 1.315302398788900007e+01 2.733386058348032457e-02
-3.925910257708334825e+02 1.316391365890897092e+01 2.484094886326863871e-02
-2.304480645723076861e+02 1.313958879261138435e+01 1.767822939824844133e-02
-2.792346656142814965e+01 1.301203548885816375e+01 1.706429278325634694e-02
1.300889445841676206e+02 1.302025265029638845e+01 3.201675532051392881e-02
3.386213237835717109e+02 1.300494341515192609e+01 1.858054458688967320e-02
4.945070492125008172e+02 1.296033920667544059e+01 1.686753262232406486e-02
7.028199445757143167e+02 1.293199818063000706e+01 2.225355385230627300e-02
8.612558151946146836e+02 1.292940450674772990e+01 2.483086455191799852e-02
1.067504809308571112e+03 1.304071026976772174e+01 1.714024094947096469e-02
1.225483621166666808e+03 1.305327886433317808e+01 2.039923137022840033e-02
1.434073969209999859e+03 1.312340247770652724e+01 2.557410122772522942e-02
1.591029692367082816e+03 1.319510290973308386e+01 2.656493150219063973e-02
1.798202779090769582e+03 1.314883209259818742e+01 4.697426814390901623e-02
