-1.427935560168571556e+03 1.286996252029371135e+01 2.191285009663313313e-02
-1.249943006697332976e+03 1.287739772618155598e+01 1.364129840058755753e-02
-1.065668504638181957e+03 1.289824142700146226e+01 1.297559820899328066e-02
-8.896158031042858738e+02 1.289966551560062413e+01 1.065569450314343518e-02
-7.004251562506251503e+02 1.286879402284029972e+01 1.748508571979149814e-02
-5.296387923800004955e+02 1.289185076810248276e+01 2.729603830294468833e-02
-3.347294566299996177e+02 1.284266206429303026e+01 1.914452980008420416e-02
-1.691850774683322527e+02 1.284874401977591951e+01 3.046957737462567539e-02
2.999014168250050716e+01 1.289606948256867014e+01 1.689561729009956756e-02
1.912073444675000644e+02 1.293704921416003550e+01 2.622878410053161927e-02
3.965111274358332594e+02 1.289694358722868195e+01 1.865560922724057713e-02
5.565618816252175520e+02 1.284489212827416793e+01 1.681849391965408586e-02
7.607684825269226394e+02 1.274743883017526613e+01 9.932324770052307697e-03
9.224550180521426910e+02 1.278054277771047076e+01 2.192135650410672459e-02
1.125336410603333661e+03 1.274118678689561079e+01 1.991322684086428360e-02
1.287254275430000234e+03 1.272149187658654768e+01 1.700756595950945679e-02
1.492008482417000096e+03 1.266755553694375713e+01 2.171638753289696980e-02
1.653795045119999713e+03 1.270378191174592963e+01 2.534187601294418668e-02
