-1.435932874913243268e+03 1.332841896239164470e+01 2.059881954221214756e-02
-1.257984731550857077e+03 1.337456766339295733e+01 2.570692851906878490e-02
-1.072181788340370531e+03 1.331793814778324148e+01 2.572206802096814113e-02
-8.985368242051274592e+02 1.325752432775059120e+01 1.918943502866301068e-02
-7.090022617739281259e+02 1.332617131566454027e+01 1.938899848888885058e-02
-5.395038019384209065e+02 1.327915991185876798e+01 2.083908272662886654e-02
-3.418121164393099889e+02 1.327889497918238604e+01 2.295184221863361823e-02
-1.767568415879410679e+02 1.340581328398114991e+01 1.856179171979404491e-02
2.257221368230798575e+01 1.342258827973652302e+01 1.966969178343255797e-02
1.836750158497148959e+02 1.343731881389133065e+01 1.819246369801791677e-02
3.871093726387879315e+02 1.333336112996505030e+01 3.397422453268113263e-02
5.483210841691668520e+02 1.330861907168298686e+01 3.466110407399733417e-02
7.535866863134483538e+02 1.312638785591717117e+01 1.531094594095953887e-02
9.148108480897058143e+02 1.317601626533203074e+01 1.832818575255440105e-02
1.117830164302999719e+03 1.307258250066629479e+01 1.143450333102201052e-02
1.278961824222778432e+03 1.298136645071024375e+01 1.684130122588735692e-02
1.482642506760000742e+03 1.289951561782997658e+01 2.051276995204976555e-02
1.643607691257837132e+03 1.286384139095327228e+01 1.732525490707914270e-02
