-1.166151362142500147e+03 1.270439003252124621e+01 1.303007098363310502e-02
-9.986529370750000680e+02 1.274947851253094555e+01 2.026532597146171732e-02
-8.042031667976916651e+02 1.252629050521187892e+01 1.212970428867285629e-02
-6.396552320025002700e+02 1.263774714675490429e+01 2.282794497120710017e-02
-4.397609776226663030e+02 1.230300191503368268e+01 1.686956956794379361e-02
-2.785447055113342003e+02 1.321945979631512635e+01 3.170119598304466102e-02
-7.307288394250038266e+01 1.321317072538254855e+01 2.284542211088691488e-02
8.211396065466688299e+01 1.317883844122059855e+01 2.057931609591991118e-02
2.911553650878580015e+02 1.287242766209016231e+01 1.816820068910753386e-02
4.484205073308330611e+02 1.225579223271628493e+01 1.620509518598521950e-02
6.558836653485715260e+02 1.222390962968479045e+01 4.743212472830226484e-02
8.126925351784622080e+02 1.301374697232231092e+01 1.641718584242054732e-02
1.022430838794998408e+03 1.308736370513383207e+01 1.599509558154854974e-02
1.177799055595000027e+03 1.281060550349151228e+01 2.386991039103547943e-02
1.386589859859230955e+03 1.188297961553536553e+01 1.286667961116659195e-02
1.543952041104166710e+03 1.242700705834344888e+01 1.361110838511044550e-02
1.753315752066874211e+03 1.230043800739562876e+01 2.344837822795571916e-02
