-1.311672508053333559e+03 1.299554769644304741e+01 2.114915150843007727e-02
-1.121722083597691835e+03 1.302385635342387005e+01 4.328784949219928457e-02
-9.515729144184999768e+02 1.300084812853775418e+01 1.689498885773426523e-02
-7.575952775494442903e+02 1.293536874025699035e+01 2.561287253703390526e-02
-5.909766763609090958e+02 1.307013809570707963e+01 3.066391648858377700e-02
-3.926140266438462731e+02 1.308505857224327684e+01 2.507687568678924894e-02
-2.304477217330780832e+02 1.308732889840608138e+01 1.517196831196659067e-02
-2.792414803307642401e+01 1.302306711139264550e+01 2.401527672694351093e-02
1.301219824039998230e+02 1.292706855519566389e+01 1.613589753944665375e-02
3.385929395466664573e+02 1.285313721832403644e+01 2.636376639009021042e-02
4.944427632221429008e+02 1.288047565617868528e+01 2.361337759971031749e-02
7.027822388943745864e+02 1.281217801341377793e+01 2.268264895111121032e-02
8.611948898118174611e+02 1.287577272007722939e+01 3.039188180619613669e-02
1.067337149102352896e+03 1.284449301491041595e+01 1.398938013889093959e-02
1.225457506321429264e+03 1.294298841258217614e+01 1.746186054845881921e-02
1.434015231617500831e+03 1.286430858175513947e+01 2.345639743347628647e-02
1.591081376122800293e+03 1.294554166992591249e+01 1.710550167430803861e-02
1.798217122814284949e+03 1.298366785149403135e+01 1.655336109516937146e-02
