-1.334798220094500039e+03 1.302277604100888198e+01 2.080400257143574447e-02
-1.142932979650667903e+03 1.288505126308559490e+01 2.341881436638426628e-02
-9.742042375036365911e+02 1.266876641641058043e+01 4.006367983323780302e-02
-7.802795534572717315e+02 1.273596341101774598e+01 3.275701741959444885e-02
-6.153180966854541794e+02 1.268687218991270171e+01 2.142289176368672096e-02
-4.160539436199998704e+02 1.267750349750884808e+01 2.194632299899459613e-02
-2.547193173759995375e+02 1.272255933588905208e+01 3.546059283815902047e-02
-5.049832168333419702e+01 1.287638767952915941e+01 1.817977275856146394e-02
1.065315583327286362e+02 1.295322984904534280e+01 9.339424599715741293e-03
3.150335212071430533e+02 1.292853198179235719e+01 1.407331016640729800e-02
4.727839424912490358e+02 1.285988275015134441e+01 2.757358593015236600e-02
6.793686389409082267e+02 1.289486492444802579e+01 2.188078778470565339e-02
8.370356326424998770e+02 1.266124817620269383e+01 1.513764597557619267e-02
1.046436454807272639e+03 1.279049491014569284e+01 3.151224997598185695e-02
1.201661913365454438e+03 1.296821375596969617e+01 2.324910493346517976e-02
1.410496755924998979e+03 1.299023570793454496e+01 3.731499495382906845e-02
1.568265094382999905e+03 1.301754185364431038e+01 2.123712004715140600e-02
1.774782171244615483e+03 1.310163527433585529e+01 4.284704476523228112e-02
