-1.325440070987999661e+03 1.270748244342844124e+01 1.166513005753725719e-02
-1.134787230377499100e+03 1.278732785124800664e+01 9.052668677532859504e-03
-9.665868848893742324e+02 1.278997435071576483e+01 1.085612586284812053e-02
-7.729117450169226231e+02 1.279523246682445148e+01 7.892368824520705484e-03
-6.076690845324997099e+02 1.271149692295156974e+01 8.851200483550177370e-03
-4.084049186299996563e+02 1.280592640580052510e+01 7.548257125321118990e-03
-2.465366670166671099e+02 1.276497328419264754e+01 9.038327169597917821e-03
-4.165930302142805886e+01 1.271556250764230178e+01 1.373861840100783389e-02
1.149898328290910285e+02 1.276621179642039294e+01 1.041988955902307945e-02
3.226400632862510065e+02 1.266686628415374294e+01 9.423714579950743381e-03
4.803648509287495472e+02 1.273698573336137940e+01 9.626610559245334792e-03
6.881114671359997601e+02 1.278649075981912908e+01 7.567985690222143493e-03
8.450782376505885622e+02 1.278522363582107602e+01 1.033284854271643814e-02
1.053765715082856786e+03 1.276446521486491470e+01 8.748011019254731471e-03
1.211758732960000543e+03 1.277577366318069529e+01 2.007619762149945655e-02
1.417992611608000288e+03 1.282491122061879629e+01 9.057282725540273527e-03
1.575829472154666973e+03 1.263674811744848725e+01 5.458910486873989887e-03
1.785178887229285465e+03 1.282974004378986344e+01 1.434091376377995622e-02
