-1.170148865470000146e+03 1.115425597335832819e+01 6.052655830866072659e-03
-1.002460472720714620e+03 1.130715174427519187e+01 5.570970254786649853e-03
-8.080126838500005988e+02 1.142662649055643875e+01 1.141597664944092247e-02
-6.434190142515385560e+02 1.149913152109404635e+01 6.683412493645629268e-03
-4.437131911714282637e+02 1.147157487347622329e+01 9.219531159671381579e-03
-2.828289848699999993e+02 1.142306479574908451e+01 9.075569716529759481e-03
-7.677307335333365756e+01 1.131342861042296732e+01 6.221453750556782576e-03
7.822243508066603113e+01 1.127459204525490044e+01 4.365956119060704702e-03
2.874099929139998153e+02 1.128195608146668860e+01 4.884771420047156337e-03
4.447903213607697808e+02 1.131712652513085260e+01 1.143068684663962019e-02
6.526119202212503296e+02 1.127774588294744085e+01 7.188175581398571420e-03
8.089349089853841406e+02 1.128646865931867183e+01 1.357851712347396544e-02
1.018779675986922257e+03 1.142211122920049249e+01 7.061421194338216543e-03
1.173501626724000289e+03 1.139450282701566763e+01 3.656266911398938987e-03
1.382925069051428864e+03 1.132645586424801465e+01 5.367376846137702530e-03
1.540249797850667392e+03 1.126131483078613194e+01 7.950852739106152589e-03
1.747346448160834143e+03 1.131827418829843879e+01 8.010096399679344711e-03
