-1.350016848370003572e+03 1.324200000000000088e+01 0.000000000000000000e+00
-1.158179231349166002e+03 1.326339090870963311e+01 8.713382374681385295e-03
-9.905747795000002043e+02 1.324496090198756626e+01 1.183152457225957951e-02
-7.957524598876927939e+02 1.316827867947298358e+01 1.728615359337378268e-02
-6.316315624881826807e+02 1.314828134149752970e+01 9.167364452188438498e-03
-4.292457198323077705e+02 1.321232320080753908e+01 1.579883208119261390e-02
-2.693224249500002543e+02 1.333956716025756428e+01 1.439125014036245903e-02
-6.492112571153792544e+01 1.345159904413041296e+01 1.409652013215104659e-02
9.229716500666654611e+01 1.339209072542637280e+01 1.133279716868995299e-02
2.995242858099994123e+02 1.341139311443590643e+01 1.105973353940667772e-02
4.565483007236358617e+02 1.332352328682555864e+01 9.962212602624786681e-03
6.662112878663643869e+02 1.339552031281237632e+01 1.452674416440348504e-02
8.220896770699996523e+02 1.314854298919774322e+01 2.358195097142342517e-02
1.030405482210908758e+03 1.331160747897263974e+01 1.199962433671951205e-02
1.187774593907000281e+03 1.341617938412444921e+01 1.090669519148675451e-02
1.395854142088095159e+03 1.360626933000003014e+01 1.234781016771008613e-02
1.551949887526364364e+03 1.372462285713316099e+01 9.530606318561165788e-03
1.761757847767999237e+03 1.359492601774014098e+01 1.447204201210044831e-02
