-1.167727733440768816e+03 1.338222194912803076e+01 1.415647806629336154e-02
-1.000275133045000302e+03 1.335549766007791561e+01 4.374662876338490658e-02
-8.058574394591663577e+02 1.343219342677086736e+01 3.646063941871995062e-02
-6.412979749141662751e+02 1.330222742786109080e+01 2.773220083346936496e-02
-4.412567140335719955e+02 1.340501841639856906e+01 6.003560393721352195e-02
-2.806903371679989618e+02 1.342741322233369416e+01 5.704738282408542555e-02
-7.463819281817995943e+01 1.340325111823007020e+01 2.909959124876660211e-02
7.987620300272696738e+01 1.336248419817600563e+01 3.248874493625873022e-02
2.895631499916659664e+02 1.332798680314317608e+01 3.430161500747668651e-02
4.468306621900000550e+02 1.335523833682889361e+01 2.981642091661853081e-02
6.545002894371422144e+02 1.322482067876028289e+01 4.768227988796897021e-02
8.110599428433318963e+02 1.329922865941552246e+01 2.776851923105813288e-02
1.020829978203333098e+03 1.332676569875308559e+01 2.367386097552726804e-02
1.176640602956315661e+03 1.328271743196143362e+01 4.036911502629199344e-02
1.385071121079230352e+03 1.335610027182356596e+01 3.787257939408919527e-02
1.542414729815384362e+03 1.332489264316005340e+01 2.226305388033244029e-02
1.750660197482609419e+03 1.331202514959172589e+01 4.043790683699347716e-02
