-1.311177793723846207e+03 1.285867130509916834e+01 6.139919800807699425e-03
-1.121297813267273114e+03 1.292131534719685071e+01 1.264001968633448290e-02
-9.507602740800000447e+02 1.278072470685749806e+01 7.933634067638289239e-03
-7.564412300999995296e+02 1.281710123841018500e+01 1.240984984509650030e-02
-5.904578157050005984e+02 1.284248391864645455e+01 1.108685720922642989e-02
-3.921698376399996278e+02 1.290859034137947603e+01 1.271774351054453384e-02
-2.299439008174995251e+02 1.285188472117523162e+01 7.486523385885323831e-03
-2.755207604285741141e+01 1.284878075664362562e+01 1.186562273609993896e-02
1.305232518058340645e+02 1.284049361004197287e+01 1.573338335679435110e-02
3.389715580475015599e+02 1.281088196262322221e+01 1.024751550738390790e-02
4.951495336392309810e+02 1.278570502526012831e+01 1.136408672091406002e-02
7.032215868981821814e+02 1.286946907979737098e+01 1.145119982624331553e-02
8.616740969127270091e+02 1.293196423347285418e+01 1.392191382130289826e-02
1.067955552567271525e+03 1.282420787774034210e+01 1.043940693382425580e-02
1.225950021677857876e+03 1.280705240867601091e+01 1.149763887537161126e-02
1.434518547856000168e+03 1.292199750894878640e+01 1.282965315197564377e-02
1.591516682855218050e+03 1.291672187509800018e+01 1.026693934726656543e-02
1.798664353978000236e+03 1.284359915129505936e+01 2.050990004851318063e-02
