-1.305785178122726848e+03 1.255968594360019885e+01 1.199281598203976937e-02
-1.117314172407142905e+03 1.257153402942062748e+01 1.610911837445899025e-02
-9.455109176923075438e+02 1.256104193141208469e+01 1.704932402914011505e-02
-7.527462311284616590e+02 1.271021344826334598e+01 3.723644629797807221e-02
-5.866563970708333500e+02 1.279918526310300386e+01 1.514171116758591430e-02
-3.885317785715378704e+02 1.258837352195088499e+01 8.087629281686469981e-03
-2.261966517542854831e+02 1.256019596157806362e+01 1.272380144388657493e-02
-2.377067258785713832e+01 1.268812383233717966e+01 1.439162178383303001e-02
1.348745970557148723e+02 1.285890151738312426e+01 3.203371797542736710e-02
3.425980076846154816e+02 1.279393943961204627e+01 1.988573133618997540e-02
5.013472917824989850e+02 1.305639165809700941e+01 2.401627892362414446e-02
7.068862692484617583e+02 1.299355893525871863e+01 2.379193420081170129e-02
8.654355789430762798e+02 1.273970905954265476e+01 1.219289920396637514e-02
1.072540558463635762e+03 1.254252857569478330e+01 1.527477076765213458e-02
1.230227767990000302e+03 1.238979211858027263e+01 1.606019282370248560e-02
1.438078236380000135e+03 1.236057671307366235e+01 1.569014503878752784e-02
1.596782813868332596e+03 1.232663433933768715e+01 1.750169718646138808e-02
1.802353137699230729e+03 1.249871921233110150e+01 2.166155841984590547e-02
