-1.444418370533332791e+03 1.189020451414616986e+01 1.102430385243741498e-02
-1.255193609214166599e+03 1.198526208859683528e+01 1.096711022566479454e-02
-1.081512503316668017e+03 1.206597681355883367e+01 1.169283823128655121e-02
-8.933565737563628772e+02 1.206639976884738985e+01 1.259151173097935485e-02
-7.202907541781810323e+02 1.205810874382509645e+01 1.659356611057817912e-02
-5.291671335808326830e+02 1.210056989645564229e+01 1.234571727474811399e-02
-3.604381480039994585e+02 1.216897791023181696e+01 1.242576675195614620e-02
-1.620986275145445461e+02 1.215463927140039146e+01 1.771796780201034122e-02
1.748928208000143147e+00 1.209583663385375196e+01 1.277769563233661226e-02
2.020149619679999944e+02 1.223196238734933416e+01 1.881829107016531888e-02
3.624273564199999669e+02 1.222096696724513443e+01 1.864799648577088881e-02
5.665183899184619349e+02 1.227463058616357472e+01 1.594191280420756418e-02
7.272701543291665303e+02 1.208741539413987098e+01 1.758121534762138380e-02
9.333740643507143204e+02 1.221676715708710148e+01 9.640028540347820446e-03
1.093720353761817478e+03 1.223072729610558795e+01 1.722459249978783649e-02
1.297499072642727015e+03 1.225270225576490724e+01 1.190298767417302499e-02
1.458052781441999741e+03 1.215767656756714388e+01 2.006320061529557469e-02
1.663614355106315770e+03 1.205856367214730085e+01 1.562077083974909401e-02
