-1.310989294751539546e+03 1.337230865640766631e+01 9.014023363919159912e-03
-1.121149649537500636e+03 1.329769782410756385e+01 1.431173679834795397e-02
-9.507340807816663073e+02 1.343304774552789738e+01 1.172418546783782559e-02
-7.562371066333344061e+02 1.345319020446876657e+01 1.117068232108136064e-02
-5.903349255285710342e+02 1.322120454044363136e+01 1.387360950929231521e-02
-3.920756000942866422e+02 1.313796294676233067e+01 1.063859317405418080e-02
-2.298401033693332636e+02 1.328611177865749227e+01 2.012799046104703574e-02
-2.704828129499998823e+01 1.341730869337068555e+01 1.738180619466574844e-02
1.306116880691679398e+02 1.341707893211781943e+01 1.000682637373480691e-02
3.391230585658334462e+02 1.333152888986500351e+01 1.241440602090385439e-02
4.954742551328568538e+02 1.321052979643758540e+01 9.487236323673270064e-03
7.033845704184624310e+02 1.310459101582629238e+01 1.176619444918842843e-02
8.618155287708335663e+02 1.302324805734719959e+01 7.102751162336592115e-03
1.068285527398571276e+03 1.308971062763072801e+01 1.228215420654513342e-02
1.225997855225714602e+03 1.319347230433885798e+01 1.267489886446789352e-02
1.434615343799166340e+03 1.318017195869158442e+01 8.682144299055980646e-03
1.591725049465714619e+03 1.321059071510417304e+01 9.378978117932619887e-03
1.798819996309229964e+03 1.292791188721969853e+01 5.721817001991471793e-03
