-1.404971821253913276e+03 1.403513528883626904e+01 1.141329642351802606e-02
-1.226085705867083561e+03 1.399142547519292989e+01 1.207312787419512375e-02
-1.042857421891111017e+03 1.404854212223978926e+01 2.018201215291649461e-02
-8.664822048928003824e+02 1.400970801053792592e+01 1.294190341487681806e-02
-6.782686113777268702e+02 1.391168035723469387e+01 1.282032468460852191e-02
-5.067779531168185372e+02 1.385381678019652618e+01 9.977882189258373280e-03
-3.115762777786367224e+02 1.386799154606639739e+01 1.003015738161298735e-02
-1.448603676707998886e+02 1.390713394834496164e+01 1.273345200642778639e-02
5.266132004047678805e+01 1.395461411762054738e+01 1.125127018948502214e-02
2.155485070688000917e+02 1.397934782785420005e+01 1.380851910959314012e-02
4.172238752045832371e+02 1.398191541517736880e+01 1.328441547244156411e-02
5.799131301949997805e+02 1.401611203760632662e+01 1.353361080190134888e-02
7.838605387961900988e+02 1.400035487155674652e+01 1.429414717088960812e-02
9.466877086299999746e+02 1.404054661370238399e+01 2.084901631927700907e-02
1.148055616646364570e+03 1.398968717507070281e+01 1.128100535826984281e-02
1.310941768790526794e+03 1.406775089193788020e+01 2.042041721603315291e-02
1.513445138537499133e+03 1.407466572604907462e+01 1.591039361549553832e-02
1.675297554926086605e+03 1.408930934711620964e+01 1.026876340550732410e-02
