-1.442567204392963049e+03 1.389643466793394211e+01 8.914372478273509606e-03
-1.263211593228484617e+03 1.392312251599098794e+01 1.438462121661278521e-02
-1.076676556436666715e+03 1.383305086686669583e+01 1.002685918384178115e-02
-9.043458262542419561e+02 1.375225993869383601e+01 1.084815395712492719e-02
-7.138365948241378192e+02 1.383824137046556757e+01 8.185465478157006453e-03
-5.442733328297227899e+02 1.388940442920573481e+01 7.723802740379294429e-03
-3.491703312980647524e+02 1.381262329539868183e+01 1.011693903508182647e-02
-1.837627067088234298e+02 1.398356035419211985e+01 1.066751684311177152e-02
1.768877463714285980e+01 1.392070515227590199e+01 1.111509959278260233e-02
1.783969150521879783e+02 1.381981648342162572e+01 1.089898912134457977e-02
3.816857540896669434e+02 1.372965726770044448e+01 8.090691954109774375e-03
5.426428572070001337e+02 1.384709892760217187e+01 1.328531825406320879e-02
7.474709674412497407e+02 1.383074550033638062e+01 7.707942951207632371e-03
9.071194139929731364e+02 1.378472401849458606e+01 1.381555512821261260e-02
1.112810250254838365e+03 1.371825752855427893e+01 8.320729169948984372e-03
1.273803864644062514e+03 1.374945219022813347e+01 1.011597633918356366e-02
1.477372181156666329e+03 1.369009068092227821e+01 1.229756976895121125e-02
1.637892379665160888e+03 1.359605990754812410e+01 9.917493882268679437e-03
