-1.421108833355999423e+03 1.421195401936401659e+01 2.799399935700518094e-02
-1.240510795316364010e+03 1.406277042078226280e+01 2.394565597912221358e-02
-1.058596341224166508e+03 1.403385339914397356e+01 2.068730768065462147e-02
-8.811935900925000169e+02 1.415360255976744952e+01 1.905340933815801233e-02
-6.919958607466669491e+02 1.414077165517170265e+01 2.027638884132091160e-02
-5.223632011046155412e+02 1.410045509225379590e+01 2.524332203251271681e-02
-3.277288099980003722e+02 1.421440636549799486e+01 2.269149620452562410e-02
-1.612168983407693474e+02 1.421261017474607691e+01 2.175809404220799270e-02
3.757213017874983052e+01 1.403608047922181612e+01 2.286060851935040050e-02
1.987934769790901441e+02 1.409973624234563161e+01 4.822195427946109753e-02
4.034697205012489576e+02 1.409347495957510077e+01 2.089552695853834352e-02
5.656359103476917198e+02 1.409804354128804427e+01 1.497763466913926492e-02
7.678268181610001193e+02 1.377584544179136827e+01 1.079819429349189973e-02
9.299274925527272444e+02 1.377699451289487165e+01 1.452270948924797890e-02
1.134632944096666279e+03 1.402374860542387225e+01 1.990655252255730048e-02
1.295161678555000890e+03 1.409968704846674292e+01 1.727684473506575086e-02
1.498841364540000768e+03 1.411097878722581633e+01 2.222219184025698777e-02
1.661014120692999768e+03 1.420161496256801215e+01 2.192906746763311973e-02
