-1.467041569220001065e+03 1.138085458056572641e+01 3.052213960687889804e-02
-1.290235423821249242e+03 1.128485946454705591e+01 7.904920255258447367e-03
-1.101406867781109895e+03 1.140992931557935641e+01 7.335864749073269658e-03
-9.314045712470003764e+02 1.124117407858666162e+01 7.457855862896602475e-03
-7.394734590466681539e+02 1.094005949269213041e+01 9.016668275805085619e-03
-5.721215982391664738e+02 1.070560060081222886e+01 1.212751634875904733e-02
-3.723329405279997673e+02 1.086002172656378306e+01 5.740028310792162289e-03
-2.101095589671432720e+02 1.082307238895998758e+01 2.530618527005162530e-02
-8.151643069999408908e+00 1.125370907171756052e+01 1.786485050625876217e-02
1.513175282691651375e+02 1.138318970151543041e+01 9.535373300361587798e-03
3.559842924790006009e+02 1.152911265301812804e+01 8.450419480418839072e-03
5.154989887472733017e+02 1.107800580119555711e+01 7.390179194138755611e-03
7.229968927355553205e+02 1.126796337773272327e+01 8.288626966532746526e-03
8.810091900438086441e+02 1.140956198384104958e+01 1.242370049467232326e-02
1.087206203598570710e+03 1.154160358657427921e+01 2.405925555773244517e-02
1.246674009006364031e+03 1.149271214374144456e+01 1.041000447951031908e-02
1.452542113853999808e+03 1.142041786598906761e+01 2.469003453104966495e-01
1.610811046282727148e+03 1.148875937698266192e+01 1.295012070879275612e-02
