-1.157684600213572139e+03 1.334289601904523082e+01 1.394503213631287895e-02
-9.900242711962500834e+02 1.329814417433478191e+01 1.202455170682052016e-02
-7.952355412657141187e+02 1.330215877431560578e+01 1.219541987046873950e-02
-6.307571554235707936e+02 1.335436814424850915e+01 1.347474962850958406e-02
-4.287015372449993151e+02 1.342849149653059726e+01 2.018020665753300982e-02
-2.678505166278565639e+02 1.334823767856633125e+01 1.191239891094197229e-02
-6.435552314142945818e+01 1.325805358349600205e+01 9.887855141550702665e-03
9.291508394785758185e+01 1.329554341267516193e+01 1.073068472895308094e-02
3.002985162218751611e+02 1.332646094576147355e+01 1.551567220536620266e-02
4.571727180500002987e+02 1.331973968082479232e+01 1.100598434629530484e-02
6.668212809778571000e+02 1.325268585694069934e+01 1.272185053557697322e-02
8.229087682296420780e+02 1.319970743980745276e+01 9.083081459761584500e-03
1.031001868763846232e+03 1.319694069191858077e+01 1.101126993329669054e-02
1.188410621571333195e+03 1.320360997671562941e+01 1.504901621000155794e-02
1.396846171920769393e+03 1.316673331247691081e+01 8.346283368231241853e-03
1.553003303285882112e+03 1.316243622874770480e+01 1.205194334909190368e-02
1.762342817891428695e+03 1.315732072159376287e+01 6.543307176395178788e-03
