-1.309351262988334611e+03 1.261224677107187553e+01 7.595076377837514832e-03
-1.120017727425999965e+03 1.242297877710641174e+01 8.671562719602475544e-03
-9.490630424036828572e+02 1.212550455674920791e+01 7.839567158847555312e-03
-7.550677929454534478e+02 1.234006189676674481e+01 9.904047545125575780e-03
-5.890672338345452772e+02 1.251272284205052010e+01 1.212568787889741970e-02
-3.908912410191672393e+02 1.260422669148819530e+01 1.455169186421676267e-02
-2.285616412053842907e+02 1.238120538072528909e+01 7.613860345929618356e-03
-2.624433762454546937e+01 1.189098226678776626e+01 7.032713085527527233e-03
1.319164979484608295e+02 1.171519220369833647e+01 5.816336292312442556e-03
3.402968284730006303e+02 1.222667499670145297e+01 9.796989333463729591e-03
4.974225361847825297e+02 1.222696805116084917e+01 1.445773905075647264e-02
7.045686554655549116e+02 1.241788060794905313e+01 9.063561559792461877e-03
8.630619760350000433e+02 1.186449120821727377e+01 5.385594640300088616e-03
1.068814734780713479e+03 1.197877962094857018e+01 7.984428175796922170e-03
1.228028727186922652e+03 1.200980712901996306e+01 5.050676282022172579e-03
1.435825493569000628e+03 1.203883364200823713e+01 5.996332212277717157e-03
1.594482270255455433e+03 1.203317843953064603e+01 3.596266533882012690e-03
1.800014831512499768e+03 1.206748318633589889e+01 6.667171204866426289e-03
