-1.340675574806666873e+03 1.377878785979518739e+01 1.446665626599732621e-02
-1.149063249840834033e+03 1.375325617004125256e+01 1.069949375749468939e-02
-9.801081526416668339e+02 1.382909255438074503e+01 1.078592861092634789e-02
-7.847078627154544392e+02 1.385593486519594997e+01 1.477677630460797614e-02
-6.198368352899997262e+02 1.382553050605991452e+01 1.553166410579725522e-02
-4.204770233909095509e+02 1.382406240007320264e+01 1.984280826444894189e-02
-2.592966901728572680e+02 1.384905730725219186e+01 1.102290221211467587e-02
-5.629353317700078918e+01 1.382004873977901482e+01 2.070722096274627347e-02
1.012388450938474023e+02 1.377555574506284231e+01 1.287268280803875731e-02
3.107357412081830716e+02 1.381120407884845314e+01 1.846384572070223704e-02
4.657259031916661911e+02 1.378520733919124019e+01 1.417701827685292904e-02
6.749694273481819664e+02 1.378987693764647027e+01 6.518078655660891098e-03
8.324055382790916155e+02 1.368464381091640547e+01 1.475214713962515363e-02
1.039231937037499620e+03 1.367812062847511889e+01 1.699473979075743352e-02
1.196615488632727647e+03 1.366630272482557729e+01 1.409141561339675996e-02
1.406226266064000129e+03 1.361486799575442674e+01 1.534092565655670488e-02
1.562529783545882083e+03 1.361041652484277265e+01 1.717833094158254664e-02
1.770424715086999640e+03 1.365147310695872029e+01 1.041388496191502505e-02
