-1.338121040309131104e+03 1.253821079994901311e+01 8.519935382578712815e-03
-1.146894432235555541e+03 1.263455537316755972e+01 8.143443507118798552e-03
-9.765005307774994208e+02 1.277790164271937101e+01 6.743839781608126915e-03
-7.825174869274997036e+02 1.280083996745108088e+01 8.116582177862791125e-03
-6.175781348650003792e+02 1.276895760292078208e+01 8.029481001767818302e-03
-4.183056092157888770e+02 1.274828675707336245e+01 8.650859783859614696e-03
-2.570545173923809443e+02 1.274474143470959930e+01 8.042256931698190184e-03
-5.344701957684140581e+01 1.281137013662193347e+01 5.638344759119078356e-03
1.035612047238884941e+02 1.275642042485537786e+01 6.670947699530868982e-03
3.129393661247369778e+02 1.288931489041552680e+01 9.736265611442975268e-03
4.691093764237144796e+02 1.282193001715862302e+01 7.594090075949350496e-03
6.771599333535298229e+02 1.269681638790913247e+01 8.355621189050825917e-03
8.345962274085002264e+02 1.279085327326727928e+01 8.364351439292816437e-03
1.042771599203076903e+03 1.278187190863376088e+01 7.702603235034799489e-03
1.199208458898636309e+03 1.277332630209635056e+01 4.697428441118525408e-03
1.408391951244706206e+03 1.277596783329151187e+01 9.910755855139988593e-03
1.566071442801052626e+03 1.273249190492685479e+01 9.340725972073990122e-03
1.773038018771667112e+03 1.261805797155824926e+01 8.342885471901024738e-03
