-1.430965366801817936e+03 1.258359067974938661e+01 1.194691488865945797e-02
-1.253520827764999240e+03 1.252358246665005836e+01 6.997519401743547938e-03
-1.068539853723635815e+03 1.262066369273457767e+01 1.216503098899400850e-02
-8.943811720514293029e+02 1.266920400993745766e+01 7.655601619180773219e-03
-7.045780786445452577e+02 1.265898528467748463e+01 1.238531157864329255e-02
-5.328023684683321335e+02 1.267428655756172873e+01 1.213530489934223390e-02
-3.376870271433338644e+02 1.263380956285083556e+01 8.509084198013897038e-03
-1.723943919583319655e+02 1.255909828399884454e+01 7.330333982588811172e-03
2.645952476818175469e+01 1.257888539156954799e+01 7.371335634117069310e-03
1.881078178492310826e+02 1.260888483316237085e+01 9.097459468203351537e-03
3.919653601265223415e+02 1.266827161068545315e+01 7.653838536934902403e-03
5.526424694673328304e+02 1.257186850480797347e+01 8.571096995350354492e-03
7.577135221672717762e+02 1.246068394983788075e+01 7.126737203696264893e-03
9.192480295623071243e+02 1.248238988452978226e+01 7.855661949829796306e-03
1.121958070876153442e+03 1.252790441685785439e+01 9.534643251795428889e-03
1.283448824778462722e+03 1.257926789946681900e+01 1.043483364984580837e-02
1.488568673058235390e+03 1.246690124898050733e+01 9.459997517050114033e-03
1.649199628334400131e+03 1.254077927535262127e+01 8.774668996606095617e-03
