-1.162199729916923388e+03 1.272441453395190614e+01 9.806920726117713052e-03
-9.946437479872726044e+02 1.280871846318139262e+01 8.252495467585805461e-03
-8.003111958509088026e+02 1.258427618624055988e+01 7.571646267331495067e-03
-6.357107621691671966e+02 1.274945422734031197e+01 1.138153556651527384e-02
-4.347279129586952422e+02 1.294219934580175746e+01 5.901411888965635982e-03
-2.747769185549994404e+02 1.292032170424943338e+01 9.123814991548200373e-03
-6.913010682583262678e+01 1.281945981261078771e+01 7.445169948064009856e-03
8.826508542363576737e+01 1.267119967738594077e+01 8.786130727631709728e-03
2.958607104058331174e+02 1.258718199999535514e+01 9.772291705899150555e-03
4.524636447100010059e+02 1.254675587408684123e+01 1.059393245960529514e-02
6.622220929260001867e+02 1.254860907802769532e+01 9.729131513141427157e-03
8.166807085336357659e+02 1.251631909197031156e+01 7.616660926312480637e-03
1.026338930464999748e+03 1.264078130222965868e+01 1.024432430937019523e-02
1.183733883732499407e+03 1.260103829425786159e+01 8.086733248329071311e-03
1.391042635734615487e+03 1.248500991080605793e+01 8.356420756835507280e-03
1.547888030585000479e+03 1.249716691239320987e+01 5.129912279951779133e-03
1.757715480469000568e+03 1.248876563448695087e+01 7.871530981962684623e-03
