-1.475587265466774852e+03 1.111811609945299928e+01 5.925095078309832591e-03
-1.288460418056451772e+03 1.103782979941254538e+01 1.099281508302505511e-02
-1.110958259017241744e+03 1.095738495522422618e+01 1.183094303503828826e-02
-9.257486164057576161e+02 1.093987703962313240e+01 8.717876640574951860e-03
-7.513825442748387786e+02 1.088083650807116243e+01 5.221555573977201825e-03
-5.617680882096772166e+02 1.084985248606947472e+01 5.835643084379484903e-03
-3.915451440266664918e+02 1.075055362862799058e+01 5.608485456035376855e-03
-1.960083682297993732e+02 1.065137272385457479e+01 4.473281473397634420e-03
-2.880845425130531012e+01 1.057321488406782706e+01 5.865889536059092947e-03
1.675504481241461292e+02 1.052522393658945354e+01 4.658049921706292062e-03
3.318045692152173274e+02 1.043707817839596252e+01 3.959392992959618988e-03
5.337233923455884224e+02 1.039641658390210921e+01 4.478028965916378348e-03
6.964845799312906820e+02 1.032240572218148955e+01 2.741336421575004192e-02
9.010741515706896507e+02 1.036798336135137433e+01 6.543521763713771103e-03
1.063069476198696066e+03 1.033919290518443646e+01 6.448945584461780386e-03
1.265737690580000390e+03 1.041708312704607664e+01 5.532678152763438259e-03
1.427261538297777861e+03 1.042935533218540556e+01 4.196503785218589667e-03
1.630397838149766585e+03 1.054923836798346315e+01 5.430486188171448035e-03
1.791870990246785141e+03 1.052532991269727702e+01 4.888736033635130568e-03
