-1.451521038305454340e+03 1.401693605107908880e+01 4.852266329609014606e-02
-1.272965766384546214e+03 1.372845745337501988e+01 4.178831042386050437e-02
-1.086939011609999625e+03 1.374178889829425820e+01 2.574866949661937937e-02
-9.133825394999997798e+02 1.364804375442457385e+01 3.734332093479496295e-02
-7.224143449130759791e+02 1.352762230378851527e+01 2.112122011421197973e-02
-5.545524290483330105e+02 1.353383016064690736e+01 3.775155287258576825e-02
-3.582968441950003466e+02 1.349574147682944059e+01 3.737524221185716672e-02
-1.941458151058328951e+02 1.356260848607678859e+01 4.239779450681836065e-02
7.846740635238044881e+00 1.351089663288535192e+01 2.015981957678659661e-02
1.666518527737498516e+02 1.345330444751120424e+01 3.284253924357347088e-02
3.730345910107145073e+02 1.326926562385533259e+01 2.067604822498332953e-02
5.333864994800013619e+02 1.328611625195570767e+01 3.706966671815383613e-02
7.372269587158322111e+02 1.323985261528807555e+01 2.165906205661077139e-02
8.975742059092310683e+02 1.329015246725127675e+01 3.515043072875605190e-02
1.103661214694665887e+03 1.343246114779587863e+01 2.945477906141660135e-02
1.262057779030000120e+03 1.365962573446730133e+01 3.495526471047421396e-02
1.468398244396154951e+03 1.364624027575151644e+01 4.001120204337275943e-02
1.628745024679333937e+03 1.358623277450792699e+01 3.827687402006531986e-02
