-1.412395887565454132e+03 1.277464090639180405e+01 1.801612935036756361e-02
-1.231402872389090817e+03 1.270878796854227488e+01 1.469137092493666592e-02
-1.047865045947058206e+03 1.294491175520545845e+01 1.880106375499770999e-02
-8.725091831445457728e+02 1.307392702730137302e+01 1.920081032043215868e-02
-6.836705624584999441e+02 1.303769802426071500e+01 1.715365954371118190e-02
-5.129910249119039918e+02 1.294520657814719300e+01 1.579768174144485782e-02
-3.191613323919044092e+02 1.298074107734144711e+01 2.508469041781649644e-02
-1.514073020385290249e+02 1.313059794652252954e+01 1.547154484717001670e-02
4.762304540846162126e+01 1.339389888715584043e+01 1.878277479517834886e-02
2.103780792385008738e+02 1.341432356545873894e+01 3.349872304471891715e-02
4.118123165872223126e+02 1.327112885118448915e+01 2.357654686062671603e-02
5.744533597012500650e+02 1.305988578114681786e+01 1.882527139016900233e-02
7.781265114778569796e+02 1.300155970542752115e+01 1.873717369304133545e-02
9.401588688639475322e+02 1.292026211510984446e+01 1.632878053651544772e-02
1.143046210611500555e+03 1.294877281836583549e+01 1.533783046863761677e-02
1.305725971403888707e+03 1.296092263535075517e+01 3.032708278069389668e-02
1.508048292339047975e+03 1.284601298725518603e+01 1.846080508125978389e-02
1.670229628879091024e+03 1.290911744316799847e+01 2.467719699681821324e-02
