-1.460955551957142461e+03 1.338409179692433604e+01 2.970026810387388708e-02
-1.285361905437500582e+03 1.353081186835588667e+01 3.808985100533351237e-02
-1.096851943629090101e+03 1.358090967836950469e+01 1.852271587852761039e-02
-9.257151717930772747e+02 1.360119850763582861e+01 2.897633941207158545e-02
-7.344826806807698176e+02 1.365573460046689647e+01 3.709363195716215700e-02
-5.661557944120000911e+02 1.360242761629540809e+01 3.383585771768129330e-02
-3.677473256050002988e+02 1.371835280873898100e+01 5.052713590370843527e-02
-2.042538524160001430e+02 1.398459727492543081e+01 6.354336372096426599e-02
-3.519585740909943361e+00 1.407008207605865024e+01 8.127711643973878353e-02
1.562777972763631738e+02 1.408935708943851495e+01 5.470274656003491082e-02
3.623883788809519615e+02 1.395839060738283877e+01 5.381634214816908429e-02
5.208585060084610632e+02 1.387985440242032809e+01 5.785857095903752800e-02
7.276903598863632396e+02 1.379339669774046762e+01 4.234565396514557156e-02
8.874157721279996167e+02 1.384154287229069169e+01 5.739767871302249580e-02
1.091959986433333370e+03 1.365454314896806487e+01 5.064050472308551792e-02
1.251599434730832627e+03 1.380602733014170624e+01 3.597111593948815189e-02
1.458271074807646755e+03 1.359699535754336530e+01 3.486141169983249244e-02
1.616135285659286865e+03 1.354254629471475369e+01 3.418325130960219588e-02
