-1.315960905978999563e+03 1.137221462629987734e+01 1.016475466235499704e-02
-1.125779754497000340e+03 1.146595151592721784e+01 7.211344975173158110e-03
-9.571016539763645596e+02 1.149117322888719350e+01 8.974877842749745885e-03
-7.634903570099995704e+02 1.150046369820030101e+01 5.966353097973823259e-03
-5.967384734386356513e+02 1.147912240193819144e+01 3.949071403068160624e-02
-3.967523840059999429e+02 1.142337689519414745e+01 9.079898931181466445e-03
-2.347314147033345364e+02 1.139572204620430895e+01 9.937403249555476145e-03
-3.247873881999971957e+01 1.136823353692227911e+01 1.067689912973877019e-02
1.256941625849988924e+02 1.138738512463832464e+01 8.540952596047791945e-03
3.329177547875002574e+02 1.135054093266285413e+01 1.001463724146386264e-02
4.905127059207689513e+02 1.134601171396538000e+01 8.748123062451904769e-03
6.986629916145452626e+02 1.132405885007907287e+01 1.324899928771902831e-02
8.569780895440002269e+02 1.131578284700531611e+01 4.299795350148818279e-03
1.063009991910769713e+03 1.132461504687460341e+01 9.877803312197843202e-03
1.221143417450000470e+03 1.132753324517099358e+01 9.047365655600535586e-03
1.429970478287142896e+03 1.135751996198287728e+01 9.142562812652342899e-03
1.585319632948181834e+03 1.137407187321599977e+01 8.282476914334667428e-03
1.794112906011817586e+03 1.144807686758698928e+01 1.330066666534157442e-02
