-1.347492253427331661e+03 1.378879317787419900e+01 1.578606980853686226e-02
-1.156179855104165881e+03 1.382993931524251607e+01 1.654133430956340745e-02
-9.880440800939996961e+02 1.374223450561148496e+01 1.135623829215241971e-02
-7.940124959228570560e+02 1.373894122615127955e+01 1.785453042114991395e-02
-6.293561683124994488e+02 1.367844756655212990e+01 1.463884894510155375e-02
-4.272671270071426193e+02 1.365560194648234393e+01 1.228862091862354365e-02
-2.661074522806238747e+02 1.368174593840932651e+01 1.671275447403495346e-02
-6.299914609428482493e+01 1.374463814195374667e+01 1.653827612719879769e-02
9.435451418214350383e+01 1.385080878753445077e+01 1.297126224832680953e-02
3.023070284142101514e+02 1.377280522559455456e+01 1.297143226903160924e-02
4.586328266471443271e+02 1.374951530909194908e+01 1.480657603490929779e-02
6.681792425938468796e+02 1.378295716188526576e+01 1.865617322153000426e-02
8.244350842695457686e+02 1.370525741477783654e+01 1.592452616040768154e-02
1.032429466441332806e+03 1.353173572186488904e+01 5.739922312030728418e-02
1.189840091913999686e+03 1.354868172714025043e+01 1.284210666922302839e-02
1.398808385699411247e+03 1.357029847021455105e+01 1.696571655921421534e-02
1.554923930129375094e+03 1.360019080847453310e+01 1.105437554771865338e-02
1.763754864730000691e+03 1.367234133423308684e+01 1.924153544784127159e-02
