-1.466758416107000130e+03 1.198637221558103683e+01 1.014349653376620669e-02
-1.290583214597143069e+03 1.190598245207047157e+01 1.348031945735005295e-02
-1.101581299986666636e+03 1.190182190631918857e+01 1.201844288172886424e-02
-9.316604691914279783e+02 1.191318007429757841e+01 9.528422319039929825e-03
-7.396311147408335955e+02 1.185211951168354538e+01 1.085381013974921760e-02
-5.722971017658334176e+02 1.184720729002786577e+01 8.636161419407720197e-03
-3.726807306392304326e+02 1.188060412508261798e+01 1.462372238651265220e-02
-2.108348931995005842e+02 1.189174859048564059e+01 9.806591360180980446e-03
-8.405431358333467884e+00 1.191062901625376647e+01 1.392783850784219679e-02
1.510403173099996081e+02 1.185831067215011458e+01 1.073064731283445393e-02
3.563591611564297637e+02 1.178019205222814847e+01 8.924413694638262673e-03
5.152479040700007999e+02 1.179407135907774062e+01 1.268506333863950696e-02
7.228323771899998746e+02 1.183051940448298645e+01 1.050203033004164406e-02
8.807211943166670380e+02 1.187176916450874309e+01 9.085673092353105038e-03
1.087029458442499845e+03 1.188436659954057006e+01 8.134677773089940903e-03
1.246450341812142597e+03 1.195603385236283067e+01 9.493360061555274065e-03
1.451781272595455903e+03 1.196437059411439030e+01 1.641393977887393649e-02
1.611188910236000083e+03 1.199167031112180126e+01 1.777355686049449102e-02
