-1.446386002588236124e+03 1.301612246267340822e+01 1.396566097588492969e-02
-1.266898908552857165e+03 1.299537297192628849e+01 2.773637481293426271e-02
-1.080344118461111520e+03 1.304185488732165510e+01 2.863785764233411565e-02
-9.080002859245455511e+02 1.311333212291296135e+01 2.776917983060100958e-02
-7.172345414761899747e+02 1.304372026924588290e+01 2.112893973184987867e-02
-5.492179270326313372e+02 1.299843790274115385e+01 1.972200638591547692e-02
-3.523912161555551279e+02 1.296190029916924402e+01 2.152957600578542588e-02
-1.882809583537491562e+02 1.287954636238296757e+01 1.503780600691734942e-02
1.402957016959961045e+01 1.287097214727174688e+01 1.826540753761116825e-02
1.732251707675000887e+02 1.296504572197994420e+01 1.316933819693452690e-02
3.781096564333343508e+02 1.295543580330804012e+01 1.413907428855413172e-02
5.387526041223803759e+02 1.294143485090413037e+01 2.531030777364974907e-02
7.424571299495837593e+02 1.299645306377999709e+01 1.215568263090692144e-02
9.038093352264997975e+02 1.298503674310530798e+01 3.642620071106258267e-02
1.109284312729999783e+03 1.286384708569743296e+01 2.398448649165947633e-02
1.270092935162105050e+03 1.287086060122972775e+01 2.189191981285629196e-02
1.473537017109411408e+03 1.284984665296697948e+01 1.712881861774498068e-02
1.634243547983684721e+03 1.291694999007443379e+01 1.611149881828543087e-02
