-1.310476862035652175e+03 1.252939118813295494e+01 9.578174760443487756e-03
-1.120818880453749443e+03 1.250177976395556989e+01 1.164481763608937737e-02
-9.503506753408692020e+02 1.259463647103236283e+01 6.646130203633729763e-03
-7.559973030420005671e+02 1.261586536088488053e+01 1.279648099775583699e-02
-5.900574016445458483e+02 1.267427279775674798e+01 9.679562651947793556e-03
-3.918118766623811098e+02 1.260783710182219330e+01 1.259206030494007360e-02
-2.294663739213643794e+02 1.262955844682727502e+01 9.948628378403172670e-03
-2.705999731650008400e+01 1.265484068560682296e+01 5.560530550226295242e-03
1.310104022864998115e+02 1.260370999799449976e+01 8.995075041376811645e-03
3.393543228847365185e+02 1.255212094185562144e+01 6.307034559878024575e-03
4.961338955132352453e+02 1.244118667606090156e+01 6.198733360692965794e-02
7.037158571804997109e+02 1.232027900100538353e+01 1.097184464891842043e-02
8.621213180134997174e+02 1.258386024966078764e+01 1.195037133314274039e-02
1.068127541540526408e+03 1.268130394828209262e+01 1.814565005264926617e-02
1.226388342708571372e+03 1.266303490213823224e+01 1.102378381155082535e-02
1.434819049344210498e+03 1.267474575670627424e+01 1.391672272152361979e-02
1.592156303893333188e+03 1.259861128050806300e+01 6.616683819878395149e-03
1.799108767923889673e+03 1.238754111085578380e+01 8.654510309477066177e-03
