-1.446780620777273043e+03 1.349360469385008443e+01 4.566144031641779233e-02
-1.267260968787500360e+03 1.351615546108522459e+01 4.303238653886855974e-02
-1.080569662706668169e+03 1.350008946093118212e+01 2.550312134210187126e-02
-9.083826126658332214e+02 1.351220829999365414e+01 4.324833038338907892e-02
-7.176010973271424973e+02 1.348684914076769026e+01 2.965514690243348586e-02
-5.495760042908332252e+02 1.355602433804681084e+01 3.077483858386027143e-02
-3.528932245018176559e+02 1.352994278367918923e+01 1.673341953532394843e-01
-1.892619669544445742e+02 1.360108773078274425e+01 6.560991507169239290e-02
1.370554254615350231e+01 1.357956331239499548e+01 3.761980114092247640e-02
1.728579651218182960e+02 1.359831696710649851e+01 3.087551794357600715e-02
3.778087352466657762e+02 1.357874282459296289e+01 3.302459857011876693e-02
5.383937238475000413e+02 1.361740646891815665e+01 7.502224418215228119e-02
7.419575101218182454e+02 1.356525846052196371e+01 2.278098866835066502e-02
9.025736818763635938e+02 1.358937920693491286e+01 4.161670024248904920e-02
1.108922220595556155e+03 1.367604937075532057e+01 4.729306000886805000e-02
1.269713009312999930e+03 1.358305258456016773e+01 3.591600201365218598e-02
1.473088426356667014e+03 1.361725805431375669e+01 4.703658510783605140e-02
1.633760830361666422e+03 1.366580224652878428e+01 3.238778363138321292e-02
