-1.331612362957000641e+03 1.272064549734632521e+01 8.007746249725906235e-03
-1.141230955996250032e+03 1.263398140196769326e+01 8.128124399269498132e-03
-9.725060544775000153e+02 1.261508790439546068e+01 7.502622998115492624e-03
-7.786407098036368097e+02 1.262030184362147978e+01 1.121988414157047177e-02
-6.135760175466670034e+02 1.268423036874609089e+01 9.737854495995819717e-03
-4.144457724566667025e+02 1.270856522712460723e+01 1.231161281819673908e-02
-2.530321453807139562e+02 1.278392171139524081e+01 8.181723392271232978e-03
-4.739261677000104100e+01 1.282764910040866368e+01 1.073797001299596834e-02
1.078134713225003907e+02 1.290380372665594066e+01 7.585965660349376811e-03
3.168013762063631020e+02 1.293901126109498811e+01 8.298253235581167647e-03
4.744757930300005455e+02 1.271089565912107311e+01 1.504159022556786872e-02
6.810276503799996135e+02 1.262535808062829545e+01 9.503745606630779538e-03
8.386254208906655094e+02 1.263023469587852787e+01 7.346654567443092719e-03
1.048159729744545757e+03 1.263965836220641847e+01 8.982075815223028795e-03
1.203241986745000759e+03 1.272953789300768435e+01 1.022337971080847750e-02
1.412355371981111375e+03 1.285275335586232437e+01 6.724645007739089332e-03
1.570010877279166380e+03 1.284204269070880322e+01 7.667987506993442261e-03
1.776886940846922698e+03 1.284177622987180989e+01 1.142982387961338428e-02
