-1.471195565578998412e+03 1.318688201820324224e+01 5.697789151819533382e-01
-1.283366962619231117e+03 1.366548312204959714e+01 6.231053715835094264e-02
-1.106611980293636634e+03 1.368388557762430224e+01 4.545179886556069415e-02
-9.215466181572734286e+02 1.370766401317769123e+01 5.200426695032121793e-02
-7.471294329333328506e+02 1.365951651914967080e+01 1.106752835438303967e-01
-5.573921311963633798e+02 1.361066525614788247e+01 4.899903673798251119e-02
-3.854793983170005731e+02 1.377594427726578630e+01 6.106519739716914641e-02
-1.903369159384607201e+02 1.382594274562789494e+01 5.148762229054821421e-02
-2.490280812749976391e+01 1.369444021434510006e+01 4.056178573392702630e-02
1.738135546281813504e+02 1.367482929986068996e+01 5.782094820056752488e-02
3.358320510172727040e+02 1.359737441402639746e+01 3.472365156243169965e-02
5.396103271523801368e+02 1.337883932794839659e+01 6.060780145066915758e-02
7.003398332966662565e+02 1.309438244766572979e+01 1.194445004750401829e-01
9.051508840988883549e+02 1.324786177149955435e+01 6.230034006676354874e-02
1.067135090759999684e+03 1.341459612797406820e+01 5.956900259168274037e-02
1.269334147831666314e+03 1.344815439512344923e+01 4.550876343116163486e-02
1.431392282263334664e+03 1.352579420460410375e+01 6.385561570058308212e-02
1.636389699911538173e+03 1.354182640392292747e+01 3.361736731529914313e-02
1.796838725660952150e+03 1.333312601339434700e+01 5.440658127972866631e-02
