-1.441937441936666573e+03 1.397503390056819583e+01 2.565257662497085270e-02
-1.262222289888234855e+03 1.401893532827123856e+01 2.750230825018390446e-02
-1.076068711774546045e+03 1.403939180945124043e+01 2.283350379524000384e-02
-9.033713616747370452e+02 1.413793851836213022e+01 1.480851191296891391e-02
-7.128518735299991249e+02 1.429150993445212947e+01 1.638978340308369988e-02
-5.441656119065009989e+02 1.434602445867413500e+01 2.540711268523049293e-02
-3.478962615084618619e+02 1.439966958453388912e+01 2.263616563241229937e-02
-1.827289341828129636e+02 1.439251654456504426e+01 1.841692443022858658e-02
1.858710367666693131e+01 1.427479506494562678e+01 2.713878937773179373e-02
1.793324422628564605e+02 1.418466801766712670e+01 1.309993267736910168e-02
3.825414639446671003e+02 1.399780380644362587e+01 1.216649923781302524e-02
5.435361144053323414e+02 1.385073652944778111e+01 1.753636644656327015e-02
7.492435952683330243e+02 1.361838810694976409e+01 1.579210641428171330e-02
9.078446758043746740e+02 1.352056255130066731e+01 1.337754612155666288e-02
1.113781000585000584e+03 1.337508840028231205e+01 1.986932528959042821e-02
1.274630013155000825e+03 1.324704032634645046e+01 1.312784360730191377e-02
1.478873620780000465e+03 1.318365853134374710e+01 1.159442512921350470e-02
1.638873091451177061e+03 1.322545035919853085e+01 8.744769597796301502e-03
