-1.441445888566250233e+03 1.296630354497373361e+01 2.149433757623733093e-02
-1.261973891659999708e+03 1.297345770575267210e+01 3.691465482157989947e-02
-1.075757038580000653e+03 1.302967269911498960e+01 1.982359331626946594e-02
-9.031517491255552841e+02 1.309494897145338754e+01 1.763142561622997248e-02
-7.127752843638451168e+02 1.298777419437969982e+01 4.468412232973636988e-02
-5.438455006475001028e+02 1.287466522260765167e+01 3.291459096570641951e-01
-3.477660141000003478e+02 1.294366265018003936e+01 1.828383810033092777e-02
-1.824233631983333908e+02 1.287707451088462740e+01 1.120723024393055316e-02
1.881979299066733802e+01 1.288255626885646521e+01 3.099333127768383669e-02
1.795622049664286521e+02 1.295211073161677362e+01 2.508490134555517795e-02
3.827426333292845015e+02 1.290920063795041983e+01 1.674359071126675300e-02
5.437767317653327837e+02 1.295651225767311843e+01 2.031896701328948437e-02
7.494790751350002438e+02 1.291129815233423450e+01 1.701006308279115475e-02
9.082984008770594073e+02 1.289832214929714205e+01 1.839194528225499350e-02
1.113870562331332849e+03 1.280352840700103201e+01 2.803684175944164136e-02
1.274825013212220938e+03 1.285128243797789693e+01 4.678486131440481866e-02
1.478728828191333832e+03 1.274953763171225418e+01 7.886162148555130383e-03
1.639165501978571683e+03 1.278172590809983156e+01 2.075911578738706686e-02
