-1.445289771434444447e+03 1.192890321188718517e+01 1.735125241277665764e-02
-1.256738810679092239e+03 1.188958357440815661e+01 1.421367620105680636e-02
-1.082162479854443518e+03 1.186727101378373739e+01 5.799668469597671523e-03
-8.943329912900007912e+02 1.190145726488479205e+01 1.301797279684965662e-02
-7.212556729100004986e+02 1.191712054499837414e+01 1.185201980385427664e-02
-5.295776017484604381e+02 1.196099548560370884e+01 1.348497901399632257e-02
-3.620519964446156109e+02 1.193162143472399706e+01 1.105461760095086468e-02
-1.631160912409091281e+02 1.199349018469480832e+01 8.660001744319148487e-03
8.082530999995974907e-01 1.197376796580542013e+01 1.769759973177492327e-02
2.010013654000016743e+02 1.192268872729422391e+01 8.727037062838819206e-03
3.614764468459994760e+02 1.192647070128219511e+01 8.767473089248321860e-03
5.661142990475004808e+02 1.197128505555417988e+01 1.351211764857324776e-02
7.256891888241649440e+02 1.185171740012314778e+01 9.755505563493626145e-03
9.324230089008336790e+02 1.184546670541048741e+01 1.443862405932943432e-02
1.092716218877777692e+03 1.181379130047301729e+01 1.148038953507302465e-02
1.296461429485384542e+03 1.189799912898920198e+01 1.574749234661471792e-02
1.457071264838183424e+03 1.182969323091441893e+01 1.074478713987850678e-02
1.662235805876922996e+03 1.190578362628955489e+01 1.121562191514977221e-02
