-1.473310575485714480e+03 1.240019909938399323e+01 5.216347090438856575e-03
-1.296341282872308511e+03 1.239956793431388782e+01 7.843426837853793854e-03
-1.107133314919999975e+03 1.243280650631077577e+01 5.735858709162942708e-03
-9.375201057815385184e+02 1.242705400993537879e+01 6.119281628327894774e-03
-7.452339363809097676e+02 1.248492626209283429e+01 1.576074877991784709e-02
-5.786852785023091883e+02 1.254076772487730729e+01 5.633229326462253946e-03
-3.806978079107149142e+02 1.250530522591148852e+01 6.273672370675459180e-03
-2.178391731542849072e+02 1.255165158946505599e+01 6.322134746673995290e-03
-1.400827382583338476e+01 1.262347090157232365e+01 5.316814696650492937e-03
1.434051640689469593e+02 1.268310286004653520e+01 9.150441135257923395e-03
3.503060357483342955e+02 1.272308498309767977e+01 8.095316146916031394e-03
5.093408487792308392e+02 1.271161196461969389e+01 1.011621140905255220e-02
7.153511247085714331e+02 1.276996037788356908e+01 9.128895590041404343e-03
8.741534602292304044e+02 1.277517790012616139e+01 1.066351322678097194e-02
1.081483447352727126e+03 1.282295438636253238e+01 6.074048453303040364e-03
1.240642570038181930e+03 1.292841177148823206e+01 1.221384712561170843e-02
1.445717352952857482e+03 1.291426235388388832e+01 6.893954126518554194e-03
1.604747579031539999e+03 1.281062452758616388e+01 6.707627164332786822e-03
