-1.311587429336666901e+03 1.238969941595912161e+01 9.011662967757067336e-03
-1.133353296970000201e+03 1.252121539652287652e+01 1.030023822090578127e-02
-9.497994527100005371e+02 1.232118557469807918e+01 7.149648722269614544e-03
-7.728585334004760625e+02 1.216198452459391532e+01 5.786952920239574368e-03
-5.852260252861541403e+02 1.227367858815041934e+01 5.239637452842732177e-03
-4.123104922169222846e+02 1.236221258086123953e+01 5.475563291075563957e-03
-2.185010638092314252e+02 1.234719208108023558e+01 7.878919865251687860e-03
-5.168966468727276720e+01 1.229441632868070755e+01 6.555318554606457196e-03
1.456724297550002518e+02 1.222629882812499602e+01 9.209841505452421098e-03
3.089397323281816625e+02 1.220639646988005467e+01 9.878069571140403807e-03
5.113441730573907762e+02 1.208990107497329625e+01 6.357736262912803624e-03
6.745415308069568709e+02 1.211750641691360997e+01 5.721890816819368529e-03
8.770068113515383175e+02 1.224127428451277311e+01 8.473149645007446024e-03
1.040374339246153568e+03 1.223430814021999069e+01 1.334858784482731257e-02
1.241133611403846771e+03 1.239718015704808707e+01 8.669473070124236735e-03
1.405097193575833444e+03 1.245309143587112999e+01 6.538879448685678934e-03
1.608322443387691692e+03 1.236431492664787868e+01 1.015465300721097447e-02
1.771449282950000224e+03 1.231643408567997078e+01 8.044256923075254750e-03
