-1.322694795908333617e+03 1.474439291097845661e+01 3.420248799700375403e-02
-1.132236408085455196e+03 1.467237743362383995e+01 4.035213148523823096e-02
-9.637628275730766063e+02 1.464500985062069205e+01 2.659540242470485871e-02
-7.702936989699999231e+02 1.481449438554421505e+01 4.327100645929096712e-02
-6.049846367825006155e+02 1.478749023277339525e+01 3.030443525783468525e-02
-4.042405125205263516e+02 1.474621932180055239e+01 4.180978385439591133e-02
-2.442619587057145338e+02 1.461559245610314761e+01 3.440017564705304121e-02
-3.903169625250060193e+01 1.462801501764428735e+01 2.252440805733485138e-02
1.189100673825008272e+02 1.490557534952483998e+01 4.496655135476523152e-02
3.258301016153849332e+02 1.471429525742018818e+01 3.812698281255293142e-02
4.831201370716674433e+02 1.450838021187077231e+01 1.963550968884543099e-02
6.922392145875006690e+02 1.454544036645405392e+01 2.355264001872930599e-02
8.473163147433339191e+02 1.440357515808789124e+01 2.817852930670599124e-02
1.056393551848000016e+03 1.442012438596229629e+01 2.090648224833627916e-02
1.214383414385833703e+03 1.454187414379280341e+01 2.408014925126008773e-02
1.421205971812727512e+03 1.430851214807961647e+01 2.304984309527406336e-02
1.578527223850767768e+03 1.420986662112990118e+01 2.251784302365280807e-02
1.787760253761999820e+03 1.419344095634331460e+01 2.116801832954618920e-02
