-1.168172740687334453e+03 1.263345349781865856e+01 8.104977894273781083e-03
-1.000201446739999824e+03 1.270457279151503371e+01 1.093372289278898672e-02
-8.058612661546151230e+02 1.283106453565907401e+01 1.676176480019679615e-02
-6.412634711192312125e+02 1.276210109211397103e+01 6.978933121204186976e-03
-4.411610450133333075e+02 1.265160005103120788e+01 9.001157332995203542e-03
-2.807026334927266475e+02 1.261382042192887987e+01 1.264720980504165093e-02
-7.469134969083400222e+01 1.269853673280305628e+01 1.525635492969217889e-02
8.027142666000078464e+01 1.274308875579514577e+01 7.339875960358458601e-03
2.895597510276918456e+02 1.281119608418872780e+01 5.432584305362036722e-03
4.468364475292311226e+02 1.282047075754539733e+01 1.198018391154297320e-02
6.541519026614290624e+02 1.276182654657954529e+01 5.421047417431460076e-03
8.110359972592860913e+02 1.271965796169735974e+01 8.531710699710594661e-03
1.020849195575833960e+03 1.268012307214730683e+01 1.435534082441743652e-02
1.176624987081200288e+03 1.276848039390672973e+01 1.005331069847141198e-02
1.384985603934286473e+03 1.284315932852063114e+01 4.828094409476940858e-03
1.542316836279230984e+03 1.278988334415720729e+01 1.076491883245185750e-02
1.751085144996363624e+03 1.277142946962562498e+01 7.690188114615087965e-03
