-1.165426692724999157e+03 1.289027263355376363e+01 2.228109621568652096e-02
-9.978998207327273349e+02 1.281968440373924523e+01 2.733960411047004629e-02
-8.034802779353843789e+02 1.276226034505274853e+01 2.250268986555233747e-02
-6.388647792775003609e+02 1.273305134049043374e+01 1.621900221212892179e-02
-4.390520843773328465e+02 1.278573896655654174e+01 1.381880420849726683e-02
-2.777835026369217530e+02 1.288017142956109851e+01 2.490983239921135822e-02
-7.230224507333271333e+01 1.293022882953138541e+01 2.214050506117598224e-02
8.351593294615359753e+01 1.292642669885360007e+01 1.540862316403382795e-02
2.919147092315386089e+02 1.304436563626757817e+01 2.725295429588849710e-02
4.491768784000004189e+02 1.314996506109383212e+01 2.273322392078247489e-02
6.575864921189476036e+02 1.302916137419230402e+01 1.402514501868467288e-02
8.140657931806254055e+02 1.293341576552662353e+01 2.299800514554806510e-02
1.023182773003846023e+03 1.292987643131723630e+01 1.921943090606668958e-02
1.180385170661334087e+03 1.285972395734802376e+01 1.784248848813228816e-02
1.387375883403332409e+03 1.286462135506174853e+01 1.650708834236316522e-02
1.544703562498461451e+03 1.286515647147066588e+01 1.756488716917128934e-02
1.754491855464166292e+03 1.280672976648047268e+01 2.406536253082623353e-02
