-1.425691033320833640e+03 1.219610949866863692e+01 1.425044983193114907e-02
-1.246286157934444645e+03 1.219723596564731416e+01 1.104602662161832671e-02
-1.063612400193636631e+03 1.219012555851157131e+01 1.057095083568017693e-02
-8.859937412730768074e+02 1.222558775945629606e+01 8.946838643130880508e-03
-6.975781073313638672e+02 1.223623141125356639e+01 9.538928129911817752e-03
-5.272341459475004513e+02 1.231616788858431022e+01 2.123254858068901463e-02
-3.324542156035708445e+02 1.231363354951945510e+01 6.063254020140493999e-03
-1.667644294533335199e+02 1.235928179234603519e+01 2.416596767238660126e-02
3.219407609666753700e+01 1.229985234183162390e+01 1.858027470999292982e-02
1.941923446507134940e+02 1.229457541479320071e+01 1.517716477274794369e-02
3.988627440358334866e+02 1.226860618297822114e+01 1.236593606313996820e-02
5.607094653666657678e+02 1.231044994448350494e+01 1.040333731690846510e-02
7.629642839945452124e+02 1.221084233564135602e+01 1.564844230344823034e-02
9.248592671019993077e+02 1.216891748495740089e+01 3.978511948920211011e-02
1.127520784327693264e+03 1.216360608143699729e+01 7.200922604391615106e-03
1.290059436336923682e+03 1.224547726059110708e+01 1.399031581558104337e-02
1.494244156661999341e+03 1.219741120454009753e+01 1.394805342400740056e-02
1.656191856003076964e+03 1.225753315601454396e+01 1.656572945034552255e-02
