-1.321680879627499280e+03 1.159969081350357278e+01 1.069816002668547844e-02
-1.131240396202500051e+03 1.172810434047257111e+01 8.838446245746209642e-03
-9.627536524435714682e+02 1.164355921391174320e+01 7.054539073460946823e-03
-7.693273422431257131e+02 1.170385643503271034e+01 8.527275117341632030e-03
-6.032954062061538707e+02 1.154822142930548878e+01 9.980639381176600183e-03
-4.025007466607140714e+02 1.159468871518792099e+01 8.400853303269688668e-03
-2.420191072129627798e+02 1.157068194673632711e+01 1.500243119577199420e-02
-3.801761627133334542e+01 1.152550416009221301e+01 7.166531281695107634e-03
1.199830790928556610e+02 1.154445811949235079e+01 5.429227239756746586e-03
3.267301091292855517e+02 1.178897112003495096e+01 9.024811886131932359e-03
4.841818612628568417e+02 1.187956086170670034e+01 1.626444885307029228e-02
6.932293140176927864e+02 1.181753918397085457e+01 1.343043660751048682e-02
8.487460902115383305e+02 1.168674105497279214e+01 1.038399115571421796e-02
1.057452483775384735e+03 1.185086223354576340e+01 8.111440701446067172e-03
1.215431197054614813e+03 1.195922780245944139e+01 1.501819480200814599e-02
1.421755552253571523e+03 1.185028056249806916e+01 1.480116818900669567e-02
1.579657260295001151e+03 1.192787000381501983e+01 1.393526065721635218e-02
1.788710223311538130e+03 1.217560518735849939e+01 8.625772834773982878e-03
