-1.324660100247273704e+03 1.277680828441356020e+01 1.012276262022207551e-02
-1.134090798732727308e+03 1.260115705881344716e+01 9.759312337982386024e-03
-9.658131954349997841e+02 1.264782191806257927e+01 1.050264516945868462e-02
-7.721467067172726502e+02 1.263060848662231628e+01 1.618502150483424121e-02
-6.069048492369998939e+02 1.267471082308973251e+01 8.586966868458240781e-03
-4.065474018638896041e+02 1.266395168553923689e+01 1.018841699568262364e-02
-2.464947528309104143e+02 1.269750210913928079e+01 6.225055405448421536e-03
-4.096468771500016004e+01 1.277056963352163166e+01 8.459154311553095801e-03
1.169596093674996808e+02 1.282196176284438494e+01 1.813982471637315755e-02
3.232673994724997897e+02 1.280444657873831993e+01 1.162631912069755392e-02
4.811758133441671816e+02 1.286302818417247984e+01 1.297725485295408640e-02
6.891232796070582935e+02 1.298408608372949224e+01 8.317435136760810768e-03
8.453548523000004025e+02 1.271087756388228662e+01 9.380030581185916372e-03
1.054444867940909262e+03 1.248583944121688383e+01 6.378966187152034124e-03
1.212435260590833423e+03 1.248256400257486831e+01 8.518328550619330003e-03
1.419332010204615472e+03 1.237806824523841343e+01 7.362578064635495571e-03
1.576629799695833526e+03 1.246616447061383504e+01 7.908731403165027846e-03
1.785818480210909229e+03 1.242294900406368718e+01 7.340592450249637003e-03
