-1.459890260432173591e+03 1.450396194860005750e+01 2.050753248924812311e-02
-1.284216089013846386e+03 1.448202094440397403e+01 1.580802163523403747e-02
-1.095697770852499843e+03 1.446869692120158746e+01 2.664999999999999314e-02
-9.250782254068968768e+02 1.435802461599982394e+01 1.551529383999830647e-02
-7.333518798276193138e+02 1.437622844820687362e+01 1.984236550262785323e-02
-5.641962934385715016e+02 1.441841024321633569e+01 1.628154189301474208e-02
-3.666269705404354227e+02 1.430691298064081707e+01 1.853253676762342886e-02
-2.029562962234611803e+02 1.434372269685405321e+01 2.428266256840497239e-02
-2.409145645500393673e+00 1.444335926906607881e+01 1.733976282998126589e-02
1.574582742100000701e+02 1.450968587805387955e+01 1.547877251998796763e-02
3.632414523357901430e+02 1.447747795059400389e+01 1.721545002718288461e-02
5.221142980182145266e+02 1.425204500770937166e+01 1.702704107960405569e-02
7.288455031307996705e+02 1.410132663549313037e+01 1.242324530869448607e-02
8.885964564111527579e+02 1.395191374873577850e+01 1.453197939460315440e-02
1.093478951208000581e+03 1.410667669579555827e+01 1.539045730314726225e-02
1.252763364096153964e+03 1.435472650300560815e+01 1.838042616478434421e-02
1.460119337590000214e+03 1.443666452234477582e+01 2.106245631724140699e-02
1.617560116961666608e+03 1.444038377449083654e+01 1.936944902560617382e-02
