-1.161414145124000015e+03 1.302005099054738047e+01 1.687544362516022606e-02
-9.938550158300005251e+02 1.300371568773561215e+01 2.645718256437517429e-02
-7.995623617383340616e+02 1.292278155011782914e+01 3.279502204736300247e-02
-6.342324038269227913e+02 1.304504290016501855e+01 2.029538944950115900e-02
-4.335829762416663584e+02 1.308174517384292201e+01 2.467771193008861177e-02
-2.741314553992856986e+02 1.307193351421553551e+01 1.109091219914568570e-02
-6.819270832000013627e+01 1.302709026152047400e+01 2.323353676403976803e-02
8.908161233500079845e+01 1.306851097783429871e+01 2.392634906990788804e-02
2.959454883854533023e+02 1.298346636839523427e+01 2.436123505006317774e-02
4.532496211354538787e+02 1.296395832527930558e+01 1.896940922099808746e-02
6.630780579269994632e+02 1.278464211606645229e+01 2.981969250627239387e-02
8.182988224960005255e+02 1.272994170607174880e+01 2.346774206276265595e-02
1.027240224334286040e+03 1.273175987162471756e+01 4.046401036447740129e-02
1.184582624480909544e+03 1.276948737245881738e+01 2.326715639955920234e-02
1.392283357177692551e+03 1.292735991127857176e+01 2.287449559229553717e-02
1.548677927800833231e+03 1.273447595617742323e+01 2.064499003924425216e-02
1.758589080240833255e+03 1.279441708008002010e+01 1.756956310986662259e-02
