-1.429566335885238459e+03 1.336004351841492799e+01 2.231422599731018933e-02
-1.251904615891666936e+03 1.354020629217988869e+01 2.598018012488869516e-02
-1.067028623164999999e+03 1.335918928646814408e+01 1.544600499289064226e-02
-8.915295921492001980e+02 1.332605944007591958e+01 1.579830463348506908e-02
-7.033184446714286651e+02 1.325691175653004095e+01 1.730055848707810068e-02
-5.312189346144004958e+02 1.339581537873238659e+01 1.510356010547850465e-02
-3.362463719985718740e+02 1.350836380182743213e+01 2.483495421250316026e-02
-1.707856984026931570e+02 1.346933064518105283e+01 2.080418156373913668e-02
2.796075763090894739e+01 1.344951228495607864e+01 1.954747358312029434e-02
1.896782115316670172e+02 1.344460716340139150e+01 2.453133457041190013e-02
3.941933158470362741e+02 1.360749832049081398e+01 2.849950967594381060e-02
5.549910896128201330e+02 1.349601409603906177e+01 2.220380839733859454e-02
7.592636997962496253e+02 1.338367011077321145e+01 2.537502799392495414e-02
9.208420780179167195e+02 1.336885105036097343e+01 2.396747604729786499e-02
1.124075741591537508e+03 1.335817142568544824e+01 1.569913327919564977e-02
1.285499699297915868e+03 1.343586458065890632e+01 2.828510217132825660e-02
1.490542598089499279e+03 1.333645096143597186e+01 3.208687588253569117e-02
1.650682439717727448e+03 1.326615964403424819e+01 1.895211290816161201e-02
