-1.317157408880666935e+03 1.315039442526132873e+01 1.886915738226685457e-02
-1.126937716127059502e+03 1.315919532389619029e+01 1.703994349120034613e-02
-9.579442247021050889e+02 1.319716371603757565e+01 2.824473323844955974e-02
-7.644324874516662476e+02 1.328035374989383222e+01 2.515188033089076763e-02
-5.990722226321051949e+02 1.337855004506255163e+01 2.767686073300547681e-02
-3.979849438300001907e+02 1.343138749122212161e+01 3.098482604402265361e-02
-2.360088012326316402e+02 1.347081240578752137e+01 2.819997796068924450e-02
-3.364515598428624799e+01 1.349577119479822329e+01 3.392148838622957574e-02
1.245293757049998931e+02 1.339391045960149462e+01 1.769879237627031837e-02
3.315392031595838489e+02 1.338566940308088959e+01 2.152278328327821705e-02
4.893129916253334954e+02 1.319941267305830834e+01 1.321246937929820842e-02
6.975136247070579429e+02 1.317242988182937680e+01 2.055042475574030136e-02
8.554180628805257811e+02 1.311818920767987962e+01 1.802938666867735448e-02
1.061790929587777782e+03 1.304353733269017468e+01 2.022377262486787716e-02
1.219901109381875813e+03 1.293632481047410465e+01 1.765696766395874820e-02
1.427636041052083101e+03 1.286614634939720503e+01 1.162606004230771345e-02
1.584523084053529146e+03 1.296244594984570142e+01 1.653908796475956830e-02
1.792965120728749753e+03 1.299630389327983160e+01 2.144726797539558971e-02
