-1.423332817655000326e+03 1.383487020631647724e+01 3.225000000000008415e-02
-1.242766076052728067e+03 1.373754544253489662e+01 1.756802812843733311e-02
-1.060336298338571623e+03 1.363879975526148058e+01 2.192975965669897304e-02
-8.836385494363632915e+02 1.366311885423186467e+01 9.390517460812129041e-03
-6.942129403316654361e+02 1.367248221377836970e+01 1.301999441741923981e-02
-5.247254896799997823e+02 1.360887385087603896e+01 1.446253781326078958e-02
-3.300857042940006068e+02 1.358382455729899441e+01 1.557369577203816108e-02
-1.644288739799998211e+02 1.354853911106422970e+01 2.424335053326765257e-02
3.438517301899846501e+01 1.362880443547096476e+01 1.023567291388315786e-02
1.964781222291676386e+02 1.365778387694585660e+01 1.892350988103341444e-02
4.010824319380008092e+02 1.363834981280040459e+01 1.197647694441061721e-02
5.631946735974992180e+02 1.356540386618064531e+01 1.433888377674371988e-02
7.654010659919993032e+02 1.357058114276012439e+01 1.865797416655942328e-02
9.274114843584617347e+02 1.364587415940291137e+01 1.349013024470545677e-02
1.131131423182500384e+03 1.370732556560157356e+01 8.922576701827729384e-03
1.291845948323636549e+03 1.376852662536603589e+01 1.738294543182478460e-02
1.496550567737777328e+03 1.392263710305604540e+01 3.947811117572291167e-02
1.658515097116999868e+03 1.395255575769912149e+01 1.513063118313314262e-02
