-1.417002985333000197e+03 1.273105938460429343e+01 7.478393878367210409e-03
-1.235929235185768903e+03 1.291829364293209359e+01 7.506593217880840746e-03
-1.053650665120810572e+03 1.277138074234360232e+01 6.627648901883371677e-03
-8.770288620661541472e+02 1.263470384266735458e+01 5.246934861782328631e-03
-6.879508415257143952e+02 1.283919725523218069e+01 6.772818633214616919e-03
-5.181855863016662624e+02 1.295077510022619371e+01 6.174819826056412303e-03
-3.231815262447827877e+02 1.277444387301703266e+01 9.836996469855918690e-03
-1.576096891896429213e+02 1.286891108887974866e+01 8.236681979362463560e-03
4.299085792299956665e+01 1.286584729404204452e+01 1.048980457396614906e-02
2.057373691507695810e+02 1.298037904903940287e+01 6.869185379893340618e-03
4.075051584008339773e+02 1.299283824704391321e+01 8.692452957935735761e-03
5.699462225158337105e+02 1.294050536153489617e+01 8.181940790093289798e-03
7.719682726283330112e+02 1.284701112417235436e+01 6.792811551423142552e-03
9.346338663964288571e+02 1.285650861858924365e+01 7.422396742057233744e-03
1.138650754386316066e+03 1.285315068966908569e+01 8.069948609763365199e-03
1.301068291093332618e+03 1.281958310327982886e+01 8.799387439291999138e-03
1.502874543574285553e+03 1.281403817391638533e+01 1.026949254122686006e-02
1.665261982215217358e+03 1.279707701160977429e+01 1.046081346712653300e-02
