-1.404409894498333188e+03 1.236972106508597591e+01 1.284971236572148186e-02
-1.225352834543684594e+03 1.214665474672799661e+01 2.889199205345716753e-02
-1.042241870306874262e+03 1.230330498885380308e+01 1.404345650477016767e-02
-8.659356262084203308e+02 1.194940539249964218e+01 2.142748408599860419e-02
-6.776668824494738601e+02 1.239755052741452168e+01 1.647809748504239571e-02
-5.061454881629028932e+02 1.180660175308268833e+01 4.208837993425212226e-02
-3.109754819687505005e+02 1.188462626240367648e+01 4.354801671774421318e-02
-1.441911178235719149e+02 1.225773776947303340e+01 2.006569472896908846e-02
5.333965161105267327e+01 1.190828103156258244e+01 5.095003510700577692e-02
2.162238598087506034e+02 1.161890748755971003e+01 7.741588897690529492e-02
4.176621332373334212e+02 1.176282125813336421e+01 6.041517665983328622e-02
5.806201077105887407e+02 1.176244356834929050e+01 4.012195743470635401e-02
7.844746349175006799e+02 1.197444817386119809e+01 1.710106136915063094e-02
9.474654341093751100e+02 1.216880081328014995e+01 1.148268848043931811e-02
1.148770842195625846e+03 1.230555641241081233e+01 1.204419553244188978e-02
1.311667999124666267e+03 1.153243628943338805e+01 2.228444047901444874e-02
1.514323710852000204e+03 1.127639101194894167e+01 2.985743345070452151e-02
1.675998403884706249e+03 1.226423439019705341e+01 1.409831091990125865e-02
