-1.334268165847222235e+03 1.394470666354888344e+01 1.895020458391650717e-02
-1.143326816774545478e+03 1.392807239776046480e+01 9.663777559055793109e-03
-9.739415857110001298e+02 1.398690377703909427e+01 1.253524531072286972e-02
-7.799799571092854649e+02 1.398798618487484546e+01 1.575894627680102592e-02
-6.149578992111104299e+02 1.408123155447861308e+01 1.285556035724486068e-02
-4.157704985468744781e+02 1.404455812262214387e+01 1.087068880062346324e-02
-2.544254416831249728e+02 1.406544522502231231e+01 1.868043736732022050e-02
-5.022963502200029495e+01 1.420332421036364678e+01 1.907391265577149109e-02
1.065325940778941600e+02 1.425645606493387696e+01 1.448925377638044139e-02
3.154186264400001960e+02 1.391977704078258427e+01 1.431884539106883722e-02
4.730857187353331597e+02 1.375288853256895827e+01 1.611400127333478469e-02
6.802389540487502018e+02 1.399112723455767515e+01 1.322103999076843991e-02
8.372818367064704717e+02 1.410947922596171189e+01 1.841200238634075476e-02
1.046739872384614955e+03 1.393003041098016226e+01 1.673360854639763251e-02
1.201828447867368595e+03 1.393303018135109461e+01 1.742400239482109342e-02
1.410813723915624905e+03 1.398825471556761890e+01 1.823259417182240827e-02
1.568604165579999972e+03 1.402226334221479753e+01 1.568594434485291386e-02
1.775694575637368416e+03 1.403366785259355787e+01 1.061498664110665895e-02
