-1.433974325569999564e+03 1.372290079417723163e+01 4.697709973311867820e-02
-1.256350566879166536e+03 1.395190811027425681e+01 6.173495561803890586e-02
-1.070969303482142550e+03 1.384999501207213335e+01 3.191770919714329718e-02
-8.970906095978576786e+02 1.370447376799197770e+01 3.238820893989474703e-02
-7.068816042988886466e+02 1.378384149530820402e+01 3.354143586897119500e-02
-5.371927529837499833e+02 1.373816604321857682e+01 5.398600261508035292e-02
-3.404094843783325928e+02 1.365030016877586050e+01 3.942822330027118127e-02
-1.752611318436379690e+02 1.366513347737212491e+01 3.266226356838345529e-02
2.388028269799979242e+01 1.369973981466960566e+01 3.304921803533190233e-02
1.851769537469226634e+02 1.375730243042702128e+01 2.633108647062500779e-02
3.883179756366668585e+02 1.379314479106013280e+01 4.157064967318495341e-02
5.498778905783328810e+02 1.391110349389708212e+01 6.966696809369440913e-02
7.549952666660007026e+02 1.371088998595011788e+01 4.762014974009235596e-02
9.164226259274995527e+02 1.395310505503467446e+01 4.316659672828886823e-02
1.119299921397273238e+03 1.374081103522511071e+01 4.447791500028262096e-02
1.280526527004666605e+03 1.369769053963912420e+01 3.499794718287358580e-02
1.484803061317777747e+03 1.369919921838282306e+01 2.762324040955045981e-02
1.644765658024615050e+03 1.375356853137382096e+01 5.772506087409618597e-02
