-1.335454778251999869e+03 1.173593726918410773e+01 9.415422954049783300e-03
-1.153643704155554587e+03 1.178154201465629924e+01 1.827117971993962031e-02
-9.726512488737498643e+02 1.176770352878127923e+01 2.810681011008754268e-02
-7.945567325891666997e+02 1.160032672918143959e+01 1.015257269473704253e-02
-6.065157549140000128e+02 1.151149025887469968e+01 7.910735297264628180e-03
-4.355674227960000167e+02 1.152944402240431110e+01 1.501493093220611884e-02
-2.424804777669989448e+02 1.154939723958263365e+01 8.849684707834128139e-03
-7.484606647181830397e+01 1.154312407192369427e+01 1.027501102011014501e-02
1.224733105773339048e+02 1.160123237071855762e+01 1.084593177727717107e-02
2.856443021600009047e+02 1.162470378515686775e+01 7.190787220278801843e-03
4.889182370533326321e+02 1.160570307796662526e+01 1.806021350039881124e-02
6.527794484110003168e+02 1.153485703054698952e+01 7.928577903161230719e-03
8.531305749340004922e+02 1.151886096271676330e+01 4.043412526842380186e-03
1.017071309362728016e+03 1.156247853673851012e+01 1.785033512614527668e-02
1.218712627773043550e+03 1.170742200434125024e+01 1.179753709041768579e-02
1.382539629443810099e+03 1.178089775575860187e+01 9.743494572512384835e-03
1.584293821389091136e+03 1.194260003575214846e+01 1.690394817632633745e-02
1.748195969329089849e+03 1.195406960234480920e+01 1.222424673126393420e-02
