-1.158111640990908882e+03 1.246462567954512757e+01 9.123577665668642506e-03
-9.904541973984613605e+02 1.230195219921277605e+01 8.058671968803145236e-03
-7.957045002771430973e+02 1.224725827555487179e+01 9.904058713918622442e-03
-6.310679263966661665e+02 1.244102248854028048e+01 1.069297428567342854e-02
-4.291067813166664564e+02 1.261555572606436826e+01 2.020674392374979811e-02
-2.690198475117649650e+02 1.277614882845640132e+01 1.190433979263409020e-02
-6.487039623071488847e+01 1.274912662952502274e+01 9.077432530242629180e-03
9.247383607166678132e+01 1.281383095363637459e+01 1.914326772194527640e-02
2.993333425774999341e+02 1.284833295113278950e+01 1.040997006969044715e-02
4.567142337123077596e+02 1.281455848916402118e+01 1.266593997707864128e-02
6.663340187045455423e+02 1.279273124615943047e+01 1.293484800887785557e-02
8.223191402485712160e+02 1.287101531450024083e+01 7.105814759094326687e-03
1.030514175807142010e+03 1.284361004455436372e+01 1.687141604312726584e-02
1.187856981577273700e+03 1.292263396762520244e+01 1.552884425050924527e-02
1.396423073683636858e+03 1.290491750329780984e+01 1.158463207121378236e-02
1.552115469717693259e+03 1.296761766943236083e+01 1.174559641090199176e-02
1.761843424676154655e+03 1.285678319909870559e+01 1.504095455962270109e-02
