-1.469059218825554126e+03 1.225275562396237206e+01 1.957832046346393365e-02
-1.281451746436923486e+03 1.232147579557744876e+01 1.372545570540772454e-02
-1.104756831289999582e+03 1.223957582020468671e+01 1.559596084977808023e-02
-9.196615295277765654e+02 1.214552722698129195e+01 1.961581607078605877e-02
-7.441942370904764630e+02 1.222476858400329824e+01 1.429320593781123992e-02
-5.547373959935711127e+02 1.225048447891838066e+01 2.546956716613133290e-02
-3.836949336577785630e+02 1.229042825162317776e+01 1.503236569093368245e-02
-1.884361051392300510e+02 1.239395809894046607e+01 1.886685059116697746e-02
-2.314411669800028903e+01 1.239078239653062496e+01 1.720649913926018681e-02
1.757609857669225448e+02 1.239009446873824061e+01 2.413482417795312363e-02
3.375608845027276175e+02 1.242847522996921583e+01 2.358134138726499310e-02
5.415998882680949009e+02 1.231137872090513241e+01 1.505866396872241122e-02
7.025683753481248459e+02 1.224666892283313224e+01 2.567764613970046836e-02
9.070657822716669898e+02 1.228747450652346274e+01 1.783593100208103605e-02
1.068970425972500379e+03 1.215533933642265296e+01 1.191224403904453215e-02
1.271142048068462145e+03 1.212051491438829842e+01 1.579005904108165756e-02
1.433883565039090854e+03 1.208641527987663622e+01 5.401336513400081113e-02
1.638318021608999743e+03 1.215774249721474121e+01 1.415757975666271512e-02
1.800089998515454454e+03 1.213912322283422540e+01 1.472743679108327181e-02
