-1.330137864055000364e+03 1.349516623277134109e+01 1.904781993941677756e-02
-1.138892161764166303e+03 1.372038253051501933e+01 1.055702657878550450e-02
-9.702816864807693946e+02 1.393558827371781561e+01 1.845934405104149301e-02
-7.764769776727281396e+02 1.368259702776976106e+01 2.034628836022843792e-02
-6.113716526750001776e+02 1.366312206641893745e+01 1.511158495989090890e-02
-4.118042476791663944e+02 1.366017514009322475e+01 1.809624155269087473e-02
-2.502810711046661538e+02 1.391887675492390919e+01 1.488261227567750332e-02
-4.530369958250048512e+01 1.401464716699886814e+01 1.434253580554480621e-02
1.099107481175002903e+02 1.387540806961755102e+01 1.969282335437622794e-02
3.189809523938462235e+02 1.395345256180670113e+01 2.905932280952855731e-02
4.766176367115386938e+02 1.378838077253422867e+01 1.252642177972434177e-02
6.835371298057143576e+02 1.377288331252261244e+01 2.066715256960376459e-02
8.408580447873333696e+02 1.366909477775704929e+01 9.311721008930020152e-03
1.050126961414546031e+03 1.349211029038670340e+01 2.025268623601825246e-02
1.206613003072799529e+03 1.352234569046000168e+01 9.304471183253813088e-03
1.414347853545833232e+03 1.338936887417534294e+01 1.503858848158694597e-02
1.572084470470000042e+03 1.336901273017635816e+01 6.179508562225917087e-03
1.780224791819200391e+03 1.358433205361580676e+01 8.965407271147892224e-03
