-1.313001422296111286e+03 1.330456015487936483e+01 2.169237937379530148e-02
-1.122983430652499919e+03 1.324086537841064626e+01 2.676659423063889112e-02
-9.539383073244441675e+02 1.321363375433362464e+01 2.437669393211804730e-02
-7.597784051134374295e+02 1.334450303859419051e+01 1.829296569657526059e-02
-5.922322576162500809e+02 1.349777709285360672e+01 4.238083787492018945e-02
-3.938693880194118719e+02 1.354166705153281391e+01 3.538117980551032382e-02
-2.318127548049993436e+02 1.348941437709775926e+01 1.675388919213258859e-02
-2.969121471578967686e+01 1.384555313301877533e+01 3.655690108665987648e-02
1.288224857592847172e+02 1.378507031850095110e+01 4.439556991326837343e-02
3.372931081900002255e+02 1.364021379240338305e+01 3.574557123473614401e-02
4.932431586983997818e+02 1.349692465000648411e+01 2.678308357089287384e-02
7.014751316064704270e+02 1.366546699419152056e+01 3.094404828744367827e-02
8.598910331064998900e+02 1.375797415365369325e+01 3.395547460047600857e-02
1.066182470904705951e+03 1.377248473265411910e+01 4.323958936614512305e-02
1.224097792735554094e+03 1.359409465124108074e+01 5.220361980887468223e-02
1.432796410105999939e+03 1.368419453345125092e+01 3.060637445333701592e-02
1.589631068525861792e+03 1.362774707162587262e+01 2.312547652634832501e-02
1.796923945295881595e+03 1.355525983467418172e+01 3.438422426766074569e-02
