-1.342927283338182406e+03 1.351873719787413464e+01 1.608799058371761931e-02
-1.151713528569166328e+03 1.359617981717984314e+01 1.602898127582476004e-02
-9.836409182027266525e+02 1.375228599759973136e+01 2.280324492179096330e-02
-7.878016810682354389e+02 1.378397947218321740e+01 2.169444377480435684e-02
-6.221539420700005394e+02 1.392767131976841810e+01 1.690189129584053485e-02
-4.226549145600001793e+02 1.382002098255206768e+01 2.554767497187998213e-02
-2.615564506263644375e+02 1.388268012556802411e+01 1.207035474048843982e-02
-5.784666629583383468e+01 1.374904243220245803e+01 2.373137671397801754e-02
9.903230905916704785e+01 1.384055685493505372e+01 1.410351528940627722e-02
3.085243330109085491e+02 1.391104023249159205e+01 1.413586536816859376e-02
4.636208022869233218e+02 1.386108800863799928e+01 2.721607265629921030e-02
6.727403300533338779e+02 1.381451464017953334e+01 1.253077230778807880e-02
8.302309657509991894e+02 1.371960152186615467e+01 2.255218392972179950e-02
1.037545722881817483e+03 1.373629087383552339e+01 1.697945901817722245e-02
1.194391393104546296e+03 1.359756521201139456e+01 1.677011222867287252e-02
1.404071429139000202e+03 1.370630107388269003e+01 1.460835377446758308e-02
1.559462209477999295e+03 1.398003262632186683e+01 9.973683891640576157e-03
1.768205018851665955e+03 1.398502764541794896e+01 1.752656713551046727e-02
