-1.317310915443076283e+03 1.340106793842125477e+01 1.538159733710627898e-02
-1.127043592157499006e+03 1.332610205754724930e+01 1.575389428634029268e-02
-9.578626264730773983e+02 1.372432409785300145e+01 1.237713398197030044e-02
-7.647819163592307632e+02 1.348556910031761902e+01 1.358360547620815831e-02
-5.993782234886665492e+02 1.334405104210449799e+01 1.450077903398963239e-02
-3.980296453076919647e+02 1.330333520213299714e+01 8.991879206843226072e-03
-2.360454586728566539e+02 1.333803232994279675e+01 1.290218866329301099e-02
-3.376449753384692087e+01 1.347351608294734149e+01 1.183392898763882886e-02
1.243923049353839900e+02 1.327135742776823157e+01 1.361082061706133349e-02
3.312893023912497483e+02 1.339291439549783114e+01 1.077576853407681209e-02
4.891653814519997923e+02 1.326379294799022901e+01 1.108712967563943268e-02
6.973663319330773902e+02 1.320348490402329311e+01 8.243782225414735335e-03
8.552369268162497065e+02 1.333929922772325227e+01 9.180428826449186022e-03
1.061620240188332218e+03 1.317413863853922962e+01 1.336270636122395029e-02
1.219739695123846786e+03 1.313964181842510470e+01 7.564741055524671492e-03
1.427533555177917151e+03 1.322016240855729841e+01 7.098385762961484380e-03
1.584521139991538575e+03 1.318859261946598060e+01 1.027558365646989366e-02
1.792896077874615230e+03 1.339332126937192058e+01 1.180319575928480066e-02
