-1.434373057904737152e+03 1.296272564314688225e+01 6.556322592929458848e-03
-1.256977228765640575e+03 1.288086583830263621e+01 8.068644202634049981e-03
-1.070987498956666059e+03 1.290748673894397491e+01 7.180068599294518912e-03
-8.971643489804258706e+02 1.285402763589657660e+01 5.722795863467381935e-03
-7.074952657422854827e+02 1.262690841048542012e+01 6.662887947560651621e-03
-5.373785544014511970e+02 1.255522134160708525e+01 8.172843718189251941e-03
-3.405171774070274751e+02 1.279083902883031243e+01 7.793833804960534871e-03
-1.755214060854757179e+02 1.278047283032554127e+01 6.098046449474309530e-03
2.357111084515120325e+01 1.280088831520118475e+01 4.795422449289596552e-03
1.848859838575611718e+02 1.281585442930423646e+01 6.282605639123734105e-03
3.886882793134881240e+02 1.288200123680671894e+01 6.393134972536069008e-03
5.497173408002175847e+02 1.281973611572038152e+01 6.185727300850443755e-03
7.549676196217145616e+02 1.280135825098984803e+01 5.452351780808990626e-03
9.162139512292304744e+02 1.286185224926925308e+01 7.913252517178429382e-03
1.119043575954473681e+03 1.300909557770354219e+01 6.703715787920436209e-03
1.280463606641388424e+03 1.315344159280305369e+01 6.381374741159306224e-03
1.484681657353876972e+03 1.305865032335696974e+01 5.569073285518449934e-03
1.644943958441429004e+03 1.309859908433985254e+01 8.288232343417297615e-03
