-1.421115622772940469e+03 1.268462420368527965e+01 7.662082659821375236e-03
-1.240711045793332460e+03 1.271969807371884897e+01 4.291077520961079743e-03
-1.058813636696666208e+03 1.258269187023096691e+01 5.528390374889777421e-03
-8.813337428999997201e+02 1.266225394396978210e+01 7.268335690080870819e-03
-6.921024040136843496e+02 1.271167760261386270e+01 4.656255091162406386e-03
-5.224957390321050070e+02 1.259657657249565688e+01 3.432221274622382183e-03
-3.279453851731584564e+02 1.267330155947100145e+01 7.152046657792939487e-03
-1.616129564947619883e+02 1.269117101764632238e+01 9.513202710294181227e-03
3.779873089536597774e+01 1.267524601376729443e+01 4.823725692246998500e-03
1.988262899030432038e+02 1.282137962133288056e+01 8.128185247263063767e-03
4.033696096494447261e+02 1.278663657301488854e+01 1.907393024037816812e-02
5.654458301115790846e+02 1.266679371397848897e+01 3.530304520475493341e-02
7.676424213683333164e+02 1.287203399886521815e+01 1.516220031011890346e-02
9.297114725166663902e+02 1.270269850090845765e+01 6.378977819736581650e-03
1.134583733261250018e+03 1.248616940956339683e+01 8.188633032289324709e-03
1.295139886371515104e+03 1.256704922170220229e+01 6.150549305133339549e-03
1.498843338564666510e+03 1.250502587239618535e+01 7.951407981539411127e-03
1.660854225600769723e+03 1.268645662786047623e+01 8.524349978622050225e-03
