-1.169161916295833407e+03 1.108586904073792034e+01 7.267382094980795980e-03
-1.001309691128182749e+03 1.111667265069970867e+01 6.025135231055848972e-03
-8.068031474353847443e+02 1.114804344753197540e+01 9.384042359246112450e-03
-6.422329758107690623e+02 1.110076925611702237e+01 6.498085053768993397e-03
-4.421045971864290891e+02 1.106341614908982329e+01 5.502938028373626118e-03
-2.817221988254539156e+02 1.106482224120722435e+01 5.805474327988508453e-03
-7.567719091749859217e+01 1.112516024525182168e+01 6.721974663900056809e-03
7.962078517000087174e+01 1.112188905817871110e+01 6.843764950602221515e-03
2.886048832607697250e+02 1.105364386718146719e+01 1.114970463719524955e-02
4.458329559891674876e+02 1.103357708002262427e+01 5.337601419326598595e-03
6.533286323176927226e+02 1.107042232214307553e+01 5.710826454541963540e-03
8.100402185681814444e+02 1.116339936894880580e+01 8.124803708864265783e-03
1.019900062743845865e+03 1.114627112633556827e+01 5.674856381274447602e-03
1.174643012510832705e+03 1.109648140134710204e+01 8.788295410884210124e-03
1.383989366967692831e+03 1.109691556577740101e+01 7.658194298699867904e-03
1.541331158564165889e+03 1.107812992113436579e+01 7.289776868839795664e-03
1.749406708858095499e+03 1.107313865565247113e+01 1.235894192441512607e-02
