-1.340885569570000371e+03 1.412752344899150714e+01 1.104871368413868141e-02
-1.149789618105333602e+03 1.409891921123846714e+01 2.520356235843570353e-02
-9.804483314128200391e+02 1.400899414207783344e+01 1.026625924219876432e-02
-7.848596069594127584e+02 1.408950662950277888e+01 2.102824905441061723e-02
-6.200359398621053515e+02 1.405630465197990020e+01 1.229318189233576282e-02
-4.206450379000004318e+02 1.396676255747474826e+01 1.484466899364431450e-02
-2.595133760357895767e+02 1.394717219931942331e+01 1.583108091395563771e-02
-5.614125721882352593e+01 1.393154563648437261e+01 1.579414181050131649e-02
1.010586715982345254e+02 1.367311610385020337e+01 1.006294053629067098e-02
3.105497045899991235e+02 1.360399407765689084e+01 1.459537720032559951e-02
4.657919466889472346e+02 1.357797571383135882e+01 1.632653564436335747e-02
6.747247084135301520e+02 1.365511985151448826e+01 1.196954885262581890e-02
8.322416397942108688e+02 1.365461463493616279e+01 1.431325340091462242e-02
1.039229814760000409e+03 1.362109528509555467e+01 1.929974821615903710e-02
1.196433246811176105e+03 1.366322474188101488e+01 1.032587291887420572e-02
1.406039079356874936e+03 1.350762008428455196e+01 1.103930300958805982e-02
1.561864782886923649e+03 1.364753151473149551e+01 1.004931230196254820e-02
1.770239752451666845e+03 1.369233845668397720e+01 1.114150164856204592e-02
