-1.470463475582222145e+03 1.232271030649210530e+01 1.609096336365785362e-02
-1.293917166238462642e+03 1.233445445885817549e+01 1.190194052958093267e-02
-1.104876335019230055e+03 1.228852821599447154e+01 8.626177118657735177e-03
-9.350905839099993955e+02 1.242616186418686297e+01 1.573288096662181154e-02
-7.428806284969227818e+02 1.245704425619074485e+01 1.289922868090269056e-02
-5.756857321806251093e+02 1.245838656183349613e+01 1.074977258613373995e-02
-3.783853443450002487e+02 1.244682688298399142e+01 1.506085301793373514e-02
-2.155711667399996827e+02 1.240536227146829162e+01 1.121743371145135330e-02
-1.165162866166671485e+01 1.235032983439024434e+01 1.528562681141189955e-02
1.476255286900007775e+02 1.236540767236066785e+01 1.692903642626399432e-02
3.526335587514274152e+02 1.235068281851756922e+01 1.969995512884328490e-02
5.118142701425003906e+02 1.229894989320654553e+01 1.745017049544220211e-02
7.183777323213630552e+02 1.234497425502724255e+01 1.499171004264943270e-02
8.763934475753325160e+02 1.242758131246939968e+01 1.442283096094589163e-02
1.083736369567272277e+03 1.251217470372059637e+01 2.017349566684971049e-02
1.243042903398332783e+03 1.257338319322064990e+01 1.788758532361867798e-02
1.448667403057691672e+03 1.259991630411350272e+01 1.658647152381594395e-02
1.607183123232665821e+03 1.254496825618930878e+01 1.452863959584538983e-02
