-1.438901065331613154e+03 1.426753142502032645e+01 1.248055921676845086e-02
-1.260261270966499524e+03 1.429614442500512972e+01 1.577781274448393153e-02
-1.074202473270001065e+03 1.425329066531844724e+01 2.522129611613521671e-02
-9.013729155065220766e+02 1.425488082131383649e+01 1.663102350169399016e-02
-7.112106671721040811e+02 1.408993902329538273e+01 1.466294292834888907e-02
-5.422830056240003387e+02 1.415862497410311605e+01 1.248844966358914239e-02
-3.455253615679549171e+02 1.437163649923926378e+01 1.269680902545994305e-02
-1.795473749923081641e+02 1.440769628927301760e+01 1.939725019283503049e-02
2.032797878666751856e+01 1.429942516563900767e+01 2.113298983246951479e-02
1.812910076915780451e+02 1.441704009384993412e+01 2.277740175298112457e-02
3.848815373388231933e+02 1.419408498089368109e+01 1.708000117262852349e-02
5.455074117300003991e+02 1.423728950036534435e+01 1.812657920843657039e-02
7.513660671886365208e+02 1.415749417238826879e+01 2.155891324006990045e-02
9.111018044669996243e+02 1.416282057522769833e+01 1.508781327346676165e-02
1.115564468229999420e+03 1.426131778776022685e+01 1.542172169376683846e-02
1.276715155162354677e+03 1.435427354061901539e+01 2.812085372110285919e-02
1.480550558812941063e+03 1.440902902219723281e+01 1.876113144031622132e-02
1.641257339958750663e+03 1.435407505492937652e+01 1.854348461749460997e-02
