-1.309459881864999943e+03 1.053826524897316652e+01 3.250624862185776901e-03
-1.131163035190714709e+03 1.055384839241265560e+01 5.240780211421052111e-03
-9.476065365341661391e+02 1.056274863014066234e+01 6.223281331614637438e-03
-7.694065070479998667e+02 1.058223387803662874e+01 6.523963029220319551e-03
-5.819021869634775612e+02 1.067907989083095721e+01 4.215937080006240678e-03
-4.103026428379998833e+02 1.078091746142877128e+01 7.172743675417109915e-03
-2.164136872272733569e+02 1.088280305065156561e+01 8.522096271355824801e-03
-4.968919356833430356e+01 1.095465156016009090e+01 9.044157165605949678e-03
1.477679958727272833e+02 1.111374701309321722e+01 9.087277004784044196e-03
3.109961589130773518e+02 1.113655774956125555e+01 7.256733363404690475e-03
5.149881932169222409e+02 1.110217540597447972e+01 1.008268756665197871e-02
6.780823498038472508e+02 1.112719438944463057e+01 7.540102756917517295e-03
8.791665201441664976e+02 1.121924897535732768e+01 6.711926573616155446e-03
1.042303480219998846e+03 1.133852362731069796e+01 9.267739642191574756e-03
1.243236332882222314e+03 1.129435490051586299e+01 9.912946984443227194e-03
1.406954002465833810e+03 1.123207174784921492e+01 7.666375139393491987e-03
1.610355755267499944e+03 1.108012694296338196e+01 7.922058730459292930e-03
1.773469500223333625e+03 1.100529528187682793e+01 1.335370000389981410e-02
