-1.305722088615428902e+03 1.372080696344422712e+01 9.532361330564596141e-03
-1.117605675737692081e+03 1.333438671273454545e+01 1.222498095328362032e-02
-9.454592141572227320e+02 1.339429559059598596e+01 1.282009230870983195e-02
-7.527099593335707368e+02 1.343194795729298008e+01 1.443028884505096095e-02
-5.865779477842855840e+02 1.355212865177996484e+01 1.573129018814714564e-02
-3.884907278383337257e+02 1.369739470406848270e+01 1.164516684452236543e-02
-2.260745680433331870e+02 1.374556614029547674e+01 1.454179563540154187e-02
-2.364448806954500171e+01 1.345558190134078735e+01 1.094024656130108963e-02
1.347286403142858262e+02 1.347622332075596141e+01 9.360100909715729500e-03
3.427330593744445650e+02 1.350488116564585006e+01 1.399517970122869485e-02
5.014243927824994671e+02 1.346431622758982272e+01 1.467891344752739712e-02
7.069083540870594788e+02 1.312773765735400389e+01 6.282222048064232782e-03
8.655327831447061726e+02 1.314344518820106700e+01 8.737434640399738967e-03
1.072710576151786199e+03 1.341176835180798754e+01 8.288844742027337217e-03
1.230083974162499771e+03 1.337300157690153668e+01 1.172793673243509825e-02
1.438175244869375092e+03 1.352793391694519087e+01 1.147921865535716894e-02
1.596853230837777801e+03 1.360458057712846980e+01 1.117902086698927162e-02
1.802399784892222215e+03 1.341140925031883846e+01 9.576249842319476541e-03
