-1.470282619149375478e+03 1.402133285808779561e+01 1.117264172038313769e-01
-1.293714626633571015e+03 1.410847803187188632e+01 4.004741552034264684e-02
-1.104671702492308214e+03 1.408024987273646467e+01 5.504591466122053106e-02
-9.348635861712500628e+02 1.403235738070735827e+01 4.155064924674694432e-02
-7.426668002833345099e+02 1.403927857062634033e+01 2.451422773189271959e-02
-5.753557870359999242e+02 1.405291140565184094e+01 3.661760370772663281e-02
-3.775918693235294086e+02 1.399550886837912600e+01 3.188150576963683092e-02
-2.153836836394116006e+02 1.407725972269630788e+01 4.511434262024830583e-02
-1.138486515846083336e+01 1.392368701409762721e+01 4.891672435706306138e-02
1.478135580333332939e+02 1.389158429799757855e+01 7.625025676626281945e-02
3.528552724507145513e+02 1.392055178070054211e+01 3.609767679191932394e-02
5.120621278943744983e+02 1.380364733313008507e+01 5.595091200306796103e-02
7.187962866126092649e+02 1.383908470124780976e+01 4.718475546446358748e-02
8.765551192923534245e+02 1.377864504492445263e+01 5.127285788742608208e-02
1.084050503452143175e+03 1.370924975802260093e+01 3.409352314550277707e-02
1.243274280820000286e+03 1.373368571169165975e+01 5.998715251477033938e-02
1.448807828827332742e+03 1.379024644131797217e+01 3.355398467445123295e-02
1.607446789096666862e+03 1.385930209739642471e+01 3.692966852495895708e-02
