-1.330949193692727704e+03 1.281949926926482952e+01 7.872385616620127327e-03
-1.140131988611667794e+03 1.281365612552515287e+01 1.668325563307471171e-02
-9.720225679708340749e+02 1.281746646217066932e+01 1.171446063474370844e-02
-7.781634401160001744e+02 1.288880958974438506e+01 1.376375675460730919e-02
-6.130714828658334454e+02 1.281736386660914029e+01 9.599231981238390624e-03
-4.140057912849995887e+02 1.279795279308086364e+01 9.516774663718753982e-03
-2.525498935445463076e+02 1.281212797416316995e+01 6.861624684671869742e-03
-4.698762392636324847e+01 1.276897278646235634e+01 8.031399686020190137e-03
1.083364778683329206e+02 1.277617203697980663e+01 1.470095423962521596e-02
3.172383473216675043e+02 1.299821412023513112e+01 1.175078799564177427e-02
4.749155488730008301e+02 1.312622881954708554e+01 1.046236111018925170e-02
6.826718426272728948e+02 1.315675051969368958e+01 1.531987998532750340e-02
8.390766150191653878e+02 1.315150374905485187e+01 3.789754554497340444e-02
1.048540931275000503e+03 1.307623798377837510e+01 1.489259385909157477e-02
1.203707964691665666e+03 1.304017295898349360e+01 8.516426121847669659e-03
1.412604730775998860e+03 1.309029389989027514e+01 8.779521627059220720e-03
1.570410128435001297e+03 1.308439436048287519e+01 1.219278475164718538e-02
1.777333858019167337e+03 1.310191850103851330e+01 1.377722473128382107e-02
