-1.313641908180000655e+03 1.423024107205061206e+01 2.153796647782704396e-02
-1.123591603019166314e+03 1.431654479186855511e+01 1.738993163362703362e-02
-9.544999512700001105e+02 1.436279497675773875e+01 1.782551607773243812e-02
-7.601788999491676577e+02 1.430699385790606648e+01 1.484378289470037957e-02
-5.933872298692856475e+02 1.431575333510767223e+01 2.210965252313749907e-02
-3.945707641583327927e+02 1.426639826629191177e+01 2.447011497893677306e-02
-2.324642792450010518e+02 1.428425108682179001e+01 2.057366059319737719e-02
-3.024648553749951319e+01 1.417964484926639201e+01 3.586090670395308128e-02
1.281746747227271896e+02 1.416524199005247020e+01 2.358213741603891814e-02
3.367191291658321575e+02 1.422172673475658655e+01 2.320264741839212982e-02
4.927010436758330911e+02 1.416924904106043748e+01 2.323474957822798184e-02
7.009198681550005858e+02 1.411984834745904571e+01 2.226049222027427776e-02
8.592697259408329273e+02 1.412159273939273163e+01 2.121368083642321753e-02
1.065631337075882357e+03 1.409212941638574002e+01 1.907876269136718136e-02
1.223477500447999546e+03 1.412680023530717399e+01 1.879716290649553062e-02
1.432228748979231568e+03 1.421917989312960096e+01 1.685805151177856981e-02
1.588230054369998925e+03 1.419496315393737618e+01 2.295071999905870172e-02
1.796372491174545530e+03 1.416802507973286396e+01 6.881332886804950033e-02
