-1.466345870433529399e+03 1.331836438384758559e+01 1.259111308178539022e-02
-1.289936398352307606e+03 1.337520798845774195e+01 9.877031834089349330e-03
-1.101136019383000530e+03 1.338586480772763210e+01 5.699210471635545415e-03
-9.311271150883336531e+02 1.349701610998054235e+01 9.695598466811075622e-03
-7.391376568841673134e+02 1.350762206488998451e+01 8.848127025074399923e-03
-5.718576543106668169e+02 1.356081923652499022e+01 1.059763775215618459e-02
-3.721376267763639021e+02 1.349485269296200052e+01 1.875773819784842117e-02
-2.093414213249998284e+02 1.352303914444739696e+01 1.592876598916248901e-02
-7.858238579165724325e+00 1.344317757532444624e+01 1.135108903243297468e-02
1.516422186233327523e+02 1.351623216722589227e+01 9.634164708454500542e-03
3.563786827045458381e+02 1.350772675474121343e+01 2.935113466180458083e-02
5.158077647708336144e+02 1.334180218091719539e+01 8.006074082983599335e-03
7.233704159189998109e+02 1.338895080987701469e+01 9.504156985235472782e-03
8.813476572200003147e+02 1.340203228485431453e+01 1.258812610672987477e-02
1.087608082389091805e+03 1.331490387954873000e+01 1.028234026924179298e-02
1.246994865659166635e+03 1.331184188004765367e+01 1.119676189136178078e-02
1.451872053215454798e+03 1.334309333556108967e+01 2.342537746849982297e-02
1.611887581233076844e+03 1.333146664173951201e+01 1.408537593401567797e-02
