-1.420392073119230417e+03 1.279539471821039598e+01 1.931875592718389212e-02
-1.239690132393157910e+03 1.285445341132507124e+01 1.950533098105148785e-02
-1.057796833974118272e+03 1.284588285712533207e+01 1.921743173703450297e-02
-8.804821479052628774e+02 1.281747638423485292e+01 1.468697123090951032e-02
-6.913412604206663445e+02 1.276402476689128562e+01 2.398441102943075359e-02
-5.216210042333332240e+02 1.265236675901994801e+01 1.827358354029063811e-02
-3.271223135737495795e+02 1.262947601212888848e+01 1.933920383238610027e-02
-1.608074130957894852e+02 1.256270856201278896e+01 1.538581835686531410e-02
3.862761088137932575e+01 1.260146153274935088e+01 1.246921032393956408e-02
2.004231540344437690e+02 1.263903484002813116e+01 1.287540524811079355e-02
4.042003809615394516e+02 1.256246105895844423e+01 5.353287872342885403e-03
5.663769387407145359e+02 1.256458070441408736e+01 2.757799633668768513e-02
7.687833486858825154e+02 1.258148397494604254e+01 1.990141611624252072e-02
9.304398006276919659e+02 1.264178827524645854e+01 2.034405257105416365e-02
1.135320614698125155e+03 1.260774874295480430e+01 1.820692249830963699e-02
1.296664466986189382e+03 1.259378240030662965e+01 1.396234128660018767e-02
1.499574703344375393e+03 1.258612156945730831e+01 1.161172030839600217e-02
1.661772849896874959e+03 1.255420141052278105e+01 1.692716257397447813e-02
