-1.320411072290001584e+03 1.385221445422798858e+01 3.465910622498592775e-02
-1.129839535707499863e+03 1.379385602226020247e+01 1.529660456150686541e-02
-9.614115379525004528e+02 1.381275396080192586e+01 1.549432393084886408e-02
-7.672036982318174978e+02 1.382739286977867188e+01 2.295315845576415340e-02
-6.025662020618183305e+02 1.382976163939627057e+01 1.052513002930286108e-02
-4.009060327839994216e+02 1.368505319257795705e+01 1.720825383355319149e-02
-2.402114539688234061e+02 1.376160615362639561e+01 1.971563565894311060e-02
-3.663935883090942269e+01 1.386127377444226028e+01 1.707032345622290850e-02
1.213738668346156260e+02 1.391087499722091536e+01 1.041811384272866604e-02
3.280147308607141099e+02 1.386440089970191991e+01 2.573309969329529850e-02
4.855470551800006547e+02 1.379620253641957817e+01 2.388257021407150238e-02
6.945817893992302743e+02 1.378322084241723466e+01 1.452435056094119985e-02
8.504920949979998568e+02 1.383178136561255656e+01 1.887667873329417975e-02
1.058773898916153939e+03 1.385929087766787404e+01 2.241760313591936726e-02
1.216840919430000895e+03 1.392014999305402867e+01 1.373197471704747964e-02
1.423348934973845189e+03 1.393351196473471809e+01 2.878866855925535373e-02
1.581036423308180929e+03 1.389979959417425093e+01 2.383946434182575985e-02
1.790090148869090854e+03 1.390532276716233895e+01 3.030473824387955317e-02
