-1.438855434473529385e+03 1.225088433435443669e+01 1.425192771232015876e-02
-1.260463593410833710e+03 1.210773315897028901e+01 7.092110574956303481e-03
-1.074440946376665806e+03 1.219264527238572349e+01 7.536650276727180874e-03
-9.016093556370003625e+02 1.213007353314661607e+01 7.421657496812971745e-03
-7.114080644919995393e+02 1.222135118689173261e+01 1.364847976882413785e-02
-5.427480415790923871e+02 1.221782272440322537e+01 5.558107770048199316e-03
-3.456137080073680750e+02 1.220867365458062892e+01 7.027407656871522725e-03
-1.801750671307700600e+02 1.221459959490155534e+01 1.571642189430417710e-02
2.000609136727275938e+01 1.227716780524671414e+01 1.234977346282192454e-02
1.810660667300004718e+02 1.234370741012117811e+01 1.130900165879020376e-02
3.849094347679994712e+02 1.229319548891854552e+01 1.393129570427674956e-02
5.452524011663626879e+02 1.228738580779480571e+01 9.428125833073461651e-03
7.510917949959991802e+02 1.239768732234224125e+01 9.541278740294782332e-03
9.110134193445003348e+02 1.236436186738851717e+01 9.002076149422420098e-03
1.115378115474999504e+03 1.240344023463063472e+01 1.099280659681601754e-02
1.276452319322221001e+03 1.237229996591844206e+01 1.458854991943036618e-02
1.480639850097501039e+03 1.232297471129406929e+01 1.580748987382591536e-02
1.640623655344545341e+03 1.224392114312750302e+01 1.146994897663762732e-02
