-1.315960905978999563e+03 1.236190956535623720e+01 9.749871794028893215e-03
-1.125779754497000340e+03 1.245590901020819175e+01 9.636648795094633624e-03
-9.571016539763645596e+02 1.252202463470595717e+01 1.080577801305003874e-02
-7.634903570099995704e+02 1.246653432374808546e+01 6.450667493454591631e-03
-5.967384734386356513e+02 1.241130585316630786e+01 1.068330392340122517e-02
-3.967637008899995976e+02 1.236021744520770405e+01 1.011335750381649190e-02
-2.347314147033345364e+02 1.232044284366941866e+01 5.031095437009251888e-03
-3.247873881999971957e+01 1.232578614116676796e+01 7.451017104920797628e-03
1.256941625849988924e+02 1.233619618119334227e+01 8.616709649581262218e-03
3.329177547875002574e+02 1.229611257250789080e+01 5.166950261034067640e-03
4.905127059207689513e+02 1.230686328364641646e+01 9.530393610279810912e-03
6.986629916145452626e+02 1.226964022026373335e+01 4.683522918393997862e-03
8.569780895440002269e+02 1.227604565647446577e+01 8.144261783611828065e-03
1.063009991910769713e+03 1.227975760036149921e+01 7.119948959839104106e-03
1.221143417450000470e+03 1.230706307904788233e+01 6.475681900500327576e-03
1.429970478287142896e+03 1.235292636021580215e+01 6.342048119024557007e-03
1.585319632948181834e+03 1.237740608517978558e+01 9.961382987029214833e-03
1.794112906011817586e+03 1.247399759517156248e+01 3.470818565937353484e-03
