-1.441248433438182019e+03 1.256827256270598880e+01 1.883659261405196128e-02
-1.261749575895000817e+03 1.265748843096474374e+01 1.723858583739738479e-02
-1.075512662791999219e+03 1.287754767009014500e+01 1.342691320492952166e-02
-9.028863488825003287e+02 1.294808518594147984e+01 1.909874866405247840e-02
-7.125314263480001955e+02 1.282547272615718548e+01 1.763789464549037414e-02
-5.435090191692305552e+02 1.263790634760005460e+01 1.166036480638912853e-02
-3.466183001780955237e+02 1.249125344665463722e+01 1.512718750011377185e-02
-1.822652682173076926e+02 1.243687854394535286e+01 1.242850299442463911e-02
1.905767623636347707e+01 1.258411467203737644e+01 1.621238616123491308e-02
1.798523453038461071e+02 1.270373936416014260e+01 1.838932290242663650e-02
3.829446804815379437e+02 1.267901279589251118e+01 2.263267251241049549e-02
5.439843993969222993e+02 1.255559444001590563e+01 2.316532886155646051e-02
7.499597569909085450e+02 1.248872768560761592e+01 1.765381308437638172e-02
9.087925718613332720e+02 1.252190801079834515e+01 1.867510474561694112e-02
1.114176803635713441e+03 1.260808259414357124e+01 1.615432053613995514e-02
1.274871519852502388e+03 1.246678231473202203e+01 1.928701890684525813e-02
1.479058693223332739e+03 1.235463590524165234e+01 1.804523969587555968e-02
1.639389471110000159e+03 1.235726427832138086e+01 1.610604193671736489e-02
