-1.320939524884705861e+03 1.332355223195735405e+01 3.135978329361675115e-02
-1.130544015059230333e+03 1.326266676584249105e+01 2.774281225946120463e-02
-9.620601605894729573e+02 1.320556623252871553e+01 1.663556654927976844e-02
-7.680271482639994929e+02 1.319708475395015412e+01 3.190147191338572885e-02
-6.022701374337498237e+02 1.330935881382343133e+01 2.167071126562233885e-02
-4.016104589753342680e+02 1.326942463391054083e+01 2.532958319625021673e-02
-2.411944564945715115e+02 1.335141501002150832e+01 1.904635377522527137e-02
-3.721421524266673231e+01 1.321119041731439303e+01 3.301628873267239278e-02
1.207792053123536249e+02 1.329320569186796064e+01 4.363345331612699524e-02
3.275773524244444275e+02 1.319936694910591868e+01 1.799372422808935557e-02
4.849868037584215017e+02 1.316912770888434281e+01 4.091667212047275098e-02
6.939216954205257935e+02 1.328715346580318091e+01 2.574639653061805422e-02
8.492347157914995250e+02 1.341532045372204252e+01 1.964896511757931868e-02
1.058125465976249870e+03 1.343025789176526175e+01 2.160946525149273767e-02
1.216140747442665997e+03 1.336288202196306507e+01 2.295744347561556181e-02
1.422635213393158210e+03 1.335482588548161331e+01 3.378257488265114239e-02
1.580313187524284558e+03 1.335911043969029066e+01 2.057425483282222800e-02
1.789408605763333526e+03 1.344352448530270294e+01 2.453077694022583188e-02
