-1.459494930291665924e+03 1.138891084689746336e+01 4.018137172425531936e-03
-1.283768132919285563e+03 1.132961218842597972e+01 7.707971824792199042e-03
-1.095421947023334042e+03 1.130702873212509729e+01 1.041838537407701638e-02
-9.241183083099997475e+02 1.125771381433289697e+01 8.752266010663352011e-03
-7.331518572538468561e+02 1.114971318931620914e+01 4.822155388778844899e-03
-5.633903446139993321e+02 1.114807092931161137e+01 9.721170904199303436e-03
-3.663283108892316591e+02 1.114088268890032474e+01 6.543830807369432206e-03
-2.027058993991662135e+02 1.121166807977626867e+01 9.754844422351742483e-03
-2.132798382307765639e+00 1.129612878916283769e+01 9.517438495567879728e-03
1.577222674371426194e+02 1.136404224181341327e+01 7.425647600799323116e-03
3.635528022769998415e+02 1.146655024491273878e+01 8.468225623494958151e-03
5.223041505857129323e+02 1.161337507661869317e+01 9.022362423071457124e-03
7.291295957442853251e+02 1.143084165213861780e+01 7.853709109627439455e-03
8.889106676475003042e+02 1.130138881300696241e+01 1.460975605905346156e-02
1.094003860136923777e+03 1.128698800852481554e+01 4.834566560329420226e-03
1.253123901849999356e+03 1.122060166055576502e+01 8.072494253227783731e-03
1.460467905810768343e+03 1.115566408137389409e+01 1.887771687628916548e-02
1.617753772395333499e+03 1.118131209934535697e+01 6.496504820812186616e-03
