-1.474860780205000310e+03 1.227240583666936402e+01 1.462198444452884535e-02
-1.297715308596666318e+03 1.227490984221651438e+01 2.250175782023732668e-02
-1.108928143478332686e+03 1.228186864842720105e+01 1.628761735102338126e-02
-9.389633519708337417e+02 1.226005285352807661e+01 1.317799890504039138e-02
-7.465572418410004047e+02 1.227912612980038887e+01 1.479840459277083700e-02
-5.800591365100000303e+02 1.226619061325066085e+01 1.341564445370991079e-02
-3.823915676625001652e+02 1.223388283565905610e+01 9.440207722092974763e-03
-2.189547614354550262e+02 1.225581226939563884e+01 8.486071018599239749e-03
-1.531991972583333883e+01 1.224235119018904783e+01 1.363615172264122377e-02
1.423551123700003416e+02 1.236769608687307809e+01 2.085255960385546878e-02
3.488632299829994849e+02 1.224520015726501576e+01 1.325400308971075823e-02
5.078768183864288517e+02 1.224279050166146376e+01 1.218132956277200550e-02
7.131805887683343599e+02 1.223834997713613504e+01 1.086338855515422454e-02
8.720528653399994710e+02 1.226883105545463870e+01 1.524354652897461256e-02
1.080095435642221673e+03 1.221661805247475030e+01 2.142431559833063784e-02
1.238573876514000176e+03 1.225542388303095542e+01 2.682449799254643316e-02
1.444370732882728134e+03 1.227146898942412356e+01 1.129147070486631078e-02
1.603306425323333315e+03 1.231895370180248683e+01 1.454001088904553936e-02
