-1.416803405227142093e+03 1.143845638157133493e+01 1.245037861777210236e-02
-1.235683172542380134e+03 1.151195883442318824e+01 5.965496444856865574e-03
-1.053424623890882231e+03 1.147914951291451402e+01 5.681994744684300443e-03
-8.768980589844452425e+02 1.144964830150470725e+01 8.340160726812663114e-03
-6.878666061044451681e+02 1.145032658714895568e+01 9.629914468144037260e-03
-5.180336690057887381e+02 1.144287950918798913e+01 5.661184819424814989e-03
-3.232453503384993496e+02 1.141408977248272194e+01 7.653047467373161501e-03
-1.573540054785719633e+02 1.146365946142826964e+01 7.747534899921468439e-03
4.347442387000003805e+01 1.137126072090460482e+01 6.449647871349636734e-03
2.059052337019995207e+02 1.139781826573488033e+01 5.365243530562846704e-03
4.077231252950005000e+02 1.148891670046632996e+01 6.243820740944049791e-03
5.700883066494441209e+02 1.148491085015409041e+01 8.451096390310889467e-03
7.722563325266663696e+02 1.139195581080483066e+01 6.468281827330449145e-03
9.350961442574993043e+02 1.140017628346227951e+01 6.773728182715712046e-03
1.138888495214999466e+03 1.139080964183393263e+01 8.102985139319023380e-03
1.301316117467059030e+03 1.140749705419178994e+01 9.578475184966824332e-03
1.503107787610999821e+03 1.132081891526791395e+01 8.328108310652502719e-03
1.665383667947222420e+03 1.131734836795234500e+01 9.139100462347234111e-03
