-1.417642246225454528e+03 1.294093914126088407e+01 7.346321853714404999e-03
-1.236515131330769009e+03 1.295874391813655002e+01 1.187133265125297696e-02
-1.054107731150869768e+03 1.299028025112936824e+01 9.966752455734459448e-03
-8.776939129500000263e+02 1.297015121081346045e+01 1.318377492588127323e-02
-6.886968889427258773e+02 1.294541424483093017e+01 9.996919134729708237e-03
-5.188472334208327084e+02 1.293171793878782161e+01 9.978535992597114060e-03
-3.244935675221432803e+02 1.291146549283288181e+01 8.488995620639087913e-03
-1.580464441721435662e+02 1.286866236591594692e+01 1.134126408902583726e-02
4.261114070166695456e+01 1.287965467368078265e+01 7.667685620692691294e-03
2.047714943069986475e+02 1.295956810077637655e+01 2.027365285290243582e-02
4.068710648576922608e+02 1.294697900426196746e+01 8.169795721447261835e-03
5.692497448353841492e+02 1.303835522298742688e+01 9.505813567466261590e-03
7.714352247299999590e+02 1.302818738024359213e+01 1.577729483807061017e-02
9.338693830046667017e+02 1.302056925277932997e+01 1.134370767005672860e-02
1.138020688452500281e+03 1.304585521518457369e+01 1.142373564606216120e-02
1.300464222034285058e+03 1.306112074439342408e+01 8.327940431867599663e-03
1.502276728141000149e+03 1.301949542553252925e+01 1.259400651103534732e-02
1.664626452738571516e+03 1.299386841472116139e+01 1.213848961070339641e-02
