-1.444882067779375120e+03 1.317710162197105817e+01 1.335663873978229152e-02
-1.265345867312173596e+03 1.309522939673851738e+01 2.921893025750998962e-02
-1.078690879424999139e+03 1.306012776421357202e+01 2.043246261279296760e-02
-9.065053606576198035e+02 1.300599697710850577e+01 3.071368683279904893e-02
-7.158340266455548999e+02 1.289226242392287602e+01 1.804482945536372077e-02
-5.476022682209998038e+02 1.287084113269460595e+01 1.946109319414211433e-02
-3.511721057095004426e+02 1.272754067227106489e+01 1.289356902670919618e-02
-1.868267870441665366e+02 1.276396348240630019e+01 1.469595502849932629e-02
1.553281598944401232e+01 1.273900469537380253e+01 1.003126571334285455e-02
1.761632010523812539e+02 1.278798390782136174e+01 1.608322895754467699e-02
3.796387377712508169e+02 1.268995632640839233e+01 1.580386654045789693e-02
5.404217952883331009e+02 1.265238870544255789e+01 3.679025340282365830e-02
7.448293022071427458e+02 1.262333190598442378e+01 1.365454253754252653e-02
9.050562788391306412e+02 1.270391368371295115e+01 1.867797800899198904e-02
1.110723920760475721e+03 1.274224353737104565e+01 1.036036124185687676e-02
1.271641059744735912e+03 1.277589098849743010e+01 1.530936133756431380e-02
1.475023421036315767e+03 1.278924622967812397e+01 1.542180682699157736e-02
1.635778213009523142e+03 1.283897617580997874e+01 2.240777304806084932e-02
