-1.473601485890000504e+03 1.195445578989297886e+01 7.874495040044121250e-03
-1.285665308756667173e+03 1.197231330588913423e+01 1.363892878175258436e-02
-1.108771509872727620e+03 1.197721452405185971e+01 9.138459538385821854e-03
-9.238576293084624922e+02 1.196630169822184797e+01 9.283182748618081653e-03
-7.490680527863640918e+02 1.197971263483843885e+01 1.927670026228074998e-02
-5.596526167600003419e+02 1.205952122142882743e+01 1.537861779409414355e-02
-3.890721673084000827e+02 1.205162124886610542e+01 9.321000072853339105e-03
-1.925333468583327488e+02 1.212656666515341897e+01 1.138060831422396495e-02
-2.699434841900001558e+01 1.212191957112162122e+01 1.421933427797339444e-02
1.715781439238450616e+02 1.209313274430498097e+01 8.194553426582857833e-03
3.336282698872719834e+02 1.204245211100357338e+01 1.289305267321427979e-02
5.360745820353835143e+02 1.213465090226379139e+01 1.937861086712430042e-02
6.983877297499997212e+02 1.212855898913411146e+01 9.610944731597029222e-03
9.029040929528574679e+02 1.207417352772933228e+01 1.211552075154513457e-02
1.064944808635453910e+03 1.197850047891233416e+01 8.315732817173156557e-03
1.266978915337692570e+03 1.213636428751716778e+01 3.454655037015399999e-02
1.429249840442727645e+03 1.209682751118337762e+01 1.736303479542007297e-02
1.632653778749090407e+03 1.210621868393470280e+01 1.034286529084413840e-02
1.793595205401667727e+03 1.208551419126087723e+01 1.661955844127488771e-02
