-1.473211301350909253e+03 1.365756421917015828e+01 1.685122953643316407e-02
-1.296237385130001257e+03 1.385857337178537740e+01 2.128208454226955190e-02
-1.107080384980000872e+03 1.384484716539766502e+01 1.426954799564450135e-02
-9.373568472945454459e+02 1.403573183518678746e+01 1.847137204633786736e-02
-7.451016080922223637e+02 1.396054986001056264e+01 1.321718962218961652e-02
-5.785873279045462141e+02 1.376332177572701987e+01 2.075049445881950796e-02
-3.810051969620006389e+02 1.364341065257535668e+01 1.620867051920059712e-02
-2.177601416364294380e+02 1.361922275253106029e+01 2.091654422120045598e-02
-1.394065733636340454e+01 1.358363761740830178e+01 2.083245026928880542e-02
1.440461093100007020e+02 1.352711195002618183e+01 1.569708372596637785e-02
3.503439506900006677e+02 1.375524206156185159e+01 2.143436723501382021e-02
5.094688134245456581e+02 1.374213647158257245e+01 1.357794649806921133e-02
7.153644622707686267e+02 1.362655038327975277e+01 2.489681939203846131e-02
8.736151341961527805e+02 1.345581705545195383e+01 1.240563837334293304e-02
1.081601515761248265e+03 1.348424298960278378e+01 9.089399732655541880e-03
1.240717618275999939e+03 1.350262845270953171e+01 1.021058274536771476e-02
1.445931335388750995e+03 1.358512515648632402e+01 1.096122427012599133e-02
1.604821544374167161e+03 1.373495080301653104e+01 1.336610555763254223e-02
