-1.469813367782857085e+03 1.391889794396642799e+01 2.448549281923046578e-02
-1.292684617236250233e+03 1.393411773969059197e+01 2.251037087377718085e-02
-1.103974291165883187e+03 1.391762321038745220e+01 1.707787982270493957e-02
-9.341499507036370460e+02 1.388650996587833575e+01 2.115116783599542763e-02
-7.419953286181244039e+02 1.385915626296318770e+01 1.784957079972440686e-02
-5.752038218144443817e+02 1.390282244870591555e+01 1.299203090132617332e-02
-3.764968324711117020e+02 1.392350000205095384e+01 9.818756851613695893e-03
-2.139208733268182812e+02 1.392188482407878602e+01 1.564101170585106490e-02
-1.074389903374958521e+01 1.392146763528502618e+01 1.656095953921070743e-02
1.486923939173342717e+02 1.400438291949849834e+01 1.364452406780965188e-02
3.534281844664282062e+02 1.405476278514558075e+01 1.388883657262585461e-02
5.126950579389468885e+02 1.407595818498317541e+01 1.756324044916209373e-02
7.202299794700006714e+02 1.396521709455154081e+01 1.744482739523621484e-02
8.772302282252935584e+02 1.394351460374738139e+01 1.321372329087513314e-02
1.084645855128235326e+03 1.391579414519744340e+01 1.911950483387614766e-02
1.243970694936875134e+03 1.382149893607110336e+01 1.784284695613341451e-02
1.449351061477776966e+03 1.384508716427597363e+01 1.360205039816771502e-02
1.608146681801874820e+03 1.392403868868426642e+01 1.230408976722779241e-02
