-1.325130573497618798e+03 1.392515963702716952e+01 2.699519154036326626e-02
-1.134560939904999486e+03 1.397697368002722662e+01 4.326816252172619587e-02
-9.662546698465012014e+02 1.361770235945533969e+01 2.292501050901597781e-02
-7.725197985094118849e+02 1.361573457646121277e+01 2.806807539602443335e-02
-6.073444929323807173e+02 1.378957346998293332e+01 4.047830911898010753e-02
-4.074193949891993611e+02 1.404513615278538907e+01 3.126923079824887874e-02
-2.466402787504775915e+02 1.412078642457766975e+01 3.199179448719448315e-02
-4.136830155937468589e+01 1.399663451149770133e+01 4.764776340341689287e-02
1.160151695784003891e+02 1.392025010558039355e+01 2.947543193788026636e-02
3.229427093711757948e+02 1.375283355403388441e+01 2.724963414243511753e-02
4.807119337568186666e+02 1.378893881548494171e+01 2.183114220860438853e-02
6.885127369381252720e+02 1.365895103230426066e+01 3.417726118687788861e-02
8.453331701931823545e+02 1.398516152717492211e+01 4.473687427166993247e-02
1.054070459628124354e+03 1.369716939220677965e+01 2.755304806726505823e-02
1.212031873483636673e+03 1.383457339101367545e+01 3.089174439642462106e-02
1.418713593217368953e+03 1.369131989530524862e+01 2.382149538096952832e-02
1.576187567742000510e+03 1.334124761754721256e+01 2.593966071757853112e-02
1.785398129818666575e+03 1.362993226922268164e+01 3.469674098716180044e-02
