-1.403915742636595496e+03 1.338303121746499968e+01 7.262145503094180263e-03
-1.225170857352806934e+03 1.334160884358748334e+01 7.040947431809234727e-03
-1.042032465447499135e+03 1.336336109029383046e+01 9.780164639226185050e-03
-8.658778136920689121e+02 1.338544044585734838e+01 5.834816346653234377e-03
-6.774693530617236092e+02 1.341957955723440143e+01 1.237139012463731556e-02
-5.057853314160000195e+02 1.344659219497464342e+01 6.477435443281173190e-03
-3.108294511145834917e+02 1.347363444668249244e+01 8.890989606368682879e-03
-1.438815616190001379e+02 1.352123518364976995e+01 8.095452550660778637e-03
5.343408036272706596e+01 1.363292203214516007e+01 1.018032382776536821e-02
2.163801984841173862e+02 1.358139267390585125e+01 1.014881635649291652e-02
4.179885602678571672e+02 1.348868091222547783e+01 1.179409874921025399e-02
5.810367037593548503e+02 1.348352994885882872e+01 9.895886470191331621e-03
7.845439501842860182e+02 1.353649918445041145e+01 1.054158894000170599e-02
9.476460575613043602e+02 1.358991053559846662e+01 1.084069890994516193e-02
1.148950701443704020e+03 1.360044043262078084e+01 1.095674665266981040e-02
1.311636127608181823e+03 1.355801234723778848e+01 9.323537248768474367e-03
1.514402320874871293e+03 1.354196531009130844e+01 1.012451850779834059e-02
1.677202528368157346e+03 1.352975609211099162e+01 8.644975584555417147e-03
