-1.433920104764667258e+03 1.350341584190695166e+01 1.208557144023550585e-02
-1.256017674448570460e+03 1.347618878762166261e+01 1.394684829126193772e-02
-1.070641483176923202e+03 1.349868362432978586e+01 1.115615156749839160e-02
-8.967738604468750054e+02 1.347233271960098477e+01 1.074862591145380256e-02
-7.068768136473333925e+02 1.357260500048177043e+01 1.581669066852180866e-02
-5.369158227807400863e+02 1.362462075618580037e+01 7.366829873893894834e-03
-3.401530456535708140e+02 1.367779876718641496e+01 1.386776365549483719e-02
-1.748639535626677741e+02 1.364849369350493902e+01 2.058080017728901659e-02
2.411408453866606649e+01 1.357103948418874495e+01 1.463768854450476532e-02
1.854916731893332269e+02 1.357136028439574815e+01 1.701995343162886198e-02
3.884789435087509446e+02 1.352294040094542993e+01 1.086309513617090237e-02
5.504069224133337457e+02 1.341898294463441310e+01 1.074770687253021745e-02
7.553613417007151156e+02 1.351266110511985552e+01 1.443589428237058471e-02
9.167981219000000692e+02 1.332329418648160946e+01 9.466219747266031714e-03
1.119607395591999648e+03 1.313434560893961134e+01 1.083853208593201813e-02
1.280937839344706617e+03 1.314668038344874468e+01 1.275061011139874516e-02
1.485609483108571567e+03 1.325023454167584980e+01 9.792744824816665417e-03
1.645159487388000798e+03 1.303420451664725377e+01 1.593800489396330136e-02
