-1.328617967521428227e+03 1.436981382031149757e+01 8.010540605551755289e-02
-1.137448314078332260e+03 1.427952967627268954e+01 7.486411573628179439e-02
-9.692664149599986558e+02 1.435630768616190522e+01 6.272857325158090469e-02
-7.755260035099993274e+02 1.446639037370367475e+01 1.042311981251844571e-01
-6.103677978199999643e+02 1.448006130192574403e+01 8.562350070363169974e-02
-4.108950387685716805e+02 1.437347277034635695e+01 9.976232421795545868e-02
-2.498646802309092152e+02 1.438074352921403687e+01 4.842911486003833449e-02
-4.433141008666765259e+01 1.434129572820305398e+01 4.316297716920820815e-02
1.106344834936356705e+02 1.458571318183103216e+01 1.076245466375784637e-01
3.199907431615373525e+02 1.447077292268793869e+01 1.111532072917364167e-01
4.777367024807692815e+02 1.394413259242657688e+01 5.195581810334875400e-02
6.844775852361540274e+02 1.313051633365589765e+01 4.365604649234858248e-02
8.419274875974994075e+02 1.312031247977470194e+01 2.578829610689703511e-02
1.051150498452499278e+03 1.318608981024211424e+01 2.616730933212272486e-02
1.207661444931818323e+03 1.332877696655685540e+01 4.806872610920524119e-02
1.415374662241999658e+03 1.342753179665574592e+01 3.753022169658043472e-02
1.573203134511817780e+03 1.371416400050292062e+01 4.486772308552919308e-02
1.781195770260908603e+03 1.400145452467214824e+01 7.337571405543302783e-02
