-1.440818077019999919e+03 1.346137282281169689e+01 8.720792187563166167e-03
-1.261572766082380440e+03 1.349836269564071856e+01 1.377531144001503671e-02
-1.075417118732353629e+03 1.349145931693242773e+01 1.185608113509455976e-02
-9.027023587520004639e+02 1.344492989617052991e+01 8.771573405039761670e-03
-7.123088235218756381e+02 1.323314488212630380e+01 8.276811900386232823e-03
-5.427111787975002244e+02 1.331778662746901531e+01 1.046759284649532822e-02
-3.467545364154054255e+02 1.321332253818906111e+01 5.588018352215079303e-03
-1.820529124626085320e+02 1.307265651279993079e+01 1.010901629672165437e-02
1.921186736476201418e+01 1.304963089447941371e+01 6.577850225920628228e-03
1.800257655227274256e+02 1.313504695694296309e+01 1.243095128952060452e-02
3.832448457590915041e+02 1.317481784652004251e+01 7.163277668579874635e-03
5.442000819922729988e+02 1.326863913771554060e+01 8.344913691759521870e-03
7.501514444966669544e+02 1.310084538383713948e+01 9.998552967327293747e-03
9.096643945073528812e+02 1.322901325964772745e+01 8.662229530298737670e-03
1.114335971517059079e+03 1.334941914274274843e+01 1.072315045254549487e-02
1.275214505084287111e+03 1.352089463101142996e+01 2.683042526902269104e-02
1.479319533431304308e+03 1.333450147485610593e+01 9.070792689711580647e-03
1.639529783194545644e+03 1.352965409289108401e+01 9.763103083455683742e-03
