-1.478888525409999374e+03 1.283569184159051346e+01 1.912183211938525002e-02
-1.302764931014545255e+03 1.292549608558679530e+01 1.467746700724101988e-02
-1.114021753622142796e+03 1.310343459884602524e+01 1.723536909346704005e-02
-9.431657872161117666e+02 1.323397362633190077e+01 2.065792100452618768e-02
-7.505323623716661814e+02 1.311984390245561727e+01 2.667536309796568819e-02
-5.841939172838091281e+02 1.298426765698694751e+01 2.790587642660511541e-02
-3.863568756050008233e+02 1.303000014218446090e+01 3.295963922350979292e-02
-2.237990607581250515e+02 1.341552325326945549e+01 2.644241318112626818e-02
-2.065747521076907844e+01 1.302306165088926271e+01 1.575290907862988629e-02
1.372557387978951340e+02 1.276637775452101309e+01 1.221625273256225254e-02
3.448475706130769822e+02 1.287073059458773550e+01 1.962300757376738564e-02
5.036134398235294611e+02 1.294547637873540324e+01 1.291761531037865195e-02
7.091224050321424102e+02 1.290869906276843082e+01 1.285237129364229930e-02
8.678897586435715539e+02 1.300836369697653083e+01 2.844693352083431034e-02
1.076178207075713317e+03 1.302233890908648739e+01 1.662672906924820421e-02
1.232329461611110901e+03 1.306664941235789890e+01 2.950357039983832891e-02
1.440294306759999927e+03 1.322845995564724220e+01 3.113754301343098219e-02
1.599137711330555476e+03 1.303542639580007290e+01 4.440231430952928937e-02
1.805179122184999869e+03 1.316883826183071626e+01 1.816610760266174421e-02
