-1.426504007860000684e+03 1.386846660259698893e+01 1.410596094248053531e-02
-1.247620977945184904e+03 1.379685728099203956e+01 1.126400971910044603e-02
-1.064088585715999443e+03 1.386928257877306869e+01 1.405527711625834987e-02
-8.867371659717648527e+02 1.383089115275532244e+01 1.339629107983642681e-02
-6.989288009320002857e+02 1.386731553634786707e+01 1.090558980013871249e-02
-5.280478470444999175e+02 1.377255539864835221e+01 1.151257464688069596e-02
-3.331032367493753554e+02 1.374138796648754024e+01 1.496237958128235346e-02
-1.675156939722223228e+02 1.377939770806830033e+01 2.145632307096559388e-02
3.146887282200041369e+01 1.364626112362067012e+01 2.201148521752861742e-02
1.933891983489470761e+02 1.381944433767038838e+01 1.329930658419277607e-02
3.981397430811113054e+02 1.382027049686391784e+01 1.472223386908460933e-02
5.599297230323074928e+02 1.373129147734448097e+01 2.636816123990099597e-02
7.623771050270593150e+02 1.364277088682500505e+01 7.608473320788730794e-03
9.241695692787498047e+02 1.362591455387497419e+01 1.181911190614590677e-02
1.127001828103157322e+03 1.372557741011949517e+01 1.497660127664752344e-02
1.288681594991666088e+03 1.362512908464134220e+01 9.902863270803030638e-03
1.493526042701429105e+03 1.361149338500371719e+01 1.179866326371326740e-02
1.655439987732353075e+03 1.381133762661731978e+01 1.497193248939240884e-02
