-1.321066476668946962e+03 1.274871624131398562e+01 6.166424000510662036e-03
-1.130654087843333173e+03 1.278643167451381402e+01 9.499411287801719228e-03
-9.621414652558819398e+02 1.279918997802995229e+01 7.287529115035041444e-03
-7.686547846238457851e+02 1.284967553691807041e+01 8.664011124034674133e-03
-6.024611860261110223e+02 1.283379335208061001e+01 8.982770048840330382e-03
-4.016622829293755785e+02 1.284725289452386043e+01 1.038853362411536890e-02
-2.413350173356250252e+02 1.283709150210696492e+01 5.421210784242534719e-03
-3.731341873615467364e+01 1.290614882450984702e+01 1.047262725926138144e-02
1.206628708670580039e+02 1.289764654684742773e+01 9.375861450346181444e-03
3.276727116579999688e+02 1.287020785420301472e+01 7.595125142216366601e-03
4.848794674631244561e+02 1.288726726855488636e+01 9.029668438507278475e-03
6.938543311524990713e+02 1.287818892044590768e+01 8.225757468920368021e-03
8.492843613561102529e+02 1.287480697838102905e+01 7.422438453270822738e-03
1.058009152346666951e+03 1.290859998083382720e+01 1.041002365955972023e-02
1.216079673135882103e+03 1.294507103940536474e+01 9.205547933831000063e-03
1.422807027682353009e+03 1.291088464778084521e+01 1.157277700099490665e-02
1.580275064591250612e+03 1.297353685766076303e+01 1.042682837683638064e-02
1.789348570641874176e+03 1.295675505500766000e+01 9.844444419950804104e-03
