-1.455834925666400295e+03 1.101810411417056912e+01 8.571337421795707789e-03
-1.279368540863022645e+03 1.102429715963174317e+01 4.496699611444655159e-03
-1.091425285751481624e+03 1.106352734136678961e+01 4.430389863491145629e-03
-9.188763761802000545e+02 1.108533419319496538e+01 4.403665423409253155e-03
-7.275901466174359484e+02 1.107468703673450428e+01 3.461979765613974573e-03
-5.590261818857574099e+02 1.105202801478040442e+01 4.248388978627590067e-03
-3.624301166839996995e+02 1.101378786842345647e+01 3.998856657851263333e-03
-1.985929658935001498e+02 1.101703550336144843e+01 2.913462375903065095e-03
2.104702769687037289e+00 1.102485317929974151e+01 5.222936529565794066e-03
1.619038743272974727e+02 1.104897599180764622e+01 4.222868844641418720e-03
3.687538656666667407e+02 1.104292501976633822e+01 5.056760894341012259e-03
5.275354307478788769e+02 1.106222833745418477e+01 3.252793023096983878e-03
7.330086048287095082e+02 1.105784705061800821e+01 3.951492602910846273e-03
8.929981401254052571e+02 1.111002758005039048e+01 4.614989907926413636e-03
1.097593197479394576e+03 1.110844382060240498e+01 4.445338310339087828e-03
1.257476158236749825e+03 1.110595223093407391e+01 3.798626001925056294e-03
1.464230102114666352e+03 1.105144687844770601e+01 6.366146394131339155e-03
1.624361885501428787e+03 1.103823651354226953e+01 1.355613433233909988e-02
