-1.450219207520000055e+03 1.267149751711577288e+01 2.801365859813745654e-02
-1.271393757901763820e+03 1.275091816788266996e+01 2.893211593151129649e-02
-1.085054780486841992e+03 1.279063313841695226e+01 2.434856377878652847e-02
-9.120595717556248019e+02 1.280560656362222005e+01 1.955081433939385993e-02
-7.210358947691669300e+02 1.280655068410027653e+01 3.716058225602075077e-02
-5.530794064638887448e+02 1.273554119129044082e+01 1.533252527486258371e-02
-3.569621988783322308e+02 1.279135856699360829e+01 2.581861037544233919e-02
-1.927929410387500866e+02 1.277169284744417510e+01 2.801651050078817623e-02
8.850173054374636195e+00 1.275279416305708580e+01 1.467257923948409558e-02
1.679018013924996922e+02 1.275386013083733872e+01 3.259643120522196652e-02
3.743000739923526794e+02 1.276933643247686589e+01 1.375390302494128476e-02
5.347440551906247492e+02 1.265447312879423158e+01 1.261602875283510984e-02
7.389657941088238431e+02 1.267034018156508779e+01 1.355838754175813995e-02
8.990207251793749492e+02 1.267789549819080008e+01 1.556111681571301954e-02
1.105489492216667031e+03 1.262193060932694166e+01 1.641812262065258515e-02
1.264407209612500083e+03 1.263684575072634075e+01 1.768212414351631387e-02
1.469732175244665996e+03 1.266333064477689874e+01 1.853408838564556474e-02
1.630143774738667162e+03 1.266007113290112684e+01 1.589480683561448823e-02
