-1.428037312402856969e+03 9.130134740466496979e+00 3.407912731791978931e-03
-1.249934605277317132e+03 9.145017819018626426e+00 2.457682449660346814e-03
-1.065617928702856943e+03 9.142487240692616979e+00 2.346708769926312242e-03
-8.896965894500001468e+02 9.167172716069547533e+00 2.785946943946061589e-03
-7.005690835345651521e+02 9.203595401844205881e+00 2.322377958799391046e-03
-5.296549712878377250e+02 9.213542450214955437e+00 2.708255473086210088e-03
-3.345540163955168964e+02 9.221407187720329190e+00 2.532327242176284250e-03
-1.691257281489478714e+02 9.236670167921101182e+00 2.503438921639792453e-03
2.990310715675059328e+01 9.254594371041333645e+00 2.215292167501869362e-03
1.912813194983782807e+02 9.301072295102958520e+00 3.089267599266995543e-03
3.965227124031997050e+02 9.285968630792986289e+00 2.321135759238934521e-03
5.568669694887097421e+02 9.280758021385260292e+00 2.232399878851343191e-03
7.608006819656511652e+02 9.193134453452710630e+00 4.510830719831792658e-03
9.224776313945715174e+02 9.223355421609763738e+00 2.889028100625025321e-03
1.125594141004117773e+03 9.237315233895488475e+00 2.585504604127688601e-03
1.287375465826249865e+03 9.261222174933438467e+00 3.887728547999220238e-03
1.492148363158965594e+03 9.221143151721486575e+00 3.561025378895898812e-03
1.653713686750000079e+03 9.238598974632463268e+00 3.580131512932416445e-03
