-1.447622860115333879e+03 8.079116555380776887e+00 4.872853105008824459e-03
-1.268150450228461068e+03 8.038356441011449860e+00 3.990485094446615671e-03
-1.081800612843333056e+03 7.989406299578574178e+00 4.588799218675343634e-03
-9.093151980626658997e+02 8.113543835413546290e+00 3.241129313814470215e-03
-7.185929383383330560e+02 8.262815231571913444e+00 4.830103759010864230e-03
-5.504886977350007555e+02 8.175818493086925542e+00 5.672625533411664381e-03
-3.537647667892317713e+02 8.199763997950904937e+00 4.098891411498078140e-03
-1.891847068352944916e+02 8.184079170389809477e+00 2.355812312372722837e-03
1.269903268153799303e+01 8.069765169429260254e+00 2.926135172745934158e-03
1.718508980967742446e+02 8.182287998145866936e+00 3.779503412093401966e-03
3.768876140284634175e+02 8.177436025379401840e+00 5.037447108271017604e-03
5.374755504461538749e+02 8.150786215565505088e+00 6.798794564210740125e-03
7.419192179523065533e+02 7.923175598762568939e+00 3.194640962759166987e-03
9.016654511646148649e+02 7.918846702777887714e+00 3.605420905511844132e-03
1.108087995018001038e+03 7.991153628065674752e+00 3.561019303001956328e-03
1.268018037381904605e+03 8.003630959986271165e+00 1.092558187974820849e-02
1.472292159738570945e+03 7.943982894350398283e+00 5.021743978638954983e-03
1.632868283460713428e+03 7.887071738886643146e+00 2.968661966089685723e-03
