-1.324435906463333595e+03 1.258329089311015991e+01 9.664750767992211222e-03
-1.142951846892727190e+03 1.255365676126719343e+01 9.407304098316221497e-03
-9.597637006724993398e+02 1.262798014788553758e+01 1.319430555482451958e-02
-7.837825076245452465e+02 1.254187306570875293e+01 3.499704828167270187e-03
-5.955786074549998830e+02 1.263923507301345595e+01 1.188415904267536675e-02
-4.242050406208333584e+02 1.275214863336221960e+01 9.867965145414304973e-03
-2.309914356733333989e+02 1.282013470984564840e+01 7.884107020996079448e-03
-6.255421982549997040e+01 1.285226655396500206e+01 1.032164594432490728e-02
1.357420423799994751e+02 1.287808552064277556e+01 1.342371036636292279e-02
2.993713528680003719e+02 1.273336037346486904e+01 6.698059420458991539e-03
4.998063371554546279e+02 1.268609080655163091e+01 7.285732174139926930e-03
6.635631489808329206e+02 1.271024579289165146e+01 8.404694455415353746e-03
8.655812343840002541e+02 1.271407758615212025e+01 1.114927667476105222e-02
1.029155782228572662e+03 1.269411864413598146e+01 7.164818845562752510e-03
1.231179034760000604e+03 1.265076398298109517e+01 1.072790580509376535e-02
1.394879864563076808e+03 1.257068466741799817e+01 9.056440635133519365e-03
1.595387758847271698e+03 1.260219045387626480e+01 1.144306127703303977e-02
1.758985482881666712e+03 1.259646605217577253e+01 1.045382262176889308e-02
