-1.330630661816399652e+03 1.345426485266076355e+01 2.820785331958420780e-02
-1.139996220988999994e+03 1.349791201308697985e+01 2.393865001840303486e-02
-9.712946112776000973e+02 1.340405525943417331e+01 2.106764358955839911e-02
-7.772946110875003569e+02 1.351399162595007120e+01 1.967524515072032951e-02
-6.123716007971428326e+02 1.362754897167284263e+01 1.910723152484259182e-02
-4.133986411718747149e+02 1.354341179971456732e+01 4.828863892688461945e-02
-2.518207425756004625e+02 1.356622648531602593e+01 2.055047317040032545e-02
-4.626510518473629929e+01 1.367307960308320958e+01 4.131671767000124479e-02
1.089548795000002173e+02 1.368330455258334410e+01 6.356717744638289147e-02
3.180596030879998466e+02 1.374685882459896291e+01 4.065689040455258002e-02
4.756885847688889157e+02 1.371706204562627995e+01 2.914084238138653707e-02
6.830881548539992991e+02 1.381889237931610914e+01 8.583878046732712486e-02
8.398112969244442638e+02 1.382102952738419610e+01 2.691406977747205082e-02
1.049318158198235324e+03 1.394366979546409624e+01 6.856380686477825392e-02
1.205105827436563004e+03 1.395616715063428259e+01 5.250962437333411142e-02
1.413477898933684173e+03 1.371495445089616183e+01 2.493162614172796804e-02
1.571044060482082614e+03 1.372751949267346561e+01 3.863098445513631074e-02
1.778661268192692205e+03 1.384313288972492018e+01 2.830753163062344618e-02
