-1.458174006419999841e+03 1.386738770371819207e+01 2.236857433893422314e-02
-1.270102635636666264e+03 1.383864700669206727e+01 2.380670618248689058e-02
-1.091573168002998045e+03 1.372577924850660835e+01 1.599674966985477689e-02
-9.070853519831580343e+02 1.384516019519944585e+01 1.532840196145496443e-02
-7.323753134981823223e+02 1.393466703821708563e+01 2.674551016618662014e-02
-5.414103759100011075e+02 1.382853972200222792e+01 1.886272698036543446e-02
-3.731429680676928342e+02 1.386603993865211493e+01 2.415590011242058424e-02
-1.772233198330002892e+02 1.407332710745541426e+01 4.858699414452394977e-02
-1.181640390749938341e+01 1.390883416859912813e+01 2.263297894911564870e-02
1.899683657900002061e+02 1.398999070167041481e+01 3.036003587655421165e-02
3.493175960288230044e+02 1.403784304083217194e+01 5.351095160606934853e-02
5.539754581339999504e+02 1.412248132995495808e+01 1.975411349567467514e-02
7.152370765277778446e+02 1.390673600662829834e+01 1.449989357134204467e-02
9.181199913366677947e+02 1.401865243845823272e+01 2.556735838554340459e-02
1.079432258883334043e+03 1.401153483758336193e+01 2.403136212828432469e-02
1.285516799749998881e+03 1.394551950578598998e+01 2.389688733893585715e-02
1.446503999825000164e+03 1.387773149110757664e+01 2.236660457020698059e-02
1.649671180805555196e+03 1.404591736317391515e+01 3.496139356176361512e-02
