-1.473413129192142833e+03 1.380001767161153126e+01 8.083927461623782729e-02
-1.296527576271818361e+03 1.380337448858421112e+01 5.776785132061854761e-02
-1.107255734077999705e+03 1.373790412617322509e+01 2.322667736064401231e-02
-9.375841248333326803e+02 1.394221840069397089e+01 4.265854539057559874e-02
-7.453591033437492115e+02 1.392603695949025955e+01 3.696187969571087389e-02
-5.787945770792866824e+02 1.379759260086896333e+01 3.273947939577083466e-02
-3.811999820469231395e+02 1.394240410773855743e+01 5.790541668086194443e-02
-2.176987890277774227e+02 1.386648381406191888e+01 2.756083760726806692e-02
-1.416745436750034060e+01 1.404142723587823127e+01 3.448151142834642718e-02
1.427390301838088362e+02 1.416211760242043027e+01 3.549968731347625389e-02
3.501678633572216199e+02 1.401970642322318028e+01 3.713207468847003201e-02
5.092251399106661438e+02 1.359760559806309743e+01 5.205616077053538959e-02
7.148801048816663979e+02 1.389795702372237685e+01 3.966233219968644252e-02
8.734410320806255186e+02 1.419170197473581396e+01 4.829174894916830885e-02
1.081341239279999627e+03 1.401013521248608029e+01 6.215389048786508497e-02
1.240497725322308042e+03 1.391738954152338792e+01 5.861814443934195568e-02
1.445560389219999706e+03 1.430686711926465193e+01 7.246849253652655476e-02
1.604579720145454530e+03 1.405819748814647241e+01 3.819864003082217713e-02
