-1.451451196784000103e+03 1.358329107663636393e+01 3.862771727719518933e-02
-1.272627925413076355e+03 1.357681783047833690e+01 2.801937349347811620e-02
-1.086851428335000037e+03 1.357813093667325433e+01 3.284494548634992600e-02
-9.132761879053834946e+02 1.362182444625648792e+01 4.180412400642014720e-02
-7.223970472741663116e+02 1.367101463514592297e+01 2.433129131759911162e-02
-5.544694301749993883e+02 1.357482212841421543e+01 6.244585560308753280e-02
-3.582200944633336235e+02 1.359592756740206099e+01 4.096278670108574604e-02
-1.940333864487492974e+02 1.369935825759764114e+01 3.834654869624608275e-02
7.522867700000060331e+00 1.362632923139368124e+01 3.745062315408786979e-02
1.662930910240007449e+02 1.365517394127781259e+01 4.470803013978778828e-02
3.730158800453853019e+02 1.357322231843593840e+01 3.870295892607312355e-02
5.334008648861534994e+02 1.331108933185079302e+01 2.533960869283888306e-02
7.372956215409991501e+02 1.312812399445887657e+01 2.102320133145865744e-02
8.975921703153837825e+02 1.287381755424754282e+01 1.566829001847171166e-02
1.103424774223636405e+03 1.304572982445730744e+01 4.441242562348289569e-02
1.262169613435832844e+03 1.306508547207559801e+01 4.439292392757451106e-02
1.468446148532222878e+03 1.284173507165849237e+01 8.817079458581530624e-03
1.628840725097500354e+03 1.297621797302362801e+01 2.708506988717742855e-02
