-1.399525761987142459e+03 1.254238514783625469e+01 1.770598788885100958e-02
-1.220708845879998989e+03 1.273345228238681770e+01 1.795464629382665170e-02
-1.037696595593750317e+03 1.302400844738179053e+01 1.678931982779948914e-02
-8.595695059900008346e+02 1.315408510663687203e+01 7.273198041216180632e-02
-6.729447380622223136e+02 1.336477979155464269e+01 2.771180731850955703e-02
-4.995074349133331566e+02 1.349929879947279332e+01 9.448950778416917440e-02
-3.062932210133337207e+02 1.305063665366072456e+01 4.524851302736843800e-02
-1.392307779199982178e+02 1.297892694811277003e+01 0.000000000000000000e+00
5.779268087666787324e+01 1.298904629741745964e+01 2.739652355141415641e-02
2.214738303533352735e+02 1.314810762444263759e+01 8.753013931552908189e-02
4.247024238908331313e+02 1.300685710698217257e+01 2.078666937795538641e-02
5.856202336599999398e+02 1.307264342978796456e+01 3.983461863992641266e-02
7.892339752500001850e+02 1.298925172782396587e+01 2.336982696082338939e-02
9.525403698850004730e+02 1.304596495860814009e+01 4.184682738690200660e-02
1.153438267770000493e+03 1.296914484507948373e+01 4.718213639898701656e-02
1.319165109510002367e+03 1.299515253097015766e+01 9.989135088217205791e-03
1.520180714311428574e+03 1.297056337524803737e+01 2.356810566868590071e-02
1.683447219024998958e+03 1.278929405003811759e+01 2.548428568801308983e-02
