-1.477795455505833843e+03 1.329991679154719719e+01 8.241156876717389140e-03
-1.300825859292667474e+03 1.321463278944373343e+01 1.251672658662972282e-02
-1.112351850456190505e+03 1.322318343225929738e+01 1.032149232222227993e-02
-9.417005615008329187e+02 1.326147775466747092e+01 1.148980526379798917e-02
-7.491950324307696292e+02 1.331147660180861081e+01 8.304130290503414571e-03
-5.828489428569228039e+02 1.342408372016837781e+01 1.599348410790706401e-02
-3.850069097372728493e+02 1.354023137780964348e+01 1.442637204456275607e-02
-2.224283780572732212e+02 1.355117651963074366e+01 1.202570500080308961e-02
-1.805517262999940797e+01 1.347508253074929385e+01 9.053339878904526072e-03
1.383145240514282364e+02 1.344230534014720035e+01 9.912977770573459108e-03
3.462064377949997720e+02 1.336242357425399518e+01 8.253892179518130048e-03
5.050920344508328412e+02 1.325790169632898419e+01 1.219222961410098942e-02
7.104690850108339646e+02 1.320599245578541492e+01 1.204294014796250881e-02
8.692282184746156872e+02 1.311940305311086163e+01 1.475220912612911980e-02
1.077412341677332961e+03 1.305576120083364877e+01 1.138102384250668300e-02
1.234112912843750109e+03 1.298297831518925349e+01 8.161935279086601422e-03
1.441645804431333090e+03 1.294747001796177699e+01 9.300258857409045288e-03
1.600544279802142000e+03 1.294011768144775409e+01 9.256882239969609419e-03
1.805956570270767997e+03 1.299745023301951719e+01 7.583430659899866033e-03
