-1.161272738452498743e+03 1.276525100752217767e+01 2.441093097699690087e-02
-9.936983205599998428e+02 1.257518990787419355e+01 1.767710051368872812e-02
-7.993835143463637678e+02 1.277001300840513665e+01 1.719860309004454801e-02
-6.334198386199999504e+02 1.272120408398931346e+01 3.053470234729533869e-02
-4.322957438900005513e+02 1.289018995833273529e+01 2.079140442396279140e-02
-2.742585628461540637e+02 1.303585967724086281e+01 2.682174903395036572e-02
-6.805734801000046730e+01 1.303045064162326838e+01 1.891547836174525821e-02
8.919568199727258673e+01 1.282201383863712074e+01 1.859274597657844738e-02
2.967312453475005896e+02 1.283707070562526376e+01 2.022341219792173073e-01
4.534058186527267367e+02 1.268196715621585824e+01 2.214526254196069396e-02
6.632296939516667180e+02 1.272651548427891832e+01 2.530167645188141981e-02
8.176226273027264142e+02 1.268401252511636201e+01 2.724069300058016077e-02
1.027379053349231754e+03 1.273884847247618524e+01 1.291665660738167999e-02
1.184674593356667629e+03 1.288265970966427076e+01 3.428620324276238085e-02
1.391941613163571901e+03 1.303567173515988031e+01 2.148195251123615271e-02
1.548813481990908031e+03 1.286595744367769711e+01 2.242432035313083466e-02
1.758696712606665869e+03 1.265986044531159216e+01 2.759474442714147241e-02
