-1.302748114841667075e+03 1.288784046524529181e+01 9.680186905143842169e-03
-1.122146452383750329e+03 1.280956279508970574e+01 1.117614647362863770e-02
-9.405218680007691319e+02 1.289042700201509462e+01 1.050586675297308231e-02
-7.630887961076928150e+02 1.271430058901213656e+01 6.478773857482934655e-03
-5.738530852466665237e+02 1.273992317671813446e+01 1.008666152603235160e-02
-4.039105486209095375e+02 1.273778915926116184e+01 9.257563358618863675e-03
-2.096629258299993523e+02 1.285192745869604813e+01 1.436742956855571220e-02
-4.237063560999972367e+01 1.285369892907372247e+01 1.163100341418301861e-02
1.561494013304346424e+02 1.293854947713563597e+01 1.196351402347665266e-02
3.177613542354533251e+02 1.283212269268832451e+01 1.653200797705989267e-02
5.217215390418185734e+02 1.275458397121195375e+01 1.158323356298262066e-02
6.844643701649993091e+02 1.281063838793510712e+01 1.289016097649676312e-02
8.856636993476926136e+02 1.275261812278117901e+01 9.804321267745396556e-03
1.048728208251251090e+03 1.281645626199297539e+01 8.073393803104124758e-03
1.252933797632499818e+03 1.274468393913254793e+01 8.170492301229050069e-03
1.415747456594444657e+03 1.270445545270977306e+01 1.208713222530883452e-02
1.617100901153637096e+03 1.282198741526184271e+01 1.400606287095005308e-02
1.779953104733332339e+03 1.275139495266547662e+01 7.671496063471045998e-03
