-1.427924081588571426e+03 1.284415908493844505e+01 1.130004257067754141e-02
-1.249877408345882259e+03 1.282489954472573146e+01 5.405969516336667051e-03
-1.065558592191539219e+03 1.287965265336692866e+01 7.197961578639707446e-03
-8.891782414130433381e+02 1.281634848607111010e+01 7.775587966548109381e-03
-7.005950495554541249e+02 1.289210604443672814e+01 9.861079571123984935e-03
-5.295009350683342291e+02 1.288661972775127573e+01 9.729644433154239005e-03
-3.345309472679994656e+02 1.294399964560994398e+01 1.053493658684705875e-02
-1.690153161610528798e+02 1.291570437372353375e+01 7.381962231001881411e-03
3.016945193866655828e+01 1.305940081136184716e+01 9.863603127998721298e-03
1.914128485893335778e+02 1.310358683746972019e+01 1.036283959368493150e-02
3.966238021107138820e+02 1.296629876049160224e+01 1.101537819828766335e-02
5.570858378546430458e+02 1.285238005738482059e+01 6.723896047770545371e-03
7.608658719394118179e+02 1.278143276922125082e+01 8.250184264791425581e-03
9.226316559093747856e+02 1.296324952689754717e+01 9.102658866369727278e-03
1.125852985585881697e+03 1.295638196289888633e+01 8.484153881638398925e-03
1.287324478754116853e+03 1.290525519315002612e+01 9.424170025182313642e-03
1.492136457176429076e+03 1.281565544795146749e+01 7.235420647989476532e-03
1.653954688176428590e+03 1.274114645948895053e+01 5.374902534881488905e-03
