-1.447494385910909614e+03 1.224885140119442895e+01 1.491004955174439831e-02
-1.267981894309999689e+03 1.242407090650672075e+01 1.514417105400121810e-02
-1.080932024742857038e+03 1.249045859185668128e+01 1.289208825341468453e-02
-9.092002066254545980e+02 1.249403790275524884e+01 1.270732193773559462e-02
-7.184783515211100848e+02 1.249068450030365796e+01 1.094842045162492013e-02
-5.503611689750001688e+02 1.251309077264579273e+01 1.948894460852251820e-02
-3.544072402122223480e+02 1.248661476348090638e+01 1.406352377377670035e-02
-1.893355227875005369e+02 1.250989799512747780e+01 1.547280256457620774e-02
1.289635780399985343e+01 1.255677869689614745e+01 1.912744202937697105e-02
1.720107732782612970e+02 1.267892745013721978e+01 1.735056768019060600e-02
3.770225075444436129e+02 1.260951804741585391e+01 2.504587799747070090e-02
5.375525400507145832e+02 1.255534152108442392e+01 1.500892900003982303e-02
7.416384049916674712e+02 1.249170708570188992e+01 1.610250288867122459e-02
9.018380232530773810e+02 1.255854824805927095e+01 1.864365204048742605e-02
1.108201826772221693e+03 1.238150965608356202e+01 2.132386933383166594e-02
1.268420516179230390e+03 1.236412551928169634e+01 2.287981731733563368e-02
1.472504856842500885e+03 1.234265638923474739e+01 1.595287682976507734e-02
1.632982659332307549e+03 1.238850202240154275e+01 1.379053504499176859e-02
