-1.458939597973637092e+03 1.297467652404263738e+01 3.175397154594555849e-02
-1.283127088236666850e+03 1.298661415414800757e+01 4.067164544241910068e-02
-1.094761972850000120e+03 1.292535993220588253e+01 3.138987517848700060e-02
-9.241369415881249552e+02 1.268801501815727484e+01 1.513239055682791961e-02
-7.321292046366668274e+02 1.232006345477181419e+01 1.328315054899934303e-02
-5.624973440390914448e+02 1.231576741399746133e+01 1.348814365297947016e-02
-3.657226269291665517e+02 1.239850596314386877e+01 9.127244195662893508e-03
-2.020033805745459290e+02 1.276335747512701602e+01 2.635012805360005886e-02
-1.452583964546316997e+00 1.266264192287354007e+01 2.024586253176518386e-02
1.584181094738467834e+02 1.232577564933187730e+01 2.015368879369890814e-02
3.655611974940002256e+02 1.243227510991465934e+01 1.481847719099315536e-02
5.224960490516659775e+02 1.243120904877535082e+01 2.446240003062239918e-02
7.298094732863643230e+02 1.233510676823586749e+01 1.765160560013913360e-02
8.896108868933321219e+02 1.237299347061794563e+01 2.091359279543564959e-02
1.094051398101819132e+03 1.236791534718848240e+01 1.907258618412782311e-02
1.253792383865001057e+03 1.271593745709706802e+01 2.150163414100328060e-02
1.460995649125455429e+03 1.285933561904474054e+01 3.092057987630560459e-02
1.619182641848571393e+03 1.303932774464610844e+01 2.936514672958722913e-02
