-1.424092550377333737e+03 1.250393770732017984e+01 1.339521349802958936e-02
-1.244367741975384888e+03 1.255830839844800018e+01 1.454542775137269289e-02
-1.060904317374286165e+03 1.258871267215616463e+01 3.670371423770822650e-02
-8.843237607877786104e+02 1.254462139602427762e+01 1.156958422997379082e-02
-6.949826869656249073e+02 1.250184440786100382e+01 1.622485576754547493e-02
-5.255045378561109146e+02 1.249121941013171266e+01 1.530642169029879790e-02
-3.308266050493748480e+02 1.250639590396538026e+01 1.149524664092912811e-02
-1.650578065875006359e+02 1.254645888861861103e+01 2.992903393183792352e-02
3.398751156333358381e+01 1.254811892462133471e+01 2.183018533139716860e-02
1.958045325814294131e+02 1.247801651622515706e+01 1.544473142167826149e-02
4.004636761935295795e+02 1.245630685514256086e+01 1.257372653222016932e-02
5.624555234487502275e+02 1.239979924034668457e+01 1.911655360650130892e-02
7.647142602562503271e+02 1.240858400137919126e+01 1.183242979692790235e-02
9.266479491407143314e+02 1.237282445472250103e+01 1.463734692506772281e-02
1.130465007208620818e+03 1.233461300552923134e+01 1.007259733612059227e-02
1.291107762996427937e+03 1.244333450568509747e+01 2.239135565450371679e-02
1.495855524766876442e+03 1.226380673186584325e+01 1.599328722384460097e-02
1.657903601672499462e+03 1.220609641435598114e+01 1.603419499058260714e-02
