-1.423085154080714119e+03 1.247358296412287260e+01 1.389596528392151621e-02
-1.242343852589999642e+03 1.259448701287509742e+01 1.297998663458411334e-02
-1.060611312220715035e+03 1.254426235768706377e+01 1.303923940169588944e-02
-8.832865487192309502e+02 1.253372329146834119e+01 1.137846930410671593e-02
-6.939902935542860405e+02 1.256373945907474976e+01 1.295294916825080571e-02
-5.244323326353836592e+02 1.265681493255846313e+01 1.964413918501719744e-02
-3.297873287093335648e+02 1.259343042180024064e+01 1.504117682553732759e-02
-1.640404143464288040e+02 1.255372098803646885e+01 1.713278342753125211e-02
3.464987589999994810e+01 1.259637563613814137e+01 2.740163487698345571e-02
1.967186269207148541e+02 1.253046605727598362e+01 1.230124837071356822e-02
4.014487748921429784e+02 1.244782993221255296e+01 1.268732763027455648e-02
5.635333460906665550e+02 1.243068462866031609e+01 1.613606372171868045e-02
7.656980427900002724e+02 1.243951362537566396e+01 1.796903780302635395e-02
9.277322989646660290e+02 1.247516245565711301e+01 1.582708836210339198e-02
1.131544237182499501e+03 1.243442042204781828e+01 1.066533049447442212e-02
1.292254943604705204e+03 1.241682754124963495e+01 1.570275190145417263e-02
1.496859186203076206e+03 1.235883892184837229e+01 1.850592614736708622e-02
1.658882324748572273e+03 1.248220873663651176e+01 2.185797158208664312e-02
