-1.396836134884285002e+03 1.254362422222643580e+01 7.768467007033560620e-03
-1.216312057458648496e+03 1.250548243623917699e+01 5.330729610750361072e-03
-1.034875982097618817e+03 1.233425645719467667e+01 5.495666834648563551e-03
-8.559460435910522165e+02 1.240459392078813927e+01 8.361057057154355765e-03
-6.690643990145711086e+02 1.245928162468595346e+01 5.976045476193053013e-03
-4.970746753328570549e+02 1.250346800791505864e+01 9.521745808152666177e-03
-3.036937954064989640e+02 1.242112188326269973e+01 7.495465295763826391e-03
-1.366324433658814712e+02 1.246242576370843658e+01 6.319371772335247682e-03
6.122624645799987775e+01 1.246257277791657536e+01 3.968296233901920898e-03
2.244834534904768475e+02 1.250516483443886173e+01 6.574155666678891709e-03
4.275933920933333070e+02 1.253124417760916920e+01 5.840240715810895815e-03
5.910464168833331087e+02 1.247562112449586280e+01 5.248040198581367319e-03
7.919473727016670637e+02 1.263228339703631065e+01 6.201962165724244323e-03
9.551836533543751102e+02 1.242661838933046425e+01 8.466486667111411749e-03
1.156281068037499381e+03 1.233791357308935233e+01 4.946349664146275360e-03
1.319633072322857060e+03 1.242481524509173596e+01 8.421131271690463632e-03
1.523002688745789101e+03 1.265280216019884207e+01 6.526561518026080533e-03
1.686324464082500299e+03 1.251622003741277567e+01 1.096013229847154179e-02
