-1.454536202010000125e+03 1.326671337999517064e+01 2.934403335037507818e-02
-1.277818376168421082e+03 1.321412915607276162e+01 2.575024455416444549e-02
-1.089742945996666776e+03 1.329112311729747908e+01 4.570493223546712863e-02
-9.165322901666671669e+02 1.335434883799418593e+01 3.595686032598933296e-02
-7.254036392708330823e+02 1.345002667028566457e+01 3.352546793599290448e-02
-5.576976725441660392e+02 1.325700772689910600e+01 1.758083143837569848e-02
-3.611726905841678672e+02 1.312530694381775831e+01 2.360856708987437227e-02
-1.972725423491671393e+02 1.312820853486854489e+01 3.288476774556687438e-02
3.401521961538282124e+00 1.329462791561842039e+01 2.820343942770158277e-02
1.637743717107145471e+02 1.330010625168185001e+01 2.099002029905315536e-02
3.699739200600010349e+02 1.333754931735987626e+01 2.911493286485516280e-02
5.299377635678580418e+02 1.324253159310639205e+01 1.852378021238780884e-02
7.342608634900005882e+02 1.325325432753234267e+01 3.356125926261856879e-02
8.943323660059992335e+02 1.310395481842433441e+01 4.119872437045089125e-02
1.099086881609374814e+03 1.326607803163830113e+01 3.338840900711827903e-02
1.259125798792856813e+03 1.322544713206103673e+01 2.415280806996888963e-02
1.465453894905384459e+03 1.312258500573368103e+01 2.491050763389193040e-02
1.625706474113075956e+03 1.317498281743957023e+01 5.902264381813182581e-02
