-1.310476862035652175e+03 1.219812655531742962e+01 1.169020830431144291e-02
-1.120787660828665821e+03 1.217097527993263917e+01 2.063196140173418139e-02
-9.503506753408692020e+02 1.227054631679880004e+01 7.541716665249387219e-03
-7.559973030420005671e+02 1.231458599306560941e+01 9.323109731250358440e-03
-5.900574016445458483e+02 1.242474727497553921e+01 1.018253229430862022e-02
-3.918118766623811098e+02 1.231462826094032259e+01 9.986314851403768275e-03
-2.294663739213643794e+02 1.233383699793474264e+01 1.344343266389935211e-02
-2.705999731650008400e+01 1.237787148394759384e+01 1.302054530217968721e-02
1.310104022864998115e+02 1.225516417697151894e+01 9.460601995386791474e-02
3.393543228847365185e+02 1.226854166919091327e+01 1.488703688158385732e-02
4.961905054614284722e+02 1.222476444171444676e+01 8.774878325405095075e-03
7.037158571804997109e+02 1.191001064663889153e+01 7.014163013380906968e-03
8.621213180134997174e+02 1.219077402902577489e+01 1.172366005508834047e-02
1.068127541540526408e+03 1.240951303088952962e+01 1.498125477745776771e-02
1.226388342708571372e+03 1.234623887692421995e+01 1.585512822916975567e-02
1.434819049344210498e+03 1.242208331818876665e+01 1.355864302883402414e-02
1.592156303893333188e+03 1.235681536902606226e+01 1.312827352913993779e-02
1.799108767923889673e+03 1.200186626208056495e+01 1.133031652381781725e-02
