-1.317337206886665626e+03 1.278221372541050194e+01 1.171998398852815669e-02
-1.126937402727500739e+03 1.284824503562663978e+01 8.702117664790030849e-03
-9.577410766958333852e+02 1.288797723003449391e+01 1.642961629700054674e-02
-7.645578159899999946e+02 1.292093915478353772e+01 1.008498821157705581e-02
-5.992383703133333483e+02 1.290509848390062153e+01 8.796404726427163936e-03
-3.979743885845448403e+02 1.296279499833624094e+01 5.813918892843366465e-03
-2.360499139750002939e+02 1.299261297095356582e+01 8.459427953254048879e-03
-3.370950709166633175e+01 1.296188204491707907e+01 1.121349530038927636e-02
1.244300998657142543e+02 1.298508306099216369e+01 1.048789737047639559e-02
3.315190323764708182e+02 1.299601245999960675e+01 9.506529835086690444e-03
4.892723199199991768e+02 1.286251559963165647e+01 8.984167143328267158e-03
6.974539829216670341e+02 1.296667314756308187e+01 1.007988921896798770e-02
8.557880299890913420e+02 1.303035943344951342e+01 1.150644153700349469e-02
1.061818523565000078e+03 1.279728778856640048e+01 1.319930204003317079e-02
1.219867872691819002e+03 1.277773020666800541e+01 7.870953935371627352e-03
1.427337973608500079e+03 1.275349123008272478e+01 7.906919438061831701e-03
1.584057597684545726e+03 1.290689179171102907e+01 1.254431663302683561e-02
1.792998011112499853e+03 1.277037964933625069e+01 6.718892655677625655e-03
