-1.341638290019229544e+03 1.319249103788872901e+01 2.190984579096597051e-02
-1.150431699273332924e+03 1.309752328080671901e+01 2.694084300382897784e-02
-9.811784510421053938e+02 1.319202545638997925e+01 5.306753106849234486e-02
-7.855850691858335040e+02 1.320041628558496072e+01 4.201086589236124880e-02
-6.207834518263645123e+02 1.319982072066772005e+01 2.441806457260068883e-02
-4.214240872541656131e+02 1.325747483227747736e+01 3.345196452133608611e-02
-2.602465226690903819e+02 1.328429959522513926e+01 4.275599100612241521e-02
-5.719389530090847984e+01 1.335835307434552099e+01 2.042327166981783640e-02
1.003236993581819974e+02 1.341955546567766611e+01 2.177811935849813946e-02
3.098085267215389536e+02 1.352798678415571665e+01 2.995109200545115896e-02
4.644716846384611699e+02 1.351791007494103347e+01 3.189039948957902992e-02
6.740700199879996717e+02 1.339478331465674188e+01 2.870303191523089145e-02
8.314887282518188840e+02 1.327695334065925081e+01 2.892039474746923786e-02
1.038746218345454054e+03 1.324235440695175825e+01 2.609101702973233919e-02
1.195699118426363384e+03 1.322186809936930274e+01 1.727301662547177027e-02
1.405285482995833036e+03 1.318062746408596908e+01 5.394877377236977772e-02
1.561213394671904780e+03 1.308673537169607570e+01 4.205768977352464938e-02
1.769459248638888084e+03 1.301001147718518247e+01 4.023949579941112770e-02
