-1.429912825375455441e+03 1.179367922531006485e+01 5.655791630106684134e-03
-1.252363384658571476e+03 1.176058761517320761e+01 4.035195018065331450e-03
-1.067499182336428930e+03 1.173303988019696753e+01 4.202075011507127276e-03
-8.922766189952005789e+02 1.170464713514454047e+01 4.707943924899716734e-03
-7.036826414485720989e+02 1.169480624799581392e+01 6.446008098673441412e-03
-5.315561293443756767e+02 1.171545819618302531e+01 5.993465680169950648e-03
-3.366570060924993300e+02 1.165475265654300152e+01 5.234766258179845630e-03
-1.712622892507687880e+02 1.161665710521571349e+01 4.852208108901419348e-03
2.752315314647036359e+01 1.165231455633653468e+01 5.510569382892423380e-03
1.891767764726668304e+02 1.165296421349459877e+01 6.410116973142913031e-03
3.935073233490471694e+02 1.164159252431877434e+01 4.871128324778831176e-03
5.538509234652939313e+02 1.161580788961925315e+01 4.766905383225945002e-03
7.587734165291658428e+02 1.161123849244512662e+01 4.480410034145790137e-03
9.203638930320001919e+02 1.162216209128677669e+01 7.396215248355070271e-03
1.123618934221333348e+03 1.160106774147128128e+01 4.097117324457590949e-03
1.284576775594666742e+03 1.155335671737614689e+01 5.134516458174000035e-03
1.490048579582499997e+03 1.154921375028385633e+01 3.315577710679623764e-03
1.650217406909167039e+03 1.156313873846699458e+01 5.696453321130210724e-03
