-1.421909605802142323e+03 1.271137254955827522e+01 9.106432545328807526e-03
-1.241227572682000300e+03 1.267536418837715395e+01 9.825590171700780695e-03
-1.059956732508666164e+03 1.273481091422329747e+01 4.430199393556314390e-03
-8.820895023546667062e+02 1.257423636591456528e+01 6.923625682588008777e-03
-6.928719342799985270e+02 1.285324045106206192e+01 6.868931193674933725e-03
-5.232523615484617494e+02 1.284563948697626046e+01 9.498436735044777507e-03
-3.287445610386678254e+02 1.272071841652671331e+01 7.566279970539856355e-03
-1.628495470062498498e+02 1.262400985766995198e+01 8.587085483991348245e-03
3.688197708629687099e+01 1.291510335861288006e+01 9.372059141780362049e-03
1.979985793610528617e+02 1.280593560097821104e+01 7.409226151368478175e-03
4.026509649670590534e+02 1.281572222718159892e+01 9.578475938408258575e-03
5.647507778180006426e+02 1.270980287762860961e+01 5.997382144952263620e-03
7.668681459542848415e+02 1.282362532182309245e+01 1.100781593513482613e-02
9.289058008926663206e+02 1.298990124941117585e+01 8.177729468456332654e-03
1.133603880657058198e+03 1.272915876657959089e+01 8.109594320855425045e-03
1.294508112689259860e+03 1.272062827204528013e+01 6.380323675467330750e-03
1.498057415264374413e+03 1.289181204953051108e+01 6.883517451129169198e-03
1.660138531084666283e+03 1.289200818440522234e+01 8.462553681650409124e-03
