-1.464341771260833411e+03 1.290521385598393245e+01 1.015330975958446576e-02
-1.288652479041666084e+03 1.292315217886480383e+01 8.191713292508834635e-03
-1.099903419997272522e+03 1.293143392896046429e+01 7.590179110741290987e-03
-9.290702810199994701e+02 1.270531259268162927e+01 8.655006846820969060e-03
-7.372536104483320969e+02 1.267566965379606714e+01 1.131317140426252310e-02
-5.706948134833335189e+02 1.238572025187875525e+01 1.072848751895833473e-02
-3.708584327799994185e+02 1.238470391156785055e+01 6.525221252700484989e-03
-2.075803369535710203e+02 1.253820786065268855e+01 7.856307933375689112e-03
-6.599161913332864060e+00 1.250100565794573093e+01 6.899912774542612572e-03
1.529153424650009754e+02 1.244562813691160130e+01 8.049976006338386766e-03
3.579704751523073014e+02 1.270560422637177389e+01 1.202864128640841225e-02
5.170838700299998436e+02 1.275269528448826506e+01 9.464256116172020672e-03
7.245610043383336460e+02 1.257931361517965207e+01 1.073761129377929190e-02
8.827787184165384815e+02 1.253790774124218999e+01 8.941488478095487719e-03
1.088915058303334490e+03 1.257031576938768502e+01 5.919404687285029741e-03
1.248300696081538945e+03 1.253082065548984758e+01 8.868174290577806110e-03
1.453377861793076818e+03 1.250625878413653247e+01 1.338352712708426595e-02
1.613005935222499829e+03 1.241213365129041790e+01 6.188427171695164847e-03
