-1.330815249118332531e+03 1.223617165761509895e+01 6.981581257269161428e-03
-1.140062871054615243e+03 1.216068563786108037e+01 6.935754336133743807e-03
-9.716403760236366907e+02 1.217668433970986364e+01 4.573467399807212841e-03
-7.778417942183332343e+02 1.221019762411453691e+01 8.893238952939199263e-03
-6.126610933325009682e+02 1.223510164508404863e+01 8.591689567810797956e-03
-4.129913214430769131e+02 1.225849084905570407e+01 8.918842088333638757e-03
-2.521249431675005326e+02 1.231261606757645843e+01 7.354569944876061111e-03
-4.659567744727246463e+01 1.248295787430663140e+01 7.744705663559784542e-03
1.087542699123066683e+02 1.234537541236547575e+01 4.325902969823074845e-02
3.176174149000006537e+02 1.238707073156504457e+01 9.113971246349527808e-03
4.753634071483332377e+02 1.228745134056756783e+01 6.621155418359724563e-03
6.824628344818179357e+02 1.215978115590841924e+01 1.080869783602974449e-02
8.395694483700003730e+02 1.214986402318923098e+01 7.625533445640294943e-03
1.048937911589999658e+03 1.215139688692231701e+01 6.200322572253799333e-03
1.203790458419999823e+03 1.231556453094829173e+01 1.341823386291944240e-02
1.413102288639090830e+03 1.239402624634406891e+01 5.768642401946240221e-03
1.570835284459231161e+03 1.229541770408208912e+01 5.182513225435777388e-03
1.777651340937692567e+03 1.242972238889986691e+01 9.074616094353532558e-03
