-1.434899964279285314e+03 1.221509863443959532e+01 4.585000580228993858e-03
-1.257468618964665893e+03 1.232075019591246523e+01 6.154889655117073630e-03
-1.071908606103077318e+03 1.241311548388316943e+01 8.184991315831504147e-03
-8.981693622375000814e+02 1.267196023901746926e+01 7.559642409490967274e-03
-7.086924232091660087e+02 1.229967604544868998e+01 9.444526143437508361e-03
-5.392441270660004875e+02 1.212834797064609305e+01 5.696490147450440980e-03
-3.414381045625002002e+02 1.213723442225595228e+01 6.555673256947083111e-03
-1.763046220731248468e+02 1.219859367685146090e+01 6.056194368939513475e-03
2.287129828692391342e+01 1.216475912306645135e+01 5.662483841830369576e-03
1.841274753061532863e+02 1.251973382169001958e+01 5.885881829921001639e-03
3.873671336538452579e+02 1.224282116581057522e+01 1.293571515012419994e-02
5.487778622862497286e+02 1.221023454974948486e+01 5.748556204604686644e-03
7.539859283769238800e+02 1.246446126343368022e+01 6.886689383810948827e-03
9.153601740528574737e+02 1.260497243865230210e+01 9.103390583547353934e-03
1.118309948624666731e+03 1.260239031852666791e+01 1.018690517463660683e-02
1.279584707572500747e+03 1.263595272168388028e+01 8.141507447550379653e-03
1.482921983925294398e+03 1.259331950219718266e+01 7.104781188310232976e-03
1.644040265135294248e+03 1.252506619998526638e+01 1.028314788720751174e-02
