-1.477247364206665679e+03 1.099950984048967051e+01 8.612834015337401256e-03
-1.300437010094166908e+03 1.099187555204352407e+01 8.255385402740261780e-03
-1.111181446677499480e+03 1.103487787610670701e+01 1.026717765558914607e-02
-9.412165399316672847e+02 1.101223780346397341e+01 4.691914141702479765e-03
-7.487025438755541700e+02 1.102074982283224358e+01 9.383869487565399056e-03
-5.823022079692855186e+02 1.101859528116020570e+01 5.513028212738516586e-03
-3.845576835281813715e+02 1.102944479008785450e+01 1.035761029220477226e-02
-2.218923665720001850e+02 1.102560285459552070e+01 7.913147762137539426e-03
-1.761340500250025798e+01 1.101417795997343774e+01 9.991068458945892225e-03
1.388758297450003738e+02 1.100656374427566675e+01 6.385572278145841378e-03
3.467543856558338007e+02 1.098481598935622827e+01 5.081703309149105535e-03
5.055832554509987062e+02 1.096985387784281940e+01 1.088202366446020322e-02
7.114965222958331879e+02 1.090962690942173019e+01 8.429478366131655173e-03
8.697965621233330467e+02 1.089736006132843471e+01 7.608434161790274611e-03
1.078003521173332729e+03 1.085004705646903744e+01 1.112038200580500909e-02
1.234621673740667802e+03 1.084806203237245548e+01 1.706392236406438154e-02
1.442073006419000649e+03 1.083270911412510529e+01 9.717836802989385583e-03
1.601043492894999872e+03 1.083477740786454468e+01 4.624864801105773963e-03
1.806418745679000949e+03 1.081375056052052486e+01 6.631816927959991413e-03
