-1.167272130892666837e+03 1.406783490582488483e+01 1.072544914021125902e-02
-9.997251726260011537e+02 1.405857176134773923e+01 1.867932903862795993e-02
-8.052623544179999726e+02 1.406205394129731978e+01 1.304790035613787036e-02
-6.406607804031255000e+02 1.404563230296495036e+01 2.887584126885959362e-02
-4.407236752592866083e+02 1.395369192901153887e+01 2.386671108383359163e-02
-2.802249775152937445e+02 1.388956773744524398e+01 1.108937104680505700e-02
-7.415248393692196771e+01 1.384588768839625317e+01 9.390530680119009085e-03
8.032144365066633895e+01 1.387660513785254679e+01 1.360522775341239075e-02
2.901360235607689333e+02 1.386236325300002648e+01 1.845293191891702114e-02
4.474327423269239148e+02 1.389443561151953688e+01 1.635009002381890980e-02
6.546331972126664596e+02 1.383944222100912214e+01 1.421023105606195047e-02
8.116087083199993231e+02 1.382339514550295334e+01 1.225691794260122536e-02
1.021387301681333383e+03 1.384086437280354964e+01 9.911370200898493230e-03
1.177178408511538692e+03 1.390319481770156784e+01 1.400470733332311556e-02
1.385559022065624504e+03 1.393519791337595315e+01 1.928646606917658324e-02
1.542900789487059228e+03 1.396561771100893701e+01 1.601510583478135338e-02
1.751153140723499746e+03 1.397502672552215763e+01 2.288082166356789418e-02
