-1.304934197255769504e+03 1.309715348465392992e+01 1.013214071040824393e-02
-1.117023230370000419e+03 1.303776923767701135e+01 7.210976309450584099e-03
-9.448774058550011432e+02 1.302148322528464597e+01 8.795195776672610349e-03
-7.521796469778570327e+02 1.297069716552616292e+01 1.229941096980189698e-02
-5.858379873400002680e+02 1.303793814588039979e+01 1.633488147400158005e-02
-3.879999947428571545e+02 1.308315637786371610e+01 6.134902300694532878e-03
-2.255144480535725222e+02 1.314233846587319299e+01 7.856331126900813894e-03
-2.256168378518513862e+01 1.312716747961153629e+01 8.944783113492274160e-03
1.353532158736837232e+02 1.317702156354684284e+01 1.678435389422528595e-02
3.432139831508326893e+02 1.318722471362582915e+01 6.212479972394908435e-03
5.020208074020003437e+02 1.301475798030299025e+01 1.033478126056392235e-02
7.075498159718745228e+02 1.292543682573130503e+01 1.264724795595374186e-02
8.661181167285722040e+02 1.297684030666072275e+01 9.784205901921525991e-03
1.073341423633809882e+03 1.298980416278936900e+01 1.181720037247083188e-02
1.230375965730000871e+03 1.297873177585910298e+01 1.215403056538758193e-02
1.438605075828749250e+03 1.306441641390337338e+01 1.167319269670361558e-02
1.597448878000714785e+03 1.299531238459961813e+01 9.747766433256256982e-03
1.802914775496666152e+03 1.293497062009720189e+01 9.102374612921900615e-03
