-1.408562146204999408e+03 1.275753571926478003e+01 1.612196575102654503e-02
-1.228930937084285688e+03 1.280228558321257992e+01 1.537687129369880688e-02
-1.045625256930833302e+03 1.277488408725446689e+01 2.268151795905718263e-02
-8.695610952819998829e+02 1.272740603178627516e+01 1.290942107912049566e-02
-6.814601875383341394e+02 1.271041997958942460e+01 2.052929540489801738e-02
-5.109479046753340867e+02 1.270779638749616680e+01 2.223974431519032749e-02
-3.157803613896153934e+02 1.277459409742074925e+01 1.177733232979896391e-02
-1.478092030668749430e+02 1.293758237525482002e+01 2.181874982257025336e-02
4.987574432083238207e+01 1.301137354806185265e+01 4.051556226771042130e-02
2.126677357507684860e+02 1.295925759015969803e+01 2.753247603470564131e-02
4.145249187140007621e+02 1.286912855766260044e+01 2.067434470741016939e-02
5.774390483992865484e+02 1.281066751805077075e+01 1.725784022458199882e-02
7.811144585246153156e+02 1.275400239376947198e+01 1.620413571681815143e-02
9.438879167399990138e+02 1.283074038879163936e+01 1.592079315795719152e-02
1.145342338416428220e+03 1.288454168477084494e+01 1.263269939321260207e-02
1.308060529502857662e+03 1.285165306538237395e+01 2.446228733038564862e-02
1.510307821977333106e+03 1.287679841543418924e+01 1.582878296070058463e-02
1.672752276106428781e+03 1.291856055784847257e+01 2.040804508777429097e-02
