-1.324345985014167354e+03 1.172200947651388603e+01 1.436258566139614161e-02
-1.133801443740768036e+03 1.174266452806519112e+01 3.850955206609535993e-03
-9.654210718921432317e+02 1.178714582206272965e+01 1.130405075300491488e-02
-7.718177754558340666e+02 1.174081601384246198e+01 1.715049289060481194e-02
-6.065414264276920449e+02 1.176765580447207071e+01 4.773431407204250208e-03
-4.061560820954542805e+02 1.173911431930265437e+01 9.369822065362068061e-03
-2.457929348720004725e+02 1.163499196651667056e+01 1.045032623945817835e-02
-4.064721812749940000e+01 1.153973343233831805e+01 1.031750008057982608e-02
1.173280194792860129e+02 1.148815621760905792e+01 7.136496858537122456e-03
3.236079120608343942e+02 1.133503926909815362e+01 5.745587675642018811e-03
4.814763748864284594e+02 1.128135740790251518e+01 7.237526704178603651e-03
6.899683338361109008e+02 1.125043846265271341e+01 5.497642981504379141e-03
8.457730924907687040e+02 1.131247408087616435e+01 6.639315019647243701e-03
1.054831917603845568e+03 1.138426801123498322e+01 5.621449840709325657e-03
1.212762770659286161e+03 1.140267926122349174e+01 1.135747748395763215e-02
1.419608670717142786e+03 1.147924445621849543e+01 7.257291989686156727e-03
1.576916206038182054e+03 1.152062624641897948e+01 7.732764438569471148e-03
1.786204104023846185e+03 1.150048715872079796e+01 9.878719712038656550e-03
