-1.456309428352856457e+03 1.353665877230134207e+01 1.039903561350577661e-02
-1.279764269319473669e+03 1.365242258139650389e+01 1.079859758812426636e-02
-1.092058738020454712e+03 1.350794795808903359e+01 8.553281319899441390e-03
-9.199708781693103674e+02 1.363057686156906811e+01 9.659040332769451564e-03
-7.284255627073915775e+02 1.362872324919767486e+01 1.551434802554333033e-02
-5.596137038286664165e+02 1.363154745746870766e+01 1.189248128487536450e-02
-3.630110511761533871e+02 1.362213985555469620e+01 1.009747666735567699e-02
-1.991733406811763416e+02 1.369930066244621258e+01 1.437354582065878544e-02
1.565467792667429192e+00 1.364609648268334574e+01 1.057250101810247415e-02
1.613288748864288209e+02 1.365518471157773206e+01 8.353086404325934730e-03
3.681943431264277820e+02 1.355454475053591956e+01 9.752550686767003096e-03
5.267727829593552542e+02 1.365534135760305112e+01 1.167960667333901685e-02
7.324483255119994283e+02 1.365342004636317697e+01 1.321328175794394405e-02
8.924306271086675224e+02 1.358779389994780651e+01 1.626979933405357098e-02
1.097007252537499426e+03 1.359454354951403943e+01 1.651360707870937194e-02
1.257659928119999904e+03 1.348619545512702800e+01 1.383513464117303721e-02
1.463634075333332703e+03 1.359239412035758576e+01 1.241905346187420316e-02
1.623798508478823351e+03 1.364661108893150221e+01 1.507561509749703703e-02
