-1.326372637414167230e+03 1.464004567794154710e+01 3.447304200386154538e-02
-1.135772912980000456e+03 1.459051789924622256e+01 4.979775095323084322e-02
-9.674869251366659455e+02 1.434357383233934691e+01 1.620933301687187134e-02
-7.738218342290909959e+02 1.432497023324289920e+01 2.648476022956841244e-02
-6.086359468300003073e+02 1.429183016308823184e+01 2.293251976916110477e-02
-4.092779789270003903e+02 1.431887961944628351e+01 2.773339142622117601e-02
-2.476253482323076014e+02 1.416131950632034275e+01 2.214085746787676501e-02
-4.263389840333305614e+01 1.410581610195630908e+01 2.891326428910877960e-02
1.139633830147830196e+02 1.409573782298140898e+01 1.176180684551592082e-02
3.216479887339999664e+02 1.401105398464199503e+01 1.724830426447770265e-02
4.794159859836350392e+02 1.399170132213722262e+01 1.682619867001888814e-02
6.871248480442848177e+02 1.397475511077460197e+01 1.779091270519650089e-02
8.436319827707696959e+02 1.388355828956102833e+01 1.267707531361450361e-02
1.052823058151538135e+03 1.399524978249722018e+01 2.482567349808648474e-02
1.210734213218182276e+03 1.398642790275245318e+01 1.892763712226922662e-02
1.417093511392726896e+03 1.406927291649268952e+01 1.775630172471573745e-02
1.574932649954166436e+03 1.415028552085327718e+01 3.035144262542473215e-02
1.784207265003332168e+03 1.412874788675683924e+01 2.024702767394837705e-02
