-1.336273972158889364e+03 1.341579145603981260e+01 3.105662268150789426e-02
-1.144188546141666620e+03 1.343259186087374601e+01 4.129797381401695278e-02
-9.754768002837499807e+02 1.348998459925677196e+01 4.118601073795448431e-02
-7.815433163499983493e+02 1.346921883537094189e+01 0.000000000000000000e+00
-6.168095003933364069e+02 1.378885978720911787e+01 1.027589043476397623e-01
-4.170761032200001068e+02 1.370700806722627973e+01 5.564952331861020181e-03
-2.557736259550001705e+02 1.423467530442180262e+01 2.646313367039802023e-01
-5.008666869999918703e+01 1.364910674867754103e+01 5.842982731214525771e-02
1.044016782800026704e+02 1.379010245782375321e+01 0.000000000000000000e+00
3.137624520899989875e+02 1.393352871082724320e+01 0.000000000000000000e+00
4.718106665500017698e+02 1.434371893655655406e+01 0.000000000000000000e+00
6.784827492900003563e+02 1.378054772055549648e+01 0.000000000000000000e+00
8.358197524690913269e+02 1.349913589637876932e+01 2.671945432189661018e-02
1.044718471388461239e+03 1.360264042464304168e+01 3.979060603873259966e-02
1.200716254869998920e+03 1.355858216036367558e+01 4.235421638885195766e-02
1.409315744288000815e+03 1.396485734774442022e+01 1.630845982875912259e-01
1.567105151546666775e+03 1.365350780675230347e+01 4.090032141692719753e-02
1.773698310582499289e+03 1.385363315398704387e+01 1.076930176493220009e-01
