-1.403294870670714317e+03 1.386891999184864410e+01 1.025052441238313503e-02
-1.224043109691537893e+03 1.390864009538706192e+01 2.126172599442894065e-02
-1.041013529520000475e+03 1.391904824199767887e+01 1.471207505692708438e-02
-8.648650431361540996e+02 1.393886438463178656e+01 2.061004081583998546e-02
-6.763085620735718066e+02 1.402320389560535396e+01 1.161399326890389522e-02
-5.033216264466664143e+02 1.406291880812817041e+01 1.848853185586089853e-02
-3.096858064830767603e+02 1.416028688687768877e+01 1.741211105202704335e-02
-1.428451430738456907e+02 1.418149351512017553e+01 2.428174407100359977e-02
5.453303843909088755e+01 1.417933116642561764e+01 2.284856888132970332e-02
2.175332773216669011e+02 1.422568541350828042e+01 2.196993947967858241e-02
4.193881831638455537e+02 1.427502631273085321e+01 3.309644394386859756e-02
5.818669813285711143e+02 1.424976802647253216e+01 2.070921824011273324e-02
7.858201787284610873e+02 1.425618327512025552e+01 2.857474686498239630e-02
9.487331330041664614e+02 1.422477683077027422e+01 1.707574357146758939e-02
1.149989741337143187e+03 1.415443861590416219e+01 1.910315140457210029e-02
1.313007332825000049e+03 1.420291861353532248e+01 1.338808204115662752e-02
1.515543858944286967e+03 1.422512505725348042e+01 2.277683359424807069e-02
1.678607951440768829e+03 1.422601812968115809e+01 1.110025894960531799e-02
