-1.398226952324374452e+03 1.432458827213211450e+01 2.159194637238958520e-02
-1.217874285383810047e+03 1.441298763822454987e+01 2.783366156298890809e-02
-1.036189995482667882e+03 1.427293773731217286e+01 2.331974207341003594e-02
-8.572211935292311864e+02 1.430364450542524146e+01 2.457026189697486540e-02
-6.703685617431040100e+02 1.431250801885450663e+01 2.035314729423544008e-02
-4.984248855736375390e+02 1.438145163664761839e+01 3.632090464456869811e-02
-3.049601044053337660e+02 1.443067606825498395e+01 3.039587691337972131e-02
-1.379656852881248597e+02 1.442652698473045092e+01 2.283730992497531170e-02
6.021954972235278802e+01 1.438459372624592980e+01 1.990609953500012408e-02
2.235685711853342070e+02 1.446100248556891366e+01 2.431639593178048717e-02
4.262684877988238554e+02 1.436046938941298734e+01 2.734737823403160170e-02
5.895780708741671106e+02 1.428823164835355897e+01 1.509650667833093568e-02
7.906034708139991380e+02 1.424613352968846947e+01 3.031667918880691023e-02
9.537599463584612067e+02 1.433647647216025511e+01 2.096206774208288215e-02
1.155296936932631070e+03 1.438860883032872806e+01 1.618330628287139444e-02
1.318325709598750109e+03 1.434881891250307540e+01 3.430946878687424900e-02
1.521743772974666626e+03 1.431894131776270029e+01 2.079326101658181963e-02
1.685116202270909753e+03 1.434883347227602712e+01 2.126311854757296366e-02
