-1.317432093717500265e+03 1.326371739200215316e+01 1.754713445180895379e-02
-1.127132944682222160e+03 1.326420476692421424e+01 1.993638998746298518e-02
-9.581502940029997717e+02 1.332345656251520616e+01 1.695199694430550574e-02
-7.646516095631584449e+02 1.302622340595503481e+01 2.012776828121138478e-02
-5.993029815249999501e+02 1.284878320953567687e+01 1.878763966440598343e-02
-3.980870525586670965e+02 1.264762197166255220e+01 3.228226349933589756e-02
-2.361741702114280486e+02 1.273298313982648722e+01 1.105397236174534420e-02
-3.384062285555572203e+01 1.288991813273582565e+01 1.753793534497041437e-02
1.242267539444997908e+02 1.310323267929469715e+01 1.758954777538069766e-02
3.312073054911112990e+02 1.321979313155106972e+01 1.488166053737634796e-02
4.894117290484999216e+02 1.297079925596485239e+01 3.234987115726384310e-02
6.973157081849996075e+02 1.290096151012562231e+01 2.429451851885073774e-02
8.549674047826091510e+02 1.290205316218498233e+01 1.522762039218601704e-02
1.061570657001764630e+03 1.260023207557881975e+01 1.341688052831342855e-02
1.219714893592778935e+03 1.235208157054346145e+01 1.455968912111857763e-02
1.427433912751211892e+03 1.243726014649325506e+01 9.327535542251364983e-03
1.584521906755909640e+03 1.241359627258651877e+01 9.623027417799964039e-03
1.792749882431667629e+03 1.258811935401294413e+01 1.405116466305017867e-02
