-1.434202328983845518e+03 1.248039061179235354e+01 1.379782012576766768e-02
-1.244533733641818117e+03 1.255348137054419766e+01 1.122091605918268398e-02
-1.072345935429091242e+03 1.266374186011026737e+01 2.049326086436962374e-02
-8.827474691546152599e+02 1.277944628149309914e+01 1.496532421235383277e-02
-7.101617596199994296e+02 1.286964734336145355e+01 3.779284393978067647e-02
-5.157227516336365625e+02 1.300229134294572830e+01 1.922312926072264339e-02
-3.489538821130001338e+02 1.305203142854947274e+01 1.995374442259978398e-02
-1.515056731658326896e+02 1.319086323997181154e+01 3.328273773968942056e-02
1.116226727375124028e+01 1.293472278010032284e+01 1.709057722145371563e-02
2.132454527483332640e+02 1.281561418680249531e+01 1.826580697752305457e-02
3.735649903657140385e+02 1.271245795679398682e+01 3.921078755424263484e-02
5.797509321009995347e+02 1.269172833326735628e+01 1.978891618219115467e-02
7.395279350545454236e+02 1.256662816087687595e+01 3.993330685987622752e-02
9.439002559950000659e+02 1.247644910297918663e+01 1.241399825555108971e-02
1.103698452933999988e+03 1.247773213251519664e+01 1.847207744732472928e-02
1.311012683217500353e+03 1.269466693731637008e+01 1.563470854818565375e-02
1.468243950387273117e+03 1.269465225456389135e+01 2.572564960709958909e-02
1.675348329347273193e+03 1.291074951925978809e+01 2.958249665566507758e-02
