-1.310006056527334067e+03 1.065587677050882220e+01 7.948808000589729569e-03
-1.120483661662142822e+03 1.074481308687368042e+01 3.509770416749777213e-03
-9.501838327683329908e+02 1.074596978409808656e+01 4.667668794994494531e-03
-7.557178403000009439e+02 1.066967637255660151e+01 6.276618689791912259e-03
-5.896621546684618806e+02 1.069100004178077334e+01 7.547202685212062688e-03
-3.914267821763635311e+02 1.069586126416703031e+01 3.310786322630315283e-03
-2.291563369366667757e+02 1.070016772910831904e+01 5.290859288309165791e-03
-2.681591526461516750e+01 1.074537450054910614e+01 5.509422897665191242e-03
1.312667252108336982e+02 1.073565218066410587e+01 7.468153000140176877e-03
3.397984806358338687e+02 1.061340219941471474e+01 5.630936293307272147e-03
4.969353303425004924e+02 1.055617284673249934e+01 4.047807968408619408e-03
7.040328204746160736e+02 1.052844006184726666e+01 8.548058132828545777e-03
8.624076353392307510e+02 1.046849822768911409e+01 5.835502873118600213e-03
1.068554746928333316e+03 1.053533110935426720e+01 5.087412238677659591e-03
1.226670823423333104e+03 1.060081713474989940e+01 4.809451982384171584e-03
1.435279906076363886e+03 1.059419173318542384e+01 4.567042288270422613e-03
1.593047187230000418e+03 1.066168471448792054e+01 1.036574741189557995e-02
1.799394963262857800e+03 1.065018924468893147e+01 6.797489542239612027e-03
