-1.326504497269230114e+03 1.288259303264865707e+01 1.193446678727570764e-02
-1.135890469235454702e+03 1.291270621734318347e+01 2.293881713013617638e-02
-9.675992631945456424e+02 1.293556706842825044e+01 1.489805074003786728e-02
-7.739033368889992062e+02 1.291861386351688701e+01 1.889552857159598059e-02
-6.087059191476929527e+02 1.294552118170738098e+01 1.597759582986451460e-02
-4.094067239850003830e+02 1.293958065569703209e+01 1.263837758428527913e-02
-2.477808171957133538e+02 1.288935659861301986e+01 1.198456247050051424e-02
-4.266218872666649986e+01 1.290656128141125869e+01 1.190695019570340435e-02
1.137322849487491112e+02 1.293564882187693854e+01 1.000619021369237790e-02
3.215666544618196099e+02 1.295827965567998774e+01 1.256657702007610289e-02
4.793159098227280879e+02 1.291598164696111795e+01 8.940911296726224491e-03
6.871382778426313962e+02 1.287754772712976425e+01 1.515977981507004441e-02
8.441527534919999880e+02 1.282827985418243344e+01 1.166799992381820257e-02
1.052736527159231855e+03 1.279056497775810364e+01 1.291003850572835718e-02
1.210705527412727633e+03 1.281238088292068156e+01 1.360199525735893492e-02
1.416984587227500697e+03 1.278825644936977923e+01 1.225850045206719474e-02
1.574841189437500361e+03 1.276079191606671337e+01 1.146663840435788173e-02
1.784113936896666928e+03 1.277501480545016754e+01 6.367733694762050395e-03
