-1.330944703269285355e+03 1.381684587425510635e+01 1.938942371475847054e-02
-1.140380318568822986e+03 1.389913987474787227e+01 3.673784886156700180e-02
-9.717229732959997364e+02 1.397949732067015560e+01 2.876214737678154179e-02
-7.779611208400001487e+02 1.393372775641362438e+01 4.676504838962832616e-02
-6.128716379469226467e+02 1.381424747412280496e+01 3.641860076269812230e-02
-4.131369278300010706e+02 1.356214865399192249e+01 4.175340595790012765e-02
-2.523332258033333346e+02 1.363957646250559286e+01 4.392889062505477699e-02
-4.679615633214260839e+01 1.395368719565567162e+01 2.615995463353837716e-02
1.085131973635725444e+02 1.411630145000435377e+01 7.153611041247133484e-02
3.174834334154551243e+02 1.391479225868403446e+01 9.879462856620932487e-02
4.751901189807686023e+02 1.372147295279506451e+01 2.869527236962171948e-02
6.826315881793333347e+02 1.366321227239505376e+01 2.227274047885376487e-02
8.393552560957135711e+02 1.373080581311458914e+01 3.509518768773429997e-02
1.048732599238570401e+03 1.369590210468733105e+01 4.924299814272101866e-02
1.203879930342666512e+03 1.375381884113880915e+01 2.991981067766152358e-01
1.412934649558461388e+03 1.406500633158940516e+01 3.507138447573298484e-02
1.570674084416154074e+03 1.404425798363438815e+01 3.325321987868336965e-02
1.777436286670000300e+03 1.389809044685708272e+01 4.188890000945789255e-02
