-1.350016848370003572e+03 1.240318288721466189e+01 0.000000000000000000e+00
-1.158179231349166002e+03 1.242581095711936356e+01 2.423876654672424066e-02
-9.905747795000002043e+02 1.239678048703786573e+01 1.332269324242118906e-02
-7.957524598876927939e+02 1.234296541364633271e+01 2.570807750978060247e-02
-6.316315624881826807e+02 1.229013593498952339e+01 2.833724988611402776e-02
-4.292457198323077705e+02 1.237410326588149267e+01 3.153711331022360231e-02
-2.693224249500002543e+02 1.244190274331722357e+01 6.572448619729878705e-02
-6.492112571153792544e+01 1.262471129514431922e+01 2.493477908681457703e-02
9.229716500666654611e+01 1.255892631794205627e+01 1.581571373872260947e-02
2.995242858099994123e+02 1.257581338298323637e+01 2.526782728852623033e-02
4.565483007236358617e+02 1.252982882970920642e+01 1.677981363724854319e-02
6.662112878663643869e+02 1.254620893449602193e+01 1.009816126094052920e-02
8.220896770699996523e+02 1.237749754805629365e+01 1.874330199206320768e-01
1.030405482210908758e+03 1.242291406325407621e+01 1.606624056003358447e-02
1.187774593907000281e+03 1.253953613001774592e+01 1.471238220508637624e-02
1.395854142088095159e+03 1.281573835192530808e+01 5.921940532637459675e-02
1.551949887526364364e+03 1.281197280318257903e+01 1.463800191577275915e-02
1.761757847767999237e+03 1.280490145591183548e+01 3.103914030150141390e-02
