-1.330005689491818202e+03 1.319693259767434057e+01 2.164031728218821296e-02
-1.139204426365832887e+03 1.332964038145443020e+01 2.762247839523962120e-02
-9.711656164445467994e+02 1.337300951205843624e+01 2.642369240718662679e-02
-7.773091275369995401e+02 1.340337927156258502e+01 4.222188159269450042e-02
-6.121652201890915421e+02 1.337960521474381892e+01 3.376613625258852169e-02
-4.125247803250003926e+02 1.316958648198747461e+01 7.873974487573368042e-02
-2.517361336900000595e+02 1.319222798322818235e+01 1.561697896719479312e-02
-4.618248862999991644e+01 1.326291488079014869e+01 3.065706938642448476e-02
1.091645239176913691e+02 1.320899173264787763e+01 4.069873016248559683e-02
3.180634799422219317e+02 1.316853740293708874e+01 2.715905248760137197e-02
4.758120473984621981e+02 1.333262736770459256e+01 1.526848417059642644e-02
6.828828604120004684e+02 1.330295450688011272e+01 4.882806018248581764e-02
8.399665789407691818e+02 1.320761773738162503e+01 2.111042530348252247e-02
1.049436371549166097e+03 1.310021998260179821e+01 2.861334001818963135e-02
1.205291191556875219e+03 1.310096063918030218e+01 3.761384464349420975e-02
1.413609776603635510e+03 1.316839880750347902e+01 3.043155902408800628e-02
1.571254520496154782e+03 1.310889216236610721e+01 3.397044499944949780e-02
1.778663338100624060e+03 1.323154611819084536e+01 2.811597886193088411e-02
