-1.162233273085555993e+03 1.364739170105325172e+01 1.430166853580707581e-02
-9.947057079171437408e+02 1.368388110406250391e+01 1.392927784707838866e-02
-8.003265498144448884e+02 1.363297482467630317e+01 2.101498583462835593e-02
-6.357344683675000852e+02 1.362986912302003439e+01 1.397335427267305634e-02
-4.347289039734779408e+02 1.376481678068991066e+01 1.440059038268122135e-02
-2.748311584433340613e+02 1.370921530159535351e+01 2.821995288338977753e-02
-6.912278487999938648e+01 1.351299676926824667e+01 1.678701879429459962e-02
8.823346790083330404e+01 1.340032299660025750e+01 1.325751010084746939e-02
2.951220104460000471e+02 1.330868749950056973e+01 1.545755478722299001e-02
4.523606745563639038e+02 1.330881269379816345e+01 1.698976577964460624e-02
6.622777409411113467e+02 1.334350717003963638e+01 1.215040629418849029e-02
8.166788563327268093e+02 1.318315986667466611e+01 1.065249183379042910e-02
1.026313581783998870e+03 1.324633972861131959e+01 1.055253524040548722e-02
1.183670617978181781e+03 1.328498928238860621e+01 1.335950349316058355e-02
1.391259553106666544e+03 1.341644164310085685e+01 1.645603528781122010e-02
1.547823403580769082e+03 1.340719274134717587e+01 1.064287667177936901e-02
1.757678777055455612e+03 1.351131795824815640e+01 1.655317229862624667e-02
