-1.304284399366364369e+03 1.326129446661164479e+01 2.675741400127594136e-02
-1.114821483244000774e+03 1.325331251725942217e+01 1.565968850725026756e-02
-9.438251051887500580e+02 1.330816182167656159e+01 1.637528726363746481e-02
-7.512024389766670538e+02 1.326187841068044371e+01 4.648747808777815155e-02
-5.849789114186665984e+02 1.314468792717037715e+01 3.305424374013674060e-02
-3.870830715146159946e+02 1.319620268882700387e+01 2.463936483058882382e-02
-2.245038295526663887e+02 1.322251584588008555e+01 2.148215189352576521e-02
-2.134046957851872506e+01 1.324178464375332354e+01 2.166807156856168093e-02
1.364521241550002344e+02 1.320893904460210777e+01 2.915891301087120482e-02
3.442985072600001217e+02 1.318415350982537504e+01 3.821536407925373718e-02
5.029784906413338490e+02 1.299845662303506089e+01 4.680474927290043108e-02
7.084994492464289806e+02 1.283459582373280483e+01 1.858728318784583222e-02
8.671859896921430391e+02 1.280201377972917243e+01 1.642855966650976635e-02
1.075456329468125659e+03 1.277666015148485812e+01 2.355037325380912594e-02
1.231858702205383906e+03 1.290475153958212573e+01 2.401343488344605953e-02
1.439747493691666023e+03 1.299789444322300724e+01 1.453488256737271722e-02
1.598464433446923294e+03 1.303649653899466543e+01 4.866454951484259356e-02
1.803553524439999137e+03 1.317700239787309435e+01 8.997559516777381416e-02
