-1.401954437042380277e+03 1.265678565626410190e+01 9.444339640036620437e-03
-1.223096016519130444e+03 1.269326081452510557e+01 5.791804448283610109e-03
-1.040037748066000859e+03 1.264366429017146842e+01 6.900461941058719760e-03
-8.630754741268571024e+02 1.264450887946101965e+01 4.199469631930264138e-03
-6.753183031824000864e+02 1.276965282884366815e+01 6.947869889397756578e-03
-5.023650814536356961e+02 1.284126558621705350e+01 1.050401518879335618e-02
-3.086888661931581623e+02 1.282562785434047470e+01 7.346961231365014763e-03
-1.418887966347062957e+02 1.275186500323374617e+01 1.008595261028879739e-02
5.547347857111081737e+01 1.278706649374038484e+01 8.071142859022792035e-03
2.185716362290000632e+02 1.282710064944474482e+01 6.652443160223116964e-03
4.210695274113160735e+02 1.286189751487815158e+01 5.639290096969981451e-03
5.830884757845454942e+02 1.281569861730403126e+01 6.997725561588704138e-03
7.867618784415001301e+02 1.288884003444609938e+01 6.268771809533336438e-03
9.497565852986663231e+02 1.290256944952418650e+01 1.305423444852425209e-02
1.150961940063478096e+03 1.277041427424523867e+01 7.475919535006584314e-03
1.313879961252000157e+03 1.281371975868565549e+01 8.014447891152572806e-03
1.517607214800768588e+03 1.283502878555076165e+01 9.616780963699776349e-03
1.679625830236470392e+03 1.276216419966805304e+01 6.248451874211993946e-03
