-1.431145280990000856e+03 1.140583916533645414e+01 8.860952420047899306e-03
-1.253686655805000100e+03 1.162717173590999131e+01 6.041576219141383750e-03
-1.068701205372221921e+03 1.145731365566130222e+01 6.437557985773374389e-03
-8.946666119868755231e+02 1.134000404436441123e+01 6.646615277434177009e-03
-7.048529905513331641e+02 1.138413442660071162e+01 2.438493714857021405e-02
-5.329961766899998565e+02 1.137099690594924439e+01 6.153688153289151377e-03
-3.379115560436363239e+02 1.159540012932211717e+01 9.962302588494400049e-03
-1.725880606699995781e+02 1.199463332616230815e+01 8.679943805437288773e-03
2.633960309125086496e+01 1.199774167662192959e+01 7.652349407839483669e-03
1.879082925312504813e+02 1.193216205425890308e+01 9.379409974868021388e-03
3.921121269725005618e+02 1.205641688281783530e+01 1.334927983806001757e-02
5.522091814853333744e+02 1.194745400907328126e+01 1.032078562657583187e-02
7.574531119719996468e+02 1.189147043786841529e+01 1.005175307516628994e-02
9.190093423760001770e+02 1.174720652415497213e+01 1.040416146926076771e-02
1.121769570104667309e+03 1.146430000964181239e+01 8.505281865714170442e-03
1.283207775172142874e+03 1.145663904571395619e+01 1.049993495454450143e-02
1.488542335393844724e+03 1.150086908050550782e+01 5.961612535601507404e-03
1.648730907148260485e+03 1.168836543687789487e+01 1.006664615424461215e-02
