-1.477760547931333804e+03 1.288691352238571497e+01 2.472342699881985989e-02
-1.300924618191428863e+03 1.299575920810418950e+01 1.553740708998793858e-02
-1.112458420749544757e+03 1.279587515258070418e+01 1.216531224211736366e-02
-9.417734118276936215e+02 1.252915374179167252e+01 1.727678361152691980e-02
-7.492738549664287575e+02 1.234421783167581133e+01 1.596963142237267999e-02
-5.829170489869222820e+02 1.209565718329287876e+01 1.445771588701298335e-02
-3.851105746363636513e+02 1.194240360238617171e+01 5.756695359760834012e-03
-2.224307087033332095e+02 1.192432732943634655e+01 1.005090217437542947e-02
-1.803076527538416229e+01 1.189833695878273900e+01 1.288802595777412303e-02
1.383216004285708891e+02 1.204495896739259386e+01 1.183792468314786434e-02
3.462236371993339503e+02 1.199937801341103238e+01 1.122425038630263383e-02
5.050360588157137727e+02 1.213290415723793636e+01 1.457960572107161804e-02
7.109420162606674012e+02 1.196201178690805378e+01 1.381209078416215270e-02
8.692457519364272684e+02 1.190972013123515794e+01 7.991256670737934345e-03
1.077433699009091470e+03 1.186200171057513941e+01 9.799852373619313828e-03
1.234112627966666196e+03 1.188503442496841522e+01 1.075757136691841281e-02
1.441548179235000589e+03 1.188036961129292024e+01 7.382565787209065082e-03
1.600496603081875492e+03 1.190904899250515214e+01 3.948477319474036351e-02
1.805899009953571067e+03 1.172457051847720777e+01 6.800570775308927007e-03
