-1.334951862935312420e+03 1.380590214789104841e+01 9.758058005818670208e-03
-1.144118295628571332e+03 1.381901296823755487e+01 8.608309769318697041e-03
-9.746374595383997530e+02 1.385269019092863196e+01 1.166540457935343403e-02
-7.805892185050000762e+02 1.380975855758390836e+01 1.499131693125500125e-02
-6.157267400704348574e+02 1.384365477529231292e+01 1.206792915590502828e-02
-4.164758729968414741e+02 1.378683989319074854e+01 1.342281776453995226e-02
-2.551617431354547705e+02 1.372578608965121916e+01 1.232261440178040318e-02
-5.088541705222249334e+01 1.372491696053073973e+01 1.180464048741158671e-02
1.057266032826085791e+02 1.376961031033351368e+01 1.351306561758432688e-02
3.146737749304540444e+02 1.371753049603428387e+01 1.852812754011453136e-02
4.723616912386958688e+02 1.366411073586382052e+01 9.329506822042282765e-03
6.790258520163157527e+02 1.362322245655870923e+01 1.027879340284359837e-02
8.364589524021730540e+02 1.352435910765080429e+01 1.180878307052176529e-02
1.045856766952857697e+03 1.349566739503060475e+01 1.488468433929182599e-02
1.201013632530832865e+03 1.348934214619254490e+01 1.023892807612926392e-02
1.410177533885789899e+03 1.345335325827020867e+01 1.183972275202124606e-02
1.567776548459565447e+03 1.348994482975138887e+01 7.422518322823474894e-03
1.774882617643333333e+03 1.349939271340461389e+01 1.205446443634979395e-02
