-1.412877910062500405e+03 1.294229548359995263e+01 9.448293741709658938e-03
-1.231992308884999829e+03 1.285951229834822485e+01 1.019203370384969866e-02
-1.048381947068750378e+03 1.275956552011195910e+01 1.782113277649595082e-02
-8.730881780386664559e+02 1.274055609305193393e+01 1.071566523746808434e-02
-6.843230837464283240e+02 1.278722894447576763e+01 9.713085159907540109e-03
-5.137759415120002586e+02 1.278273295639273677e+01 6.563738771970319651e-03
-3.198299538666668695e+02 1.294565746423425345e+01 8.218569759324828930e-03
-1.524576512737922656e+02 1.287327491284256276e+01 7.093842714130849450e-03
4.699368264428630937e+01 1.286337425530699186e+01 4.608625769888609336e-03
2.096786733587500748e+02 1.298299754735722900e+01 1.325824294012506108e-02
4.112187073935710941e+02 1.294344047321029478e+01 9.855386563441863312e-03
5.738416850850003357e+02 1.284576893006794052e+01 1.218986355286636770e-02
7.767250027676919899e+02 1.285034398306305903e+01 9.120208196203823461e-03
9.394854067042851966e+02 1.295025013800101554e+01 9.040348795323571024e-03
1.142479966948749734e+03 1.280549020956000383e+01 1.215315674012313642e-02
1.305088567474999991e+03 1.295663200787710778e+01 1.726370035230654493e-02
1.507591526453333472e+03 1.297666251887586419e+01 9.783773414292784923e-03
1.669273065551112268e+03 1.296899083572257894e+01 8.717138960680112861e-03
