-1.448611178280001013e+03 1.315278826173443960e+01 2.636263010727806985e-02
-1.269623998509999865e+03 1.311978435162875556e+01 2.972557424367298223e-02
-1.083264676278499564e+03 1.313241325064734255e+01 1.971794384757687146e-02
-9.103079259623084454e+02 1.310406969520231435e+01 3.691755590675338539e-02
-7.195348928258330261e+02 1.306721319856520935e+01 2.927050731050952898e-02
-5.515033014981245287e+02 1.302780510459504093e+01 2.654470430159127856e-02
-3.554026947783337960e+02 1.293717545561705151e+01 2.697547076536410682e-02
-1.904016333415386839e+02 1.293657145987572576e+01 3.008524922941238980e-02
1.195707270538528455e+01 1.301202743789817440e+01 2.357705152397314083e-02
1.701850202586666683e+02 1.303111495123141239e+01 2.458291693028489752e-02
3.760076269218188827e+02 1.300871000977432246e+01 3.689860828324940945e-02
5.364609231892312664e+02 1.288774736337814986e+01 3.058766078074435721e-02
7.406787851250010135e+02 1.292057892632440641e+01 2.072041134673488841e-02
9.006785947718176430e+02 1.293053386027850848e+01 3.026583392199652667e-02
1.107135667475001128e+03 1.295084220623926186e+01 2.310804011666781413e-02
1.266256616014999508e+03 1.295839727883060633e+01 2.194346266144680049e-02
1.471441225681818423e+03 1.290348140402324262e+01 2.449940722521092018e-02
1.631886099644166507e+03 1.289189944778206254e+01 1.778052087928615535e-02
