-1.473310974532500040e+03 1.305686626240060555e+01 8.657413596749652385e-03
-1.296260467952727822e+03 1.311556489096615330e+01 1.099607197129481156e-02
-1.107188753313636880e+03 1.289375587991580119e+01 3.058650331148428728e-02
-9.374772991333326218e+02 1.282451068973665720e+01 9.378949785241022519e-03
-7.451789537200013456e+02 1.277345501010812079e+01 1.599512425709784594e-02
-5.785484587092304309e+02 1.262351330245932601e+01 8.364859195905086087e-03
-3.806505589436366677e+02 1.288979524306785329e+01 1.114952560857622801e-02
-2.173290571114287388e+02 1.277817782850329387e+01 6.186867734283287359e-03
-1.405454384818188984e+01 1.285300498887192511e+01 8.787755295038062950e-03
1.437815595613630535e+02 1.268070933822868263e+01 3.411905724984689442e-02
3.503234153090008363e+02 1.235721467429093678e+01 5.405922677952376167e-03
5.093566680192312788e+02 1.259688509190511496e+01 7.380484544833160881e-03
7.153133612725001740e+02 1.239512830958665113e+01 1.085774493161448424e-02
8.735304741284606962e+02 1.230332224245155537e+01 8.013700148956087385e-03
1.081498983914444807e+03 1.239756912549857581e+01 9.131413693913100274e-03
1.240631315066665820e+03 1.235776090195108168e+01 9.942776085998087515e-03
1.445688204609999957e+03 1.263760480823343713e+01 1.753105709770410095e-02
1.604688073037692675e+03 1.271685560857132913e+01 1.059452542819649956e-02
