-1.470141105074444795e+03 1.383792030263627382e+01 3.976563073078783622e-02
-1.282523635133125481e+03 1.386075999679106907e+01 4.165308586283288095e-02
-1.105779970596666317e+03 1.393752968805438641e+01 3.757930980531441062e-02
-9.206447980064294825e+02 1.386477489680332376e+01 5.428277413401955825e-02
-7.461541114484609807e+02 1.397329139032722978e+01 3.968006217121136658e-02
-5.555850657242855277e+02 1.397247247252296987e+01 3.046484433118330781e-02
-3.846739310258326441e+02 1.412764521722852251e+01 5.052175824338024646e-02
-1.894616505724995079e+02 1.406777331529423947e+01 6.366754435359781028e-02
-2.404871369000029446e+01 1.398651163094297800e+01 7.609882798852798946e-02
1.747180613364284341e+02 1.411114270786957903e+01 9.392217800382393622e-02
3.366763858158325888e+02 1.414954491154171201e+01 1.205338724768274389e-01
5.407014427286366072e+02 1.386930124198938685e+01 5.643972870845620493e-02
7.011131066528572546e+02 1.382941631609091004e+01 5.110044635655731915e-02
9.060256120981820231e+02 1.380958942785224508e+01 1.583377803871852119e-01
1.068019434371874922e+03 1.393088869268387064e+01 4.686333031894267254e-02
1.270213372663333985e+03 1.396503853238284165e+01 8.357565835513831864e-02
1.432154395863637319e+03 1.407506179161964255e+01 6.655611772607401833e-02
1.637294885554614439e+03 1.414221304335375962e+01 5.439757003161651422e-02
1.798453489471429521e+03 1.404582294999556069e+01 6.793099065394724023e-02
