-1.347759791131427619e+03 1.276909287085450551e+01 9.479685199777501681e-03
-1.156468139211538073e+03 1.288006561725253896e+01 1.166822496474710993e-02
-9.883247440199993434e+02 1.275314576861556048e+01 1.085003149262726320e-02
-7.941709315028571154e+02 1.266447725769802446e+01 1.141435659348128545e-02
-6.296330657406671207e+02 1.263917010580442124e+01 1.083445806127289815e-02
-4.274815012949989637e+02 1.271217204394127620e+01 1.108226477722814608e-02
-2.664264279913326732e+02 1.278403946181578021e+01 8.586572506259226162e-03
-6.319531566533308364e+01 1.290006165878805788e+01 1.261726037058995276e-02
9.413396453500068617e+01 1.286339513611090091e+01 6.809062945253157272e-03
3.020153153317643273e+02 1.288994462781725048e+01 1.376758908673347825e-02
4.583515825242861297e+02 1.285631409055665308e+01 1.394137297637764936e-02
6.679532331285720375e+02 1.278407031734537647e+01 1.063192837046196028e-02
8.240617708700002595e+02 1.274295495952669555e+01 7.080511856961835965e-03
1.032205280634615519e+03 1.275309529095360084e+01 9.971055059909139651e-03
1.189582753676152606e+03 1.269529931719606708e+01 1.411675097783585478e-02
1.398140477439130564e+03 1.268486511524846527e+01 8.506911988138210826e-03
1.554184533789375109e+03 1.268117011213835887e+01 1.433655695187575387e-02
1.763465920345000313e+03 1.267470330563867442e+01 1.186506988525244492e-02
