-1.165606440770908875e+03 1.168696045728975719e+01 8.242100414210614193e-03
-9.980535720566671216e+02 1.162316746232832188e+01 7.290009314981071679e-03
-8.036168929700003218e+02 1.165343928448160327e+01 1.251272932810532958e-02
-6.390202488066667001e+02 1.155855570358678364e+01 1.544682729528237125e-02
-4.388748548259997619e+02 1.165075362463244701e+01 9.775669315041120647e-03
-2.778905651116650120e+02 1.159921308626389447e+01 6.649738518073063272e-03
-7.246588252692387755e+01 1.165303081164400467e+01 9.916894217527954733e-03
8.334619103166733112e+01 1.152850827670652478e+01 9.491869930692925506e-03
2.917863819884620966e+02 1.151414000092457535e+01 1.049863897860896407e-02
4.490652832866671815e+02 1.139090074344538195e+01 9.917982289367969356e-03
6.571317111929417933e+02 1.150680049101799796e+01 1.546948688997580937e-02
8.132434193871423531e+02 1.134593662447185203e+01 7.559983173360824982e-03
1.023002683969998884e+03 1.145556871924753750e+01 8.950559322598444778e-03
1.179964291274999141e+03 1.153736830398358215e+01 4.972101948494168228e-02
1.387235765170000377e+03 1.142050304276721739e+01 1.068285082007727760e-02
1.544536087667499714e+03 1.134603006469031428e+01 1.216707731997572137e-02
1.754347740830000475e+03 1.127985766822384583e+01 5.785091401603839611e-03
