-1.442014389513000879e+03 1.243172321071549646e+01 2.611848431450081859e-02
-1.262267441244285010e+03 1.256518935535074633e+01 1.660248265734572820e-02
-1.076041192823999836e+03 1.247887778877391973e+01 1.995248989038663628e-02
-9.034562098515385742e+02 1.246747310961583288e+01 1.926142784335721850e-02
-7.130081640863638768e+02 1.235725999306390577e+01 9.250259989550830425e-03
-5.442072275493751476e+02 1.259627271330248632e+01 9.512853404574387814e-03
-3.476753688142863439e+02 1.259446452180716314e+01 3.192490629369124783e-02
-1.825449620855185344e+02 1.238945147255775758e+01 1.047107195628496634e-02
1.857286496272784149e+01 1.236556723062727414e+01 1.043422479819762494e-02
1.792254581006250191e+02 1.224815359485877408e+01 1.153307891009982752e-02
3.824679643986664246e+02 1.233719335629401925e+01 1.656119698294416381e-02
5.434439229443742079e+02 1.232588785099952311e+01 1.783433898120852582e-02
7.490425178824993964e+02 1.226034457638144204e+01 8.621020924318852433e-03
9.077884455739996383e+02 1.235874668366699325e+01 2.475939493827343865e-02
1.113688850886000182e+03 1.248211046295792848e+01 1.054225147539049161e-02
1.274561679799285457e+03 1.260472336729048237e+01 2.007527151211161223e-02
1.478320885785626160e+03 1.258539159451774481e+01 2.111014932223672508e-02
1.638829231816000629e+03 1.274772387469157486e+01 1.521762394837260918e-02
