-1.432148848625554820e+03 1.457879879444351978e+01 2.776355191280125215e-02
-1.254715941029999840e+03 1.467023451843930637e+01 3.652982146366857974e-02
-1.069451977638888366e+03 1.473754262061266118e+01 2.309050600926841612e-02
-8.955041359057146337e+02 1.466112994714641893e+01 2.753342124971548330e-02
-7.054916043572725357e+02 1.463279775787197323e+01 2.458833108498216166e-02
-5.351606315730431334e+02 1.479906687886080086e+01 2.613996819131236826e-02
-3.388512134533335143e+02 1.471191499149350079e+01 2.719996570642561548e-02
-1.736190261030765498e+02 1.472966149913824196e+01 3.095708924627328662e-02
2.531972787222265708e+01 1.490590625701620553e+01 6.480076038098141200e-02
1.868842437492863269e+02 1.490095727914125767e+01 2.541044986022730767e-02
3.907360833341170974e+02 1.470261650516657248e+01 3.093161666360124198e-02
5.512574252933321759e+02 1.470663072284114037e+01 3.317788643280560057e-02
7.565400371464285172e+02 1.476275188694880569e+01 3.596098468931394065e-02
9.180812193652942597e+02 1.476613082354359818e+01 2.231781067478823613e-02
1.120872360885455464e+03 1.474058510396238653e+01 4.146480226888336201e-02
1.282274105003845307e+03 1.466718573550276261e+01 2.413586184574467719e-02
1.486860622768147778e+03 1.466166336171660234e+01 2.097010401522092851e-02
1.646647688778666861e+03 1.462288740064004955e+01 3.191361488165846833e-02
