-1.467041569220001065e+03 1.190246396516398875e+01 1.134501797539044267e-02
-1.290235423821249242e+03 1.175913054790327550e+01 7.899639034474921148e-03
-1.101406867781109895e+03 1.183953540599721421e+01 9.726859564225653204e-03
-9.314045712470003764e+02 1.168646949228739906e+01 1.123013802230411924e-02
-7.394734590466681539e+02 1.149182197232539870e+01 7.835512403769760020e-03
-5.721215982391664738e+02 1.132243485315642495e+01 9.520050721542510155e-03
-3.723329405279997673e+02 1.150059008824645090e+01 9.825527975635715144e-03
-2.101095589671432720e+02 1.140361912157270119e+01 7.312077153805664545e-03
-8.151643069999408908e+00 1.177819667048977514e+01 9.761911931285966598e-03
1.513175282691651375e+02 1.184843783530650363e+01 4.116081829802363708e-03
3.559842924790006009e+02 1.194800550257000715e+01 9.824459272652113356e-03
5.154989887472733017e+02 1.156430489121994576e+01 7.164378868261640429e-03
7.229968927355553205e+02 1.180226646190243756e+01 9.697906099568508881e-03
8.810091900438086441e+02 1.181506600376385130e+01 1.541439257779153409e-02
1.087206203598570710e+03 1.191312286689419686e+01 1.916036360635401531e-02
1.246674009006364031e+03 1.185998851688513689e+01 8.881217994050760386e-03
1.452542113853999808e+03 1.182480509319628581e+01 1.579037681627642326e-02
1.610811046282727148e+03 1.184622867200859631e+01 9.828659851186383536e-03
