-1.344974705156666005e+03 1.333658226085945842e+01 9.334507862605189235e-03
-1.153740855776666649e+03 1.331321956049174204e+01 3.078813316065982450e-02
-9.855784340776920089e+02 1.333356515844412371e+01 1.094443282781808538e-02
-7.899561253629409521e+02 1.341278208700937569e+01 1.709143890813809991e-02
-6.257760480112492587e+02 1.352096167399754734e+01 1.056058565273267254e-02
-4.246881723533333570e+02 1.354642766787669927e+01 1.492300842844894795e-02
-2.635955942566664021e+02 1.356769578074592886e+01 1.308669454346948410e-02
-6.043437159769382561e+01 1.357519133053474114e+01 1.499090909467305083e-02
9.700890894538427744e+01 1.355422095778314073e+01 8.507192597969873496e-03
3.057803577762510940e+02 1.343707933989380265e+01 1.088970584356501077e-02
4.617393347646155917e+02 1.341176272493862065e+01 1.048214121631803677e-02
6.707707386035716581e+02 1.332282959522375876e+01 1.485522946862809397e-02
8.281966900599995824e+02 1.323100220320548814e+01 9.760957219675363630e-03
1.036074266819998911e+03 1.328126170362288150e+01 1.692076587463632945e-02
1.192369292178823798e+03 1.337881384430629694e+01 1.019320782942524997e-02
1.402105442663332724e+03 1.357397577339060035e+01 2.489741684875639363e-02
1.557212218497500089e+03 1.364688802020263658e+01 1.557438677564867285e-02
1.766222167644286401e+03 1.362969648585237969e+01 1.833981354684246709e-02
