-1.430965366801817936e+03 1.177485293357213436e+01 2.231246932519053913e-02
-1.253520827764999240e+03 1.176227596038624945e+01 1.493250868638963148e-02
-1.068539853723635815e+03 1.183822121120617687e+01 8.908358492564190725e-03
-8.943811720514293029e+02 1.184782342893469753e+01 8.895702273530302698e-03
-7.045780786445452577e+02 1.187893789144278500e+01 1.155536948652002502e-02
-5.328023684683321335e+02 1.188749966742799913e+01 1.420785165469527767e-02
-3.376870271433338644e+02 1.186514339513740879e+01 9.950373409912413245e-03
-1.723943919583319655e+02 1.181451716677493202e+01 9.145746183804370766e-03
2.645952476818175469e+01 1.181133971046450348e+01 1.063962233170635124e-02
1.881078178492310826e+02 1.185322547781853331e+01 3.853910611450524909e-02
3.919653601265223415e+02 1.188583179663424261e+01 9.064067813146224270e-03
5.526424694673328304e+02 1.184373103657229365e+01 8.368980370144834743e-03
7.577135221672717762e+02 1.170715413262954563e+01 9.553693333443656621e-03
9.192480295623071243e+02 1.170894860352934685e+01 1.185157036095244379e-02
1.121958070876153442e+03 1.175819178807619814e+01 1.151898179088909485e-02
1.283448824778462722e+03 1.183905465690481407e+01 1.142227011741242179e-02
1.488568673058235390e+03 1.171584793783898348e+01 8.568717559315545268e-03
1.649199628334400131e+03 1.176590310063757627e+01 9.899016967942701750e-03
