-1.461094494687895349e+03 1.209151030843917241e+01 9.332090531603413550e-03
-1.285551917307826443e+03 1.223074677147303824e+01 6.664375924894718264e-03
-1.096938568407142157e+03 1.211324530584810510e+01 5.897817949018701808e-03
-9.260882449319050238e+02 1.218978260347375198e+01 6.932643682528023300e-03
-7.341874440490480538e+02 1.215903058193023156e+01 8.838470552669093830e-03
-5.663174518931574539e+02 1.204462933625651999e+01 5.828208684896646861e-03
-3.678548057194121270e+02 1.182613096176811140e+01 4.340250836698585774e-03
-2.043341133890000378e+02 1.188384889059187088e+01 5.467757767129047958e-03
-3.600677399473696916e+00 1.219821733347895609e+01 5.778130413673351028e-03
1.561239626404778846e+02 1.232872732156989493e+01 9.058115405674393647e-03
3.619892893948651817e+02 1.213142791493947215e+01 5.107394990050000659e-03
5.205618722699995260e+02 1.209425743741660497e+01 5.709370524023221587e-03
7.275423816390004959e+02 1.204104027891095718e+01 7.027090436304365625e-03
8.873130627142857065e+02 1.227769170809993859e+01 8.372986319278120232e-03
1.091784037177500522e+03 1.203603190283226176e+01 4.225088756464164853e-03
1.251435553888181857e+03 1.211255840608228063e+01 7.677018159003788297e-03
1.458104552018000504e+03 1.210962070539911295e+01 4.708229391183043830e-03
1.615912443143478185e+03 1.192938639222784936e+01 5.729111378375438025e-03
