-1.473705648933077327e+03 1.398045588975648812e+01 4.602474820492347823e-02
-1.296759240424999689e+03 1.408940327738677212e+01 4.404380547754911668e-02
-1.107521215145832684e+03 1.396373089152826097e+01 4.711211288826246124e-02
-9.379183544916668325e+02 1.391837452813212828e+01 4.424699529369315043e-02
-7.455474213718189276e+02 1.385055500187910127e+01 4.962142281275552791e-02
-5.790075199190912372e+02 1.375767735566260619e+01 3.150778893908202233e-02
-3.810275564823078867e+02 1.355747259330595611e+01 4.193711724768345306e-02
-2.181268665838461516e+02 1.352232340486664341e+01 5.126097750867777969e-02
-1.438371285636358898e+01 1.345338966568724537e+01 4.711560949244639196e-02
1.432936612141675141e+02 1.346337824013555995e+01 2.983763377768769084e-02
3.499588347753843323e+02 1.358525502700055654e+01 4.278806734627273178e-02
5.089006413085704139e+02 1.351583111049216868e+01 2.442988516172225552e-02
7.143956267900006196e+02 1.345285758038366275e+01 6.117143548321685165e-02
8.731450518561541685e+02 1.347943370029673105e+01 2.035065087109751841e-02
1.081081180827500475e+03 1.338718819694268269e+01 2.721180838452733411e-02
1.240279162180833055e+03 1.346854077903297231e+01 5.169225408043891939e-02
1.445332411540833391e+03 1.340721353639820634e+01 3.190157293917198628e-02
1.604298076946875426e+03 1.338662976681231065e+01 3.214105532424111483e-02
