-1.460837363990000767e+03 1.366031742971634699e+01 2.916559186514662561e-02
-1.285226160931874347e+03 1.357248316790750309e+01 3.393486341070882373e-02
-1.096712288342500642e+03 1.360437096939867097e+01 2.505038475971551118e-02
-9.254474332011110391e+02 1.369818067629122815e+01 5.964431314687379526e-02
-7.343964215442855448e+02 1.359952627244113543e+01 2.787338664801150556e-02
-5.665905996509994793e+02 1.354443873464856196e+01 2.857448813637517362e-02
-3.675759131053341093e+02 1.349029956423060739e+01 4.201064541389340490e-02
-2.040406873088243458e+02 1.340688838533957394e+01 3.418011827520554824e-02
-3.382672982941799411e+00 1.330483983976918871e+01 2.575896735269211577e-02
1.564343881249988044e+02 1.337006368854942018e+01 2.611705022012253755e-02
3.622249299499998187e+02 1.337921547871826888e+01 2.446541867956646132e-02
5.212015424355001869e+02 1.337080649690402367e+01 1.982040961227704914e-02
7.278341470220000247e+02 1.333858913704712279e+01 1.831675172115761890e-02
8.875703687406663676e+02 1.342793969716715274e+01 2.568941537334497663e-02
1.092100585907857294e+03 1.342611430200258837e+01 4.255446343849483143e-02
1.251723477738124529e+03 1.347399156241634799e+01 2.341633620168680902e-02
1.458764057669333624e+03 1.342195621449151233e+01 3.496692523135536829e-02
1.616261394564117609e+03 1.349306820606406099e+01 2.448222073720344658e-02
