-1.444684015414400164e+03 1.327599067445623859e+01 2.687171953522337828e-02
-1.265222413277142550e+03 1.327443833099492210e+01 2.648810262802715754e-02
-1.078469842618845860e+03 1.320305808182918739e+01 1.955147883942228576e-02
-9.064787154192308662e+02 1.323021174096440333e+01 2.716363287909616744e-02
-7.156508361350001906e+02 1.313513184516799726e+01 2.126192045768577829e-02
-5.473862037700000656e+02 1.314947854181350806e+01 1.200608000441078654e-02
-3.511620037336668929e+02 1.316775489085208761e+01 2.176807547175518831e-02
-1.867014533506248881e+02 1.319453359324488773e+01 2.627864263040128115e-02
1.562460273519944209e+01 1.321547890630740341e+01 2.518307314739805236e-02
1.763461273225806281e+02 1.329029829685391917e+01 1.683866715916838494e-02
3.797556940942309893e+02 1.330947008020432420e+01 2.555627322059531720e-02
5.407163221266660003e+02 1.319861259671192855e+01 2.518487352043172200e-02
7.452747125361531744e+02 1.327908243577155289e+01 1.663751223327009435e-02
9.052582505381249121e+02 1.335481539713722121e+01 3.064554971387451962e-02
1.110897167213928697e+03 1.325879381764579357e+01 2.064658776309786017e-02
1.271815337488148316e+03 1.313067732572079649e+01 2.390901307261416794e-02
1.475267620046153979e+03 1.319528791639806187e+01 1.771312807554467281e-02
1.635984348659642365e+03 1.331247758357415378e+01 2.605957640812072221e-02
