-1.315044382235833154e+03 1.305720335319580983e+01 3.315016992599595369e-02
-1.124986306202499691e+03 1.306390008631221100e+01 1.426997340008635297e-02
-9.558445762379997177e+02 1.301918947712566599e+01 3.198614864465201130e-02
-7.628169381223085566e+02 1.301548431329690558e+01 1.950028100547567325e-02
-5.959976178421428585e+02 1.303569441009268282e+01 1.740356604914753552e-02
-3.959169838866673672e+02 1.310124472877742363e+01 3.667379840112187234e-02
-2.339056049380005220e+02 1.306095511589195723e+01 5.395689586167692897e-02
-3.164181146923063181e+01 1.313831988340903756e+01 2.088255988903755730e-02
1.266068868513335417e+02 1.314628745593587844e+01 2.269654907962703402e-02
3.341692332628002760e+02 1.316239532187844752e+01 1.461274027460925974e-02
4.911858173252934421e+02 1.312937084104392582e+01 1.633592453583994700e-02
6.995101031707137054e+02 1.311127795704411270e+01 3.129291182559336415e-02
8.578470777415378734e+02 1.303329291821614078e+01 1.805108184380364161e-02
1.064369021179285937e+03 1.307826160239432944e+01 1.958889748517305546e-02
1.221983030563750617e+03 1.311789072717968452e+01 1.902062948856313510e-02
1.430827436411332656e+03 1.316228488321711865e+01 2.579849565462321789e-02
1.586558766485333535e+03 1.319085253859767803e+01 3.174845235334624455e-02
1.795014191797142985e+03 1.316822349654197666e+01 2.869607455560699294e-02
