-1.314003364677500258e+03 1.335520817915370451e+01 2.553768003028768566e-02
-1.123924359822726501e+03 1.345524744119293636e+01 1.759861347380851579e-02
-9.547789563446664260e+02 1.354921575632699060e+01 7.617558803823153146e-02
-7.608363658805558316e+02 1.351127161944003419e+01 5.504799995648185923e-02
-5.940262272838461968e+02 1.368032868852229633e+01 1.427422619854386288e-01
-3.948765334084612277e+02 1.365454966176888973e+01 5.060255522555232727e-02
-2.327995257084616014e+02 1.351068252213615217e+01 2.739196591779628764e-02
-3.063094443900045150e+01 1.351934965877754991e+01 4.137979211126806972e-02
1.277285800778570035e+02 1.354883625697213745e+01 3.217898483583708780e-02
3.363566403149998223e+02 1.347208382593848697e+01 3.520682419767362514e-02
4.923241757815395658e+02 1.334306240133239640e+01 4.962931606998084028e-02
7.006348813410004368e+02 1.322179906782106151e+01 3.599980203043864901e-02
8.589474434753842615e+02 1.329744612132610904e+01 2.980864750716249317e-02
1.065471353850000014e+03 1.314212007329453158e+01 3.371553637773296030e-02
1.223094934611428926e+03 1.322442267992949994e+01 2.445000009491055462e-02
1.431868730762726045e+03 1.311696628317556801e+01 1.780427636961581794e-02
1.587316119527499950e+03 1.315387123765306931e+01 2.951979606049591129e-02
1.796034937781000963e+03 1.328514868759559064e+01 3.096034672582411232e-02
