-1.419127861113571726e+03 1.216399267616080948e+01 1.620778141545066789e-02
-1.238088508276428911e+03 1.216365233038957605e+01 1.431097387732869868e-02
-1.056189396309999893e+03 1.210875940256985928e+01 9.601665972557914958e-03
-8.792197232200006738e+02 1.209313623376686309e+01 1.976666541942065022e-02
-6.901128217033323153e+02 1.207016740057947501e+01 2.900584926285223672e-02
-5.204095316807142808e+02 1.216957959706268433e+01 1.361922668254195341e-02
-3.259818011491673246e+02 1.215561142196756883e+01 1.573834817380176040e-02
-1.595805680693330828e+02 1.220325549897508566e+01 1.001090096682883020e-02
4.110510406083327695e+01 1.221802945079604719e+01 1.139988535900973536e-02
2.016147621759092488e+02 1.223685677989898934e+01 1.353830351554949005e-02
4.053742938993333951e+02 1.223193836294298364e+01 1.159322022339515090e-02
5.676826142407143152e+02 1.225639466265720756e+01 1.874520413318782330e-02
7.700322242300005655e+02 1.220565047578217843e+01 1.212738763249001685e-02
9.323953102000008357e+02 1.224934619856622220e+01 1.644984153866339838e-02
1.136549031578333597e+03 1.223078440368727016e+01 1.061749408169882815e-02
1.298891655500833849e+03 1.224218809098583627e+01 1.067704813868229630e-02
1.500732909947332928e+03 1.225117630434199256e+01 1.244582736236419553e-02
1.663047000228666093e+03 1.230008460722683417e+01 1.708085893870104482e-02
