-1.405094342407647673e+03 1.326404598254723055e+01 2.250786102521405013e-02
-1.226142891208888614e+03 1.326873281735234755e+01 2.331247250370729537e-02
-1.043001934462143254e+03 1.327763158932432574e+01 1.966557052722312654e-02
-8.670064858650002861e+02 1.327937418042440854e+01 2.132314490692240397e-02
-6.788451520354544755e+02 1.325999005747763881e+01 2.363092974074628566e-02
-5.068978566182856298e+02 1.326824973913808847e+01 1.696975430353205375e-02
-3.116967076231579199e+02 1.326295471557251382e+01 2.712635943304507122e-02
-1.449865059516665156e+02 1.332689131384556802e+01 2.824941580727519802e-02
5.255530585250107833e+01 1.327891620214125723e+01 2.450171956035712695e-02
2.155110149935004245e+02 1.331560767471840911e+01 2.799923513810794948e-02
4.169418035655552330e+02 1.329196197592397510e+01 2.002497925927715361e-02
5.799073890861109248e+02 1.333134586610253436e+01 2.859400935389124279e-02
7.837187266628565112e+02 1.326614552619821907e+01 3.494459223639146545e-02
9.466368570088881143e+02 1.336224553697647011e+01 2.280828299234897646e-02
1.147991525061764150e+03 1.331050086832363455e+01 2.621896125424401369e-02
1.310754120722353036e+03 1.327319553058845436e+01 2.794207426299886998e-02
1.513246269208571448e+03 1.331879381211145486e+01 2.476864911836634126e-02
1.675287462021579586e+03 1.333218859318317406e+01 2.628599270926209805e-02
