-1.427935560168571556e+03 1.382069539122804080e+01 1.347132793694963936e-02
-1.249943006697332976e+03 1.384036948730532757e+01 1.487637948785486448e-02
-1.065668504638181957e+03 1.382758874585593922e+01 1.962246983216058005e-02
-8.896158031042858738e+02 1.386448567831458156e+01 1.806116256912742093e-02
-7.004251562506251503e+02 1.381143343769802279e+01 1.386083701420567395e-02
-5.296387923800004955e+02 1.384817886504021978e+01 1.717862460668290181e-02
-3.347499644438458404e+02 1.380996599125501056e+01 1.738364064570845080e-02
-1.691850774683322527e+02 1.384484352951087338e+01 1.243343386911986703e-02
2.999014168250050716e+01 1.384978748066301257e+01 1.496988350353381167e-02
1.912073444675000644e+02 1.386082794728734946e+01 2.069431394440584063e-02
3.965111274358332594e+02 1.384400700573700327e+01 1.957245560777992610e-02
5.565618816252175520e+02 1.378488538154495657e+01 1.039285053077399629e-02
7.607684825269226394e+02 1.369293127052530856e+01 1.210987476852765782e-02
9.224550180521426910e+02 1.365632283318941376e+01 1.121504936955320351e-02
1.125336410603333661e+03 1.360538145013483380e+01 1.729505174362921949e-02
1.287254275430000234e+03 1.358839413038826471e+01 1.610705608916091283e-02
1.492008482417000096e+03 1.364264182822590499e+01 1.264768753567228898e-02
1.653795045119999713e+03 1.373524554689372934e+01 2.177177102706581019e-02
