-1.466795368005625278e+03 1.306833643700254477e+01 1.074444578535234916e-02
-1.290421396825555576e+03 1.306672085516027870e+01 9.006323034143073891e-03
-1.101578554450908769e+03 1.297614776739037978e+01 1.585276925375404475e-02
-9.316089751566671566e+02 1.296731766110723250e+01 1.034706375717582734e-02
-7.396050421437503246e+02 1.306297779122350811e+01 1.315502518051574546e-02
-5.723590394721431949e+02 1.306181666419724152e+01 1.069401143007014769e-02
-3.725459542181812367e+02 1.299917142581258567e+01 1.129603029944236010e-02
-2.106001576194442748e+02 1.311277350164085576e+01 1.564675645794749714e-02
-8.236485582000023342e+00 1.305780627831233609e+01 7.104153714553190259e-03
1.510859547090923058e+02 1.307644615931700116e+01 1.182104224760594131e-02
3.559240197400015973e+02 1.303208171558244821e+01 7.364717717291985148e-03
5.153269783681819263e+02 1.305916030326743638e+01 2.007465405772142913e-02
7.229102516437496888e+02 1.292288820080304212e+01 7.949916469686905268e-03
8.808695186333338825e+02 1.287333875728936938e+01 1.202422598681553330e-02
1.087115453992221774e+03 1.292616236304261790e+01 1.056198634516986208e-02
1.246482547327999100e+03 1.302832318117790322e+01 1.005489930332469084e-02
1.451940543482999828e+03 1.301989723882133099e+01 1.934861752167316845e-02
1.610721491109999306e+03 1.313637590040157832e+01 1.386415158147346824e-02
