-1.473717350278667254e+03 1.302514891887369508e+01 1.684456171169968972e-02
-1.296753399796666827e+03 1.312655313579979754e+01 1.588957482008133970e-02
-1.107529336785454461e+03 1.321999952819347612e+01 1.144936259499656009e-02
-9.379180851484617278e+02 1.333448793038482982e+01 1.113704100261992888e-02
-7.455724180220007611e+02 1.324329034940035399e+01 1.507395104144883605e-02
-5.790019972215377493e+02 1.329362038816778835e+01 1.334343798569567058e-02
-3.809274760174988046e+02 1.313097840430533836e+01 5.594309277855207159e-03
-2.181474127250008337e+02 1.307377228385242951e+01 6.345293933462856605e-03
-1.427239852300044731e+01 1.296552477006849990e+01 9.480770010922056137e-03
1.434217024004544498e+02 1.297212564911163568e+01 9.082206578446890000e-03
3.499768139480009381e+02 1.300651846806511713e+01 1.054912318631270017e-02
5.089315116083332100e+02 1.296168833487970140e+01 8.493018647144374295e-03
7.140776354922223845e+02 1.285175812640669335e+01 1.258986898650631993e-02
8.731850857408340971e+02 1.282071596585502959e+01 9.740706634569164593e-03
1.081119179612726839e+03 1.281734961251981808e+01 1.166576863203232749e-02
1.240239209874166818e+03 1.278961708584615309e+01 1.965187473386583589e-02
1.445348756822222185e+03 1.285409839883181959e+01 9.267107784746072066e-03
1.604349269417499499e+03 1.280718399118289597e+01 9.362182596113134692e-03
