-1.404922846022607700e+03 1.356007236008218442e+01 9.601965840748634406e-03
-1.225882932502272752e+03 1.356457678221858920e+01 1.033227548045722102e-02
-1.042685635693889026e+03 1.358792858751682253e+01 1.071833550740894196e-02
-8.664110536581822544e+02 1.360295818486457620e+01 1.180054309896386502e-02
-6.777022459331816435e+02 1.362724425017627183e+01 1.132282340351549628e-02
-5.066361946021951894e+02 1.363589838956331413e+01 7.784441193958315137e-03
-3.113348672181818984e+02 1.355433349134518473e+01 9.446819196832436163e-03
-1.446158065610001415e+02 1.354239343615986613e+01 1.106283756547116366e-02
5.291673062559915763e+01 1.348859008418705052e+01 1.007420409137355956e-02
2.157633984768754090e+02 1.349843293425145063e+01 1.938325806874003146e-02
4.173986401177273819e+02 1.343623994398598143e+01 1.202945686458035263e-02
5.802319496128568517e+02 1.339229250778006808e+01 8.564434031989866594e-03
7.840803994750010588e+02 1.333595226469051021e+01 8.020567311605783858e-03
9.470415554292311526e+02 1.336797781771093163e+01 1.235703864959270155e-02
1.148378223207825386e+03 1.340446512696528636e+01 1.015114671195740080e-02
1.311252608555500046e+03 1.341806229969720654e+01 1.076974349740980608e-02
1.513826347149032472e+03 1.343894544209383390e+01 7.596372641724481387e-03
1.675436299872105565e+03 1.346223152342602702e+01 9.522818108756830532e-03
