-1.451066818095385997e+03 1.260569847180853031e+01 3.774563605238360348e-02
-1.263777754796875797e+03 1.264887545183330353e+01 3.676431244743957882e-02
-1.086712160364999363e+03 1.262201128586951526e+01 2.152945864961670897e-02
-8.999605047509089673e+02 1.260245925411819634e+01 1.474736051179542824e-02
-7.270726634424996746e+02 1.264477418370906214e+01 1.615580496399289523e-02
-5.357858297769998899e+02 1.265404024268136673e+01 2.059435507339077778e-02
-3.671439756463627191e+02 1.261350879480346165e+01 3.622195677080910364e-02
-1.712054693309997617e+02 1.263465434326535686e+01 3.858105039025879618e-02
-6.935463428572153255e+00 1.266612484420194917e+01 5.251240438040109815e-02
1.954330547527265765e+02 1.263776675662813531e+01 1.235586238189444706e-02
3.562962958699994260e+02 1.262177795378362077e+01 1.613399799529249140e-02
5.595734107974998324e+02 1.260341915429928505e+01 3.737126981533926695e-02
7.204296485136358115e+02 1.251226276339687615e+01 2.468896061938369996e-02
9.254944890483329800e+02 1.251829236215070118e+01 5.886691174688690048e-02
1.084901603199286455e+03 1.244608533023341224e+01 4.747488313728185499e-02
1.290994416392220728e+03 1.247323745664871808e+01 2.141035739463025001e-02
1.451752688185834586e+03 1.243342387920431946e+01 1.291190053874927482e-02
1.655072100636667301e+03 1.241282406235702140e+01 2.273619183667218921e-02
