-1.458251828711875078e+03 1.286489581320470066e+01 5.541194274195280350e-03
-1.282395979281249993e+03 1.293814559222714422e+01 8.248526804493309592e-03
-1.094104079850000289e+03 1.284681538365015996e+01 8.531421701568862870e-03
-9.224488210051725900e+02 1.282873243478295677e+01 4.388826534703352961e-03
-7.308490939600009142e+02 1.283787226650034619e+01 6.518630734635075079e-03
-5.616838129484611954e+02 1.285195298237826300e+01 6.368183924775777140e-03
-3.650777801418744275e+02 1.283649037959873240e+01 7.610642219944386416e-03
-2.013264063554994152e+02 1.277542794229320755e+01 8.332729144764039822e-03
-7.808911123527864095e-01 1.284336523138532549e+01 5.432786011891843625e-03
1.591056839533332550e+02 1.277808315819440033e+01 4.568096858465857217e-03
3.662309714399996778e+02 1.279252180579759113e+01 6.962608148682777366e-03
5.236449668785720633e+02 1.280755808543694840e+01 7.581939110113854012e-03
7.304607745041173530e+02 1.288781405838046368e+01 7.439203343580285885e-03
8.903343002569999953e+02 1.283811262318753599e+01 5.715538032416590287e-03
1.095510478012941348e+03 1.285483255036176153e+01 8.133628518944306315e-03
1.254479105181052319e+03 1.281580204428672864e+01 1.061771949818690781e-02
1.461724703953749668e+03 1.278600943193244888e+01 7.494203489197584847e-03
1.620238429949756664e+03 1.277588654413676394e+01 8.218806953718267930e-03
