-1.331509655349230343e+03 1.490783455132587854e+01 2.319971277269506846e-02
-1.141083501175000492e+03 1.480855590595703042e+01 3.399805958515220855e-02
-9.723667458869228994e+02 1.477505891616493727e+01 4.160686894027475213e-02
-7.786284073733331752e+02 1.479256570417019212e+01 1.774255399378070128e-02
-6.134478623723082364e+02 1.475409144222662761e+01 2.721884872638785299e-02
-4.143089945421426137e+02 1.476289632304126265e+01 2.569730873817023531e-02
-2.529241171362496061e+02 1.470585217548909540e+01 2.149136818003917135e-02
-4.731452036799964844e+01 1.479338600748159038e+01 2.394201328209467558e-02
1.075673393600003891e+02 1.477223023003487334e+01 3.315930274599547534e-02
3.168722919500003172e+02 1.472111698598338947e+01 3.555588399339087990e-02
4.745796313553846062e+02 1.470528162155444285e+01 3.192252797702965772e-02
6.816868152450006164e+02 1.469658523639430392e+01 2.594915791112107836e-02
8.387597388384613168e+02 1.468355820891354924e+01 2.338247420904276258e-02
1.048165193691819240e+03 1.462424724207302518e+01 3.629023583734299063e-02
1.203307793164285386e+03 1.451528243364672655e+01 3.636320666324432266e-02
1.412385378447000448e+03 1.458931949054373156e+01 2.698251285555142501e-02
1.570082059195832699e+03 1.456738280394465868e+01 3.387725494749798533e-02
1.777007901057778099e+03 1.459795834658960523e+01 2.250383293065082516e-02
