-1.414694413706665955e+03 1.274807689840249836e+01 2.349705275238506835e-02
-1.233452087313998618e+03 1.271988371411762841e+01 1.848264904300636266e-02
-1.049839699875715041e+03 1.265438333615760769e+01 2.227985516081215298e-02
-8.746108273206662034e+02 1.271095055011500463e+01 1.607755913539883966e-02
-6.858357652530758060e+02 1.277105164758337708e+01 1.884714445116417170e-02
-5.152005033226669184e+02 1.291001570636968587e+01 1.588221461358774525e-02
-3.211827044220000857e+02 1.297872948826492312e+01 1.882599690585854552e-02
-1.542636339034788477e+02 1.301321722864639341e+01 2.487398853932158357e-02
4.560228952230738031e+01 1.294422430503579768e+01 2.781010487285692084e-02
2.081565614042852417e+02 1.299551719630095192e+01 2.560827207405076689e-02
4.097988320664277921e+02 1.275893012731435405e+01 2.008153444752636824e-02
5.723045445740004880e+02 1.274179493984887124e+01 1.040834931521852739e-02
7.753958495208331669e+02 1.269039173434162215e+01 1.488110473115706808e-02
9.367364358261530697e+02 1.265361518468481705e+01 1.666312604303472542e-02
1.141001492167499691e+03 1.272103663210500457e+01 1.897401535865381531e-02
1.303531147851333571e+03 1.286043285020335247e+01 1.178670878571132577e-02
1.505264051071333824e+03 1.293710154182393524e+01 1.901741984448562447e-02
1.667712954592353071e+03 1.296188905193576346e+01 2.586686829601388127e-02
