-1.447885342582307430e+03 1.283807642730449849e+01 3.800905645439200259e-02
-1.268381667580833209e+03 1.288392216181914662e+01 2.326932593809248259e-02
-1.081719280564999963e+03 1.286613916427732462e+01 1.691110647258666291e-02
-9.095265278506665254e+02 1.290112206508105075e+01 1.082155536043197946e-02
-7.187533547107697132e+02 1.291081358675757151e+01 1.411137300785471164e-02
-5.507345184015385939e+02 1.300711842165351584e+01 2.702689087310572100e-02
-3.546399943461544240e+02 1.302896485099115864e+01 4.035349313418428591e-02
-1.897285585221434303e+02 1.295306824913032884e+01 2.184543426357437104e-02
1.259970243333324724e+01 1.295016016717786833e+01 1.206522973798258500e-02
1.715628643325929943e+02 1.301459805598899244e+01 1.809858811015015168e-02
3.766372477915373338e+02 1.296974852293358360e+01 3.574049597430931785e-02
5.372976736464277110e+02 1.290544524969486417e+01 2.283863403014390128e-02
7.413520151330768613e+02 1.283544309411841589e+01 2.357378838619170539e-02
9.014830216221432693e+02 1.291746914181678108e+01 4.800001127513871257e-02
1.107834955882306758e+03 1.285521357817814625e+01 1.440853314673381722e-02
1.267412909995714926e+03 1.285688200050579155e+01 1.766142939392512448e-02
1.472101132966153727e+03 1.293315231388976372e+01 1.695533485864990364e-02
1.632703763022857174e+03 1.297913556992886086e+01 2.175954950191505075e-02
