-1.329711023167727490e+03 1.296389242203752268e+01 2.071095111803365751e-02
-1.138985733513683954e+03 1.300681788594087429e+01 1.732947958798270252e-02
-9.703707852520001325e+02 1.308411444331753692e+01 2.619551373817134710e-02
-7.765352682438460761e+02 1.314118458020705482e+01 2.998840818078229303e-02
-6.114241716136840523e+02 1.308812178836264550e+01 1.724972155462683315e-02
-4.116352756723525204e+02 1.302219778123129146e+01 1.798979666271473959e-02
-2.503789735170580286e+02 1.308807770578285279e+01 2.735763910969354548e-02
-4.541022638266634459e+01 1.306773148908824744e+01 3.491634956969816295e-02
1.097361317342109004e+02 1.306781507009950261e+01 2.033522453419476031e-02
3.189209083157142572e+02 1.305334664695382152e+01 2.193348816672577306e-02
4.765997564805551860e+02 1.299911213685353317e+01 2.382678884872027267e-02
6.837558367564697619e+02 1.295886506837521779e+01 1.860818563660985789e-02
8.407504679115789941e+02 1.294732121072252085e+01 1.268990685673081383e-02
1.050121045925000089e+03 1.301506231268041880e+01 2.053874829070892818e-02
1.206404442392285091e+03 1.300185164644000579e+01 1.881619102329512919e-02
1.414348246221667068e+03 1.300652801789756552e+01 1.711903741197375733e-02
1.571976068331764509e+03 1.299300420866467398e+01 2.151417331160167951e-02
1.779854018744231553e+03 1.298820008072379828e+01 1.285116456534079500e-02
