-1.467519490813200036e+03 1.359213075882072985e+01 3.569564486301501222e-02
-1.290737361630769101e+03 1.382738844332694939e+01 4.262301414381632764e-02
-1.101824693968461816e+03 1.367171052594457414e+01 3.677556447745514157e-02
-9.319396482249997007e+02 1.362315232794596653e+01 3.817762454411788298e-02
-7.399281954283324012e+02 1.369617616195191445e+01 4.232638184435501966e-02
-5.726008086099993761e+02 1.351724726075455507e+01 3.015050428993068521e-02
-3.734183622261525102e+02 1.358439093338611769e+01 2.575804620328339331e-02
-2.114419049314282688e+02 1.356583848529955816e+01 4.024065124193717397e-02
-8.634461086923412410e+00 1.342791967297925382e+01 2.368131691527282021e-02
1.507956822299982775e+02 1.329620416545336425e+01 2.416547084992788294e-02
3.560735861786660621e+02 1.299718075064209089e+01 2.404520710005423473e-02
5.150209789864290997e+02 1.312788972852195357e+01 2.408407293488033438e-02
7.225838170746148990e+02 1.324734820003857294e+01 2.466397029402376401e-02
8.803765908388886601e+02 1.316770144291037248e+01 3.439205742077481448e-02
1.086849247809999952e+03 1.303409690401711885e+01 1.704421612356019078e-02
1.246196692552307923e+03 1.290716108943758123e+01 2.450110351628889335e-02
1.451806392896429315e+03 1.280326211667470560e+01 2.761401251077544999e-02
1.610357965637142797e+03 1.293686009747544929e+01 1.528294754740300646e-02
