-1.426784420471303974e+03 1.443843905904005176e+01 4.961011643367715940e-02
-1.248525398282821016e+03 1.424604717020781486e+01 4.253162525127043847e-02
-1.064610529986153551e+03 1.422871888667354234e+01 3.001377823578222845e-02
-8.874514380096769628e+02 1.427395220203137072e+01 4.543084835846154801e-02
-6.996326968303845888e+02 1.427188808707222023e+01 2.862093243149973348e-02
-5.285394329505883206e+02 1.441970247594872490e+01 4.618142195039015574e-02
-3.336588292596153451e+02 1.432749154440726080e+01 5.412403016449643389e-02
-1.679892647068759288e+02 1.438726616155695837e+01 5.474120683793615855e-02
3.086073863935387251e+01 1.429000206661865846e+01 4.044956587320793634e-02
1.928978900245159309e+02 1.434755075949959036e+01 4.635762498015596339e-02
3.975461212040625014e+02 1.422825347966240628e+01 3.371797136833391134e-02
5.584981726199999912e+02 1.409844741145474423e+01 5.177132292941345054e-02
7.618205555709679402e+02 1.424982968245466353e+01 3.224592894566787049e-02
9.236396931237500212e+02 1.420241554922431604e+01 4.019644617065960129e-02
1.126421131063000075e+03 1.400963677571872523e+01 4.028620537729393075e-02
1.288194211111935829e+03 1.392003185014440447e+01 2.903141128606125804e-02
1.493087326120937632e+03 1.398889828904310306e+01 2.814130956580669640e-02
1.654893168552580391e+03 1.389424173426632159e+01 3.096229059145444787e-02
