-1.369334124201666782e+03 1.140262030016588213e+01 1.125241058292225822e-02
-1.177406420509231339e+03 1.140331424149333728e+01 6.485719011475933084e-03
-1.008647752676110258e+03 1.140831201686017060e+01 7.593873824612625695e-03
-8.129645940015392398e+02 1.136713786176878926e+01 8.316446269570197669e-03
-6.484175970923074601e+02 1.133691171043825818e+01 1.104874441634066604e-02
-4.486758886663632211e+02 1.135809104641723799e+01 1.033761385306666489e-02
-2.877754388227278355e+02 1.136048519395159673e+01 9.562191092378638860e-03
-8.425128877999948429e+01 1.138778930335965001e+01 8.923610039046315015e-03
7.286754991692242811e+01 1.141820521761851559e+01 9.928895188262586158e-03
2.824231310716659209e+02 1.141645262717766585e+01 1.052849488653392028e-02
4.383291247276001172e+02 1.144727595604355130e+01 6.035548566008333907e-03
6.466702324661533794e+02 1.145322154227832456e+01 8.236422329538554618e-03
8.040240198772715985e+02 1.147892262152971732e+01 9.678360142291444687e-03
1.012500962837777934e+03 1.148408811828920406e+01 8.247454331000325656e-03
1.168835809390667009e+03 1.148396608425504617e+01 4.973275178574485152e-03
1.377996574943077121e+03 1.147595588509075526e+01 8.025556559023648215e-03
1.535366691155454419e+03 1.149550241998513833e+01 8.311555761321589089e-03
1.742845477774166284e+03 1.154611545176188159e+01 1.033664422098299306e-02
