-1.162805503960909164e+03 1.204041695430264269e+01 1.581531722927822722e-02
-9.952458684515385130e+02 1.184970327405788737e+01 1.434845162015387608e-02
-8.008933746233329884e+02 1.189479102219717355e+01 1.449733840956910456e-02
-6.362807171918188942e+02 1.180480463491595344e+01 1.266696647244226759e-02
-4.353737956417383543e+02 1.188348401143894861e+01 1.141791720119286757e-02
-2.757316538109100179e+02 1.191576134421818978e+01 2.165885264354951503e-02
-6.967762826000095799e+01 1.201419826727556384e+01 1.218495999631505344e-02
8.767556727300033970e+01 1.195736996902609306e+01 2.034116998959597383e-02
2.946114268309082149e+02 1.199949851578048232e+01 1.147367466043293892e-02
4.517982226192297617e+02 1.198233217401776329e+01 7.913817862270631706e-03
6.611807012864285298e+02 1.212751750707506915e+01 1.241569477241569880e-02
8.166079980135717733e+02 1.199855724860949024e+01 1.259256223563245264e-02
1.025788371106666318e+03 1.199243268286548769e+01 1.429870395503804459e-02
1.183163871580768955e+03 1.196403153637581340e+01 1.247172900468043223e-02
1.390533382375383098e+03 1.202727795366620356e+01 1.700245071409071593e-02
1.547334946154166801e+03 1.188490393849246196e+01 1.089032121121657516e-02
1.757126880084998675e+03 1.197969158159244429e+01 1.377791617593303319e-02
