-1.429579791281905273e+03 1.350139499828959799e+01 3.184001078746746816e-02
-1.252122997330312273e+03 1.361994634498764256e+01 2.368125614843306567e-02
-1.067215237791154323e+03 1.358288528059187072e+01 3.285018940197805687e-02
-8.918086680655359260e+02 1.365011557650248619e+01 1.762519722413691953e-02
-7.034357906200001480e+02 1.353328922581591343e+01 2.287123250782624115e-02
-5.313371305661291899e+02 1.341865112337767130e+01 2.141103424649985418e-02
-3.363931578044446269e+02 1.341920500081072376e+01 1.720280899653265846e-02
-1.709023077463333493e+02 1.355298094428415467e+01 2.380421309858473874e-02
2.774902041620777737e+01 1.350786992894050442e+01 1.674629206624104333e-02
1.894885283864522023e+02 1.340047030507957970e+01 2.803948829787275207e-02
3.938910409339388821e+02 1.320382963028371393e+01 1.513946690773213324e-02
5.547733758978569085e+02 1.324031019105109408e+01 2.467086624057020575e-02
7.591082145108002806e+02 1.320278231616094722e+01 2.440208962025260109e-02
9.207124918492592087e+02 1.336303751494284597e+01 2.812017140259188280e-02
1.124078397801034498e+03 1.355904444091000727e+01 2.599535367350806064e-02
1.285166431947419596e+03 1.348434286204612320e+01 2.498324410788211811e-02
1.490353747129999647e+03 1.336073891237698064e+01 1.777153099810161938e-02
1.650660955044901357e+03 1.334392775772506212e+01 5.231503978091198853e-02
