-1.320962476156666071e+03 1.210783307421746358e+01 1.647855444481395593e-02
-1.130556366833846369e+03 1.219666421802763878e+01 1.496340454698757982e-02
-9.620659827806666726e+02 1.215172598246592983e+01 1.364684534365166735e-02
-7.686640748544442658e+02 1.224068917300842685e+01 7.947770950463279097e-03
-6.026789755028564741e+02 1.214143509060830617e+01 1.161798128093300200e-02
-4.015691357863642565e+02 1.212587505922556375e+01 1.728371698065111692e-02
-2.413983866346150933e+02 1.214537386615762316e+01 9.694067208155427579e-03
-3.720121540333396837e+01 1.225275247819342539e+01 1.607216784681372510e-02
1.206993996019999003e+02 1.226800759047470635e+01 1.119671313617090318e-02
3.273441377630761622e+02 1.208177561761951857e+01 1.370582624786421261e-02
4.849633434293759819e+02 1.211401495824787133e+01 1.863039150226828561e-02
6.938794750858329508e+02 1.217565537978157764e+01 1.555396617370013307e-02
8.493528621446661191e+02 1.218795266297037116e+01 1.335193760559919181e-02
1.058135152266153682e+03 1.213258579444284990e+01 1.234603859603458295e-02
1.216144156445714316e+03 1.220180297540643188e+01 2.036725999766760692e-02
1.422606228865624871e+03 1.206908138155578492e+01 1.285590013617883207e-02
1.580344834708000008e+03 1.201564676544830235e+01 1.165977632328236285e-02
1.789400679413845410e+03 1.204342626762356971e+01 1.240550590646746776e-02
