-1.457572208993332652e+03 1.177792613400056254e+01 1.023934836225224264e-02
-1.281677922186250726e+03 1.179119347584193633e+01 1.216426955430061248e-02
-1.093515243855624703e+03 1.180690946277733389e+01 7.633680552197680269e-03
-9.214563178131819541e+02 1.181133239820911918e+01 9.003050503381272718e-03
-7.296131539373913029e+02 1.170403660895830811e+01 8.639249157880512370e-03
-5.610393317774991147e+02 1.168666508171146390e+01 1.134284311812120208e-02
-3.642747019679991354e+02 1.175205809634724474e+01 9.908222717082755537e-03
-2.005338161992308699e+02 1.173826762464762297e+01 6.372155371837542534e-03
5.268050561543742294e-01 1.174714758754230459e+01 1.100124237943517908e-02
1.598074422616664378e+02 1.183313216318427408e+01 1.131918282681157288e-02
3.668339393369225263e+02 1.191241857873645138e+01 9.162072379631267666e-03
5.246192846866673563e+02 1.198593393075869784e+01 1.287742448880056269e-02
7.310906982749996814e+02 1.194903227502259924e+01 9.571009422344449458e-03
8.910386632176921466e+02 1.193630008468879211e+01 1.573181042934369486e-02
1.095877954968333825e+03 1.183056000589780687e+01 1.457722698420190095e-02
1.255208642029286011e+03 1.185615789864806757e+01 1.191389237247828144e-02
1.462403747406923003e+03 1.165584909047254314e+01 1.275280690609093860e-02
1.620501796636315703e+03 1.161712354928599211e+01 1.127117724224169400e-02
