-1.406343012137826918e+03 1.414059175532091395e+01 1.202163059666529546e-02
-1.227118719460000193e+03 1.420130961467250685e+01 2.267045834251892392e-02
-1.043858446456315050e+03 1.414753908573010222e+01 1.738808590439368598e-02
-8.676074933726084737e+02 1.402132861448871637e+01 2.675632102978476104e-02
-6.796118043809091205e+02 1.397640324335989703e+01 1.266288687393076796e-02
-5.079869909216222936e+02 1.390144095463805485e+01 8.673223394966234068e-03
-3.124249426736837449e+02 1.391439827650472338e+01 1.134485091228168603e-02
-1.458521947536358994e+02 1.386851826557750123e+01 1.298803124697605303e-02
5.170183341190498538e+01 1.398679460091870297e+01 1.312667839855432769e-02
2.146737704139130756e+02 1.390910795038214864e+01 1.111356383255367695e-02
4.159169124204996706e+02 1.389554978916043737e+01 2.230279206887770746e-02
5.795019853211762211e+02 1.385094284915928853e+01 2.214477832361008355e-02
7.829305813683328097e+02 1.413246087438970733e+01 1.328728757103461375e-02
9.458142185799995332e+02 1.432803477104574519e+01 2.001030671928846413e-02
1.147268933513636284e+03 1.423615054533274993e+01 1.698513293431620080e-02
1.310010575753499779e+03 1.426330781814954740e+01 1.483871203979642006e-02
1.511658983803332831e+03 1.409629899977405287e+01 2.193498358834709491e-02
1.674783751862500594e+03 1.398725555918221097e+01 1.569249422494721838e-02
