-1.161410210356665630e+03 1.139866074787237515e+01 4.423932702421710418e-03
-9.938440474290000566e+02 1.131042980291720035e+01 3.627120069697215184e-03
-7.995151819599989267e+02 1.130023512875390779e+01 9.981651084723479339e-03
-6.341191362699997853e+02 1.128012327377492596e+01 9.581038372551075114e-03
-4.335426523733323165e+02 1.123319726529500429e+01 6.219479664543294505e-03
-2.741687618559997759e+02 1.121814390393897298e+01 4.066994522303177262e-03
-6.823787081916634634e+01 1.129891638320664882e+01 7.071395168538396198e-03
8.909319182461555897e+01 1.128903546592489526e+01 3.645287391120065248e-03
2.959454643141671113e+02 1.128496253699682939e+01 5.161287522400669243e-03
4.532605340670000942e+02 1.134839577306332536e+01 4.257229145817789662e-03
6.630643711053847937e+02 1.135692236136780053e+01 3.377615138476969519e-03
8.179679112575000772e+02 1.138910037592431479e+01 4.469741375400041079e-03
1.027235579579167506e+03 1.133859655585628268e+01 5.504332716388753675e-03
1.184553431289998798e+03 1.125368474080964099e+01 6.509030407967967419e-03
1.392287304645385120e+03 1.110478844397791853e+01 4.235876422525750029e-03
1.548671073564614744e+03 1.113556244372342441e+01 3.385691060912852587e-03
1.758551041934545992e+03 1.119503219533370242e+01 5.884947498691814154e-03
