-1.159514424691666136e+03 1.347102533587121442e+01 1.067469316065217111e-02
-9.919371824472738126e+02 1.347191331269791448e+01 1.251775598404259240e-02
-7.969295825150002202e+02 1.341024643676867534e+01 1.576909483299062872e-02
-6.329940803008327066e+02 1.334258217781244582e+01 1.587049732003335129e-02
-4.305767728569997530e+02 1.323449863454280617e+01 1.251702840134182211e-02
-2.711414967040916508e+02 1.331998423045080848e+01 1.168814746375510492e-02
-6.635733335000060151e+01 1.340851382115060453e+01 1.245119699211437968e-02
9.099895154727181534e+01 1.348446284946411389e+01 9.789904181952486378e-03
2.983829667199995015e+02 1.341614685461340883e+01 1.480433729613650322e-02
4.552459091338459984e+02 1.335205659571904668e+01 9.461754940516660384e-03
6.649106331654554651e+02 1.336341283195661767e+01 1.507068245209059777e-02
8.197991462072724289e+02 1.329685780168482978e+01 4.908893476286960156e-02
1.029069610784546057e+03 1.328666194832605818e+01 9.850802863464838341e-03
1.186415006060908581e+03 1.330396091597496344e+01 2.167598289375169407e-02
1.393622172847500451e+03 1.329974386081460835e+01 2.143415574281876471e-02
1.550630456736362930e+03 1.327558297307670365e+01 1.763018550729938960e-02
1.760405637167273198e+03 1.323585125519658945e+01 9.149809192789999310e-03
