-1.418445943964782828e+03 1.315838714267141363e+01 6.820250837347815141e-03
-1.237367235476818905e+03 1.313737139667970233e+01 7.277426167976778354e-03
-1.055185595927576287e+03 1.312510119443887291e+01 8.129472383175724223e-03
-8.785172486571425452e+02 1.315811545718417541e+01 7.270440320306540381e-03
-6.894326589000002059e+02 1.313956339190832345e+01 7.586289869328840217e-03
-5.195889012221732628e+02 1.312094475420319739e+01 7.999753427612969411e-03
-3.252313000454171856e+02 1.319583865546883494e+01 6.967927309851218963e-03
-1.584828683511541954e+02 1.319814636035813571e+01 7.012136724809962460e-03
4.184314761619039302e+01 1.321209728300391717e+01 6.233047411543859127e-03
2.029076141111110871e+02 1.320097320629166759e+01 6.824155735980556164e-03
4.060390023929173253e+02 1.318129639767405692e+01 7.247799594244682189e-03
5.684810965769565883e+02 1.317755805143770509e+01 7.109541060705713497e-03
7.707497715091307100e+02 1.307154410884230522e+01 7.545941590466126968e-03
9.328226532879167507e+02 1.313035988144317301e+01 6.398371962706487365e-03
1.137271017302083237e+03 1.304849919135000569e+01 1.052031420611431421e-02
1.299685391519375571e+03 1.307478864879404057e+01 1.241918209804393491e-02
1.501532818573499753e+03 1.309179372817638232e+01 8.215503636418151553e-03
1.663729987183478215e+03 1.313797678033625971e+01 7.436589837725628843e-03
