-1.368050745940003253e+03 1.210590732174693329e+01 0.000000000000000000e+00
-1.174591587738947055e+03 1.208493046583274300e+01 1.020381691204490064e-02
-1.005528333146154182e+03 1.198279437133165004e+01 1.171564565903687564e-02
-8.110624210249994803e+02 1.203751579388764092e+01 1.035059878626092521e-02
-6.465010598966667885e+02 1.223237049344042582e+01 1.353919622182033107e-02
-4.468317982958336074e+02 1.212053109066695100e+01 1.058915934878736954e-02
-2.859163686655544439e+02 1.220305747732078316e+01 1.605954853212407038e-02
-8.121870106444394821e+01 1.229790131676659293e+01 1.275408180906719736e-02
7.467855116000039573e+01 1.220035571895743232e+01 2.305297755758877951e-02
2.842704054407698209e+02 1.227309662823288505e+01 1.880331401698143515e-02
4.403232939687504768e+02 1.240318070638719306e+01 2.720095875437822733e-02
6.485878839938472993e+02 1.220392551578062879e+01 1.389044753716842800e-02
8.058512892633334559e+02 1.211091676703774311e+01 9.994227174378826975e-03
1.014618384758822799e+03 1.192715251235033769e+01 1.036802040656398249e-02
1.170065826446666733e+03 1.199591516812224690e+01 2.037167728342044112e-02
1.379829854814167220e+03 1.209228807964466057e+01 1.259251761913214758e-02
1.537192810067000437e+03 1.206156746344160524e+01 1.376603933919371900e-02
1.744483702488461404e+03 1.213965758197923250e+01 1.361744114132150234e-02
