-1.467912863789999392e+03 1.356185914442112050e+01 5.104773990875670353e-02
-1.292382835495384825e+03 1.353932354167022467e+01 3.991003565584311241e-02
-1.103436472642307081e+03 1.362405458227410548e+01 3.448795053928079696e-02
-9.335009906378571714e+02 1.365162523159284547e+01 3.859152906264261967e-02
-7.414465369691673686e+02 1.359408838992376189e+01 2.946287460790147569e-02
-5.737562209924999479e+02 1.349862863435999571e+01 3.697436245525033416e-02
-3.759268094234620889e+02 1.345237399017882751e+01 2.487696684772596270e-02
-2.130633431658331176e+02 1.339817860109912750e+01 3.128139577769230295e-02
-1.024041343571401974e+01 1.333126839817280818e+01 2.277595242825905877e-02
1.491232487168749685e+02 1.332141852265046644e+01 4.433218432742147552e-02
3.546331572085722996e+02 1.330901066254423526e+01 1.559569495005645040e-02
5.133673590607684218e+02 1.329530875013162472e+01 2.643891526350723026e-02
7.210597772338459208e+02 1.324746452485372572e+01 2.715659643554157315e-02
8.777588594879998709e+02 1.329978339117197983e+01 3.557625849129698176e-02
1.085224547724166086e+03 1.332040629376569285e+01 2.339538327747747032e-02
1.244537654101428643e+03 1.339040750543825808e+01 5.367381503952829008e-02
1.450019613297856722e+03 1.336974190516939842e+01 2.467496426783927221e-02
1.608665490542143061e+03 1.337372138590116499e+01 2.296151684932552089e-02
