-1.411429160070000762e+03 1.478959045851621390e+01 5.295103870558168918e-02
-1.230388427094666440e+03 1.481832615867861236e+01 2.607900248035516233e-02
-1.046961355379230781e+03 1.476923320289548691e+01 2.146029773088495643e-02
-8.715271620049994681e+02 1.483059491543082231e+01 2.078572337678660786e-02
-6.828338989392303802e+02 1.477608503048537791e+01 2.915130900265111916e-02
-5.122426765130765034e+02 1.487855178154242353e+01 6.163169712187787502e-02
-3.169187198529411376e+02 1.494716005961123706e+01 4.170757825942707220e-02
-1.491134498566674154e+02 1.483202695922140713e+01 2.616998386616925867e-02
4.850150274499901570e+01 1.476467418717741964e+01 2.766449121299859037e-02
2.112328641123072259e+02 1.465786327634760156e+01 5.746280980509396730e-02
4.127446648328565857e+02 1.454210714151591155e+01 2.538402570383481438e-02
5.754383683393340334e+02 1.441363161619619859e+01 2.546507266681024423e-02
7.797036116383333137e+02 1.452329540338005565e+01 3.167112541709220935e-02
9.406993515695834276e+02 1.450361914428914822e+01 2.719826973790999414e-02
1.143909029715000088e+03 1.463131336140266825e+01 1.931166998650395150e-02
1.306600798019999957e+03 1.456954749571629826e+01 2.092973266919587877e-02
1.508697055435384527e+03 1.452624726938197064e+01 3.245888825099637470e-02
1.671339150712000219e+03 1.449941561888919139e+01 3.299521850881493440e-02
