-1.447917142894375047e+03 1.323581735637348444e+01 2.234401491135909121e-02
-1.268680428139584365e+03 1.327597694104025194e+01 2.198338792124104532e-02
-1.082190605059201289e+03 1.331487404262026431e+01 1.467484216774707709e-02
-9.095984135913043929e+02 1.331579249691814582e+01 2.267555215793972193e-02
-7.188429112185712029e+02 1.337120643855734770e+01 3.705336175617843925e-02
-5.507232236576192008e+02 1.341210729223569764e+01 3.114199439655703297e-02
-3.542509500673684215e+02 1.341119332405773612e+01 2.806868531409973874e-02
-1.897288851874994577e+02 1.345535476717171797e+01 2.930618888642539874e-02
1.245100862062463420e+01 1.351347261655352838e+01 2.426928339135216509e-02
1.714987675762788797e+02 1.353574299573390149e+01 2.615848726516847855e-02
3.766499374695002302e+02 1.347858182062149091e+01 3.690081783384393382e-02
5.372642504899995402e+02 1.343059625234612930e+01 2.294343200996269358e-02
7.410919995873686048e+02 1.341577963484097680e+01 2.414076646192552661e-02
9.014290427099996350e+02 1.339194994578857489e+01 2.958120740482727412e-02
1.107769386683889024e+03 1.337469521709645370e+01 1.890945778523428142e-02
1.267527952367333228e+03 1.339158326433071267e+01 1.689898478659824024e-02
1.472110727932499458e+03 1.335876487911467336e+01 2.648502833227331377e-02
1.632627651394166605e+03 1.340869089258579550e+01 2.663873514032914433e-02
