-1.342009529679230127e+03 1.256453119313267663e+01 1.717939551713273255e-02
-1.150890268884001216e+03 1.265601505338347366e+01 1.401432342279477182e-02
-9.826871078169234579e+02 1.268956183805395810e+01 3.795855172456534532e-02
-7.860464529136363581e+02 1.271537339055717908e+01 1.126434042033750034e-02
-6.211755325984620413e+02 1.266179601941757227e+01 1.067639908263311004e-02
-4.217717739508328236e+02 1.272015167308523864e+01 3.574674239504613965e-02
-2.607189151776922245e+02 1.269364388367485219e+01 1.272882285976987410e-02
-5.709880225615331995e+01 1.263798488167932810e+01 1.315298647402168147e-02
9.988726741333327652e+01 1.268559430522471665e+01 1.806858012682874964e-02
3.092972543070005713e+02 1.269402616271221262e+01 1.878477159056207366e-02
4.644800165741671663e+02 1.265736490807906378e+01 2.115691860571475638e-02
6.735871279109084071e+02 1.265559607642036433e+01 2.498473351535132614e-02
8.310649590818171646e+02 1.264764639937961022e+01 1.704080517759001129e-02
1.038243094869166043e+03 1.268298110721285354e+01 1.642014076904872374e-02
1.195302925730768948e+03 1.261781782758959025e+01 3.197328697560847949e-02
1.404904187533333470e+03 1.268909262330424070e+01 1.958610991291127174e-02
1.560839389145416135e+03 1.264012013148833091e+01 1.645136709758625651e-02
1.769067921153636235e+03 1.259578892031617947e+01 4.461312664198925637e-02
