-1.437591207883636571e+03 1.341717720774291855e+01 7.943189930874085952e-03
-1.259326778967142445e+03 1.340007361131412544e+01 6.916726673197414257e-03
-1.073439307480000025e+03 1.334049410252182710e+01 5.956264340891233820e-03
-8.999361732043744269e+02 1.345779528660987800e+01 1.128881109149120106e-02
-7.103334020970582969e+02 1.355541520205105677e+01 1.101175287610641970e-02
-5.413266247892855745e+02 1.358468999091671670e+01 1.613739297083156832e-02
-3.439407676264706879e+02 1.350520978254578530e+01 1.044448751049130257e-02
-1.781951874600010228e+02 1.347739451215704776e+01 1.351728660038823901e-02
2.115096168764627294e+01 1.346063540409242343e+01 7.818050999637534207e-03
1.823035956528572967e+02 1.355248991195623276e+01 9.782175734422591043e-03
3.856531320313335982e+02 1.365103674762722896e+01 1.545973024535876247e-02
5.470538534593337090e+02 1.370298701079882342e+01 8.687598653849602434e-03
7.522212578713335915e+02 1.352303045202756415e+01 9.968602561895859721e-03
9.122651006820846078e+02 1.340254982057962785e+01 1.036323797801099074e-02
1.116500504603571926e+03 1.329504332463842076e+01 1.738444774284231276e-02
1.277569627441250759e+03 1.331345114760096315e+01 1.544316065245388003e-02
1.481035031547999779e+03 1.332202971078953802e+01 1.114550233153365107e-02
1.642355462169999782e+03 1.341102293470713924e+01 9.153117258920885277e-03
