-1.315624666204286086e+03 1.387013774269875022e+01 9.518137128783771272e-03
-1.125438377954999851e+03 1.388203686786716418e+01 1.307696235539602611e-02
-9.564295101623080200e+02 1.391368954145191061e+01 1.080778297158280048e-02
-7.634203310979161188e+02 1.401229681245492031e+01 1.437175889387603579e-02
-5.963845246031146416e+02 1.395217471902790507e+01 7.730767390864254525e-03
-3.964093197020003458e+02 1.398759235640808640e+01 1.073164740382389140e-02
-2.343365703091176897e+02 1.395428669720202208e+01 1.207949953334927669e-02
-3.218356984000014620e+01 1.393856897301193065e+01 1.603856475506246909e-02
1.261308255906255908e+02 1.407318418813222927e+01 1.571043828458486627e-02
3.333950983541175788e+02 1.395495532788566173e+01 1.034158296008549222e-02
4.907483232480001902e+02 1.393641911710704129e+01 1.039269310481382574e-02
6.990560453170969595e+02 1.411758062714408624e+01 1.046424321308635393e-02
8.573301023846667022e+02 1.421483545947287830e+01 1.457575485625459653e-02
1.063604185273461781e+03 1.424059680470643841e+01 1.197671890086785852e-02
1.221440612309090056e+03 1.426591658141528640e+01 1.372541679712622163e-02
1.430263122432759019e+03 1.432115335712018478e+01 1.875966546016899147e-02
1.586187807192059608e+03 1.425830377747317179e+01 1.348173957825065696e-02
1.794494551471923614e+03 1.406534740450451260e+01 1.562964086746336176e-02
