-1.324106911010000658e+03 1.430534495978043275e+01 1.413716290491124489e-02
-1.133438320460666773e+03 1.424189253443036662e+01 1.388033514378175445e-02
-9.652545724052635023e+02 1.420466992366074344e+01 1.090881235092584257e-02
-7.716591712399997505e+02 1.424033924019828312e+01 1.083313474795416162e-02
-6.063369087330004277e+02 1.434230202598667070e+01 2.146197509550318641e-02
-4.060412411473329826e+02 1.440606328305044848e+01 1.443622127067459987e-02
-2.452742976645840827e+02 1.442829457729152054e+01 1.855853795365445397e-02
-4.037365630687418161e+01 1.440763862613691870e+01 1.384142192614255112e-02
1.176075200824998319e+02 1.447945895095454993e+01 1.913581393617735937e-02
3.238904467577776813e+02 1.429422076337845837e+01 1.837080439302098134e-02
4.817973329654996633e+02 1.416706951246700186e+01 1.348117205587109901e-02
6.904284783976191875e+02 1.398894826991114115e+01 1.204397514197876919e-02
8.465165636224998025e+02 1.408731881759210580e+01 1.616269057276435717e-02
1.055046902191500749e+03 1.421456080291609858e+01 1.819053325221663478e-02
1.213026911652631270e+03 1.419198335428733770e+01 1.626669407270013926e-02
1.419776698217777721e+03 1.414273054641062544e+01 1.382521825534615764e-02
1.577155471123157895e+03 1.418826450737730660e+01 1.704182140854768393e-02
1.786407333239999843e+03 1.433876921761137169e+01 1.717541590353474992e-02
