-1.342972463494286330e+03 1.343347852386111363e+01 1.054920443852114080e-02
-1.151810135824286817e+03 1.320288175702194344e+01 1.558729999976896964e-02
-9.838507424693331131e+02 1.313765608405380192e+01 1.151573480713014540e-02
-7.882342804472725675e+02 1.323139467789442492e+01 1.306388179344670532e-02
-6.222700718040006223e+02 1.328644159547607195e+01 1.893466349005129210e-02
-4.226920588344453336e+02 1.334776514002355974e+01 1.447688664435762412e-02
-2.617510331450004060e+02 1.317464062602693353e+01 1.661171212102581160e-02
-5.806680034071489871e+01 1.322856080697209613e+01 1.141767656716637276e-02
9.881319184846114467e+01 1.312936869247903360e+01 1.058382238669726069e-02
3.083980716527267418e+02 1.328100926648095914e+01 1.896106968993644185e-02
4.630625552580000885e+02 1.345477079723295333e+01 1.694582544463376153e-02
6.726275687833323218e+02 1.327596959887317318e+01 9.839591368498887616e-03
8.300154278318169645e+02 1.311394184723271117e+01 6.867425477003304829e-03
1.037484843902727789e+03 1.308908208019621711e+01 1.688503576417086163e-02
1.194163940680667338e+03 1.321354419892984211e+01 9.970385779526910047e-03
1.403974279850000130e+03 1.322262607336705287e+01 1.897237918330213144e-02
1.560004830837001009e+03 1.316305478021751441e+01 1.476671933775404282e-02
1.768161812838667629e+03 1.335086965848781659e+01 1.011993265970858626e-02
