-1.450850814983750297e+03 1.281937256160359340e+01 4.132656714232939982e-02
-1.271764674770000283e+03 1.283681567075191232e+01 1.395645005340319204e-02
-1.086446239214615616e+03 1.290422575347178125e+01 2.445389723517344890e-02
-9.127155372294445215e+02 1.293415210565871121e+01 2.242818563463824105e-02
-7.217895948494127651e+02 1.313799034259957743e+01 2.137509577067472216e-02
-5.539092120847363958e+02 1.313341712711608977e+01 2.088233856943103040e-02
-3.575807442342858167e+02 1.297925637298231294e+01 1.614741788626986724e-02
-1.934076259417651045e+02 1.301383004676350019e+01 1.360762611650470286e-02
7.962226464666552594e+00 1.296372457146082979e+01 2.220777647443386224e-02
1.669008778443758274e+02 1.293066053173025587e+01 1.989462139318087450e-02
3.736433487764282404e+02 1.299264609880405530e+01 2.041877632973209886e-02
5.340386087500010035e+02 1.297719625226208962e+01 5.464084858177923471e-02
7.384484782412496315e+02 1.285861970699916412e+01 1.977684721378646093e-02
8.982982979987500585e+02 1.282235511253759341e+01 1.496188916292348452e-02
1.104885848280000118e+03 1.271728075714747419e+01 1.667114190147086367e-02
1.262603796493888694e+03 1.270801857160111048e+01 4.342447745339153564e-02
1.469082207658667130e+03 1.271921356562420513e+01 1.810753124715832121e-02
1.629471382323529269e+03 1.279142816696642626e+01 2.977285422968741976e-02
