-1.308996100135881989e+03 1.073090010274824735e+01 6.240830767640963977e-03
-1.119024920333077262e+03 1.078310878911957360e+01 6.426490635504698325e-03
-9.480234535068752848e+02 1.071546594019662280e+01 6.209543745087211207e-03
-7.546575615256242600e+02 1.087778009078940755e+01 8.399856899745105493e-03
-5.885418515286660295e+02 1.106940255868313372e+01 6.316043328935539748e-03
-3.902967944149994537e+02 1.104152833944779566e+01 8.272226252796723370e-03
-2.280249269006667134e+02 1.110656792820178218e+01 6.760073069175276742e-03
-2.553714266857163651e+01 1.099485005571523644e+01 6.143696605088414843e-03
1.323749895505550569e+02 1.095386629255651734e+01 7.725911133189588068e-03
3.408369749416669947e+02 1.085757659105305528e+01 9.430785131413148281e-03
4.974945188270833683e+02 1.085346933862706109e+01 5.602284543300362074e-03
7.050446278486667779e+02 1.063384839622272260e+01 6.738279709177784869e-03
8.635730278835296758e+02 1.060878393678433618e+01 5.811342392616950826e-03
1.070555608748666828e+03 1.060049257264871159e+01 7.246305967898650745e-03
1.228180524457500269e+03 1.061119573487245304e+01 6.262433016688197240e-03
1.436310387883999965e+03 1.050491614993664413e+01 5.215211177594747047e-03
1.594913460451332412e+03 1.043971161006344062e+01 6.588290516703764962e-03
1.800550629197856324e+03 1.057875894403796657e+01 6.512034543852798611e-03
