-1.419702292763076230e+03 1.243888289920584000e+01 1.073504197233107055e-02
-1.238670179498000152e+03 1.247209244480239931e+01 1.875620648639188259e-02
-1.057443731941999658e+03 1.242193310378413429e+01 1.094378185790400443e-02
-8.797741747237500931e+02 1.243105689828294658e+01 1.426243794478198462e-02
-6.906567905846151234e+02 1.244349954996528851e+01 1.190334308648755696e-02
-5.210046765376476969e+02 1.245849812935239953e+01 1.165421905176112355e-02
-3.265029505678581359e+02 1.245957327629374234e+01 1.581998339284606050e-02
-1.601032455156250762e+02 1.253516416307280323e+01 1.377785074441208006e-02
3.984129448833280662e+01 1.258328291604803084e+01 2.194541717309851994e-02
2.011929823617857949e+02 1.265974172967583300e+01 1.016862463414433537e-02
4.047911808531239330e+02 1.265834665767498279e+01 1.338459703797297354e-02
5.670911212978561480e+02 1.271210438383581476e+01 1.575213489702557285e-02
7.694773008600000139e+02 1.261660515237597657e+01 1.985966185265193584e-02
9.318151331056251365e+02 1.267380512021395411e+01 2.279466167742842664e-02
1.136026253716000156e+03 1.253689026871641943e+01 1.276807897945861879e-02
1.298150706787332638e+03 1.247188778234468209e+01 2.178448917496660781e-02
1.500236785422856656e+03 1.242414226795630761e+01 1.720555380314989571e-02
1.662453120034374479e+03 1.246017207853106434e+01 1.616000666385163792e-02
