-1.311855086906500901e+03 1.270555422612303076e+01 1.662293599273988870e-02
-1.121849953794374869e+03 1.278232990284175052e+01 1.938208863731129272e-02
-9.517205243815631093e+02 1.281554007219241953e+01 1.276762561703216788e-02
-7.582136968576669460e+02 1.279108323572116568e+01 1.437693370952623957e-02
-5.910979639095239691e+02 1.277867444291466192e+01 1.494632771858212146e-02
-3.928634771105265031e+02 1.281182564925760659e+01 1.560707608278031656e-02
-2.306508600309094845e+02 1.280905032688778888e+01 2.563755279373482188e-02
-2.799263535666666058e+01 1.277773508115834034e+01 1.883283694514898202e-02
1.298030031169993777e+02 1.272893949199938746e+01 2.174213951750199325e-02
3.383693296073681154e+02 1.270308919778558909e+01 1.799110569147658115e-02
4.942125416166669538e+02 1.267118525318196554e+01 1.452214400948746188e-02
7.025084021222226056e+02 1.269188025795245522e+01 1.842514723948129526e-02
8.610066381877276172e+02 1.271783797970146956e+01 1.333582457811824905e-02
1.067129560608421116e+03 1.262989406228613021e+01 1.458519834573293941e-02
1.225205651184999397e+03 1.255209126424453103e+01 1.046504806553998773e-02
1.433882807675294089e+03 1.256376311420272884e+01 2.167756265845683511e-02
1.590903437294773084e+03 1.254914219814653009e+01 8.069386902611060119e-03
1.798042722622352812e+03 1.265808613940206762e+01 1.613320321470034652e-02
