-1.479208653189998586e+03 1.406700000000000017e+01 0.000000000000000000e+00
-1.303253071205263041e+03 1.410760613327348345e+01 2.232396102935673213e-02
-1.114379272029091453e+03 1.408686388349291541e+01 2.024658285254845799e-02
-9.434465084336374048e+02 1.400421483552354651e+01 2.629218016428335955e-02
-7.508181526769985794e+02 1.400175375606298012e+01 2.190591244390431916e-02
-5.846142161954551284e+02 1.407804675566174346e+01 1.935523427691716522e-02
-3.866408445527267759e+02 1.408683073601941338e+01 2.834527377632015469e-02
-2.241104307690898452e+02 1.411747634261107365e+01 2.346338484212012049e-02
-2.102168667941227653e+01 1.410570432674955477e+01 1.959719549424272095e-02
1.362981559618175140e+02 1.415988235989946453e+01 2.025068289653730869e-02
3.446431930722214361e+02 1.420851604900781240e+01 2.938496204716000218e-02
5.033277466083333707e+02 1.420221864588075000e+01 2.398218619370696969e-02
7.089093066410001711e+02 1.439615697119063853e+01 3.962620345175645736e-02
8.675573911445449085e+02 1.424794811588500032e+01 1.968000965103337482e-02
1.075879290438750104e+03 1.416191911144620796e+01 2.533583029772254469e-02
1.232194492150768610e+03 1.417002959071063195e+01 4.317408737500476323e-02
1.439983376731000362e+03 1.419678156252094681e+01 3.395586841769770992e-02
1.598841289877999316e+03 1.421694281054046627e+01 2.260583995342797803e-02
