-1.445663853695833268e+03 1.372354103759545652e+01 3.943139881506774191e-02
-1.266107491639166255e+03 1.373304954946913092e+01 5.446172416415508144e-02
-1.079728752965000240e+03 1.366353893382950346e+01 2.592869721293989543e-02
-9.072814703578577564e+02 1.379164058340378674e+01 5.210929067825385147e-02
-7.164743281136364885e+02 1.380009728482249720e+01 5.012448095061521058e-02
-5.484600157458335161e+02 1.369726533187768425e+01 4.012571471221249020e-02
-3.519869449041677285e+02 1.385905890612969671e+01 5.700957627902526748e-02
-1.877030239886662457e+02 1.380190417763317612e+01 2.792994302377494256e-02
1.479887406583293341e+01 1.378564683944481217e+01 4.596086831557946728e-02
1.749696340974987834e+02 1.377339551902504056e+01 4.843500603070684252e-02
3.788679443324995191e+02 1.368571549076892069e+01 2.699544923432024845e-02
5.395815698607705144e+02 1.385606877574777940e+01 5.292602784281538741e-02
7.433378263333337372e+02 1.370176530071517007e+01 4.472856258867750900e-02
9.042939769561539833e+02 1.356046462168959899e+01 3.018976126608061139e-02
1.110023715006153907e+03 1.318161261413026963e+01 1.523823919995339130e-02
1.270791760882142853e+03 1.331828036815416461e+01 3.289398947186332467e-02
1.474197647039231242e+03 1.342977902439619697e+01 1.714281163318947393e-02
1.634888396320000538e+03 1.336416341663529828e+01 4.735612826459388580e-02
