-1.332607541307499559e+03 1.283292667792208874e+01 1.808002725221181245e-02
-1.150736585324615135e+03 1.280500393639305834e+01 2.037260558943311539e-02
-9.702955583878580228e+02 1.294235028551304723e+01 3.938351010261632174e-02
-7.916518817554552925e+02 1.300401587054065899e+01 3.153620082930309182e-02
-6.036517588400000704e+02 1.297026952005720624e+01 2.267623074208850037e-02
-4.325835284033334460e+02 1.299147624345259366e+01 2.288710031250028309e-02
-2.395448280990908358e+02 1.292350460536122725e+01 3.189480060087029195e-02
-7.080303690571443553e+01 1.290407792664172426e+01 2.269947867538349776e-02
1.265470369970588536e+02 1.302717501784322884e+01 1.618928566166373539e-02
2.900302789963155305e+02 1.284921120978285458e+01 2.465991782152734610e-02
4.918314718054547825e+02 1.290809102095070671e+01 3.159039410075354520e-02
6.557748951745445538e+02 1.293233654760715723e+01 6.689072329104098213e-02
8.560045171450001362e+02 1.298519393049932091e+01 1.936886949768595878e-02
1.019925980017272423e+03 1.275134821230945370e+01 2.048996598482189305e-02
1.223063119163077317e+03 1.273761299902971089e+01 3.071865301498777692e-02
1.386923517619090944e+03 1.301130999444918679e+01 2.811006699039679188e-02
1.587306672514545198e+03 1.289711102216265104e+01 2.220353163820621561e-02
1.751182166292308011e+03 1.296903663936700291e+01 2.036887013443276426e-02
