-1.467817889440888848e+03 1.290012891660478189e+01 1.255361113905085341e-02
-1.291373956504073931e+03 1.284280452936916106e+01 1.394282604018819843e-02
-1.102361547080000037e+03 1.284719926164022397e+01 1.222296203551861103e-02
-9.324476896958067300e+02 1.288022454612543299e+01 1.244782638089002823e-02
-7.404947256575999290e+02 1.275849847967439210e+01 1.502189660531913669e-02
-5.730939651093096927e+02 1.281547786243291043e+01 1.367230335313645607e-02
-3.745789431963153220e+02 1.285359165738544540e+01 1.103215934493180853e-02
-2.117041499118968204e+02 1.288574502132251354e+01 1.100738711317747996e-02
-9.130556515217746139e+00 1.297751561023443401e+01 2.028364690068523365e-02
1.502390339977416431e+02 1.305787921320060363e+01 1.916370356979742867e-02
3.561781046232146082e+02 1.303615301547364069e+01 1.670149052948121868e-02
5.145610809637503280e+02 1.293359026321796179e+01 1.292790635240870928e-02
7.221544326135996243e+02 1.289823724273506755e+01 1.838830060161595822e-02
8.793787254331580243e+02 1.276557397680798545e+01 1.054133472876447701e-02
1.086366909092221931e+03 1.282874933930443362e+01 1.422086539128991634e-02
1.245652227655161823e+03 1.284192232745901308e+01 2.147419327701498293e-02
1.450762456944444011e+03 1.276579032363171606e+01 1.774576648494798070e-02
1.610158197186551661e+03 1.266942362081186246e+01 1.311397987780672098e-02
