-1.338962410880832977e+03 1.434703584516331532e+01 2.269160954005947778e-02
-1.147881797150831744e+03 1.434119761361509404e+01 2.224343171881596262e-02
-9.786848086236363997e+02 1.448062715190749827e+01 2.070743577361900192e-02
-7.834279979881816871e+02 1.454822463147609035e+01 2.896473152692333186e-02
-6.185847776123074482e+02 1.478414529345536543e+01 1.942756114385382413e-02
-4.191987093118170264e+02 1.467104222304887529e+01 1.579674618656150969e-02
-2.579790393830771791e+02 1.452433212029123588e+01 2.279300693689423687e-02
-5.477724460615494451e+01 1.442737563512106114e+01 2.857474686498222977e-02
1.025520003154544497e+02 1.451581728714031883e+01 1.663909565247554539e-02
3.119746757423071131e+02 1.443620755326139182e+01 2.433668034086926626e-02
4.677775504038089593e+02 1.438623463818666437e+01 1.647387030968251384e-02
6.762025584000008394e+02 1.429984544517942702e+01 2.597863342497142361e-02
8.337278435883326893e+02 1.421801745454306243e+01 2.215835004804850988e-02
1.041945017666000695e+03 1.425376819136792506e+01 2.029944580524306597e-02
1.198661620372307425e+03 1.433906011548109127e+01 2.330912761413437770e-02
1.407456513868570937e+03 1.436119042199273999e+01 2.554197511374892149e-02
1.565114760824000996e+03 1.433296618832441283e+01 2.428784179912367794e-02
1.772330278342307565e+03 1.425422489273766580e+01 2.034942815455928131e-02
