-1.455681723983571146e+03 1.242393802884813248e+01 1.618118981379577936e-02
-1.279212865888667011e+03 1.248785288796470283e+01 1.254950159306635581e-02
-1.091435793161817628e+03 1.234488183825554231e+01 8.515774023106810128e-03
-9.183389660760003608e+02 1.235809117969665394e+01 6.624175699942154959e-03
-7.267932939333326203e+02 1.235371631452339436e+01 6.218764540277059959e-03
-5.589209286889999930e+02 1.235735007764751181e+01 9.418937041938413302e-03
-3.622888759253843318e+02 1.237266959540632172e+01 1.184396352608714335e-02
-1.984163638900000990e+02 1.247858196993740343e+01 1.642001773772755122e-02
2.265385990666982430e+00 1.248365942092332403e+01 1.144084948930971027e-02
1.620154251118747197e+02 1.242356738587158738e+01 1.686173523793966372e-02
3.689466414433331352e+02 1.239279346429240292e+01 1.124153673427918075e-02
5.274935196999994105e+02 1.242371548765703615e+01 8.160629515278884638e-03
7.331608241620002673e+02 1.239066195346472554e+01 8.172147820493693218e-03
8.931694110464288769e+02 1.242813663090469944e+01 1.020896821769811010e-02
1.097683849469286088e+03 1.248287657495605529e+01 4.969476804297839716e-03
1.258030529690000549e+03 1.249966440675761525e+01 1.012969827645479777e-02
1.464359167379999917e+03 1.252628695945003301e+01 1.005230498254294953e-02
1.624564086763845353e+03 1.249501283852927358e+01 1.113949290723384097e-02
