-1.478539005520908404e+03 1.444171946980883270e+01 2.829603620498107042e-02
-1.301547157386153913e+03 1.447559067151988010e+01 5.863420468493672072e-02
-1.113281205202726369e+03 1.451415599004165635e+01 2.043851759552606576e-02
-9.424332326178565609e+02 1.457450938804671559e+01 2.131385107889725156e-02
-7.498507677172727881e+02 1.461178851121598399e+01 2.327924753702978813e-02
-5.835943573172738752e+02 1.461336942577966624e+01 2.297583089704191561e-02
-3.856953699963632971e+02 1.462813205077491041e+01 2.419902451294086987e-02
-2.231874020521427155e+02 1.475987114840590131e+01 2.566415890844927356e-02
-1.900753411083254107e+01 1.481875169948031079e+01 3.855679883121928414e-02
1.372325242971429873e+02 1.473437148262788376e+01 4.033301608594289794e-02
3.455753468046157195e+02 1.468840302508671947e+01 3.189843634471837414e-02
5.043538564350007505e+02 1.472896513089760973e+01 1.984815039428292072e-02
7.104114432408345010e+02 1.457321999216640407e+01 4.013974431998888759e-02
8.685468926676924184e+02 1.443127283069014410e+01 2.570325387766816266e-02
1.076733483908333028e+03 1.437137896340994025e+01 3.044583837035979776e-02
1.232784532137500719e+03 1.429011742639040605e+01 1.203647523617733944e-02
1.440973435921817327e+03 1.439984925627133450e+01 3.469127553213601639e-02
1.599775733507999803e+03 1.446046685491196371e+01 2.642925427403283040e-02
1.805369505302000562e+03 1.444634849408475219e+01 2.095662186517674441e-02
