-1.346314216350768902e+03 1.185292405869751242e+01 1.289044972226032273e-02
-1.154980168427272474e+03 1.175668355421145606e+01 1.390106501286982391e-02
-9.868104849266661631e+02 1.183805115166973820e+01 1.223649160955591307e-02
-7.928230775607690930e+02 1.189623456220529363e+01 1.334594211931976714e-02
-6.276738964462501826e+02 1.191021147939317615e+01 2.843384311025036817e-02
-4.259928798981815135e+02 1.189268298330183349e+01 2.858358888708042653e-02
-2.649681043916673957e+02 1.192595173286468757e+01 8.582304329737056037e-03
-6.181361947777784849e+01 1.199063650409678417e+01 1.154816810734692750e-02
9.558444259181851521e+01 1.216181050424196641e+01 1.680814030442685444e-02
3.037777827138880866e+02 1.221463226487441744e+01 1.562929304306645215e-02
4.609132127943744308e+02 1.213857032815907644e+01 1.020827975074917043e-01
6.693669970166673693e+02 1.234460215736564592e+01 2.202600074573239294e-02
8.268711407966669640e+02 1.220092409843580761e+01 1.258090050477703864e-02
1.033678999009000108e+03 1.203727625835583304e+01 1.089955830360542915e-02
1.190989495588181398e+03 1.195463037624641700e+01 1.489108934510152520e-02
1.400793905360999588e+03 1.187992442233094792e+01 1.001010057924359327e-02
1.555655819749231341e+03 1.176442770727794418e+01 1.189171217187977650e-02
1.764936849851111219e+03 1.154963497353024948e+01 8.055246338173810416e-03
