-1.463789802756666859e+03 1.306259428906089148e+01 3.072999234854042680e-02
-1.287997433308333029e+03 1.308017441831117367e+01 2.429665639153017961e-02
-1.099261359982222530e+03 1.312753220042344182e+01 2.627433654242794861e-02
-9.285662435914283606e+02 1.306354692947058638e+01 9.966160204262493327e-02
-7.366223592045445230e+02 1.315195086766252963e+01 1.833956022019766693e-02
-5.700130955325003015e+02 1.318016865288307926e+01 7.605089020506877739e-02
-3.702184038311105496e+02 1.317177802515345775e+01 2.505488617088701825e-02
-2.069004896541676715e+02 1.319657162183949595e+01 2.027450708490709241e-02
-6.042609702499248669e+00 1.326021345487310654e+01 2.306678134245672071e-02
1.535652432258333135e+02 1.330472921284183485e+01 2.871188397977680884e-02
3.581049135125003886e+02 1.325624615505273063e+01 4.160946644255648225e-02
5.177538404645456467e+02 1.333244496669144397e+01 4.025516371259138526e-02
7.251842087749995471e+02 1.330370895715945068e+01 3.476927012466566463e-02
8.844889498239994055e+02 1.326877631039351613e+01 6.798103740558512909e-02
1.089471005566250824e+03 1.320468977512722830e+01 3.866436781067680156e-02
1.248932321915834109e+03 1.323965676605942932e+01 3.996118689362791049e-02
1.454849071391250163e+03 1.327258101533217705e+01 3.408146177646489278e-02
1.613745235297500358e+03 1.323101626918451856e+01 3.427815708401425743e-02
