-1.306339260387674358e+03 1.273968252195088979e+01 1.895384216618231643e-02
-1.117647893960434885e+03 1.272930316475713397e+01 1.343257437152538779e-02
-9.457793782399998008e+02 1.276968103837900159e+01 1.205155019825975525e-02
-7.530319294186360821e+02 1.282441825516986889e+01 1.651620330230805025e-02
-5.869161712303849754e+02 1.276247037054608136e+01 1.425833950574299964e-02
-3.888228098734784339e+02 1.278705888612485353e+01 1.038968208515324114e-02
-2.263996883412504246e+02 1.278146669658477386e+01 1.437224674457256331e-02
-2.381904360230775808e+01 1.278524475409656347e+01 1.318797105347606878e-02
1.343390501292300314e+02 1.281117553705066925e+01 1.207476531865843764e-02
3.423633832856519348e+02 1.277740132311001275e+01 1.615538558725782350e-02
5.007107019141380988e+02 1.273228686679183852e+01 8.864557172584559830e-02
7.066381506350004429e+02 1.280741314407058873e+01 1.282807464584697320e-02
8.652431831814288898e+02 1.281218983824095048e+01 1.159754495978317611e-02
1.072375971401190327e+03 1.281985365298737456e+01 1.115637064514323103e-02
1.229936184152580608e+03 1.283166474671111956e+01 1.123260506476694842e-02
1.437899798024286383e+03 1.282584859083512718e+01 1.423733002022668608e-02
1.596545992254482826e+03 1.284966577290527212e+01 1.254984960384697770e-02
1.802173892861500235e+03 1.283679335808015587e+01 1.165531804719022180e-02
