-1.455681723983571146e+03 1.208658662541625972e+01 1.515225478709634165e-02
-1.278957656902500275e+03 1.212937844819642663e+01 9.121382817135812934e-03
-1.091435793161817628e+03 1.198596215143538046e+01 1.590766809889448963e-02
-9.183389660760003608e+02 1.194157268752688417e+01 8.850927939949463502e-03
-7.267932939333326203e+02 1.193078313880929286e+01 8.958299924624248123e-03
-5.589209286889999930e+02 1.196643758889320353e+01 9.102297705181974091e-03
-3.622888759253843318e+02 1.194221926968592129e+01 1.382883915112037218e-02
-1.984163638900000990e+02 1.206548352613620700e+01 1.294227031269308895e-02
2.265385990666982430e+00 1.210087392970415543e+01 1.427483878909775045e-02
1.620154251118747197e+02 1.205713983149705193e+01 1.350862458032604276e-02
3.689466414433331352e+02 1.202912259559268904e+01 1.112657603839632171e-02
5.274935196999994105e+02 1.197574067358031513e+01 9.955263832032880400e-02
7.331608241620002673e+02 1.200551834798424977e+01 1.110043574282974094e-02
8.931694110464288769e+02 1.202740348110891233e+01 1.449377814157048854e-02
1.097683849469286088e+03 1.210729838338583519e+01 1.423290854836340574e-02
1.258030529690000549e+03 1.222356112384704119e+01 1.177235775896645804e-02
1.464359167379999917e+03 1.220942804938606940e+01 1.035249033412194604e-02
1.624564086763845353e+03 1.218969801192080205e+01 1.945894012947861629e-02
