-1.431787549306427991e+03 1.325898265585137636e+01 3.047089270626034130e-02
-1.254249861160588125e+03 1.321947559766080005e+01 2.329362379740375355e-02
-1.069126118838888942e+03 1.325745334676455300e+01 3.445472147687923814e-02
-8.951844404600002463e+02 1.314652944749148489e+01 1.931515462363261534e-02
-7.052166509014283520e+02 1.289784789743349336e+01 1.586565425428502346e-02
-5.343330054700002165e+02 1.317409587341979105e+01 2.609545455477403977e-02
-3.385011650430768668e+02 1.301158602815076648e+01 2.666844091291938404e-02
-1.731897862028563395e+02 1.307946843584877428e+01 2.053406313324526722e-02
2.580921255000014725e+01 1.309705295050273222e+01 2.189458705226352692e-02
1.872794727649998094e+02 1.329113200943767481e+01 1.928288795681645448e-02
3.916787241480952275e+02 1.317568440330896351e+01 1.874984156280735600e-02
5.519839464926669734e+02 1.318330406063590132e+01 2.939461180578865560e-02
7.569834690558828925e+02 1.308710614377815595e+01 2.100986683272056121e-02
9.184877064315380721e+02 1.299038275690527122e+01 2.376833079004227883e-02
1.121209820039285432e+03 1.298394466062815411e+01 2.045896129715488176e-02
1.282603537462308168e+03 1.306226979597254179e+01 3.405634350322115506e-02
1.487362684009524401e+03 1.321468999730944915e+01 1.849977403368540177e-02
1.647461346239999557e+03 1.327185945242933407e+01 2.732242436810328537e-02
