-1.315053780922727810e+03 1.421050434931415651e+01 4.419466784673337090e-02
-1.124976925579090221e+03 1.441255625634281756e+01 5.772473209134081074e-02
-9.562327697558333739e+02 1.456236777071214661e+01 1.070241823280007193e-01
-7.630157773769999494e+02 1.455371384659130030e+01 8.945167526003289238e-02
-5.958020711316002007e+02 1.452493897972474102e+01 7.548339112087638914e-02
-3.958773575327273306e+02 1.462972722048336571e+01 1.728111914449798614e-01
-2.339066363678575726e+02 1.456184749997690631e+01 8.390448987107378132e-02
-3.167670213999875983e+01 1.459704948022385906e+01 8.239035379716126706e-02
1.265894754633324482e+02 1.451970612018023132e+01 8.481813281846486974e-02
3.342540826826667058e+02 1.456007121391160553e+01 1.086119997599304665e-01
4.908129701530007765e+02 1.454708624720276866e+01 1.171722451360220491e-01
6.995949011957137600e+02 1.445094757262500629e+01 9.916945712972623228e-02
8.578796592690904390e+02 1.429335063776961334e+01 8.159320010632356568e-02
1.064500550682499352e+03 1.427590071338636157e+01 1.194729081055037195e-01
1.221976154139090795e+03 1.382461450831489813e+01 2.933083335943622791e-02
1.430861134283999945e+03 1.385004143943451105e+01 5.070758368954715600e-02
1.586257928564545182e+03 1.372965732462399302e+01 4.320813502408723389e-02
1.794991701571000249e+03 1.370039646832960045e+01 5.310949590314145013e-02
