-1.411549378183572117e+03 1.313330783891764675e+01 1.549472072231024289e-02
-1.230475639350714346e+03 1.317787643595537794e+01 9.346426329415714884e-03
-1.047034470761248940e+03 1.320551733149115137e+01 1.378453581860392824e-02
-8.716364338981247784e+02 1.327890487337127112e+01 1.137292864038874467e-02
-6.828869900508343562e+02 1.321556752700984028e+01 9.577171932372473273e-03
-5.124006452468747739e+02 1.324058444429819836e+01 1.251120591459911439e-02
-3.173708704780957532e+02 1.326712720344950647e+01 8.156206320594742640e-03
-1.492538610999999946e+02 1.331527218801713275e+01 1.321884439813945586e-02
4.848248026000006661e+01 1.332845065000784501e+01 9.399977725886103294e-03
2.111756859135717264e+02 1.339722291437920099e+01 8.982682928423548624e-03
4.126591087525000034e+02 1.334724449092354348e+01 1.315338641088566705e-02
5.753189389135716283e+02 1.336478967013700725e+01 1.983823979130944909e-02
7.796845598969224511e+02 1.331449764133785862e+01 7.491886067623460335e-03
9.406613638152638259e+02 1.332531917319150061e+01 1.396699084834065151e-02
1.143963940301332286e+03 1.336909759866669489e+01 1.050615339975856204e-02
1.306572056389167074e+03 1.343213773220588081e+01 1.162937989971304931e-02
1.508660460391538663e+03 1.340065109919676978e+01 1.030605833556273720e-02
1.671805784275334190e+03 1.338610429175685645e+01 9.872970958913807743e-03
