-1.470621140859230309e+03 1.401877977834745614e+01 1.511970141770001448e-02
-1.293990239892858654e+03 1.402242732550863913e+01 2.339793915821026735e-02
-1.105007275404546135e+03 1.403499759158334115e+01 1.933791408378748161e-02
-9.351557683299998871e+02 1.402899594323734966e+01 1.823393357407476767e-02
-7.430273529199999984e+02 1.394583778110245653e+01 1.577532883967871710e-02
-5.755939322299994956e+02 1.397015795273177829e+01 2.729039437237952212e-02
-3.788990337181814994e+02 1.410215979522694596e+01 1.896075269470628641e-02
-2.159631428536357021e+02 1.416898919312089156e+01 3.955439245436918189e-02
-1.181836186250075116e+01 1.416932925456095660e+01 1.853965344875687857e-02
1.474422999155552532e+02 1.425542703269345957e+01 1.959010696268210019e-02
3.525176538411105867e+02 1.421041418739760154e+01 3.236816671878792878e-02
5.116515458981812117e+02 1.427717264038455980e+01 1.858956025739946089e-02
7.184215238864281901e+02 1.412391773449586374e+01 3.230338598902107727e-02
8.757911978470008307e+02 1.408220251101589149e+01 1.793477069828326026e-02
1.083718510263750431e+03 1.401995214949250013e+01 2.320960031700235529e-02
1.242913636304999727e+03 1.392666518019944455e+01 7.752703399460089684e-02
1.447948725948999254e+03 1.398950156349808971e+01 1.919958332881215729e-02
1.607045288443333220e+03 1.397593777410030746e+01 1.986218431443881327e-02
