-1.455948933975554382e+03 1.131489935641095990e+01 1.672426879913298248e-02
-1.279753749377999384e+03 1.127084652295183709e+01 1.171647874533221674e-02
-1.091688409398749172e+03 1.120870539234228147e+01 5.784562434906713978e-03
-9.190115946046151976e+02 1.132844029263013219e+01 1.275566412883866185e-02
-7.273019601492308084e+02 1.131253060025506407e+01 1.059313886852440018e-02
-5.592193283011115454e+02 1.142617842095331326e+01 1.327984228979770497e-02
-3.625551759920010113e+02 1.151571910936686294e+01 4.749445570208657777e-03
-1.986840074090915493e+02 1.149547091265531229e+01 5.752672664619476114e-03
2.149383262727166066e+00 1.150064019779078528e+01 7.778294072864819046e-03
1.616317607370008886e+02 1.153690806724850582e+01 1.191037562815971604e-02
3.686208540311110937e+02 1.150587854068226790e+01 1.047251429211035721e-02
5.273008041778949746e+02 1.142269889894091861e+01 1.073442223497141773e-02
7.328765718175000075e+02 1.150284050240498956e+01 9.145183488250647683e-03
8.928579486181816947e+02 1.146837001555956803e+01 9.840910506380346964e-03
1.097476883920000319e+03 1.147046339243225788e+01 1.478684088889802364e-02
1.257120845688182271e+03 1.144897013743569403e+01 1.700830147820298066e-02
1.464007388031001028e+03 1.147192988578967388e+01 7.388912176591201815e-03
1.624289533237779551e+03 1.155142261070920640e+01 2.525181142414758412e-02
