-1.465471999692727195e+03 1.391454713709024560e+01 4.721867539210652942e-02
-1.289528079024999897e+03 1.389432937424827053e+01 1.991701533864953522e-02
-1.100850590695999472e+03 1.379290267589627206e+01 2.225760544173618211e-02
-9.306892898550001973e+02 1.380636422654463225e+01 1.840554264345392599e-02
-7.388433882433333793e+02 1.378313472001764062e+01 1.374817608554004984e-02
-5.714717929150004920e+02 1.384823789567210639e+01 1.943882855409645796e-02
-3.718330812777785468e+02 1.383730322444142935e+01 2.855923020022826941e-02
-2.084727194524997174e+02 1.391670725526223684e+01 2.140335459601977811e-02
-7.408071982499677688e+00 1.400835332547543466e+01 1.907714601296534376e-02
1.520010920155554004e+02 1.402151976766912078e+01 1.307223783139053845e-02
3.567146583963635180e+02 1.403392646800777932e+01 3.214853300393402669e-02
5.162172372633326631e+02 1.407203253676278898e+01 2.240039682188192313e-02
7.238326540588903981e+02 1.411894775566716298e+01 2.748198062839106101e-02
8.819528303052387628e+02 1.408012582072059438e+01 1.237397326406128664e-02
1.087943688767777076e+03 1.406357000205134433e+01 1.689254346424346603e-02
1.247371059928998875e+03 1.407787430965853126e+01 1.320685428101636694e-02
1.452187468102500134e+03 1.405023961870313265e+01 3.011537060829557605e-02
1.612329562031818114e+03 1.402754087511540426e+01 1.320164083784360620e-01
