-1.434689829180000515e+03 1.338268419505166840e+01 3.705163749898083420e-02
-1.256940705963846995e+03 1.345720739137187749e+01 2.100467167593484188e-02
-1.071449033515000338e+03 1.345791237540103324e+01 2.974075178108737463e-02
-8.980549017116669575e+02 1.348157638238683553e+01 3.053308346726626640e-02
-7.074492185925009835e+02 1.333366765582671576e+01 4.884439914283520562e-02
-5.379867643699997188e+02 1.338889727192421297e+01 3.056475448346303303e-02
-3.409259505118177458e+02 1.328298663623323428e+01 3.346929961374328633e-02
-1.757854281918189372e+02 1.336353819890795513e+01 3.682863261279334388e-02
2.335395490500013693e+01 1.344212510109667313e+01 4.510512644438152696e-02
1.846113938333334374e+02 1.344567045225445412e+01 5.062784680474035487e-02
3.875060752577774110e+02 1.353702552999299158e+01 2.414488647017151365e-02
5.487544001166661474e+02 1.350763425417018126e+01 4.819007811591895923e-02
7.544986610410007870e+02 1.358015659986120482e+01 3.264540409833307372e-02
9.158611935169229810e+02 1.354480395149396266e+01 2.703141351135282533e-02
1.118820807501999752e+03 1.345509023840255125e+01 3.581570222067288062e-02
1.280044524063333711e+03 1.346545473291934769e+01 4.441490604924913654e-02
1.484064755685713635e+03 1.343374253057428724e+01 2.925275826425272063e-02
1.644283361256924081e+03 1.333685011346998550e+01 4.907308063211560101e-02
