-1.157924714402000973e+03 1.351374214533409379e+01 3.923886468662261123e-02
-9.903780587530759476e+02 1.356068708082614727e+01 3.367108118297621605e-02
-7.950627617564283582e+02 1.345469044599271413e+01 5.006084328995787092e-02
-6.314374637109086734e+02 1.362200147779147308e+01 3.706586813960505156e-02
-4.289875075683327736e+02 1.368104070487117241e+01 3.870419286853717805e-02
-2.685959829906246341e+02 1.370002336531788956e+01 3.467210104155676181e-02
-6.465677203384537108e+01 1.376413884979141677e+01 4.742305101287291186e-02
9.257826392166619200e+01 1.360972234731501018e+01 3.251909916579048127e-02
2.998506210366661549e+02 1.344661149807010858e+01 6.014307326879096000e-02
4.568074915481827816e+02 1.346890332337200569e+01 4.300993624393503745e-02
6.664694486781816067e+02 1.337988181082423012e+01 1.793189982159387394e-02
8.223678158225002335e+02 1.342178919708915785e+01 3.992313172425313722e-02
1.030645757195455190e+03 1.335970516864663260e+01 3.685991134154487786e-02
1.188094275814285766e+03 1.337334646791349257e+01 2.318871014537736072e-02
1.396296952712083339e+03 1.330491918637585869e+01 3.116495442821299797e-02
1.552215495293333561e+03 1.326562218433940643e+01 2.664100485312529201e-02
1.761977573530832842e+03 1.338418587959721862e+01 2.762511107926922393e-02
