-1.332607541307499559e+03 1.331945882060975528e+01 1.932271918886811768e-02
-1.150736585324615135e+03 1.331683264198093219e+01 1.334770125572245711e-02
-9.702955583878580228e+02 1.340737429604103248e+01 8.879272059308013915e-03
-7.916518817554552925e+02 1.345289585216897521e+01 1.102050544191783207e-02
-6.036517588400000704e+02 1.342689411711664249e+01 1.649993739031451606e-02
-4.325835284033334460e+02 1.346646247798232210e+01 1.697225063645561513e-02
-2.395448280990908358e+02 1.341055723261642818e+01 2.154194970970058423e-02
-7.080303690571443553e+01 1.338466834665336513e+01 1.390829240660544815e-02
1.265470369970588536e+02 1.347519740175390268e+01 1.189587773915904041e-02
2.900302789963155305e+02 1.334176166917351303e+01 9.092500622790569004e-03
4.918314718054547825e+02 1.342396617414890514e+01 1.394763201292037631e-02
6.557748951745445538e+02 1.337218559133360074e+01 1.006985369399591296e-02
8.560045171450001362e+02 1.340445353061497080e+01 2.736062111800393812e-02
1.019925980017272423e+03 1.327181330342591714e+01 1.086513181726122580e-02
1.223063119163077317e+03 1.327934255706611211e+01 1.838398404501374178e-02
1.386923517619090944e+03 1.343403401294805910e+01 1.096507672514326556e-02
1.587306672514545198e+03 1.334885277939829962e+01 1.340677245680293485e-02
1.751182166292308011e+03 1.339682139338665223e+01 1.087877506558662839e-02
