-1.460958271560000412e+03 1.368511041388773108e+01 3.375535738367953231e-02
-1.285322440808823330e+03 1.371823380628032041e+01 3.514471055018655171e-02
-1.096797401214000274e+03 1.372840157188259980e+01 3.380024427503647289e-02
-9.257565430886664899e+02 1.368808899195392215e+01 3.232250531883228833e-02
-7.344417994771429221e+02 1.363512809603717990e+01 2.506575000001423290e-02
-5.668344718091675531e+02 1.362839191357945268e+01 2.971226205609210635e-02
-3.677010699973330361e+02 1.372598036824857104e+01 5.385502295915808868e-02
-2.042260481918747246e+02 1.394998340548471738e+01 6.675078423286792684e-02
-3.495067917857210826e+00 1.383140011405542680e+01 4.955724979798816626e-02
1.563114561253314605e+02 1.387512938479756741e+01 4.021443353876204968e-02
3.624266511646150661e+02 1.386010200615642773e+01 3.750732626025442273e-02
5.208109432311762248e+02 1.379041668881975902e+01 4.237104246398726293e-02
7.277805624376918558e+02 1.379563361579095826e+01 3.772991319551334544e-02
8.874740737724996507e+02 1.353193184166662277e+01 2.495621998741810732e-02
1.092003999967857226e+03 1.360753259527114523e+01 3.383437476877701466e-02
1.251672948481249932e+03 1.398908676313156718e+01 4.233095512124041698e-02
1.458341432788822658e+03 1.383308600022056822e+01 2.547826242932580212e-02
1.616125164595624938e+03 1.391013833709280867e+01 7.882828571146847929e-02
