-1.411549378183572117e+03 1.218579787983169638e+01 1.287386323973308162e-02
-1.230475639350714346e+03 1.223110980005304782e+01 2.831925281797983279e-02
-1.047034470761248940e+03 1.226535353747478752e+01 1.020610620616324397e-02
-8.716364338981247784e+02 1.230346628736347725e+01 1.059264029834433747e-02
-6.828869900508343562e+02 1.224505583167747957e+01 2.263131492570085584e-02
-5.124006452468747739e+02 1.230353784454617738e+01 1.222587736077202121e-02
-3.173708704780957532e+02 1.231810843731452820e+01 1.768989394890668407e-02
-1.492538610999999946e+02 1.237361451351676855e+01 2.382936833637114282e-02
4.848248026000006661e+01 1.237840133232163708e+01 1.268772163545599241e-02
2.111816083166670808e+02 1.242436257897082541e+01 1.208318023325490216e-02
4.126591087525000034e+02 1.240952212208361516e+01 2.043964742329964709e-02
5.753189389135716283e+02 1.241876175931559168e+01 1.890896741703014527e-02
7.796845598969224511e+02 1.237922612747260054e+01 2.174753524850701197e-02
9.406613638152638259e+02 1.239992853324688937e+01 1.113913014128322700e-02
1.143963940301332286e+03 1.244303202492374183e+01 1.176104434860619427e-02
1.306572056389167074e+03 1.249652480575362290e+01 2.294793613041841429e-02
1.508660460391538663e+03 1.246348316274316836e+01 1.687492517267339537e-02
1.671805784275334190e+03 1.245038327503651487e+01 2.722478892729725264e-02
