-1.455948933975554382e+03 1.185758914975395939e+01 9.674964510095366427e-03
-1.279753749377999384e+03 1.184025574662358338e+01 8.843981004050113434e-03
-1.091688409398749172e+03 1.178806349360201011e+01 5.492715346256424151e-03
-9.190115946046151976e+02 1.186923989004599811e+01 1.185421995424891864e-02
-7.273019601492308084e+02 1.186580511679717098e+01 9.473005030394093112e-03
-5.592193283011115454e+02 1.198933962264150743e+01 8.905539959783921253e-03
-3.625551759920010113e+02 1.206673276235219561e+01 1.158883082972565932e-02
-1.986840074090915493e+02 1.202350034044146199e+01 6.838262440716502688e-03
2.149383262727166066e+00 1.202336166267622097e+01 8.992609036327609690e-03
1.616317607370008886e+02 1.206815853425067431e+01 9.789994892746352317e-03
3.686208540311110937e+02 1.200925570579705415e+01 1.125219076367658076e-02
5.273008041778949746e+02 1.192224309136943994e+01 1.538847210173556988e-02
7.328765718175000075e+02 1.204459411890116449e+01 9.165151389911776331e-03
8.928579486181816947e+02 1.195411627230975249e+01 1.202358063805783993e-02
1.097476883920000319e+03 1.198443144030466989e+01 8.715729280419259178e-03
1.257120845688182271e+03 1.196471105879242280e+01 9.525401999164097994e-03
1.464007388031001028e+03 1.202608370733152476e+01 9.297311439335624247e-03
1.624289533237779551e+03 1.205274410271722907e+01 9.821590952285717130e-03
