-1.476650247855554881e+03 1.412062495298103926e+01 1.574039759974570074e-02
-1.299872596478334344e+03 1.395327726873745355e+01 1.320561255746327545e-02
-1.110498833226470651e+03 1.394778302679593018e+01 1.189887165883849428e-02
-9.407684631927780856e+02 1.377524141877357522e+01 1.324334343754113817e-02
-7.482359556199995723e+02 1.364986385120665702e+01 1.487905566143545889e-02
-5.818220521672220684e+02 1.368810418134919438e+01 1.114390992403754485e-02
-3.832529248135298872e+02 1.379010200704863287e+01 8.986816678208952441e-03
-2.209942591522226962e+02 1.387593401855173880e+01 1.594570262167098809e-02
-1.712629294076983655e+01 1.403153356542274999e+01 9.148051470049814102e-03
1.392027699355563186e+02 1.409993957169242229e+01 1.559142689405277477e-02
3.472027462087494314e+02 1.384424927847157250e+01 1.260359416743895428e-02
5.060980093350003699e+02 1.394277577729916473e+01 1.424025674309893977e-02
7.118425392912504321e+02 1.375576607824151232e+01 1.408448801818423107e-02
8.702721654372221565e+02 1.376578254551079006e+01 1.096896732468906864e-02
1.078427980982667350e+03 1.389940035596172940e+01 2.668016325120806109e-02
1.235668056528620582e+03 1.410599839881649409e+01 1.588758481276842868e-02
1.442549428821429046e+03 1.392473446431968753e+01 1.444923000763052162e-02
1.601485525140001300e+03 1.406035256328311966e+01 2.247037980876156679e-02
1.806841738939999914e+03 1.425141412208628111e+01 1.638335614581408126e-02
