-1.315053780922727810e+03 1.521095374400844058e+01 5.396746104821852075e-02
-1.124976925579090221e+03 1.524954813464431780e+01 5.501462137458302398e-02
-9.562327697558333739e+02 1.527753254246263737e+01 4.745192498924762775e-02
-7.630157773769999494e+02 1.538407541568548176e+01 6.602521488037728370e-02
-5.958020711316002007e+02 1.529905415996205775e+01 5.295617871410286670e-02
-3.958773575327273306e+02 1.529472590247535635e+01 5.584835106836059243e-02
-2.339066363678575726e+02 1.537161420983184712e+01 4.180745553358178324e-02
-3.167670213999875983e+01 1.540633166558267675e+01 4.930068999194937157e-02
1.265894754633324482e+02 1.534198091772938710e+01 6.215185908694097899e-02
3.342540826826667058e+02 1.520779806280299340e+01 4.763936747411050276e-02
4.908129701530007765e+02 1.515290451690346707e+01 3.816109275164960429e-02
6.995949011957137600e+02 1.516001362610019498e+01 3.982620773005429021e-02
8.578796592690904390e+02 1.487537557471662275e+01 3.758544485453907402e-02
1.064500550682499352e+03 1.486014497706634607e+01 2.962835970947549566e-02
1.221976154139090795e+03 1.470971212066985778e+01 2.700543952775354833e-02
1.430861134283999945e+03 1.466265700835364072e+01 3.151704300850578788e-02
1.586257928564545182e+03 1.451914553488126280e+01 1.786416734222323957e-02
1.794991701571000249e+03 1.457646353766815217e+01 3.881088764766922605e-02
