-1.341062708056000019e+03 1.326573813564885995e+01 2.921850090050133811e-02
-1.150007864885833669e+03 1.336307870265162734e+01 3.700066201381289194e-02
-9.808953871579992665e+02 1.318837740327499475e+01 1.980455639628318082e-02
-7.851334384154536110e+02 1.280895184359436989e+01 2.196279907692541208e-02
-6.203173888500002704e+02 1.268134828802684666e+01 1.552225557558840376e-02
-4.209020905890918698e+02 1.283290023329677787e+01 3.324842842262265563e-02
-2.597247099842851412e+02 1.283412566477204031e+01 1.502787600801066235e-02
-5.628318262461498733e+01 1.303086641876102902e+01 2.166642141035048444e-02
1.008210124181813683e+02 1.308367111945654138e+01 3.900512008586091983e-02
3.103531977399991888e+02 1.327003719140805771e+01 2.746930139767674722e-02
4.652601913161544189e+02 1.321545847998455514e+01 3.586421940854615104e-02
6.745522287535713986e+02 1.313557891719571202e+01 2.375795060353088489e-02
8.319879918476927969e+02 1.290463474820902334e+01 1.573044169253278585e-02
1.038751378575383569e+03 1.284693353299403284e+01 2.478571992220271469e-02
1.196206016017857337e+03 1.295125375124318978e+01 2.486965221366510201e-02
1.405819431280000799e+03 1.306915961992881847e+01 2.825521321064640434e-02
1.561951355270434306e+03 1.311696673474460439e+01 3.234822287985543443e-02
1.769966251736666209e+03 1.326424819973817115e+01 2.727152880922472170e-02
