-1.438951291366875012e+03 1.422478460295540437e+01 1.177355932667559744e-02
-1.260451692900399848e+03 1.425509646073645520e+01 1.904453727450473866e-02
-1.074329772990556648e+03 1.421585428633309789e+01 1.811955419346996873e-02
-9.015618246508335005e+02 1.421682279945303762e+01 1.139016337719783029e-02
-7.114311771749999025e+02 1.427553135336077794e+01 2.330130076377606024e-02
-5.422087312345448709e+02 1.442242701789053783e+01 1.857136417290543989e-02
-3.458925458161366464e+02 1.446087684153569874e+01 1.406759393089334308e-02
-1.801434771656667522e+02 1.456673393574194719e+01 2.504832440614652989e-02
2.016552486777800368e+01 1.449222248727795304e+01 1.967561001925047237e-02
1.811313824000000068e+02 1.447772156403578059e+01 1.796772929448791842e-02
3.844850966926084084e+02 1.445391363717356903e+01 2.200319768746667598e-02
5.453203720629165900e+02 1.441262495178066594e+01 2.543170661573638386e-02
7.512390442126093149e+02 1.432904214365901119e+01 1.734089575456835425e-02
9.108683076660976212e+02 1.429038317028941485e+01 1.411239341806267908e-02
1.115413101521500266e+03 1.418194267410994591e+01 1.348526510677490811e-02
1.276662354928233299e+03 1.416320807896147294e+01 2.193675567957976968e-02
1.480245593502857446e+03 1.415115885084398606e+01 1.457010205454003365e-02
1.641064956631153791e+03 1.420456504084345539e+01 1.803262228699114775e-02
