-1.419470361242308172e+03 1.407778848682139383e+01 1.259982443469593281e-02
-1.238464315129999704e+03 1.406332957089944991e+01 1.454370266161189931e-02
-1.057028326095883131e+03 1.396332047845722535e+01 1.807311518159474342e-02
-8.795926467393751409e+02 1.402303372454495189e+01 1.103278804787685523e-02
-6.904763893323525963e+02 1.404535247928357933e+01 1.930832247799659646e-02
-5.206861026137498811e+02 1.403535936607009127e+01 1.695602653741433083e-02
-3.262935697342857679e+02 1.398309364640975261e+01 1.855320927343901555e-02
-1.599325324827781003e+02 1.392259402230081911e+01 1.434462781151029341e-02
4.022868686052549236e+01 1.401697302354267194e+01 1.246459338891854444e-02
2.015469996875004313e+02 1.419775121866109302e+01 1.269672277853102146e-02
4.050507958988232531e+02 1.418448218792883964e+01 1.655284698576084401e-02
5.672819460073335449e+02 1.426423949111043221e+01 1.688493520973767190e-02
7.696151602131258187e+02 1.406510014655554031e+01 2.031552261164782519e-02
9.327210536089994548e+02 1.409332220449133111e+01 1.622474961285996428e-02
1.136201786958235061e+03 1.405118030379707150e+01 1.613347541934015417e-02
1.298576064676250098e+03 1.412641011029147364e+01 1.517193132069870332e-02
1.500468116531176747e+03 1.408820671428434679e+01 1.332251919144235644e-02
1.662645313720714057e+03 1.405098705565792194e+01 2.420810679095604379e-02
