-1.306339260387674358e+03 1.318802976777410230e+01 7.401468941236135496e-03
-1.117647893960434885e+03 1.316975011381887839e+01 1.224714001566601720e-02
-9.457793782399998008e+02 1.318422432604115002e+01 6.807992430441167642e-03
-7.530319294186360821e+02 1.319340983553746938e+01 1.228265591652050528e-02
-5.869161712303849754e+02 1.320465031137475265e+01 8.390557581688712699e-03
-3.888228098734784339e+02 1.318381361579137945e+01 7.817565198635330684e-03
-2.263996883412504246e+02 1.319800505762484732e+01 6.741372873353966219e-03
-2.381904360230775808e+01 1.320737461879301833e+01 8.418992687360082189e-03
1.343478900381475398e+02 1.319875464927063469e+01 7.155504198008650306e-03
3.423633832856519348e+02 1.321761279786007925e+01 9.696461688551856126e-03
5.007107019141380988e+02 1.320862700625088948e+01 8.133969893894239453e-03
7.066381506350004429e+02 1.321502188750190143e+01 9.086384044271936244e-03
8.652431831814288898e+02 1.320568030837774032e+01 2.020484901784272078e-02
1.072375971401190327e+03 1.321721029218127086e+01 7.466420526740333297e-03
1.229936184152580608e+03 1.319925334272150508e+01 2.185807944301900591e-02
1.437899798024286383e+03 1.319813690495155711e+01 8.088365763724028601e-03
1.596545992254482826e+03 1.321916508500582133e+01 8.185705913044181645e-03
1.802173892861500235e+03 1.322540208536348416e+01 7.699642848859931596e-03
