-1.431787549306427991e+03 1.362935391835700472e+01 1.395459369280227513e-02
-1.254249861160588125e+03 1.355727450262991240e+01 1.068163343765346843e-02
-1.069126118838888942e+03 1.356215839756840325e+01 1.386175126555614506e-02
-8.951844404600002463e+02 1.350461821881623159e+01 1.230599795765792773e-02
-7.052166509014283520e+02 1.334448823616942903e+01 1.080431562624875261e-02
-5.343330054700002165e+02 1.359657847073513537e+01 2.601984693272294327e-02
-3.385011650430768668e+02 1.348647393296269748e+01 1.201182848981111571e-02
-1.731897862028563395e+02 1.351832057623532179e+01 1.601174860202539060e-02
2.580921255000014725e+01 1.351569716364265616e+01 1.073292596212489618e-02
1.872794727649998094e+02 1.359408828440355421e+01 1.010592586601198432e-02
3.916787241480952275e+02 1.360661995162103111e+01 1.088519271143016144e-02
5.519839464926669734e+02 1.357314978614900802e+01 1.061381350114254038e-02
7.569834690558828925e+02 1.347082287026899117e+01 1.442777868845950516e-02
9.184877064315380721e+02 1.344800138684919411e+01 1.462811653476185809e-02
1.121209820039285432e+03 1.346262312837937358e+01 1.181613266909457491e-02
1.282603537462308168e+03 1.353256488788179368e+01 1.491767730043971375e-02
1.487362684009524401e+03 1.360019987385533291e+01 8.464309235147531377e-03
1.647461346239999557e+03 1.358678699428689995e+01 1.176001018308120948e-02
