-1.449375309517273763e+03 1.299981151940014357e+01 1.286180374178174518e-02
-1.270301615664285464e+03 1.304980255439699199e+01 1.079191266684204238e-02
-1.083930256630526401e+03 1.278346322064622420e+01 8.959548496319936009e-03
-9.111384491527259115e+02 1.292772201939767918e+01 1.164578647406640764e-02
-7.203707105766674204e+02 1.308435208447827947e+01 8.832940242825873187e-03
-5.523264369333337527e+02 1.313300895741775776e+01 1.813623534274428142e-02
-3.561595833353846956e+02 1.294883705249244699e+01 1.329614370464816085e-02
-1.911924109476917408e+02 1.294403829450884480e+01 9.333745141228257450e-03
1.030600923357113530e+01 1.304010446423759539e+01 1.066075060671353020e-02
1.688151641783339585e+02 1.314137750260242932e+01 7.831079758576357450e-03
3.750870534020010609e+02 1.319602583025830178e+01 2.567862924690486257e-02
5.356260165990911446e+02 1.314204615724439051e+01 1.380327599700289891e-02
7.395254506199984235e+02 1.315002514267470168e+01 3.360785622440076725e-02
8.998136627650006858e+02 1.298315706891338195e+01 1.088736525621423167e-02
1.106352190478998864e+03 1.293045514944280860e+01 7.487055495987800582e-03
1.265566862778800214e+03 1.314129296668893687e+01 1.662249078808589881e-02
1.470659496121110124e+03 1.318738172011549636e+01 1.838597007904669775e-02
1.631040790613637455e+03 1.320187232383259790e+01 2.129891726788873604e-02
