-1.420397421292142099e+03 1.192487389235089168e+01 1.722957566605794535e-02
-1.239865343935716055e+03 1.182144853886876490e+01 7.463615981202729142e-03
-1.058036342514615626e+03 1.183937352053409064e+01 1.097733108375513987e-02
-8.805148268216665883e+02 1.188803228651780763e+01 7.038484158222916773e-03
-6.913575979218749126e+02 1.187378978374884575e+01 1.291198505771793716e-02
-5.216643592308337247e+02 1.191767497024079958e+01 1.019842006545697809e-02
-3.272105200409099552e+02 1.194242394509164740e+01 1.160400515793204822e-02
-1.606652816914283903e+02 1.201045132853913522e+01 9.653315111877240964e-03
3.850841781681744891e+01 1.205416023692787597e+01 1.127383267367671610e-02
2.002428127963635518e+02 1.207963666743607867e+01 9.761090879355525940e-03
4.041504439000000275e+02 1.222095868819125997e+01 1.430215217936438125e-02
5.663607531881248178e+02 1.225702558848268175e+01 1.092286695813032144e-02
7.689494637592299568e+02 1.222160950396542312e+01 1.286507392742215240e-02
9.305082018286668699e+02 1.220876682958104809e+01 1.048499023543239192e-02
1.135340311120769002e+03 1.207753530808192366e+01 1.038638468642587992e-02
1.296036211001818401e+03 1.196582740800515943e+01 1.448087025284310395e-02
1.499520841991667112e+03 1.188016093622425728e+01 1.101128666856074530e-02
1.661662921014999711e+03 1.195303633310401636e+01 1.040051448333111778e-02
