-1.305473305760769563e+03 1.267907332824039202e+01 4.652321841726291679e-02
-1.116799271098572035e+03 1.269557284989553914e+01 1.355522761836990171e-02
-9.448279558807693093e+02 1.267518751257291143e+01 1.774868978994187385e-02
-7.521723431685713877e+02 1.269474514096165230e+01 1.082203649103204157e-02
-5.859997155700002622e+02 1.289181895649972454e+01 2.004330670668552639e-02
-3.878991428692861518e+02 1.293900251705433035e+01 1.770498648173188944e-02
-2.254736944746667575e+02 1.299958467744508894e+01 1.300596325494553750e-02
-2.225553031894799716e+01 1.317808889561793961e+01 2.232910931663965176e-02
1.354796285099995146e+02 1.318287039399331562e+01 3.566927498168577515e-02
3.432710477392303119e+02 1.320614304392648997e+01 5.614535035813925101e-02
5.019615188586670911e+02 1.310243014596945166e+01 2.208033290824444606e-02
7.075284607371431775e+02 1.307867441689884558e+01 2.332044164722326882e-02
8.660816139862490672e+02 1.291538702517203419e+01 2.508321522966476882e-02
1.073487183057499806e+03 1.293782874811438965e+01 1.563055353833600267e-02
1.230793532660000437e+03 1.289437017276808994e+01 3.470159457336204761e-02
1.438710019966922573e+03 1.294086085492803129e+01 1.871914384439961679e-02
1.597439907784545312e+03 1.290606697918602208e+01 3.878249330634713637e-02
1.802932966883077142e+03 1.285083661872011085e+01 2.066745555830474396e-02
