-1.418818047707778305e+03 1.356471831992704580e+01 1.057301999027136785e-02
-1.237791406475000258e+03 1.358515621377845406e+01 1.507008367179817412e-02
-1.056453079359230287e+03 1.345438862630252252e+01 1.727917440162640358e-02
-8.789338803500022550e+02 1.347768651730789280e+01 1.321900856721107062e-02
-6.898918788733335532e+02 1.355650395383176665e+01 2.093988032351100370e-02
-5.200555628008327176e+02 1.345456597436024460e+01 1.271452490337408175e-02
-3.257127334014273288e+02 1.335698861696009665e+01 2.231356187908542163e-02
-1.597270660249996581e+02 1.332525391912741597e+01 7.924703522903852118e-03
4.137301071444542799e+01 1.365470374488061367e+01 1.830858786402596652e-02
2.023002210976461868e+02 1.377067777858782094e+01 9.721712999435598926e-03
4.056515176511117602e+02 1.392801248925736601e+01 2.654602339380974022e-02
5.679126339149997875e+02 1.383556157602226833e+01 1.980747175941448626e-02
7.704766340510002465e+02 1.369331757282662743e+01 1.917487939988147400e-02
9.330290448144450011e+02 1.346157438138216556e+01 1.394561256235697655e-02
1.136812945001250228e+03 1.371715622809443857e+01 1.988791836454996062e-02
1.299219628081110386e+03 1.352213057018288644e+01 1.614525968050354449e-02
1.500950673626362686e+03 1.342190852833354420e+01 1.034564191031370206e-02
1.663355492948998972e+03 1.342288349101452027e+01 9.550078533708568698e-03
