-1.427523936985834325e+03 1.414468268975758569e+01 2.243674235283295987e-02
-1.249309385851000570e+03 1.419683854258651223e+01 1.372971230579866399e-02
-1.065310802568570807e+03 1.422494450015018863e+01 2.106391253017148718e-02
-8.882849274799998511e+02 1.424825424277098662e+01 2.524818438650218780e-02
-7.000653920748275141e+02 1.429891109414541717e+01 1.090075025602202374e-02
-5.290963708876481633e+02 1.428809490040329777e+01 2.321330920839687062e-02
-3.341671827424997900e+02 1.410468935924742695e+01 1.760414740506837869e-02
-1.686744928937500845e+02 1.407691713375102793e+01 1.713226921448236795e-02
3.037207634714286542e+01 1.407851600029185768e+01 1.703966292792260043e-02
1.916935870664700019e+02 1.422934832262038540e+01 4.051597298303047379e-02
3.970031777558825183e+02 1.427332276751767104e+01 1.458876547758529603e-02
5.569436661811761269e+02 1.427009680959714544e+01 1.388560750073843282e-02
7.612300103568421719e+02 1.415896147489598711e+01 1.410052841524581102e-02
9.229095177784620319e+02 1.409338747273285897e+01 2.318126313211916339e-02
1.126110536699444310e+03 1.411580599456237906e+01 1.744055158262417318e-02
1.288044085230526207e+03 1.406397336147304777e+01 1.686213317493414146e-02
1.492506744917647666e+03 1.402733510765992797e+01 2.034308357606375017e-02
1.654383061562727562e+03 1.411219485151142017e+01 1.746298005572790787e-02
