-1.461655994657999599e+03 1.363227264193888999e+01 2.678460418101164323e-02
-1.285979742455416272e+03 1.363566633032538533e+01 2.411413251417483111e-02
-1.097420320833750338e+03 1.360284700692722026e+01 3.383021848886203636e-02
-9.267249509565385779e+02 1.359028711921406440e+01 1.848322369016409950e-02
-7.348859052321735135e+02 1.366265138830018699e+01 3.919714878802882385e-02
-5.666569092045281195e+02 1.377263699769073746e+01 2.420285541516880787e-02
-3.684453645309525314e+02 1.377224914698068758e+01 4.746173599305622548e-02
-2.048785953342851656e+02 1.379144070768325747e+01 2.767308658087291179e-02
-4.111676226666229006e+00 1.375521783500121842e+01 5.187843612521518544e-02
1.555732965203717697e+02 1.382391560473680947e+01 3.496176503613482311e-02
3.613884843448651054e+02 1.391249003645760851e+01 3.322837298008508855e-02
5.202266866083334662e+02 1.385563124319447681e+01 3.328094217370687613e-02
7.270648234863639345e+02 1.385575258759524431e+01 4.111660743258706979e-02
8.868284195053848862e+02 1.370452470546285184e+01 2.516095530153527812e-02
1.091347211615238621e+03 1.353507670430586352e+01 1.489294828070205669e-02
1.250919800821851595e+03 1.346917577761895579e+01 3.928164406070559084e-02
1.457091466811999908e+03 1.340643200371608401e+01 1.748018734567343205e-02
1.615583269431153667e+03 1.350597582064675706e+01 2.865853949492078168e-02
